468.42105263157896 0.00012048192771083564
726.3157894736844 0.00018072289156625737
1005.2631578947367 0.0003012048192771008
1157.8947368421052 0.00018072289156625737
1305.2631578947367 0.00012048192771083564
1452.6315789473683 0.00006024096385541392
1605.2631578947367 -0.00018072289156627255
1757.8947368421054 -0.0006024096385542242
1905.263157894737 -0.0013855421686747062
2057.8947368421054 -0.002349397590361452
2210.5263157894738 -0.004156626506024101
2357.8947368421054 -0.005662650602409643
2510.5263157894738 -0.008795180722891571
2657.8947368421054 -0.010542168674698798
2805.2631578947367 -0.011265060240963859
