0.000000000000000000e+00
0.000000000000000000e+00
-1.540295716249502845e-12
2.831571124008815850e-13
1.900802058413409881e-15
1.172111551804530745e-14
-3.085865950098411866e-14
9.270220954056935736e-15
1.275106359816137064e-14
1.442605385370934654e-15
5.492909444033296371e-15
3.566750610003943234e-15
1.144979250112341738e-15
1.087077584014076658e-15
7.648286455233318952e-16
6.438374623842440191e-16
2.348569483095008508e-16
6.682094961246215610e-16
3.211696651206729023e-16
3.138618047432499406e-16
1.005537286558801634e-16
1.255447261864462118e-16
1.750242475267485049e-16
8.702505003766087036e-17
1.730937860328699821e-16
1.094389970969560664e-16
6.297141057918502506e-17
1.138568034493500702e-16
2.319037375930771549e-17
5.894793998163969635e-17
3.724702525314200165e-17
6.511057986820185907e-17
4.281542616902506370e-17
2.354584195806047598e-17
3.715644815467928412e-17
2.606696890907984846e-17
1.536437806253532704e-17
1.394533765776074742e-17
1.386421854603500732e-17
1.452066094402910068e-17
2.431245416760450174e-17
1.039312881455268511e-17
7.797346150252074792e-18
7.355673890165828877e-18
1.034846989516830133e-17
8.423351816438062125e-18
3.280116040723636783e-18
4.697874495914195460e-18
8.050758663720017958e-18
5.308986403865584103e-18
3.652994076158397075e-18
4.772568671618046076e-18
4.064183577191242777e-18
2.631070714769082775e-18
6.069351917576713967e-18
3.658087706018359867e-18
3.769592216628525813e-18
3.308200473192507705e-18
5.849194607774823247e-18
1.358550223219524904e-18
2.546878854296994978e-18
3.310324259818098237e-18
1.811033963340732588e-18
1.338019187222517309e-18
2.768570614356804933e-18
1.789433166255416690e-18
2.469733542337005622e-18
2.050547845769926192e-18
2.445996678091712721e-18
1.799250726125354946e-18
1.627337271518275172e-18
9.383157866326509240e-19
1.089707113356041194e-18
7.538280366333599832e-19
1.049736124252364948e-18
9.162755495973557683e-19
1.151858230387993620e-18
1.369664622623492634e-18
7.944331426399322807e-19
1.133206572629687618e-18
7.923496256579736044e-19
5.748595467741336587e-19
6.023073369052039465e-19
7.348071739657117120e-19
6.138694277301258783e-19
5.272626824612291553e-19
5.695936914130411333e-19
2.482866463485794386e-19
6.191767095680720782e-19
5.037206098207799737e-19
4.210105823836231551e-19
4.991018938833859945e-19
3.849101182340487213e-19
3.926821838803179171e-19
4.549277124657796464e-19
2.970213947076531929e-19
3.348095679176034686e-19
3.948381793367682162e-19
3.170060302254583489e-19
3.403975933062064269e-19
2.495261156505995250e-19
3.020161191369922315e-19
2.034189777663139028e-19
2.902788006983178305e-19
2.650731888080024305e-19
1.933821234610960581e-19
3.001119199306745134e-19
2.539493570364014360e-19
1.981776656798349575e-19
2.508375064576141038e-19
2.106945927095131500e-19
3.083813679835156055e-19
1.948810527332458721e-19
2.657336945926487180e-19
1.572593234570238711e-19
1.925730236116351741e-19
1.098601535999899834e-19
2.084805614475510186e-19
9.402716513086615333e-20
1.959779431372398636e-19
1.113764285989499531e-19
1.774828850857743079e-19
1.270730569526629121e-19
1.122946091501504517e-19
1.831343610515833509e-19
6.164271240735282933e-20
9.826023287351084081e-20
1.085299682159250831e-19
6.170847366266717812e-20
8.187508106597701719e-20
9.832657858826657329e-20
9.518802538850361782e-20
8.853353631972773343e-20
6.561721970874606107e-20
1.025461815745030937e-19
8.783182795495814403e-20
8.155759786891690532e-20
4.873722568242998370e-20
6.582948333305391272e-20
7.206940821200467836e-20
6.740020158339992827e-20
5.729839000602529455e-20
5.075050670821480082e-20
7.048899666571957481e-20
6.898104514777709503e-20
6.887645499327475209e-20
5.922644419315139075e-20
6.240638375809702294e-20
4.671405784549245407e-20
4.750771548984451838e-20
3.813431236373377535e-20
5.721962560269839609e-20
4.304379417664569630e-20
3.852796177179970337e-20
4.263336240777217541e-20
6.487260619942139398e-20
2.618832133980647232e-20
4.011985957514898518e-20
3.549988162872766114e-20
3.802944370900105666e-20
4.372099010592465658e-20
4.517000133655935901e-20
4.169979683683387331e-20
2.703533081169496112e-20
2.622344394864683135e-20
3.661751332988407347e-20
2.607008449580040095e-20
3.330590733538717011e-20
2.869579002917202547e-20
2.693937566482911491e-20
3.093489975338645659e-20
3.915652181591835380e-20
2.683325319642159481e-20
2.328478232808833127e-20
2.360726160560971457e-20
2.425936925502445200e-20
2.389024393757645491e-20
3.293723167207590753e-20
2.812072764104404114e-20
2.514191835177589170e-20
2.780381966336400297e-20
1.480912165267205748e-20
1.661677049410239143e-20
1.665720692817185353e-20
2.579321066574877814e-20
2.017226493576629573e-20
1.589287445149753303e-20
1.171771711214844211e-20
1.827539382637559729e-20
1.615644786380146893e-20
1.412294562394696164e-20
2.057843499738868781e-20
1.708740477824381720e-20
1.459037173156249213e-20
1.291106805973298941e-20
1.834241975769107059e-20
1.288571188607999503e-20
1.182421316393395356e-20
1.484166799549017564e-20
1.719760700498881780e-20
1.553223996800691691e-20
1.261777889686793955e-20
1.516040572993954502e-20
9.068470302610501155e-21
1.569950809969781211e-20
9.067527815375779450e-21
1.134457293438924647e-20
1.595971157853376166e-20
1.379091367195144649e-20
8.553498348257715846e-21
1.370569986989933252e-20
1.148560864887616775e-20
1.127858832121140588e-20
8.345135179480053710e-21
1.118177457874948206e-20
1.016020187875024275e-20
1.037520922974859523e-20
9.987866306945791643e-21
7.401539894285405758e-21
1.151950107267651157e-20
5.203120440175911415e-21
1.141827535004876604e-20
6.293420938446680857e-21
1.113634529464792217e-20
7.570627867210095902e-21
7.844015214917285842e-21
6.702673316330907041e-21
6.333405703324718446e-21
8.896652600600951200e-21
5.629041450173585922e-21
7.229321278203364185e-21
7.867301519446439405e-21
6.969317832853860266e-21
8.348720004042091478e-21
9.419446942684660039e-21
8.807411300273630688e-21
6.530101780466586893e-21
6.312225825113604199e-21
5.243831576097679436e-21
5.183978024782321383e-21
6.618120488066022248e-21
7.190819087467801909e-21
5.650341169555887610e-21
3.778854376118523007e-21
4.238119033535487717e-21
5.916982480431956695e-21
4.321614928968650593e-21
5.047281798522043166e-21
5.432790032019153245e-21
5.009293158376786435e-21
3.650903788045556223e-21
4.823714952075960880e-21
4.866860820516100920e-21
5.565178271450077486e-21
3.087713999024237577e-21
3.684579786553325519e-21
4.169036087676409042e-21
4.097759218531612213e-21
4.800903284818538454e-21
3.588540746308635644e-21
3.502355485434718509e-21
4.584264464905566525e-21
3.217474062133375801e-21
4.786966802380715562e-21
4.032214207699123931e-21
4.492659883167933840e-21
4.582672230943996049e-21
3.434501886141870608e-21
4.570173018291890291e-21
4.942081126366983475e-21
4.920229194123319685e-21
4.050879340077372134e-21
2.944820687450673200e-21
3.182189186318040343e-21
4.620536828369851104e-21
2.554785246686735264e-21
3.314750344689924575e-21
3.845569515908857642e-21
2.801334793295493190e-21
2.404909845750881202e-21
4.047927971499116736e-21
2.990939545076307678e-21
1.857142413644130660e-21
2.933829290135201991e-21
2.949092824838608091e-21
2.874906097178119974e-21
2.764380262794963217e-21
3.036841117913834039e-21
3.053977488680136167e-21
2.939021616814470028e-21
2.631104797101596992e-21
3.189545309108134425e-21
2.761991797767169580e-21
2.211416954529839503e-21
1.831548908383712750e-21
2.014389566014061535e-21
4.240234462413181920e-21
2.992534473302952961e-21
2.698302284883307552e-21
2.143185672375276784e-21
2.282103768712759114e-21
3.926707857251465483e-21
2.000451194540800432e-21
2.410618876881239610e-21
3.112543052625254521e-21
1.804354625557746708e-21
2.955032087378711814e-21
1.965940283817594262e-21
1.909964959664875390e-21
1.789314548667991761e-21
2.411140430092486959e-21
2.395072277484847325e-21
2.196987389459254675e-21
2.128680507654956802e-21
2.352415517070202634e-21
2.666621228364938004e-21
2.295935989006078975e-21
1.719921627297499640e-21
1.878304584360752888e-21
2.299629891437696508e-21
1.930303553454888002e-21
2.650641112845050873e-21
1.961620274268214694e-21
2.094411465733055221e-21
1.877237699422915655e-21
1.762268888392684791e-21
1.777398154625415466e-21
1.875986771525586704e-21
2.081083252723097908e-21
1.474840805719066684e-21
2.059802580123252490e-21
1.520404090212248311e-21
2.041540181119902765e-21
1.796842313300815220e-21
1.800726333745137017e-21
1.702608049759068546e-21
1.932975237962467495e-21
2.263909558560165183e-21
7.830596968712031524e-22
1.553589992923464612e-21
1.852937839699296416e-21
9.749220518337790551e-22
1.781151728484350976e-21
9.777545448552204078e-22
1.833617962445197866e-21
2.077247850906558126e-21
1.333153096334367359e-21
1.789036999877532268e-21
1.589084101982457806e-21
1.196425523425807110e-21
1.846238043597594749e-21
1.460282002719281975e-21
1.555702201127369349e-21
1.179873399432241224e-21
1.486516406175209752e-21
1.458900366292923996e-21
8.088192678146470225e-22
1.499637782319749255e-21
1.110329896871767239e-21
1.479961312462674904e-21
1.741756843154671827e-21
1.360717303247840970e-21
1.193804429652163024e-21
1.378645646977220901e-21
1.130960297511676927e-21
8.382706174256018710e-22
9.650933697690714039e-22
8.770717448795719697e-22
1.064396081571632766e-21
1.039841548670460866e-21
1.065247001479918026e-21
9.860663328825279019e-22
1.097237654334846445e-21
1.211449898418331533e-21
7.936792106047223596e-22
9.815033888609037389e-22
9.928414092871451060e-22
1.044834026798500575e-21
8.227452549461827390e-22
1.201673842337346820e-21
9.404631277393548751e-22
1.194194560958360258e-21
1.171448441994762549e-21
8.608204047190983595e-22
1.120205158652660216e-21
8.842376189868387533e-22
9.998167056949453188e-22
1.090957823899428847e-21
1.185094708397303656e-21
1.003540341959491123e-21
9.391349253842109609e-22
9.517009575333532696e-22
1.014393136966029839e-21
5.194004607089927481e-22
8.441297100408731549e-22
1.178616329073228581e-21
1.130990839502547558e-21
1.046505166453797856e-21
9.024845196078128986e-22
8.486918832911890857e-22
8.243196713925058474e-22
9.887668096507702477e-22
7.097962378491469151e-22
6.978207814820294559e-22
8.891127303131189358e-22
7.329205323021192204e-22
9.376211283933323971e-22
6.487344789985042296e-22
8.379391153919268288e-22
6.040905711439686816e-22
7.009827562883658141e-22
7.548559042080345810e-22
8.084729480738625094e-22
1.035447984976823476e-21
8.275619049026722086e-22
3.428944555085511396e-22
6.755858357374550361e-22
9.148983029215695611e-22
5.647211715407210963e-22
7.243781818231176113e-22
7.468485556017795608e-22
6.838986477530556907e-22
5.687761821497412086e-22
6.208385154563632590e-22
5.516411384409890038e-22
5.669331783496141491e-22
5.511128189533640169e-22
8.035004144794415203e-22
7.397280876410903514e-22
4.776818842577001110e-22
5.560508327821314621e-22
3.861989876459037484e-22
6.366952148681189525e-22
5.645265866855502253e-22
5.104785312961911572e-22
6.549970069588861823e-22
5.064633262410428477e-22
5.524997010228757557e-22
4.561465889353900321e-22
4.317640219507747547e-22
6.036293928476600120e-22
5.497459940272794535e-22
5.771812868958113701e-22
5.739137786056170262e-22
5.744255636122794211e-22
5.649789475604464915e-22
4.794247693209597867e-22
4.897407904219058973e-22
4.730444104517848788e-22
4.266356077304328928e-22
5.264231382570642051e-22
5.711518356660151883e-22
4.633873039757861102e-22
4.741866030595391075e-22
4.846806017408122505e-22
4.022513513791206522e-22
4.254570229778793738e-22
3.573023217571715274e-22
4.707564294082499039e-22
4.738358995879446974e-22
2.113942198299083768e-22
3.829475745954918424e-22
5.264426986201265981e-22
2.866521687041308988e-22
3.526411280657571699e-22
3.022726070148595409e-22
4.060410718277537050e-22
3.490383581034454157e-22
3.388043924859662559e-22
3.071842935742651580e-22
3.082912181518263196e-22
3.774679051698011275e-22
3.496682700374124020e-22
3.603855174593607337e-22
3.432299039874503153e-22
3.343951047949976403e-22
3.240258468708927411e-22
4.457611527711108512e-22
3.475161188552972489e-22
2.492580101678552661e-22
3.417089909499638748e-22
3.045613416134177991e-22
3.083046639546529793e-22
2.605746414019520428e-22
2.881353248827817796e-22
3.925705604545982240e-22
2.601780393843142497e-22
3.015796117718719980e-22
3.254729281573897768e-22
3.069511459833972450e-22
2.771821477706373616e-22
3.534842784642923628e-22
3.235999866428183161e-22
3.817358326556004869e-22
2.664234864566629813e-22
3.611530283745520124e-22
2.679554985158072720e-22
2.827347967898804920e-22
3.322875992980287697e-22
2.565062804764116287e-22
2.263031509585628421e-22
2.240617183247704155e-22
2.265207195660244251e-22
2.833906247565194415e-22
3.118266393408488934e-22
1.905933134468790392e-22
2.802315379638803088e-22
2.726482520382495098e-22
2.012551328714619058e-22
2.340542476343875216e-22
2.127646991687406478e-22
2.684707740180885244e-22
2.528494339700651981e-22
2.735392907599439281e-22
2.556344497835416209e-22
2.877714242396202063e-22
2.290684590414473764e-22
2.385386790323433788e-22
2.190243650714960110e-22
2.318290306766844119e-22
2.526764213888891696e-22
2.479789878369299571e-22
2.434605473688737476e-22
2.111137633770503146e-22
2.033827847058648780e-22
2.493750732735927644e-22
1.292061003043610803e-22
2.093973780680371912e-22
2.435295485004350058e-22
2.590409838311601559e-22
1.626164060429177599e-22
1.626142345468035940e-22
1.529261991164110489e-22
2.687382150362847811e-22
1.358993510305229877e-22
1.451817953423885282e-22
1.989361446974769318e-22
2.180650073513829371e-22
2.140176733645055140e-22
1.767177860133698074e-22
1.891875156963890747e-22
1.267075581445919301e-22
1.714546726983867662e-22
1.940103113642354595e-22
1.548282025118374341e-22
2.185733646594844395e-22
1.641529449908694683e-22
1.602351999073564958e-22
1.737726829236935434e-22
1.499147014354029536e-22
1.673480429207123078e-22
1.172383566743529929e-22
1.387314402440717736e-22
1.870047620343996133e-22
1.073965476081612189e-22
1.112746191785206618e-22
7.815176196219275266e-23
1.511116747113616063e-22
1.241588638335133203e-22
1.100408044706408519e-22
1.211970752805385152e-22
9.346365429292668614e-23
1.260560313792629035e-22
1.170507526835189681e-22
1.062348297947785019e-22
9.997391078064995063e-23
1.354918769850557081e-22
1.802670471075109623e-22
1.503650395956743156e-22
1.299989734771318979e-22
1.511168550185376451e-22
1.031379007480569127e-22
1.462410866246199734e-22
1.369133411525110354e-22
1.709018581395985279e-22
7.257021915142799343e-23
1.300793669132286793e-22
9.665360508265714083e-23
1.594640886872227613e-22
1.293707698118536358e-22
1.494379678566257868e-22
9.710668159632092678e-23
4.696132204498296051e-23
8.856926051837205490e-23
1.382045516927823422e-22
1.512020097270714918e-22
1.163875952459679879e-22
6.686509048515975791e-23
1.394534004379744076e-22
9.658162599382628531e-23
1.609062631734061037e-22
1.509095630917370160e-22
1.078867951141674285e-22
9.320532145996297225e-23
8.254635639670345238e-23
1.139353096922470292e-22
8.283089902217628029e-23
1.445027730474881388e-22
1.209067483998803420e-22
9.372404387888736803e-23
1.345822404039159829e-22
9.447284002102290505e-23
1.404622378133222764e-22
5.797892448417598687e-23
1.175764614536270218e-22
1.023322641960392325e-22
1.543852467916120462e-22
1.267946041089355894e-22
1.329413873846199687e-22
8.906206187946731739e-23
4.906493214769989808e-23
8.754776692278038895e-23
9.879656161325171447e-23
9.628190511186827191e-23
7.432500768538774538e-23
1.258048503022607597e-22
6.722655541717983514e-23
7.344322523990370102e-23
1.231658755074736722e-22
9.254410733758083716e-23
8.492925410929124437e-23
1.355213875898667683e-22
1.431612831711392645e-22
7.764830504782379836e-23
1.129186666655553953e-22
9.139359456353253243e-23
5.713628886729665540e-23
8.461293963133592819e-23
7.582438507066393008e-23
1.533001171630701594e-22
9.059212627802900143e-23
9.611137552906503976e-23
5.835720169873157734e-23
7.059698136279898929e-23
8.013071696393359579e-23
7.136784556575668680e-23
7.411372904297948914e-23
7.170954607247507155e-23
1.194812736631036926e-22
8.868520002424351357e-23
7.200315929777029090e-23
1.060933824827889769e-22
5.125731643894408492e-23
7.431171013252203569e-23
1.175629475747380918e-22
8.559580182369230908e-23
8.860670743692627023e-23
9.969246597774840194e-23
1.159627001371557206e-22
9.139934635323058265e-23
7.047827253223281040e-23
3.879289319978357780e-23
7.923485709339047106e-23
1.109325079694270216e-22
7.959074885140704014e-23
6.072159043268997315e-23
5.411172039781700402e-23
9.723513981789877334e-23
8.248217250556786945e-23
3.845475483005365366e-23
4.540099711428044872e-23
4.747591505545596135e-23
5.134322858183142514e-23
6.980900253212878058e-23
4.988322882122205503e-23
6.424787487104925336e-23
5.453166537744356661e-23
6.327091408214329156e-23
8.158251236433590102e-23
7.791205385659365268e-23
4.836407663314567872e-23
9.255429835401201685e-23
7.904601194111102196e-23
7.654752541982811874e-23
6.797189901013454152e-23
4.893957643489758054e-23
3.099091191546214651e-23
5.366456821104600821e-23
4.553781387307781815e-23
7.625525917651229327e-23
3.458514715692554494e-23
2.188427443261851227e-23
4.905301521442748385e-23
4.675358384591078202e-23
4.408458157348547760e-23
4.768057409650462861e-23
4.896238051882015690e-23
3.316630397656177393e-23
5.763565008193362853e-23
6.540081553401147279e-23
6.485525396758175257e-23
4.182870283305234419e-23
4.395209967744580352e-23
4.206895429936025503e-23
8.417059781572327195e-23
5.524773282861482696e-23
6.444397155612870006e-23
5.835709824965515729e-23
6.223636364160120744e-23
6.161661839757193333e-23
5.325307873034122344e-23
6.955612309267488423e-23
3.656818023798520985e-23
4.200682780715114266e-23
6.155748553252075325e-23
4.959080884944828054e-23
4.849373105938677360e-23
1.918064507757009423e-23
4.585140245067486065e-23
5.354575274337214625e-23
2.901341798343020050e-23
5.210823731742431811e-23
3.722670012904076253e-23
5.438185343129362002e-23
4.618452144238781326e-23
3.776500630905297372e-23
4.365188823089966150e-23
6.670334933003410456e-23
4.412805921642320116e-23
6.694261040090001971e-23
5.301157478772626663e-23
3.741513896140275872e-23
5.598443925805221576e-23
5.410149573909885076e-23
2.385056671924593863e-23
3.842091698810437842e-23
3.693072509405437359e-23
2.577424006014785662e-23
3.491095047340231234e-23
4.110830017854059825e-23
4.296796883495139681e-23
2.230580014102893798e-23
5.144018808035544877e-23
4.524375604067318854e-23
2.869294667062586423e-23
1.931232697771938986e-23
2.542528162716024845e-23
1.803068448903278500e-23
4.157628057075511828e-23
4.148969474398661103e-23
3.810093541391568637e-23
4.737114477253245830e-23
4.436843222181319323e-23
2.930488980751335733e-23
7.587199019065030227e-24
1.394182962348441191e-23
4.865775278547794602e-23
1.295295631316671377e-23
3.665588936368729014e-23
5.057810293644462198e-23
3.803019841978664126e-23
3.858586166957556608e-23
2.641918504404675298e-23
3.885081644233603572e-23
6.557081595278187736e-23
4.463013727034268346e-23
3.429719433418177934e-23
2.113307636279300505e-23
2.530817685674168168e-23
2.783175141473292100e-23
4.250910566734317800e-23
2.584703724612707446e-23
2.761656730072011708e-23
3.733158514278452895e-23
2.088169499206285611e-23
2.275719579228710627e-23
3.735366942173330568e-23
3.340160026668391501e-23
1.500756471544865011e-23
2.493694337037908009e-23
3.450726902570178640e-23
4.039870126509111592e-23
3.648051058776062064e-23
2.230873970509722662e-23
3.275981366620921385e-23
3.740294243974041153e-23
1.780567848466635446e-23
2.010306053909932646e-23
4.016842749570154953e-23
9.255816895744856817e-24
2.064800783726733400e-23
4.288653516683569257e-23
2.242307885066425163e-23
1.991600873246631452e-23
2.193587904983824890e-23
2.018898637993388674e-23
4.549403932199218584e-24
1.451074126110824162e-23
2.442346835746197785e-23
1.793275448498130414e-23
1.390079456563068158e-23
1.416109938070646569e-23
2.403443607610977517e-23
3.208146247162277356e-23
1.785043595853954694e-23
9.028620085137851344e-24
3.805878586874473601e-23
2.440764760559078021e-23
1.536114504222760602e-23
1.715012712474869261e-23
1.846306298531100534e-23
2.390398861001093268e-23
3.003940955688204049e-23
1.877105873689756821e-23
2.377234805369340623e-23
8.722812477645795726e-24
2.294587503223848545e-23
3.752015731683236848e-23
2.990936401757426804e-24
2.729668160138929441e-23
1.885166382795525079e-23
1.550320523404846960e-23
1.809218880607587065e-23
2.222768837041702545e-23
1.742579446609580592e-23
1.939473624034810669e-23
1.118758313408155164e-24
1.578801415064766685e-23
3.040221228459671440e-23
1.766014357082953136e-23
1.114058792585245829e-23
1.477471813560792563e-23
1.622857352604816564e-23
2.522136293763768755e-23
1.551491931834431891e-23
6.406738570998300055e-24
1.269975640068499569e-23
3.603778943078029226e-24
1.223714371474730098e-23
1.212748347609661619e-23
9.125690652186099390e-24
1.127436635280075570e-23
3.291360354869278334e-23
-6.048415126744190049e-24
9.158314949731284348e-24
1.474132882127851517e-23
1.069950579064785590e-23
2.102483113080839553e-23
8.453481541113090470e-24
5.465103746519583101e-24
1.913764781515807971e-23
2.056761067623290602e-23
1.575264302552463191e-23
1.586766846857727497e-23
9.797352313557717282e-24
1.717772097543571811e-23
6.655479976438401445e-24
2.491124382736276551e-23
1.000946178835395379e-23
5.601610528081917731e-24
7.435173605770512933e-25
1.260095961807203848e-23
1.691466887128300042e-23
7.264491723854526828e-25
1.788967364780351985e-23
1.462773054786380645e-23
1.605645176541704186e-23
7.871169163099552344e-24
1.163954763833290110e-23
-1.670202917174470604e-24
4.193969594753389559e-24
2.575734314101548458e-24
-2.101224104381610541e-24
3.699717847414363312e-24
1.939027742497986129e-23
1.173682757203063984e-23
5.296890359687203659e-24
1.096822460998542334e-23
-2.296980817533697192e-24
5.350343604458184830e-24
2.413411901730876796e-23
5.420934653594066992e-24
1.980781685788906140e-23
6.118366729017433850e-24
6.293416241424023473e-24
1.025565914131823254e-24
4.583135671756558424e-24
9.568153229321478171e-24
8.325265131962492354e-24
1.950898780359873467e-23
8.951006756648499356e-24
1.708195511080907145e-24
1.699000916488441269e-24
1.582418930707367132e-23
1.038463482430714133e-23
8.794500067806173420e-24
1.062915861441835337e-23
1.247217170443346851e-23
7.565433139788140326e-24
1.729799105380538496e-24
-2.817573443881999066e-24
8.680551188931559345e-24
1.405119486191583961e-23
4.013820549420174834e-24
-1.608315841042368562e-24
1.310447808014441628e-23
8.249300460261358091e-24
1.124081063610223818e-23
1.743158396255147071e-23
2.991401334977377878e-24
8.188648543452608980e-24
1.400917286557343341e-23
-8.671391697925438792e-26
6.334846711633269010e-24
-1.613827295632025552e-24
1.028629534330825263e-23
-2.576209648511912441e-24
1.765256122752984469e-24
6.845329598694246406e-24
3.498715859106423671e-24
1.286066958110050057e-23
-6.791476045691630068e-24
7.677551189460100628e-24
1.261990091754661617e-24
7.695631438356679370e-24
4.599009770643112045e-24
6.994195267367216605e-24
1.740129442764472005e-24
5.998954479543595654e-24
6.538140922783803010e-24
1.025488192990147421e-24
-1.501330550931528654e-24
5.121231861219593285e-25
4.885888109747583016e-24
-4.849117811493979660e-24
-6.263568503056818251e-24
8.644971077851633719e-24
-3.562093135405150325e-24
6.446135010828229571e-24
3.814323128117025668e-24
7.659034608763987305e-24
4.890224944049475823e-24
4.567391605825239538e-24
3.050771579455955732e-25
-1.785194482721570080e-25
-1.127132216872186930e-23
1.685352541541769961e-24
5.397477299691844152e-24
3.272534880534547390e-24
-3.568688496096787895e-24
2.514947842328299047e-24
9.234582164472675292e-25
1.662163619899859768e-24
-4.624572704597020227e-25
3.750457303165637340e-24
-7.273686105811122737e-25
-3.998832391646360516e-24
-3.253077356070302327e-24
4.028367180842989872e-24
4.154463899271574067e-25
7.510037223997356238e-24
-2.204455791709685951e-24
5.973148862456157116e-24
2.509440117307819366e-24
4.262658541968084359e-25
2.484133634880854470e-24
6.281227454232532254e-24
5.317447875166376457e-24
-9.545865622285738152e-25
-5.945160029777956396e-24
-5.665746225029566702e-24
-4.664700505813909510e-24
-2.812665745045436561e-24
5.326679074545764833e-25
4.519839292642130394e-25
-1.258907924835871329e-25
3.464888260761852494e-24
8.623900472010602513e-25
1.837794437544934857e-24
2.997478895017714912e-24
-9.515140053706058528e-25
-4.412498799242259694e-24
1.024634535986162870e-23
-3.727148728469011018e-24
-7.889508228803365069e-25
9.466919754927800071e-25
-1.868795825294719854e-24
-8.516837632601474600e-25
-4.233868979943263375e-24
3.481930846566747912e-25
-4.179356331151392964e-24
-5.174354698175459480e-24
1.846933270959416573e-24
-1.801701140003826618e-24
-3.471757033380018470e-24
6.397747305412442719e-25
-3.482134046057059190e-24
-4.988980247808110805e-25
3.015160103233860603e-24
-5.184008340872939399e-24
1.124991699079273434e-24
-3.487194547358217827e-24
-2.941425558747540096e-24
-1.858533287009986319e-25
-7.278765115630507690e-24
-3.917524889946090822e-24
-5.448738615579169570e-24
-4.719424806390332229e-24
-3.279176412486601828e-25
9.839802552748528942e-25
3.052784077015511135e-24
1.926722678735246971e-24
-3.766216181940442239e-24
-1.237230494110267107e-26
4.955635510856622371e-24
-8.889332650150293559e-24
-1.682206952061795319e-24
1.903357487675831782e-24
-5.151977931757337918e-25
-3.491792572992263616e-24
-8.860397506498155960e-25
-1.815456442633073317e-24
-2.310459530034904932e-25
-1.706795406835178790e-24
-1.583377431852493705e-24
1.645349927469677024e-24
2.433048280905453619e-24
-1.599176618457856312e-25
-1.182264344239223239e-24
-1.169540531282367392e-23
-2.630994760204550912e-24
-2.439616485104745606e-24
2.118114379675666907e-25
-1.579143789840256135e-24
2.322730112005101668e-24
-3.119990788163787710e-24
4.907772488232183462e-24
-2.458285533792203025e-24
-6.726136930330941070e-24
-2.283018965759333593e-24
-3.939994060982309464e-25
-4.029214793583663454e-24
-5.093468375381411362e-24
-6.126211937515591218e-24
3.762166768249030916e-24
-3.115615441991308704e-24
-6.389195585140281807e-24
-1.099057400496133456e-23
-7.430288728567869177e-24
-2.890408806733365166e-24
1.785374902745706283e-24
-4.053686635966644707e-24
-1.044692292020825539e-24
-3.924621721541484175e-24
-1.202700410993893690e-24
-3.846578739411904131e-24
-7.471344332045478756e-24
-2.348823507622476132e-24
-4.911286992466519419e-24
-4.841232858249540325e-24
7.932657564067821565e-25
-3.884678420781921591e-25
-4.611607230167616953e-24
4.513002302181356186e-24
1.963044464357428963e-24
2.083884247164749770e-24
-7.897317950521249288e-24
-3.868154267533814704e-24
-7.924014470256664106e-24
-4.154443035514237797e-24
-4.229199343867394688e-24
-1.796825384167716515e-24
-2.459868413367444562e-24
-2.370583488372761387e-24
-3.847179060129961532e-24
-2.915623615886345451e-24
-4.906273946112204976e-24
-4.385169389364389192e-24
-8.766365087585170976e-24
-1.621069168171687381e-24
-1.520819204193928459e-24
-1.772008000870185922e-24
-6.828477675444365406e-24
-4.663538677496270424e-24
1.608475108419239700e-24
-7.634910125695066432e-24
-7.101117421340835314e-24
-2.381955534544407688e-24
6.336747685891667900e-25
9.734983605861932267e-25
-3.655586887931875460e-24
-1.632703749581230519e-24
-4.311479315138001051e-24
-2.890686928686779486e-24
-6.494933736397744174e-24
-2.249951653800395158e-24
-4.688279671685843171e-24
-5.919460429652683523e-24
1.801919485470969241e-24
-1.685924213671517936e-24
1.061697183778734884e-24
-4.126594881215712338e-24
1.431977228382164289e-25
-3.720985744655828289e-24
-8.440722637957202397e-25
-4.495666723874723485e-24
-4.454355109975365427e-24
-1.364579119192403590e-23
-1.457875377798153158e-24
-4.957459001531257939e-24
-5.492340999715508087e-24
-3.300158271962188049e-24
-7.820267216307571242e-24
-9.242462929156203738e-24
-1.925041500903001503e-24
-1.885663443347228522e-24
-5.733106511365519374e-25
-8.233015849833734945e-24
-2.193466234647101728e-25
-7.776191819828283003e-24
-1.639306330282128834e-24
-5.288030453350933735e-24
-6.439318880955441029e-24
-3.168240419542508812e-24
-5.306678086719886145e-25
-5.268919467349733755e-24
-2.722518350862241737e-24
-7.262979307918723618e-25
4.747733552720926720e-25
-8.157309366683638393e-25
-3.997090529498992873e-24
1.223725364290768320e-24
-3.272614153389137861e-24
-5.714465440926597934e-24
-2.378095906186654292e-24
-3.266925132007736741e-24
-6.199221373313148980e-24
-5.791745067017932681e-24
-3.432254242428588855e-24
-7.366802572464637084e-24
-3.876877872209172306e-24
-2.683738418734505667e-24
-6.675560940362278911e-24
-3.987140637678146177e-24
-6.150489058985465637e-24
-4.130310391072642433e-24
-8.150804022687743588e-24
-1.240792357004464840e-24
-2.247646616851365957e-25
-5.245914519870533910e-24
-2.460562723679711325e-24
-3.656340989919503195e-24
-5.870434764796762427e-25
-2.927002672731957057e-24
-8.908291641527899755e-24
-3.255181636467217862e-24
-3.597378344601947181e-24
-5.872224766885142811e-24
-8.599319630577775202e-24
-4.771846293404278130e-24
-4.943138249854529210e-24
-5.632197436639513511e-24
-6.381506720330131672e-25
-3.422088646589882915e-24
-1.071542530621307213e-23
-6.525642003049967863e-24
-8.838469937145422272e-24
-7.115362440392225753e-24
-5.119737807806056809e-24
-8.907154862371753014e-24
-7.268636187591440921e-24
-7.273071928930872995e-24
-4.625753175387399382e-25
-9.080591109551405247e-24
-6.071677631569168005e-24
-5.823664394202035174e-24
-6.266711389815476632e-24
-7.463125293500115900e-24
-5.893428980948955697e-24
-1.108364612913120060e-23
-6.608505783006509331e-24
-4.654086436516108032e-24
-4.276759756001960124e-24
-6.979144299818620552e-24
-6.753358840625742523e-24
-3.456295217841951859e-24
-9.175542035744806759e-24
-1.007159316175512741e-23
-1.726523390536411756e-24
-5.452721094200532753e-24
-5.843688305782197573e-24
-1.050242821278013977e-23
-4.752259215501704693e-24
-6.437291868136544337e-24
-8.855351396785692654e-24
-5.931473333689691731e-24
-2.457554471314783944e-24
-5.409817292442395252e-24
-6.476294220543052036e-24
-4.702735111743946797e-24
-8.148411515143621693e-24
-6.509621102425830066e-24
-3.653243317645260267e-24
-6.049619069047020086e-24
-7.404295452339465405e-24
-5.642265917775341157e-24
-8.359827291649823545e-24
-8.834053961224352480e-24
-6.458719571484050166e-24
-8.562153970278138300e-24
-7.932788431671382909e-24
-6.168905687345657151e-24
-6.281224893384307484e-24
-8.227000750582957243e-24
-7.008490568840486034e-24
-5.186097565560660809e-24
-9.696753480904682697e-24
-5.895397408770354908e-24
-1.068345583808673646e-23
-1.486084809011288993e-23
-8.177550501909538286e-24
-7.458471252771692097e-24
-8.663782376321584265e-24
-1.043608715974811909e-23
-5.321167012820361304e-24
-1.179800211535918984e-23
-8.405166303426484520e-24
-9.492743800991863945e-24
-8.133503870115485042e-24
-9.041986930549358674e-24
-1.107469687139329512e-23
-8.794689453017829048e-24
-7.463204194794565688e-24
-9.454605009647416140e-24
-1.124378088262488368e-23
-8.049589899802307258e-24
-8.952206838764221738e-24
-9.791809316315217679e-24
-9.916997151114242228e-24
-8.790371788239936336e-24
-8.906318205916750315e-24
-9.612446209248843526e-24
-6.575718690961155279e-24
-1.123849501213756452e-23
-8.683168901361416048e-24
-5.821052338349067591e-24
-1.083759457721346131e-23
-8.533308581226151187e-24
-7.565185447879542009e-24
-7.425948239942289981e-24
-9.627588892958667385e-24
-1.063260142426654246e-23
-9.678640047860699622e-24
-9.087090676358410460e-24
-1.083054136481085499e-23
-9.233997740937337637e-24
-9.220990339070709663e-24
-8.815170049241697525e-24
-6.842858171556170824e-24
-1.228322577242861280e-23
-1.521260051510897293e-23
-9.541376549056436682e-24
-1.014998653212946391e-23
-7.722328946530302266e-24
-1.168234744403501619e-23
-1.244655102496771585e-23
-8.778120372480186975e-24
-6.492232644105289148e-24
-6.481185418550713437e-24
-7.016042135978690226e-24
-1.101747923962090530e-23
-1.223216282119519019e-23
-9.183059942635479931e-24
-1.428217951373384874e-23
-6.711956279796934281e-24
-1.235498873970939815e-23
-1.193720155630125700e-23
-1.216278615180616621e-23
-1.202377483205579710e-23
-9.226117614498313205e-24
-1.039537873209345613e-23
-1.119485732194191279e-23
-9.060461887966362179e-24
-9.290970464152583906e-24
-1.097598316450045175e-23
-9.959689906552346826e-24
-1.220969910954585864e-23
-8.448609311061116587e-24
-1.332077454086236535e-23
-6.295615841109871737e-24
-8.277677432867730395e-24
-1.105129324443650124e-23
-1.163251317509828937e-23
-8.659686583146333372e-24
-1.110239483337118198e-23
-1.136895405854144354e-23
-8.214053483747146938e-24
-9.096543060587106976e-24
-1.078553838514840011e-23
-8.368431707179914113e-24
-1.066456536255705669e-23
-1.087186655641996276e-23
-1.160251947226473541e-23
-8.709404480633117556e-24
-1.248819973880217179e-23
-1.233040931079103669e-23
-9.391409899614399640e-24
-1.159116716647800762e-23
-1.024151134998744329e-23
-1.119307515786210198e-23
-1.115658261427694126e-23
-9.001281894454256801e-24
-6.606790496493630416e-24
-1.387836802008615422e-23
-1.136096502512785610e-23
-1.026483488579474974e-23
-1.020704699907819149e-23
-1.150726460773058811e-23
-1.006344506429490050e-23
-1.057842307569248918e-23
-1.162884191953942800e-23
-8.467003374970527922e-24
-1.075565436328038138e-23
-1.545464688856210739e-23
-1.037825674277949414e-23
-1.236386952451992031e-23
-1.034292640722612040e-23
-8.840585692046472654e-24
-1.115596730451464714e-23
-9.670588491794173941e-24
-1.360695292214914447e-23
-1.134424624572954302e-23
-1.266584514642769362e-23
-1.176956707324723369e-23
-1.056720815563574211e-23
-9.018619809497231279e-24
-1.192773531420117658e-23
-1.046337604729442119e-23
-1.038106885337878455e-23
-1.113080513361652253e-23
-1.091858118625554231e-23
-1.114856090923287352e-23
-1.224967297124122646e-23
-1.120986995588866949e-23
-1.139484315354779258e-23
-1.005244837337456576e-23
-8.265426181315314214e-24
-9.245483242278446098e-24
-9.526289587164582913e-24
-1.148242733383740495e-23
-1.056681986211104355e-23
-9.469985329351960195e-24
-9.500191357859041595e-24
-1.055803821629995369e-23
-9.730588221594849069e-24
-1.199692492567767938e-23
-1.239580672193682468e-23
-1.015369787675065736e-23
-8.971705041470698027e-24
-9.973886455250238660e-24
-1.063989513625527637e-23
-1.243746040170571263e-23
-9.184742337586504569e-24
-9.775143174648464342e-24
-1.001490880487661906e-23
-1.077675139874462118e-23
-1.218583662063931884e-23
-1.112103474129390635e-23
-1.054163496542186495e-23
-9.654480483072659658e-24
-1.103938689257230713e-23
-1.003535993462781154e-23
-1.029460569960167035e-23
-7.281081661476479044e-24
-7.433057213673266604e-24
-1.204468679573180160e-23
-1.174459140022378515e-23
-1.089698570996736200e-23
-9.981525993060627153e-24
-8.830205755094168999e-24
-1.224510080733663606e-23
-7.931123008769544240e-24
-1.128403630925785452e-23
-1.192166053905092826e-23
-9.369483078672134747e-24
-1.017060141330908244e-23
-8.053148638170053358e-24
-1.033577376724312945e-23
-9.778000259114039620e-24
-1.116389056872225131e-23
-1.011508473988677069e-23
-8.630309583794177429e-24
-1.177080626506661460e-23
-1.010105639416284106e-23
-1.181251358377998903e-23
-9.933906565137488940e-24
-8.628127369746042431e-24
-8.445142695998543932e-24
-9.176006294895755374e-24
-9.053441989136533879e-24
-9.064757981123975473e-24
-8.739924142658243681e-24
-8.943669424646432670e-24
-1.006879057829889127e-23
-9.863590917744761232e-24
-8.840713472952178833e-24
-7.633891651475338432e-24
-1.004297278441851605e-23
-8.300489667683443224e-24
-1.235177844190560595e-23
-1.157273991133619803e-23
-1.170186185629158880e-23
-1.075174545449860767e-23
-1.047065620215342709e-23
-1.150547795385825933e-23
-9.718433305787352978e-24
-8.868808056150049033e-24
-9.986103494753175636e-24
-1.105091131391016076e-23
-1.218901694819017733e-23
-1.087784196694962422e-23
-1.122891160748309508e-23
-1.037308036056132368e-23
-1.122975512790673105e-23
-9.112239106201511244e-24
-8.446427715943916522e-24
-1.108927831231203903e-23
-1.059845442900878726e-23
-9.368081982606339270e-24
-1.137802213500827950e-23
-9.476254464789339903e-24
-1.012035543892381985e-23
-9.429003662366617773e-24
-1.056428131781122180e-23
-9.903587642155874201e-24
-1.164898998455069095e-23
-1.189529811561486243e-23
-1.133766314684411658e-23
-1.121721471405633613e-23
-1.103255192887925341e-23
-1.074946207672365224e-23
-9.039017691331333743e-24
-1.010880524578660926e-23
-8.492489981345183269e-24
-8.422956025919799851e-24
-1.084468495400900675e-23
-1.139506120714326214e-23
-1.102933272675528172e-23
-1.165357255655305775e-23
-1.111532283532855966e-23
-1.095534825046963473e-23
-1.106782329795904063e-23
-1.196239552924956400e-23
-1.081864639418067116e-23
-1.162466665139502514e-23
-8.936386713402133072e-24
-1.082243139113491019e-23
-8.669650832363490983e-24
-1.053281792768541183e-23
-1.057711006058430607e-23
-9.161555576677276554e-24
-1.220081850562497838e-23
-1.167374797429301546e-23
-1.175796239470972081e-23
-1.008531711560760410e-23
-1.048007126138618883e-23
-1.277603088660686650e-23
-1.054224817938898621e-23
-1.015726794587950751e-23
-1.079916184181474301e-23
-1.123069887366437741e-23
-1.076468711516955918e-23
-8.833531993229455561e-24
-9.089131504887221213e-24
-1.000221587354537109e-23
-1.076069557861088678e-23
-9.120159755197952540e-24
-1.155908957085883584e-23
-9.611536304116833150e-24
-1.108810706645046871e-23
-8.314553128704561544e-24
-9.861171358622247857e-24
-1.086257186655243180e-23
-1.150744455204241526e-23
-1.099004322109878736e-23
-1.215145296975012973e-23
-1.007369758139801293e-23
-1.321364497602804989e-23
-1.090144919047684250e-23
-9.962767991921909505e-24
-1.059475517594001315e-23
-1.088557350513717088e-23
-1.174913205916449803e-23
-1.016437932264366331e-23
-1.010256913870115591e-23
-1.119421072681635308e-23
-1.101261896894084605e-23
-1.018835573380762794e-23
-1.015593546289137827e-23
-1.107717281108301243e-23
-1.076719013545241119e-23
-1.027110752044172639e-23
-8.688471302694445497e-24
-1.084537132752240648e-23
-1.166182781353391881e-23
-1.126007519136442014e-23
-1.236303593634089220e-23
-1.118624826078843508e-23
-9.781073125234854353e-24
-9.730711232590028627e-24
-1.096010564958229761e-23
-1.037556583521540855e-23
-1.180696786273436414e-23
-1.130748481979660035e-23
-1.229588333110414131e-23
-1.169967913945017642e-23
-1.232776789298428229e-23
-1.183083502397295096e-23
-9.934010651212756334e-24
-1.241880748360027865e-23
-1.005692053294336315e-23
-9.507370076865117982e-24
-1.110782439376299702e-23
-1.072659013500708574e-23
-9.938918342252608275e-24
-1.109422422197298549e-23
-1.148003603862609575e-23
-1.138936001382873390e-23
-1.142706896142349518e-23
-1.185222777846354977e-23
-1.047836428033222944e-23
-1.284685802135587688e-23
-1.268144891032060541e-23
-1.260697934713581312e-23
-1.187851394433899087e-23
-1.056359678201734941e-23
-1.066575580686044641e-23
-1.155444935183362445e-23
-1.072146700573659068e-23
-1.277590464591411124e-23
-1.176964024190121741e-23
-1.200848501685255639e-23
-1.266619675804134152e-23
-1.214019714191932002e-23
-1.134348222998535106e-23
-1.270201101092095967e-23
-1.144208847738119676e-23
-1.113414152965618650e-23
-9.999875910546349452e-24
-8.712975334811383917e-24
-1.191578825199152775e-23
-1.176844688690122751e-23
-1.071661080989819469e-23
-9.469093772262767889e-24
-1.218592732403984553e-23
-1.226971942733295778e-23
-1.109655769988710700e-23
-1.142582027402275713e-23
-1.117735416012159923e-23
-1.121784579360074548e-23
-1.065030847816707985e-23
-1.190138103450667919e-23
-1.013152781437934207e-23
-1.212024416229492029e-23
-9.892350857082803114e-24
-1.010425045208168711e-23
-1.040781866824852883e-23
-1.282758627547960245e-23
-1.085077743133486296e-23
-1.019396362180953951e-23
-1.033406735407462428e-23
-1.110619146513736653e-23
-1.100787688139935608e-23
-1.216692908787075531e-23
-1.248964996991341728e-23
-1.180721069187596406e-23
-1.149088900023605496e-23
-1.017214560032574201e-23
-1.166040502841116518e-23
-1.077377785325318350e-23
-1.186344005302706237e-23
-1.163625034031409959e-23
-1.130947625003913462e-23
-1.214391151475131770e-23
-1.145038627665077818e-23
-1.333955978514897627e-23
-1.257173766247708597e-23
-1.019324336833438532e-23
-1.143201618390060236e-23
-1.109134813631131973e-23
-1.247185765567334622e-23
-1.208259222198583186e-23
-1.252694650704079280e-23
-1.193347357824751395e-23
-1.206096495284360245e-23
-1.140183924168904241e-23
-1.251407674740814923e-23
-1.150901366265626189e-23
-1.127651581898785742e-23
-1.117077846013867480e-23
-1.080000527318329431e-23
-1.187513064192711189e-23
-1.345358329715235279e-23
-1.227015942206203608e-23
-1.036931691873818466e-23
-1.152909786553788046e-23
-1.157275125548709962e-23
-1.204140358635825779e-23
-1.291650411845678052e-23
-1.122926668890983287e-23
-1.227822790972823480e-23
-1.212015170577117596e-23
-1.269694519249191950e-23
-1.157763160501277265e-23
-1.134685360812434392e-23
-1.371938668836564133e-23
-1.268122972976686008e-23
-1.084642449063759888e-23
-1.128335604027015442e-23
-1.106881314495748431e-23
-1.169168074080806762e-23
-1.067089140123909233e-23
-1.150885479340667024e-23
-1.195852453598199470e-23
-1.346568824703371422e-23
-1.352310747478079772e-23
-1.190200058355006668e-23
-1.213710459213365922e-23
-1.068074024812982812e-23
-1.196505902044793273e-23
-1.258129714742649208e-23
-9.431429346496324025e-24
-1.231612247576676686e-23
-1.216358994000489338e-23
-1.188192743631475456e-23
-1.151741490810632577e-23
-1.099833886339639976e-23
-1.066103886392081878e-23
-1.217360785862128919e-23
-1.172981808202485685e-23
-1.123460286129204269e-23
-1.251354839843090772e-23
-1.103987696275501145e-23
-1.139380799649017948e-23
-1.027694468079392147e-23
-1.163003371654732946e-23
-1.069873330040030048e-23
-1.090110167166918275e-23
-1.031275411564438538e-23
-1.165078186794979952e-23
-1.046494884766174774e-23
-1.312029625715633476e-23
-9.841166336424165146e-24
-1.106778241869667723e-23
-9.306445734081901162e-24
-1.020461234801944008e-23
-1.041795075861299829e-23
-9.885779673227186147e-24
-1.065285539213694583e-23
-1.129656986157082941e-23
-1.144896466705217711e-23
-1.024540201507519849e-23
-1.199031842211396454e-23
-1.154001150385615056e-23
-1.129570813794537006e-23
-1.164060081563520242e-23
-1.030933786773142757e-23
-1.052487310233848567e-23
-1.087967452378619955e-23
-1.037206122886197655e-23
-9.001173365093784295e-24
-1.056063070383104714e-23
-1.190275249862993166e-23
-9.383570963354788050e-24
-1.008841729114589641e-23
-1.024386512573422506e-23
-1.078869201628555019e-23
-1.195137072487697323e-23
-1.125691770532362822e-23
-1.105803488377289244e-23
-1.206696445212792278e-23
-1.123631810801939988e-23
-9.446428690002569739e-24
-1.144349955871052719e-23
-1.132404722572063387e-23
-1.098852619160394451e-23
-1.025146626444321070e-23
-1.083151499859745515e-23
-1.051869341969458283e-23
-9.900334212934386739e-24
-9.688726030415256771e-24
-1.083869439170492879e-23
-1.000182411959701862e-23
-1.105460843024119680e-23
-1.065558977541142413e-23
-9.518157129441735450e-24
-1.017636870240680836e-23
-1.086263232099923033e-23
-1.051099356444715310e-23
-1.141072079107590115e-23
-1.100069253115009675e-23
-1.020261163595805613e-23
-9.716982733309403556e-24
-1.070242957697842753e-23
-1.117935163459850453e-23
-1.001382107573206131e-23
-1.194261375409470569e-23
-9.852346175471134909e-24
-9.578829367157236414e-24
-1.013243270031629408e-23
-1.023285812709227007e-23
-1.026441296484846146e-23
-1.096194057935931592e-23
-1.061916567139637610e-23
-1.015961761894051795e-23
-1.073738325141805252e-23
-9.679617408498158899e-24
-1.104905648474867604e-23
-9.864854991393549326e-24
-9.871065689956109658e-24
-1.033454118679237560e-23
-1.011671341924964601e-23
-1.124450930270671411e-23
-1.054534199611832353e-23
-1.095770664865265888e-23
-9.962216351176486709e-24
-1.009807836365575061e-23
-1.110666606994912724e-23
-9.921176381534860574e-24
-9.509549599359004115e-24
-9.194671534486339868e-24
-9.026869713666755144e-24
-1.052041836310092271e-23
-9.804306432194664766e-24
-9.990074106286614049e-24
-9.150998027871805549e-24
-9.530199184330599449e-24
-1.085749222860364233e-23
-1.089296673083665598e-23
-9.347920005865735673e-24
-9.685099594891409273e-24
-8.537141072769395044e-24
-1.000966881357638140e-23
-1.061935922375548145e-23
-9.767557480356192252e-24
-1.082743671453207501e-23
-1.021485762878317418e-23
-9.811774429601384437e-24
-9.176885208225077220e-24
-9.640928084828522978e-24
-1.075816721117353762e-23
-9.513692477522921855e-24
-9.328837802207412795e-24
-1.028909563653659642e-23
-9.846780151329112415e-24
-9.421105944434906943e-24
-9.766742811393374943e-24
-1.036277880921727636e-23
-9.989596639558275612e-24
-9.990046433755080295e-24
-9.386922652122794327e-24
-1.017031312202270264e-23
-9.954458560368352231e-24
-1.007539264549849867e-23
-1.047905238396759178e-23
-1.024601846294013073e-23
-1.066136843796232665e-23
-9.918510449111141208e-24
-1.019401467449836730e-23
-8.744031704255171065e-24
-1.035802648504321409e-23
-1.067926150623655243e-23
-1.001962068607809939e-23
-8.523037145064075309e-24
-9.907426365566194182e-24
-9.150136493707340265e-24
-1.022088541746056270e-23
-1.010466948569959899e-23
-9.648948263074519449e-24
-9.301861562370321022e-24
-1.008402709902586483e-23
-1.004500975564936459e-23
-9.550790796760058671e-24
-9.389130415010586127e-24
-1.013184659615022268e-23
-9.831125350326835701e-24
-1.027669819120962283e-23
-1.032109354242825933e-23
-9.580574580341950094e-24
-1.040527062130615538e-23
-1.088233092635904141e-23
-9.189295244054064669e-24
-9.182893172031369595e-24
-9.167004086180296931e-24
-1.023294106145351059e-23
-9.572698709356468855e-24
-9.438459665697190309e-24
-9.156471041644365222e-24
-8.450548945969833001e-24
-9.146823009562474278e-24
-9.313437429405677002e-24
-9.793705620218081752e-24
-9.853708955157893534e-24
-8.981808710262464459e-24
-9.708595118119197013e-24
-9.590350927969448327e-24
-8.893958267217084471e-24
-8.932538299491061208e-24
-9.545306570507184418e-24
-9.127297704272662712e-24
-9.629598206545646047e-24
-9.242142241148510544e-24
-9.856665851473795724e-24
-9.457809470257278859e-24
-9.136030257164431885e-24
-9.810907427153955103e-24
-9.618376132641554407e-24
-1.028600802018017025e-23
-9.964440346242785082e-24
-9.337473835615874063e-24
-1.072442345388751042e-23
-9.633643735025353741e-24
-1.034236444927833926e-23
-9.356506327158194379e-24
-9.629170330423887353e-24
-1.017666863864137150e-23
-9.140594367484088400e-24
-9.737148939045967247e-24
-9.552496123156734187e-24
-1.090850277808680869e-23
-9.907709776039474471e-24
-9.279106900442286065e-24
-9.033975347970944001e-24
-9.407450626377609221e-24
-1.017392492916014551e-23
-8.613423511826604573e-24
-9.819886537360843673e-24
-8.891578743065835608e-24
-9.475103229960945112e-24
-9.220670275676092731e-24
-1.019269721172904120e-23
-8.448118075998459526e-24
-9.457139936286072721e-24
-9.136322556735113458e-24
-9.866661700523693120e-24
-9.401517269691319037e-24
-1.028344575468035939e-23
-9.166919218434475092e-24
-9.808709840345806609e-24
-9.735521997686450289e-24
-9.281953814166581634e-24
-9.842162657241543176e-24
-9.442866318126520850e-24
-9.966099435520231157e-24
-9.256475880246769313e-24
-9.487951415945187714e-24
-8.716685926805277521e-24
-9.551810735803172938e-24
-1.001019135226865167e-23
-9.927672301491724155e-24
-9.858664181311627112e-24
-9.512626570690466818e-24
-1.019272295351361929e-23
-9.618230214425499631e-24
-9.473597973818353075e-24
-8.804356017906866491e-24
-9.928143079944963022e-24
-9.852197065379082185e-24
-9.598452285986211228e-24
-1.006561182005113341e-23
-8.665804807685350453e-24
-9.718620239189888876e-24
-9.430299952520854553e-24
-9.410413044170273491e-24
-1.033161550203720928e-23
-9.574154688033529168e-24
-9.833075649698284454e-24
-9.819150277077046159e-24
-9.976547965019619167e-24
-9.889514200824485238e-24
-9.571333422037211605e-24
-9.313977143558140479e-24
-9.360921727033729477e-24
-9.104067492391767290e-24
-9.345573319055813393e-24
-9.708245956822021702e-24
-9.272172130987231483e-24
-9.288826254777191779e-24
-9.722953524212107192e-24
-9.449232189828123877e-24
-1.023465313733784185e-23
-9.556617279815676862e-24
-1.047949952033493065e-23
-1.005457645706235864e-23
-9.127140546792406248e-24
-1.043270878355745652e-23
-1.041147861937578886e-23
-1.004440097617691361e-23
-9.472320171692797962e-24
-9.951608994707601167e-24
-9.903318532193610784e-24
-9.640721471208463331e-24
-9.660647236537297904e-24
-9.636139111621555061e-24
-1.011321663866395830e-23
-1.005723052422003723e-23
-8.902711595941455462e-24
-9.776807703274053103e-24
-9.836515244353406386e-24
-9.735498997569302525e-24
-9.056782217670346163e-24
-9.638634445035188230e-24
-9.310221592866862903e-24
-9.944040793819847399e-24
-1.068419882046596077e-23
-9.766481390026136809e-24
-9.987358100462592813e-24
-1.016868214391138326e-23
-9.736033827438912796e-24
-1.050582952317184870e-23
-9.476238259274152919e-24
-9.315521672984897737e-24
-8.561737957937890030e-24
-8.334200275582885785e-24
-9.728248724141619398e-24
-9.485021952557854429e-24
-8.535159229660750547e-24
-1.010151435930638524e-23
-9.701230298822992417e-24
-9.925351629944035715e-24
-9.109893018886882669e-24
-8.994997276483348624e-24
-9.846697584353581979e-24
-9.729157243804124652e-24
-9.813128343706178596e-24
-9.605157438943768443e-24
-9.099097866778098903e-24
-9.976088696864853714e-24
-9.287568399016412826e-24
-9.543937005889950578e-24
-1.064531950393521072e-23
-9.511579133698860045e-24
-8.901133619641679232e-24
-9.684425466597869756e-24
-9.351227662231926427e-24
-8.453692157677805537e-24
-1.008316100673246816e-23
-9.235337907791434299e-24
-9.668122932150641395e-24
-8.532976740101926152e-24
-8.686542147320051613e-24
-9.412712479901756154e-24
-9.425411467656966525e-24
-9.098538185979358752e-24
-8.434802334441557863e-24
-8.180968625517815767e-24
-9.293448492572886733e-24
-1.024986747261064301e-23
-9.302010732441514554e-24
-9.439113820868701793e-24
-9.167584566861662633e-24
-9.432772988089769360e-24
-9.662591420259283740e-24
-9.773187473489070677e-24
-9.213454239185187780e-24
-9.864448793681370739e-24
-9.100161436623879620e-24
-9.249733176607494086e-24
-9.008332063508467292e-24
-8.510098607158698211e-24
-9.691252231233979257e-24
-9.083415268554502467e-24
-8.961884644045189007e-24
-9.336713327647027041e-24
-9.546650318227692189e-24
-8.812127846478093788e-24
-8.335171388873188240e-24
-9.288548188422441507e-24
-9.462856436534583850e-24
-8.800252860067553877e-24
-9.060293640295651102e-24
-8.373138947924551820e-24
-8.731007049104909491e-24
-9.086907173475679519e-24
-8.905345681510441924e-24
-8.826055441581477846e-24
-8.408439627437247305e-24
-8.737840406305430421e-24
-8.634029262778165405e-24
-8.219811044203018875e-24
-8.638763470143915549e-24
-8.116586576605995003e-24
-8.103031995364031484e-24
-8.363445220689507047e-24
-8.534788393780737644e-24
-9.005318908404564348e-24
-8.869970343690617929e-24
-8.720694889241075597e-24
-8.644560363304341377e-24
-9.237685109210397548e-24
-7.932028415900856404e-24
-8.915004954461708825e-24
-7.794899286886476297e-24
-8.224929514781821079e-24
-8.526380275728779463e-24
-8.252078968370804658e-24
-8.262061982888999698e-24
-8.069290185393983347e-24
-8.090695505187056367e-24
-8.247476340371151680e-24
-8.353188416401952180e-24
-8.413199968919106575e-24
-8.702874337199873531e-24
-8.124625086560840936e-24
-8.694568982080753785e-24
-8.069248060906991253e-24
-8.146913928130876476e-24
-8.695931220527785044e-24
-8.853804286173197070e-24
-7.880021905548012542e-24
-8.298954996533397023e-24
-8.097364498478745974e-24
-8.060401894900042702e-24
-8.064418885706557485e-24
-7.916083068950642073e-24
-8.087714088948376520e-24
-7.772096106144942739e-24
-8.179858981116393609e-24
-8.013758978065995698e-24
-8.201607769024920449e-24
-7.617528926477720021e-24
-8.027312141305853007e-24
-8.537910312028757894e-24
-7.064600344442896620e-24
-8.021612442302418818e-24
-8.176669168864309764e-24
-8.128419090702546756e-24
-7.810861502990042420e-24
-7.908866147920366999e-24
-7.825339601667691975e-24
-7.298992637901700540e-24
-8.259143527527581462e-24
-8.007081158239331101e-24
-7.858409219986823201e-24
-7.534216009844032542e-24
-7.726145114683820523e-24
-7.993691488347572919e-24
-7.752344166461187046e-24
-7.760555490943456501e-24
-7.735939011709346740e-24
-8.014355000723526238e-24
-7.786682740393825937e-24
-7.789929308451252429e-24
-7.871476562065017409e-24
-8.084187940758402037e-24
-7.664727508716230759e-24
-8.016297419612826401e-24
-8.100607490782669544e-24
-8.214587246257357172e-24
-7.954892680134122372e-24
-7.776558305518489145e-24
-8.019703960912021391e-24
-8.145218235167313178e-24
-8.139622692262602831e-24
-7.630887228096249458e-24
-7.623473916209218568e-24
-7.980646608978206865e-24
-7.301781738672885991e-24
-7.390953748024500664e-24
-7.806562902862806459e-24
-7.648690878748926633e-24
-7.438166168272675576e-24
-8.016309533050828781e-24
-7.537709565069336667e-24
-7.590550146528344966e-24
-7.865838916904850409e-24
-6.916499627773739707e-24
-7.205554376234523491e-24
-7.637522285762478980e-24
-7.477113337818703575e-24
-7.306569440005132875e-24
-7.692709389253534035e-24
-7.595008984930870897e-24
-7.759466492745546359e-24
-7.413183100820164292e-24
-7.278683755365535651e-24
-7.752498573275841969e-24
-8.083720417444182046e-24
-7.257629978495843946e-24
-7.427500349505982748e-24
-7.627844459645499655e-24
-8.150502049825203595e-24
-7.358457500725991061e-24
-7.802193869177579030e-24
-8.442742489200282875e-24
-7.273424008959538823e-24
-7.411242884548203023e-24
-8.418185098991043661e-24
-7.533401527998873066e-24
-8.484070495459200945e-24
-7.334934473924767574e-24
-7.317411985881355807e-24
-7.448192331294455613e-24
-7.544704986355418378e-24
-7.238910578904700910e-24
-7.096712333228580079e-24
-7.023095515578806711e-24
-7.410361219193782216e-24
-7.636709042976715426e-24
-7.552187667974977855e-24
-7.172523362393685882e-24
-7.264281698697906004e-24
-7.432352347829519467e-24
-7.615498871123425100e-24
-7.311475242998922325e-24
-7.938767786666520629e-24
-7.362152524763118539e-24
-7.286254228909050274e-24
-7.523976035469474110e-24
-7.358175661239183968e-24
-7.287394502885165974e-24
-7.443395717522016950e-24
-7.828501605770029117e-24
-7.341793424052939449e-24
-7.467970097164027282e-24
-7.936597461553219683e-24
-8.037416893568634514e-24
-7.175074067728372421e-24
-7.259306465692696100e-24
-7.602387063095937329e-24
-7.296170005243293760e-24
-7.102772113792074853e-24
-7.795151829124655117e-24
-6.697937852368470677e-24
-7.216075470573992494e-24
-7.301598528603254364e-24
-7.865212597802748601e-24
-7.574901672078904298e-24
-7.644335202411453153e-24
-7.571242379289779820e-24
-7.690562617537595468e-24
-7.139519197476010733e-24
-7.863951110531573792e-24
-7.994382263705598196e-24
-6.989700400205135970e-24
-7.370803207530528689e-24
-6.949312156051833555e-24
-7.262679265231480778e-24
-7.188624328943999279e-24
-6.982270676248966636e-24
-7.045903629195856826e-24
-7.140369770761025374e-24
-7.659864266212247309e-24
-7.170882036927827213e-24
-7.315500545048588173e-24
-7.608922692065687081e-24
-7.941096202255338337e-24
-7.440688980797975946e-24
-7.384273720531399226e-24
-7.639330349430266528e-24
-7.591273997024091426e-24
-6.791145810615030848e-24
-6.998283339324333940e-24
-6.844702012691075345e-24
-7.418823652602698915e-24
-7.608405005210567347e-24
-8.015809000869050838e-24
-7.531013556335471251e-24
-7.380232153745543606e-24
-8.071750998153953821e-24
-7.666572820771509525e-24
-7.456186778139218373e-24
-7.213730187493175610e-24
-7.698793757636917061e-24
-7.246361879831744278e-24
-7.440378260515740264e-24
-7.123911940212235341e-24
-7.766423699711542476e-24
-7.066604298908490295e-24
-7.533297250748370561e-24
-7.652058378498995198e-24
-7.438575427358305354e-24
-7.518098261305014669e-24
-6.845221113442024750e-24
-7.351520460096977354e-24
-7.458330433136321060e-24
-7.377784460150754669e-24
-6.978882423035017761e-24
-7.419411693470279313e-24
-7.292223900180963318e-24
-6.707878183047038861e-24
-7.182045281544551897e-24
-7.235867863555572750e-24
-7.185992906478159183e-24
-7.206343817170451900e-24
-7.094817342680724801e-24
-7.213862384321252663e-24
-6.639684928894116611e-24
-6.941597846520061945e-24
-6.692810951736611488e-24
-6.766062534348145639e-24
-7.159643181846745209e-24
-7.527313598019585244e-24
-7.137176599336236392e-24
-7.342342281612993078e-24
-7.578237230796394982e-24
-6.986092354911401260e-24
-7.237326969895262574e-24
-7.174782535825364503e-24
-7.056012629751870747e-24
-6.935670399828107340e-24
-7.016380220205699936e-24
-7.311388191297301587e-24
-6.877499554644245443e-24
-7.088967773082688662e-24
-7.145700021255399118e-24
-6.260775768278772000e-24
-7.378531299444923991e-24
-7.208129667477961933e-24
-7.197028653527240052e-24
-6.989652511818795381e-24
-7.037693638598142150e-24
-6.827098886875476648e-24
-7.508905796068225686e-24
-6.928063410858373506e-24
-7.039658257078178836e-24
-7.244560715597730639e-24
-6.856537516674891037e-24
-7.037232546731100287e-24
-7.028350874276202855e-24
-7.428575568302746051e-24
-7.335436849427431274e-24
-6.819693542379722985e-24
-7.148503098953526261e-24
-6.938249311111256175e-24
-6.880882690510697718e-24
-6.805817436845108063e-24
-6.943462971260739324e-24
-7.071769971153796223e-24
-6.992134212884834478e-24
-7.453210488680849788e-24
-7.055105952482606943e-24
-6.848559291644693481e-24
-7.119632841870573952e-24
-7.066014512075065778e-24
-6.806253249428254506e-24
-6.632720717027806179e-24
-6.725975639216248219e-24
-7.007252290789522847e-24
-6.818976152613923813e-24
-6.717166076304703062e-24
-7.063094700103297212e-24
-6.618317036038593249e-24
-6.768916598670463718e-24
-6.315694548677098409e-24
-7.101307868742268128e-24
-7.025062872918893458e-24
-6.605704763255750535e-24
-6.647745833693798186e-24
-7.064823856215227660e-24
-6.728928562294547079e-24
-6.429348864771655800e-24
-6.217692562574274757e-24
-6.611092612900976853e-24
-6.641094009145779795e-24
-6.407105302717284466e-24
-6.791480618913384346e-24
-6.530364897231476096e-24
-6.353171869587111253e-24
-6.749458996567396626e-24
-6.695862923087984195e-24
-6.298351043571448300e-24
-6.376536207380340840e-24
-6.474124476396276152e-24
-6.185765945792848444e-24
-6.067349884048302022e-24
-6.722244062187991494e-24
-6.386737519347422671e-24
-6.268758656572356103e-24
-6.481413290609763637e-24
-6.195951033138463090e-24
-6.426759690337046604e-24
-6.346535400344777755e-24
-6.452398297636594181e-24
-6.324201109200223581e-24
-6.229356252928815371e-24
-6.373126311061964779e-24
-6.399677754554345911e-24
-6.438028160831009644e-24
-6.175651847154075498e-24
-6.200239292413913693e-24
-6.441083110023507852e-24
-6.474378073365937967e-24
-6.537769005560730577e-24
-6.700428122373224948e-24
-6.150101143636749025e-24
-6.203115476286521308e-24
-6.325421654343914492e-24
-6.215185044908883949e-24
-6.181088368086193969e-24
-5.865436107323467751e-24
-6.414390328591725281e-24
-5.648907355604814649e-24
-6.351941473810123264e-24
-6.074995497805304230e-24
-6.044691930905406368e-24
-6.265362077620780459e-24
-5.924308913215591232e-24
-5.637805953715688275e-24
-5.930921744964684833e-24
-6.360051086323726293e-24
-5.978868096125243094e-24
-6.395022811226587388e-24
-6.113306120522470020e-24
-6.144441577354565781e-24
-6.230325105316708420e-24
-5.803713468504820452e-24
-5.995344294686592244e-24
-5.958528323452957246e-24
-6.362400965100776722e-24
-5.811143658692394710e-24
-5.945411633771530040e-24
-5.668368531332650351e-24
-6.196208244644584374e-24
-6.195141981197429175e-24
-5.885824198933727162e-24
-6.075584300636956837e-24
-5.714486008130298724e-24
-5.983039245589018504e-24
-5.796980115983796055e-24
-5.744648409538801433e-24
-5.820597959144817863e-24
-6.160164581500835825e-24
-5.769117755565881450e-24
-5.882685550957017143e-24
-6.021219492562540318e-24
-6.175411780021272874e-24
-6.062962718356187697e-24
-5.684083231126071996e-24
-5.756512555658999156e-24
-5.905771011925211160e-24
-6.082835523969567965e-24
-6.213472574158835826e-24
-6.000929527904377746e-24
-5.989954064871219795e-24
-5.748294144655781466e-24
-6.089217198154006517e-24
-5.637859547656701203e-24
-5.615196328278067372e-24
-5.915121752925126193e-24
-5.686581854589004899e-24
-5.693154474266424568e-24
-5.631427826644449922e-24
-5.782537430469158116e-24
-5.837692513762030872e-24
-5.766465957137031608e-24
-5.933279072321734232e-24
-5.687014927213039777e-24
-5.212414692179008102e-24
-5.588699851126624635e-24
-5.507288123548916248e-24
-5.652654540268855757e-24
-5.479707755791842470e-24
-5.556987127529257756e-24
-5.483060661258749416e-24
-5.530763061561139093e-24
-5.531122511783901205e-24
-5.212121510840653801e-24
-5.672666702235635518e-24
-5.755304761577707574e-24
-5.245103908537591001e-24
-5.812930652134892224e-24
-5.328918870348885177e-24
-5.504337819092413935e-24
-5.377690550823206417e-24
-5.582877227171084513e-24
-5.107783016402660599e-24
-5.414324982061015381e-24
-5.612022280224701900e-24
-5.492812594063457463e-24
-5.474748820402427152e-24
-5.552729095562417268e-24
-5.133655512853467053e-24
-5.265352551671057828e-24
-5.656286157276202398e-24
-5.513136744957521740e-24
-5.251072925862293928e-24
-5.436496368195924640e-24
-5.415485188353131974e-24
-5.164683260556532288e-24
-5.331686025162464676e-24
-5.391383542684908845e-24
-5.337730592578567794e-24
-5.145182214746840707e-24
-5.063035165663713600e-24
-5.518068617392180311e-24
-5.555705725957591659e-24
-4.860233897269898237e-24
-5.408395746615739504e-24
-5.042916515962657061e-24
-5.531179240933271102e-24
-5.353032042834656897e-24
-5.541237569766743178e-24
-5.122021087671135065e-24
-5.076459708296757571e-24
-5.045771079239422255e-24
-5.069450428083070611e-24
-5.057759162335986427e-24
-5.491268309451845209e-24
-5.024553080678060485e-24
-5.180563668989872531e-24
-5.270832822231404784e-24
-5.253907819575169245e-24
-5.451352893670035762e-24
-5.263172890009643185e-24
-5.466981299272523550e-24
-5.507892733889935774e-24
-5.142842394777280722e-24
-5.180252851656486215e-24
-5.085182576286994612e-24
-5.195062881781610664e-24
-5.439138083211575475e-24
-5.210638939780152114e-24
-4.970068817663635440e-24
-5.334092486818590568e-24
-5.350337748130637558e-24
-5.022836523773089522e-24
-5.113115239686681289e-24
-5.012966017560991622e-24
-4.932820884690886433e-24
-5.096432935624008013e-24
-4.867024633394444873e-24
-5.133647906501821740e-24
-5.136608644022075267e-24
-5.078218220005100897e-24
-4.983019478153040550e-24
-5.015495435742092171e-24
-4.792847690701717738e-24
-5.151490320376093687e-24
-5.403925604350053383e-24
-5.087817071812589353e-24
-4.935644933105116411e-24
-4.842666056507239235e-24
-4.845105271551501572e-24
-5.130326680349017351e-24
-4.805372684426200809e-24
-5.174342148045879911e-24
-4.938123051463592576e-24
-5.027710414846148230e-24
-4.763952321453140093e-24
-4.767961242382004155e-24
-5.214870580188196119e-24
-5.277035331125571580e-24
-5.279430454786141281e-24
-4.902057774918863838e-24
-4.930313353268431771e-24
-4.880789709997342395e-24
-5.018004958516325891e-24
-5.073581106740387956e-24
-5.011242246711375327e-24
-5.122941183102347914e-24
-5.121862492224289478e-24
-4.820945673509147397e-24
-4.980068077748097316e-24
-5.101821979076768867e-24
-5.020303684875322009e-24
-5.159409975917909905e-24
-5.038406802391220241e-24
-4.973204022762141541e-24
-5.037792834398864524e-24
-4.913041816097819242e-24
-5.101286614388686670e-24
-4.898213663788860968e-24
-4.820859130306306851e-24
-4.979595623458320370e-24
-4.719095205688432478e-24
-4.981856637517950616e-24
-4.951446928759201626e-24
-4.477410927455872956e-24
-4.993150317857037642e-24
-4.830471852583578117e-24
-4.779782428772107645e-24
-4.736177181651474451e-24
-4.692214387844017140e-24
-4.688036810224177421e-24
-4.912098501305979528e-24
-5.023604987649593460e-24
-4.834189630840189730e-24
-4.835411311488657148e-24
-4.612873329461869687e-24
-4.894798166490113089e-24
-5.171192678266731020e-24
-5.220932463816433788e-24
-4.796464278930789663e-24
-4.823437464867552562e-24
-4.720848123941546335e-24
-4.853493644440072221e-24
-4.788616632639129341e-24
-4.784944492276258070e-24
-4.798732468109820285e-24
-4.761780780778849335e-24
-4.823558832166147689e-24
-4.758823813257100603e-24
-4.685023560218773138e-24
-4.513717706569049778e-24
-5.018815795456294650e-24
-4.770356953338251437e-24
-4.875864707849363396e-24
-4.919620778384588696e-24
-4.819632063284837402e-24
-4.899730891296942380e-24
-4.878857306570273167e-24
-4.803334735798068181e-24
-4.534844208439837410e-24
-4.717930680701059802e-24
-4.354268694177869121e-24
-4.822391170622436794e-24
-4.574983844548556941e-24
-4.806590165123600583e-24
-4.508349113686504238e-24
-4.594533845514169429e-24
-4.695838702913696592e-24
-4.907351913415555507e-24
-4.448671028535296591e-24
-4.688696224387773016e-24
-4.603392714788735443e-24
-4.664415199557882418e-24
-4.610573953968345974e-24
-4.478993100507237939e-24
-4.346278924349061231e-24
-4.621480455034152845e-24
-4.577772037379070074e-24
-4.425737043198692458e-24
-4.490314696949998527e-24
-4.647087405413622624e-24
-4.715738803865490349e-24
-4.483874159933165831e-24
-4.558565823242669575e-24
-4.593846894643868938e-24
-4.291145996282123240e-24
-4.323284115796125678e-24
-4.532765766435850689e-24
-4.615480328158296009e-24
-4.446016053102883408e-24
-4.626238975330652563e-24
-4.301326503953832502e-24
-4.647473471387985242e-24
-4.313652977944303187e-24
-4.367086706794306463e-24
-4.298662936455405275e-24
-4.377876275372862988e-24
-4.658078329031686441e-24
-4.419187910353272982e-24
-4.511075668524950556e-24
-4.274764779610521141e-24
-4.237897934396195065e-24
-4.145518194240796609e-24
-4.331770259302281633e-24
-4.247191113041592618e-24
-4.238703144343365678e-24
-4.314703729175710878e-24
-4.524673104800095645e-24
-4.311121462567742709e-24
-4.274570854224729458e-24
-4.323845658475902989e-24
-4.275931117546000214e-24
-4.238295926826310363e-24
-4.223682234749126179e-24
-4.146699288745531494e-24
-4.181075005056371211e-24
-4.316564551321352264e-24
-4.287099814089371985e-24
-4.115751448232403954e-24
-4.223131221219806089e-24
-4.388611470151788283e-24
-4.411456579580432052e-24
-4.223156274758802663e-24
-4.057221536660100930e-24
-4.040827585248014152e-24
-4.265216482948145441e-24
-4.054097704754404579e-24
-4.447823938370063397e-24
-4.090128798277914787e-24
-4.061241471938652469e-24
-3.935559687120522751e-24
-4.080338223612897519e-24
-4.202906848995912043e-24
-4.007994593599409049e-24
-3.789144069193691286e-24
-4.082725591266089784e-24
-4.066472249224949685e-24
-4.105857663643433560e-24
-4.043549803061805464e-24
-4.201517217538396302e-24
-3.861993695997797340e-24
-4.028173344667783136e-24
-4.166754713249386590e-24
-4.017521417836497583e-24
-3.892914967872192417e-24
-4.230542905360349520e-24
-4.022669003236453014e-24
-3.858446886104337841e-24
-4.035329834571523294e-24
-4.121282909206129859e-24
-3.845281863026444719e-24
-3.880939344233822812e-24
-3.867457142522954632e-24
-4.123856299393191642e-24
-3.733347298270022243e-24
-3.854848600745472226e-24
-3.716503958618825564e-24
-3.884969111304596713e-24
-3.621663581503077230e-24
-3.736406759653113497e-24
-3.887000647876257701e-24
-3.715810172235079144e-24
-3.535089320988428835e-24
-3.737079075463252593e-24
-3.885356008227426654e-24
-3.798584572203344386e-24
-3.807203781805565555e-24
-3.779640841183655756e-24
-3.659884216380793453e-24
-3.570483227959763458e-24
-3.464189900797260313e-24
-3.711350750735809043e-24
-3.732828140078830850e-24
-3.782002675770642246e-24
-3.682790589087049529e-24
-3.782103041191961404e-24
-3.724220825929654683e-24
-3.623416087949148988e-24
-3.609029138148639036e-24
-3.662684598942351228e-24
-3.665544237205559669e-24
-3.748425754356588655e-24
-3.618927108964316943e-24
-3.518914106096913203e-24
-3.668404423908193399e-24
-3.542769816506822774e-24
-3.462996837959019490e-24
-3.492169625647557566e-24
-3.213282359006719163e-24
-3.621548370127113959e-24
-3.590624734834633846e-24
-3.498467104470264646e-24
-3.736364147956471076e-24
-3.574969236026260394e-24
-3.752825337192409201e-24
-3.452742942113670152e-24
-3.515293059070080968e-24
-3.456535597981138604e-24
-3.549138609515278239e-24
-3.452016404543120864e-24
-3.465171145890815451e-24
-3.391332110964165615e-24
-3.367514487157723103e-24
-3.382017412195252666e-24
-3.301695398053161131e-24
-3.518618986217005254e-24
-3.570018176813043982e-24
-3.478062145727046113e-24
-3.380125443373199856e-24
-3.288354524480233680e-24
-3.525579969224022471e-24
-3.350198563710026433e-24
-3.200502480584567048e-24
-3.235528674259403349e-24
-3.215954097911856824e-24
-3.170953828002833620e-24
-3.325726006614887301e-24
-3.358992818515664179e-24
-3.405348446055854051e-24
-3.257604653442937522e-24
-3.381525866004699946e-24
-3.273362938462275959e-24
-3.378881662832803576e-24
-3.131963282970385899e-24
-3.067062057833866584e-24
-3.328192252032712566e-24
-3.387548164211341615e-24
-3.262713377978075288e-24
-3.107107319844634879e-24
-3.227215731645458019e-24
-3.235982376203857527e-24
-3.013969063354718363e-24
-3.327510159618600120e-24
-3.251590033205665500e-24
-3.082558826229071362e-24
-3.301364816168223903e-24
-3.315480790981049440e-24
-3.318417865301941917e-24
-3.192190239893153104e-24
-3.126488806358825402e-24
-3.064065174057212685e-24
-3.186414621547489224e-24
-3.071447165834714211e-24
-3.047772538336393448e-24
-3.229309051060531475e-24
-3.044043818341116193e-24
-3.263582197273416383e-24
-3.225060613262852002e-24
-3.068489416793053703e-24
-3.129304890961699914e-24
-3.019930926019099689e-24
-3.088702615721277440e-24
-3.078658235518143820e-24
-2.981939732460871936e-24
-3.072064733780468437e-24
-3.194633139006592221e-24
-3.111411902614575914e-24
-3.113191056439787309e-24
-2.961328272880608631e-24
-3.034946129471298771e-24
-3.010134067962577384e-24
-3.014011223749285497e-24
-2.945184566973908002e-24
-2.942564200693555985e-24
-2.993905226931845391e-24
-2.968583970792708046e-24
-3.096854449090582237e-24
-2.956144770204356777e-24
-2.772932243737306359e-24
-3.151655273179184329e-24
-2.839591501328647576e-24
-3.033995055912918670e-24
-3.088988340305310441e-24
-3.012644048256853308e-24
-2.996917413481083772e-24
-2.869208711990355790e-24
-2.910011127264839882e-24
-2.867608669912861802e-24
-3.020155069680284008e-24
-3.031187008251544378e-24
-2.989748267833577142e-24
-2.965800944161051782e-24
-2.873653363301893705e-24
-2.715530813440797282e-24
-2.828473793593837568e-24
-2.794609867961665937e-24
-2.894454986931752134e-24
-2.909772731201103797e-24
-2.896772683398997719e-24
-2.785889341064889624e-24
-2.740720009139227702e-24
-2.718531987885732310e-24
-2.919565825398849157e-24
-2.778471346282768786e-24
-2.945560091091575006e-24
-2.757270532363127620e-24
-2.709699395062986022e-24
-2.808182643443238523e-24
-2.860494937973650204e-24
-2.630428642951723914e-24
-2.774288833716497461e-24
-2.783041400989762509e-24
-2.828300903482594913e-24
-2.722335555824968465e-24
-2.699944333878775072e-24
-2.734390872369702509e-24
-2.671586610924146100e-24
-2.611557370844854087e-24
-2.719277524588605511e-24
-2.735878108389980437e-24
-2.670312987884471906e-24
-2.683657691258248773e-24
-2.689175041796726602e-24
-2.581922677728938564e-24
-2.522650324493253086e-24
-2.809923944101498299e-24
-2.726303502482489400e-24
-2.586955466664040879e-24
-2.852007138614864862e-24
-2.673960132737139511e-24
-2.624791060696264022e-24
-2.740809399460977220e-24
-2.738672104014437515e-24
-2.566714068771312085e-24
-2.699240615560005966e-24
-2.535106175594825237e-24
-2.581806019675742340e-24
-2.533586008910157040e-24
-2.651048715998143345e-24
-2.576105128309983675e-24
-2.602961236624378159e-24
-2.570647348130922853e-24
-2.536874379984480099e-24
-2.646120902269209072e-24
-2.637797660207107017e-24
-2.565403942196825328e-24
-2.464154540767538417e-24
-2.619585129112840353e-24
-2.561593774052929151e-24
-2.536105982523336820e-24
-2.605416629443424458e-24
-2.470127559778201291e-24
-2.575444935321037760e-24
-2.643940295643858200e-24
-2.623701857731483704e-24
-2.579590672396063435e-24
-2.444841856498203678e-24
-2.371191802568639098e-24
-2.622677632270446660e-24
-2.476830958068472841e-24
-2.530211087814180293e-24
-2.474858608103171268e-24
-2.425442280661414843e-24
-2.478787506305509650e-24
-2.393828887322646048e-24
-2.553391307596941367e-24
-2.540079484637737156e-24
-2.493570050745871016e-24
-2.337006013559553723e-24
-2.534697244708009095e-24
-2.389825194957207412e-24
-2.465455087643119538e-24
-2.368867921682740213e-24
-2.453899282058793977e-24
-2.362688144392892918e-24
-2.406585631364940026e-24
-2.386480763835833245e-24
-2.467630396622616213e-24
-2.362046941119408813e-24
-2.418685643260790467e-24
-2.430865512875119349e-24
-2.499399078810542897e-24
-2.218596901237876748e-24
-2.394858519939161862e-24
-2.381906685990451505e-24
-2.333700080915769033e-24
-2.343584618222433565e-24
-2.236019918257546447e-24
-2.373002498697352348e-24
-2.180642016903105233e-24
-2.227931155058233697e-24
-2.260380908842291519e-24
-2.184951418130961709e-24
-2.352841278588462671e-24
-2.166301521296156015e-24
-2.248842571573192034e-24
-2.261044399189335292e-24
-2.329958985667701781e-24
-2.179896121769459221e-24
-2.301406316376934746e-24
-2.245144383955246026e-24
-2.333893987871363519e-24
-2.312419394794115002e-24
-2.150377786641456496e-24
-2.246630779299484556e-24
-2.234195676788639457e-24
-2.203845033768566165e-24
-2.163856060852393977e-24
-2.277483166461337882e-24
-2.268695848802231147e-24
-2.155927024030189546e-24
-2.187765249390095365e-24
-2.225586823898413135e-24
-2.070221551631925720e-24
-2.175010813616055506e-24
-2.276663423357948367e-24
-2.095613843943979106e-24
-2.137631005544525150e-24
-2.224945881962748426e-24
-2.005976388008238906e-24
-2.034594835278474241e-24
-2.025612422485667339e-24
-2.016003190591767601e-24
-2.040290573148606265e-24
-2.050052098802009094e-24
-2.122121176486918983e-24
-2.066005313018186172e-24
-2.009824434481920813e-24
-1.982464618153474432e-24
-2.163307042098138614e-24
-2.081813376678400924e-24
-2.133874951827199534e-24
-2.017428184550172334e-24
-2.046297960574438422e-24
-1.973324248905096946e-24
-2.034300301366352558e-24
-2.142407909999053261e-24
-2.020363109680808518e-24
-2.053551621327242682e-24
-2.181480410103004450e-24
-1.963040543927225449e-24
-2.011916026384986905e-24
-1.998938153225303978e-24
-1.968304974236140674e-24
-2.043761709119736554e-24
-1.945525587338282848e-24
-1.984008479419874727e-24
-1.945111939791362782e-24
-1.950175351817276899e-24
-1.934079196493670793e-24
-1.979257049345824180e-24
-1.993884070111875025e-24
-1.967010856470458182e-24
-2.011026490082661172e-24
-2.039318343193447096e-24
-1.848221051498971209e-24
-1.917909491967713012e-24
-1.879335251414088502e-24
-1.934191676267446488e-24
-1.749200843078501718e-24
-1.972816618613877995e-24
-1.870292777325582362e-24
-1.836314335359030175e-24
-1.941166270687313010e-24
-1.850486404236424330e-24
-1.903434176336143523e-24
-1.974114410329037175e-24
-1.888810619253753148e-24
-1.818800430016957525e-24
-1.858046917588946930e-24
-1.851474980890214866e-24
-1.879374410370957757e-24
-1.664360775953208722e-24
-1.812888229679034776e-24
-1.826205574846945401e-24
-1.831786989741632407e-24
-1.854825301373310179e-24
-1.778665391429181868e-24
-1.749801785745160336e-24
-1.822985429274059781e-24
-1.864340256451400199e-24
-1.815824840260044321e-24
-1.779286371707811309e-24
-1.767708297866280518e-24
-1.665395257322234634e-24
-1.731067389995159440e-24
-1.809353006231212103e-24
-1.727120124229028214e-24
-1.732700088157372275e-24
-1.708004953528757548e-24
-1.738591933650880666e-24
-1.758865383135693304e-24
-1.665106821714871664e-24
-1.726082461361218525e-24
-1.775318239928250934e-24
-1.696998515522688868e-24
-1.659109865474505031e-24
-1.605100859543930953e-24
-1.734389503721317197e-24
-1.680110650488383239e-24
-1.706478800699963498e-24
-1.618910298727806724e-24
-1.643384940995814885e-24
-1.627949437929457483e-24
-1.625456882511562798e-24
-1.548531366162627468e-24
-1.599804926101350223e-24
-1.681918499518283329e-24
-1.678978797608440341e-24
-1.669540103996494420e-24
-1.653174209867378298e-24
-1.598537430084595782e-24
-1.570515400017889182e-24
-1.612037264282394533e-24
-1.611878069349097530e-24
-1.652081658498983219e-24
-1.623064894008968380e-24
-1.620836175510768491e-24
-1.538429142527379906e-24
-1.631969832702239990e-24
-1.586532330967018073e-24
-1.635711689180744243e-24
-1.589514394286952982e-24
-1.584446158812410629e-24
-1.586340956128973261e-24
-1.585901002898783637e-24
-1.539505926667401757e-24
-1.561658934436469139e-24
-1.597251379524277439e-24
-1.608497746009344324e-24
-1.511659887618060602e-24
-1.404536395746052184e-24
-1.524421727605851265e-24
-1.500392565456935186e-24
-1.575449990233259345e-24
-1.549396427354700691e-24
-1.505379546778691504e-24
-1.495813557192142704e-24
-1.546899607238736080e-24
-1.422720075312623928e-24
-1.522303240483039438e-24
-1.465471209292139778e-24
-1.399426255222468969e-24
-1.377382395049524322e-24
-1.398117568216681789e-24
-1.415670810414171187e-24
-1.389875371842296695e-24
-1.397488668043884166e-24
-1.452475628241513885e-24
-1.411253629535646620e-24
-1.463594768607497340e-24
-1.388209834746711626e-24
-1.483873543400896776e-24
-1.377738340062995712e-24
-1.392331155022334813e-24
-1.409286799964633136e-24
-1.311361707850923250e-24
-1.390053288697775255e-24
-1.358905186137993839e-24
-1.401874214424717067e-24
-1.363541281435739716e-24
-1.368301053518597347e-24
-1.411839132423157512e-24
-1.362475901292208305e-24
-1.423650358323557498e-24
-1.326299623746560011e-24
-1.336212235560774715e-24
