0.000000000000000000e+00
0.000000000000000000e+00
5.216978376676933443e-11
5.505323214850921667e-12
2.136518690292711107e-12
1.039971110701621800e-12
2.641736579428652755e-13
1.992378000871427096e-13
5.264984239976143425e-14
7.853853515634072443e-14
7.846416867625354316e-15
-3.508119456497636649e-15
2.674030102951336362e-14
-1.074186947390162720e-15
1.120598270483484745e-14
6.181312125552324776e-15
6.226306358099943964e-15
4.897944116596667998e-15
2.629794114867861588e-15
3.430139060286012893e-15
2.351934550445929569e-15
2.005141440862156945e-15
2.158510032766898503e-15
2.043565664429318877e-15
2.056261540782964296e-15
4.738881909599307426e-16
3.567171157361677904e-16
2.939709022305899074e-16
-5.435799040270742950e-17
6.464973656736205885e-16
4.428534171692385245e-16
3.338427970395516582e-16
5.781293372591598879e-17
2.481436556122800691e-16
2.564567598930580435e-16
1.406979973341340708e-16
2.430901659535451266e-16
4.542271947125249106e-17
1.206488447911229779e-16
9.453698707525633840e-17
7.897953862862358103e-17
8.751636841186733631e-17
1.125572957938702141e-16
1.530862888522556179e-16
1.136775388193725559e-16
2.318529496669474588e-17
8.264194625306400227e-17
7.032914453107489225e-17
4.878068502457995130e-17
5.762144204205529822e-17
7.076215097008632525e-17
7.914793330851657144e-18
4.849047679003462735e-17
4.635272149524739594e-17
4.827655014584384366e-17
3.367029230197640395e-17
3.470110124861221568e-17
3.493870680733462915e-17
3.063662877451512240e-17
3.373054454422172270e-17
3.477552638348900191e-17
2.667775839664311230e-17
1.917733154048357711e-17
1.458837193130953909e-17
1.312547807355406560e-17
1.629629684000944813e-17
9.333282186455276595e-18
1.323044325996537569e-17
1.445473450162152817e-17
6.401940042668736332e-18
2.043541941037097712e-17
1.362986019494114491e-17
1.372538396354305624e-17
1.476173270668243012e-17
1.060147685085998703e-17
9.004362689938221952e-18
1.140775733387520737e-17
1.255066911280388957e-17
6.486949983907064954e-18
5.161704362529365592e-18
1.114700065506143911e-17
7.154106135637457110e-18
1.057061350938919522e-17
5.381149645160841552e-18
5.304496477060490275e-18
4.540874946024826576e-18
4.882813141325627308e-18
5.236533605266330701e-18
4.262552656531361418e-18
4.177652178433600684e-18
2.292913594689917951e-18
3.561469069944180750e-18
5.623631081175757907e-18
4.948584956250615061e-18
3.019936700026542361e-18
4.185124105955214628e-18
3.944804838990118732e-18
2.959550256670870176e-18
3.316843517178026582e-18
3.193572834206417983e-18
2.137315127908978431e-18
2.990229409277190965e-18
3.298904971452061087e-18
2.830090710166323718e-18
2.342426667422374389e-18
2.312353388954634674e-18
1.556526426999531671e-18
1.634887421397838736e-18
2.140004363569956836e-18
1.978358188137803384e-18
2.668627985019372716e-18
2.308591476438929659e-18
1.132117542008117067e-18
1.391037701063666072e-18
1.630169059649968986e-18
1.326055215764599304e-18
1.067582793155630322e-18
1.895351239059403139e-18
1.485874642967527761e-18
1.158037453563085467e-18
1.155043619218579501e-18
1.015740585869263077e-18
1.167681666258970970e-18
1.076737109534110587e-18
1.405927458304659042e-18
1.045106368717938630e-18
1.223941607020964018e-18
1.352504630997370674e-18
6.492640796122894043e-19
9.347168228412745769e-19
7.506425996449481315e-19
6.042002483278256765e-19
1.065759279054026593e-18
9.217422406095535271e-19
9.663050456545287850e-19
7.423774227648761379e-19
7.562726935194592968e-19
6.694720142635502930e-19
6.963079151996202735e-19
3.300833175487923580e-19
8.218533124911882960e-19
6.390574299258338804e-19
3.620378891052283579e-19
4.987143558337628437e-19
5.288342146590538509e-19
6.689647090186828434e-19
8.081903871626399509e-19
4.152968871676143003e-19
3.959736558026857329e-19
4.974702455702958708e-19
4.736992957086146112e-19
6.027002849663690658e-19
4.271862613213839352e-19
5.258465449502928323e-19
4.431532611642905784e-19
3.145918789499389928e-19
2.327742686449003760e-19
3.641609306381593394e-19
3.904944707851557066e-19
4.695149858243455451e-19
2.954792522571739160e-19
3.975603450878783024e-19
3.614975811383202131e-19
3.437487193973757842e-19
2.091712793818252727e-19
2.406293119277056647e-19
2.184005963901747655e-19
2.673133763948455508e-19
3.167891538052096690e-19
2.669385900936485644e-19
2.996649210792832564e-19
1.640073320868073184e-19
3.239715834980130476e-19
2.404482925502208179e-19
2.320287557711911376e-19
2.854425802621511864e-19
2.757201821627975722e-19
2.809572987950964579e-19
2.646693040065386692e-19
2.401494995440524874e-19
2.908012894288021823e-19
2.786013565599427245e-19
1.524650768244248882e-19
2.297957755301461464e-19
1.978148631961597574e-19
2.660647253505401335e-19
1.370347372408119373e-19
2.056250354340946948e-19
1.456439382034983886e-19
1.739271513569323359e-19
1.804018134671479479e-19
1.758315929392141336e-19
2.572711032585138559e-19
1.627449830798113453e-19
1.513808162116263542e-19
1.146352905556881209e-19
2.060422267883762001e-19
9.319925953051123171e-20
1.140650629049444851e-19
1.147193305553913078e-19
1.690891682163313179e-19
1.676553328091185230e-19
1.261429223809569027e-19
1.346637519836839094e-19
1.075815670082172776e-19
1.062067810566432162e-19
9.609128040074270988e-20
1.315770663108349957e-19
1.115922690876259499e-19
1.151210311109153395e-19
1.233467823179868798e-19
1.015469614444911553e-19
1.243667509464716165e-19
9.700340682787016854e-20
7.518357421758197262e-20
9.083417783078067357e-20
5.471238327096476623e-20
7.477708777359726077e-20
9.315474589298326155e-20
8.531451774832659978e-20
1.037809120000236610e-19
9.755828720124617586e-20
1.159431296152097167e-19
6.060872134952670522e-20
1.036731305590743191e-19
8.528347811477617602e-20
7.747488801669695999e-20
7.132935867269145665e-20
9.329402448103965440e-20
8.018014701741115369e-20
3.727975480006983205e-20
6.900472064104029005e-20
6.786674886985083667e-20
3.855264414084983342e-20
6.729231231703752669e-20
6.469670474590981626e-20
4.663243091844667384e-20
5.959012018475338296e-20
4.814587037902639278e-20
6.026118390194235432e-20
4.664218660729392130e-20
4.479381806435356426e-20
2.804628551471951907e-20
3.593602350051213054e-20
4.148331246222678720e-20
3.593800595632885138e-20
4.225194242586533827e-20
4.419828329309923230e-20
4.616211685473102134e-20
4.696186619213520688e-20
2.636416723055140489e-20
4.213206915849001673e-20
1.654134875697861058e-20
3.812446949100927020e-20
4.295488077964125053e-20
3.939713162055969942e-20
4.808992171782140137e-20
4.866800026822502342e-20
5.263633587510352163e-20
3.896978900017298691e-20
4.571105033147574584e-20
4.652096833675592992e-20
2.489113743564659359e-20
3.092341162203180604e-20
4.130501728399764880e-20
3.560043019656175181e-20
2.786825540939826202e-20
3.403559574343914767e-20
3.526050835139260463e-20
4.224069112205017248e-20
3.723049945305186416e-20
3.480552523308266824e-20
5.190785486925331029e-20
3.748784203185007230e-20
4.944314002045738631e-20
3.774721534778031779e-20
3.627425607639633909e-20
3.463328922074648718e-20
2.731322904899387481e-20
3.049529694063288622e-20
3.843484527672984488e-20
2.781022809460789798e-20
3.583415417228959852e-20
2.471423112514999934e-20
2.493951895826568391e-20
3.022378647100592721e-20
2.633290939560759810e-20
2.870495458878124028e-20
3.151958813983354824e-20
2.372615112441337303e-20
3.577326055008044874e-20
2.540773470358756154e-20
1.643506174924033191e-20
2.315254809507955744e-20
1.983569701522035019e-20
3.031313236994755685e-20
2.283572369863657137e-20
1.962454749914760949e-20
2.942259394988686722e-20
1.812138558307119375e-20
2.021414168703621634e-20
2.221840278852425989e-20
2.472247144479466350e-20
2.654555911354007955e-20
2.289741498766719815e-20
1.849944843813968369e-20
1.816688709849836254e-20
1.608234326405970520e-20
2.170319307470790311e-20
2.197965569874062076e-20
2.293626993694305819e-20
2.168246355405310749e-20
1.299063439113730739e-20
2.224556543157636594e-20
1.817658435093114814e-20
1.782054875039741878e-20
1.225915160074423148e-20
1.765846753311683339e-20
1.785540183789831155e-20
3.056032930366485130e-20
1.991558905145490111e-20
1.709643272204044618e-20
1.780431167961605951e-20
1.730563059689337934e-20
1.628426604127496811e-20
1.674828389250816383e-20
1.676348585572985157e-20
1.236690746087880284e-20
2.015791682204174395e-20
1.805989749714150716e-20
1.238390495583418587e-20
1.621952981215270116e-20
1.764220549135658618e-20
1.357804822407058198e-20
1.422210486924103351e-20
1.216903612015865073e-20
1.814441771292182462e-20
1.740569926001008606e-20
1.356949590800900885e-20
1.205115915843455576e-20
1.603306068662367601e-20
1.446976363390030831e-20
9.880110027166777219e-21
1.400836023028836953e-20
7.821053014157891962e-21
1.264093009640763195e-20
1.797511078599922072e-20
1.469763079910065563e-20
1.877758913765062271e-20
1.474504597833215164e-20
1.356916802284642571e-20
1.449219151425854889e-20
1.051738842307643158e-20
1.153574592036341811e-20
1.547008421466105921e-20
9.268288507059300415e-21
1.614950997173285783e-20
1.319507355256242352e-20
1.507511560962362553e-20
1.160143232164928758e-20
8.565961078312317055e-21
1.224332434753564033e-20
1.564798646074402537e-20
1.098501380626121879e-20
9.264269655488584332e-21
1.163301032265791359e-20
1.016373472771281144e-20
9.222151353286083190e-21
1.022944770720492696e-20
1.010666806623692109e-20
1.174437640677482763e-20
1.224886417556926348e-20
1.159304846314690825e-20
1.020572266315375210e-20
8.252234564563241916e-21
1.417672114744881110e-20
5.662439866997248331e-21
7.634711852283986452e-21
6.754517225333907609e-21
8.116559173693459466e-21
9.382828542713471021e-21
8.999307120069588210e-21
6.358050902910457378e-21
1.154517341924048638e-20
1.084489798710414870e-20
6.649250250597213712e-21
1.040167695351982009e-20
9.708837438460270608e-21
1.250551638361099797e-20
7.360119566968353932e-21
1.010168200264049017e-20
7.523044715605171098e-21
8.054819692736925970e-21
5.576150388820583071e-21
1.304055188041049334e-20
5.811599788226974620e-21
9.197832950346576865e-21
1.057070550596555970e-20
6.640751656573686305e-21
7.608163077745590241e-21
7.049629485977296106e-21
1.044434930668482080e-20
6.796615848977774756e-21
1.017086905399338466e-20
7.378128267693579543e-21
7.252164716392015804e-21
6.172967557031939266e-21
4.929623397387273918e-21
6.272508214467542673e-21
5.973157847809477255e-21
6.849022840688987489e-21
7.303201401391821647e-21
5.790528871459882980e-21
6.784948624230652115e-21
5.857278924304479308e-21
5.558687239191916924e-21
4.835118324645487082e-21
4.715803417863381702e-21
7.830775909322148825e-21
4.479840522955782364e-21
7.758915703334419998e-21
4.427819420194133253e-21
7.433914604324205818e-21
7.799529507808984634e-21
6.832280896213844997e-21
4.937962578753154979e-21
3.585537886842258690e-21
5.178399583312548252e-21
4.899579561657377846e-21
5.240195006730399748e-21
6.348724254701686117e-21
5.165576437652314915e-21
3.220266340894169427e-21
5.520420832894465981e-21
4.884385095959274924e-21
7.161306683848990641e-21
5.327991636343378996e-21
4.997138963746605644e-21
5.978117734358795611e-21
5.683586950340735479e-21
5.373868278487487385e-21
5.553795259920568364e-21
4.538563812138159356e-21
4.685579062444400759e-21
6.166960158325309786e-21
5.293906251252330834e-21
5.208668204080176366e-21
4.708646716454646633e-21
5.597378546006106148e-21
5.042439200071547119e-21
4.478100772867042740e-21
4.071591269585096562e-21
3.025968506307788671e-21
4.667916507632594091e-21
5.434315747404692836e-21
4.698641862266680910e-21
2.812402224623112796e-21
4.197668953267500215e-21
3.388164956187775406e-21
4.975623756322447855e-21
3.599567804890474109e-21
4.663764249688594930e-21
4.217907035633126142e-21
4.042740084477324853e-21
3.776914558063858573e-21
3.921465785378165512e-21
3.503180280225115325e-21
3.581474648664995729e-21
3.804602756388547855e-21
2.295721317974819585e-21
3.602293873780330183e-21
4.165851578723434103e-21
3.902065283484717023e-21
4.674336234052130609e-21
3.125694602064032433e-21
2.771091178176842829e-21
4.259830306214600586e-21
2.182111977838119240e-21
2.409613310033644202e-21
2.948549168238341953e-21
2.091715336219734020e-21
3.353546076115327344e-21
3.699164424600038706e-21
3.745260611219691847e-21
3.305405090616725295e-21
3.567671131253328967e-21
3.633122066881665264e-21
2.896024057340963353e-21
2.440852119343968849e-21
2.054910626051551850e-21
2.460992458342173614e-21
2.368338302941233700e-21
3.177362736125506110e-21
3.027571360583274642e-21
2.975349765321354251e-21
3.014062892218595798e-21
2.888065189968066607e-21
3.492527205442624581e-21
2.229126169013898919e-21
2.065516743439583984e-21
2.686944404117138450e-21
1.820517238705475897e-21
2.449112319206816635e-21
2.341770052726298106e-21
2.399312146713575508e-21
1.946066013717660525e-21
2.296883101283972729e-21
1.475378768096173965e-21
2.489389719509760999e-21
2.505652561447415597e-21
1.614907663092153609e-21
2.020949974572343992e-21
2.180817737191327769e-21
1.764974988363904506e-21
1.750459050053679397e-21
2.602711029321617847e-21
2.086786665818432844e-21
1.679798958697519107e-21
2.162320703644090913e-21
2.454962210746903652e-21
2.155319920440879432e-21
2.889055376389896586e-21
1.569479469397555761e-21
2.245727813164686313e-21
1.418644323440164268e-21
1.778529548001388526e-21
1.378399977266568914e-21
2.201909821180157683e-21
2.439345808541687203e-21
2.671591544752160363e-21
9.166496355312450752e-22
2.152711610635525313e-21
2.056579603860686462e-21
2.547053194284068264e-21
3.265939755837091398e-21
1.327666199418571135e-21
1.649747560058933271e-21
2.432520379806363575e-21
1.571321675773203359e-21
1.785933009157615457e-21
1.820498614483006537e-21
1.481817287744384356e-21
1.920157731577824027e-21
1.225724931356180394e-21
1.710987565890667764e-21
2.061093364435722408e-21
1.172121079469176061e-21
1.309831391372357306e-21
1.882165129233347372e-21
1.875653412188235145e-21
1.479943760910281536e-21
1.241133741259897386e-21
1.875395929986167246e-21
5.089462477884610470e-22
1.536203714020056673e-21
1.368224229610434201e-21
2.122412410785086805e-21
1.702653559025729589e-21
1.368665663787003558e-21
1.689056874111120756e-21
1.606538469200677236e-21
1.370070979959232871e-21
1.541353762988868938e-21
1.085620043302993777e-21
1.181183492924850208e-21
1.600437716764723671e-21
1.813321483362461596e-21
7.565752541473202639e-22
8.197184503493690351e-22
6.814605360555749193e-22
1.224265880358312441e-21
1.117778447270966449e-21
1.638176483502910669e-21
1.248178066530693610e-21
1.225263206194254478e-21
1.133113747222975870e-21
2.080806092162540385e-21
1.206073351151570414e-21
1.464946487581941689e-21
1.343461432773882818e-21
1.273820979382120367e-21
1.220781949525543675e-21
1.208137640810805064e-21
1.326682320413104141e-21
1.151229665885524824e-21
1.125161960096067844e-21
1.194730245423325602e-21
1.183262307311507634e-21
1.264588356747177354e-21
1.140608686555006605e-21
5.445617810780033370e-22
1.172917418334350723e-21
9.593913414261012519e-22
8.487520925602279844e-22
1.130403772753841139e-21
1.493543819449502152e-21
1.518152897009138898e-21
1.532689143457550684e-21
8.237533041488010160e-22
1.150687503595172259e-21
1.156237443292676910e-21
1.297229683136274587e-21
1.728838707008925927e-21
9.141295359691026650e-22
9.420017528067663230e-22
9.126585691755200375e-22
1.133185199542235943e-21
1.044561835338701872e-21
6.581513562766606519e-22
7.842537911720245374e-22
6.125201773139091465e-22
6.803277197544283770e-22
9.122735379737183609e-22
1.238244541715207559e-21
9.954120860369052065e-22
1.268210769546684304e-21
7.876040320263840205e-22
9.434291628201883268e-22
1.242449067300794967e-21
6.755655531962004563e-22
1.181081890042990576e-21
8.717774955406816843e-22
7.307169550262171452e-22
8.990358971601052941e-22
1.206609972756419925e-21
7.043328373311816429e-22
9.707434384498694046e-22
7.523063378210759390e-22
1.038072807147755097e-21
6.902622076463284703e-22
7.879906407441399008e-22
1.006044534575731251e-21
5.778284905502075819e-22
7.493273664778844475e-22
6.348372645395471861e-22
7.194477108370967029e-22
8.107142010497290987e-22
1.030172311869569750e-21
7.777863345443677330e-22
8.084846600844456201e-22
5.603973268489910138e-22
7.406820079430127675e-22
7.837961214982653206e-22
8.501361017737421183e-22
7.371655656426841368e-22
5.119289833873580056e-22
9.965937387722030754e-22
5.579577136277495865e-22
6.888151436847900839e-22
5.373023046170441908e-22
6.295697682310554788e-22
6.117101431159351252e-22
9.275069645830142641e-22
9.921867875213488801e-22
8.764049802644536688e-22
1.030792733274206786e-21
5.774745874206354871e-22
6.901215964440441835e-22
7.186932620709355816e-22
8.834889906591671414e-22
9.077983034113078940e-22
5.035954041936507467e-22
8.057323404470273150e-22
8.568358510467827531e-22
8.056760440864522904e-22
8.887987400120009217e-22
4.867705282852302068e-22
4.805723359176430417e-22
5.718748760188430522e-22
5.272580828620731740e-22
6.783815569334892755e-22
5.450502666407590364e-22
3.777381964991727539e-22
5.628462223352411533e-22
5.282369122092221192e-22
6.561373158078754059e-22
4.124309769628108963e-22
8.584928952988605237e-22
7.811467562939087902e-22
9.400311022593726796e-23
6.707086342536160600e-22
5.226636287741120526e-22
4.704628235061431370e-22
7.355012096599115985e-22
4.637748369226361683e-22
4.907312924280981565e-22
8.630089766140795175e-22
4.850062213703695117e-22
6.219280650221511020e-22
6.077110611977374257e-22
3.002059282919607232e-22
4.344531868622612952e-22
4.033275048529271699e-22
3.384000165348684825e-22
5.595793567663883206e-22
5.623577826257178891e-22
7.217212869928177792e-22
3.722682418285454656e-22
5.972524527404689665e-22
4.026226879700185474e-22
5.585113068490053206e-22
5.249749082732360648e-22
4.403663365889073624e-22
4.178403471889572106e-22
5.006946972167396382e-22
5.836391372205147937e-22
5.998752939499426207e-22
3.511357454488490365e-22
7.453988668966244371e-22
6.100266725630577445e-22
3.576463118984966593e-22
3.278067132167265970e-22
1.115566092418597668e-22
5.633952985508667100e-22
5.261607227501056709e-22
5.209373996238489291e-22
1.212077119796907606e-22
2.143240249172516269e-22
3.334596680384271387e-22
5.255330452046524352e-22
2.331497411154453642e-22
6.079315468359129235e-22
4.548101333854260511e-22
3.506147643361364475e-22
3.105001312261704159e-22
3.987079067096863228e-22
2.829927878307909050e-22
3.608273698611995322e-22
6.625979426299893213e-22
3.555026886142096126e-22
3.572269512437952439e-22
4.225232780419628255e-22
4.561531712372411780e-22
2.857364405247065947e-22
5.785791073222581916e-22
2.531859867207223733e-22
1.837567237450967917e-22
1.859328590383941038e-22
3.093886480460373367e-22
1.768133776570238132e-22
3.621612594743515042e-22
4.821207278438684351e-22
2.444755543906616030e-22
3.729739494845447032e-22
5.408551410568929259e-22
1.559441990634525591e-22
3.644856607348770099e-22
4.123632450635825504e-22
3.002488783335321094e-22
2.086577367748844455e-22
1.995187998774932904e-22
3.179014348579717265e-22
4.086087330224840545e-22
3.603684963979636331e-22
3.511135110878035408e-22
1.453235725038586937e-22
2.428919325140941711e-22
2.992931070330236798e-22
5.018763578224644829e-22
2.227857409998940292e-22
1.912041570465799847e-22
4.413912212957241953e-22
3.473894391466891578e-22
3.293646703418967017e-22
2.556740293308240142e-22
2.001749310639931032e-22
3.279025505793812921e-22
3.595432877613991582e-22
4.547537890007956519e-22
2.422165362102478955e-22
4.110851129831648217e-22
4.724034944248862655e-22
2.282946348348927660e-22
4.696331950204022943e-22
3.150626543648006820e-22
2.440433584541953856e-22
1.701348703125087768e-22
3.190264053669836081e-22
1.257962668311811471e-22
2.969518258329886239e-22
2.506799790296284389e-22
2.178617294105059610e-22
2.647459682562457050e-22
2.574097796259933407e-22
2.623076150602963541e-22
3.557960179691247178e-22
2.946732093267787711e-22
1.983263569063096429e-22
9.500243068182023709e-23
1.719808627749192049e-22
2.029547383421070462e-22
1.918282737740537642e-22
1.569088882462142324e-22
2.013472640919833265e-22
1.397456755478755319e-22
1.924686886522213191e-22
2.304465808127925382e-22
2.450389005961724722e-22
8.489515028624548455e-23
2.179059944871460435e-22
3.014347938156332678e-22
2.319652068899560866e-22
2.631695353306491013e-22
1.784590179457548800e-22
7.185674092889730119e-23
2.522279486184315427e-22
2.728629120525064206e-22
2.438938371113068857e-22
1.874797583707503650e-22
2.021620767010605061e-22
1.961160410064286744e-22
2.595807095856202556e-22
3.298428576505633016e-22
1.056440782163824761e-22
1.347203528321768788e-22
1.557690027047166293e-22
2.090768631336161890e-22
3.552530185803041905e-23
1.374015296370695813e-22
2.546222833621434547e-22
2.009941266569208051e-22
2.058413343918401396e-22
1.410194166071801063e-22
1.933741271319148183e-22
2.013027229048509075e-22
1.746349169828260918e-22
1.170348547027157462e-22
1.137831041270066252e-22
1.901117086357385418e-22
2.338715493377659855e-22
1.043468589073556521e-22
1.949341922951029336e-22
2.299158670175195934e-22
3.155668891123732519e-22
1.894159215079314697e-22
1.279108109057777456e-22
1.032489618441204083e-22
4.707134766038237025e-23
1.509681771364391151e-22
1.257638209640179943e-22
2.055462457267306420e-22
2.024548474890429081e-22
2.131136386137299372e-23
6.919908081014274141e-23
1.322390869184238906e-22
8.020118289307739755e-23
1.090273997769672319e-22
1.336454694567422477e-22
7.342886208533126450e-23
1.809537604212269757e-23
8.058477697215360057e-23
1.259193987743760497e-22
1.189653350111292666e-22
-9.632062956732927914e-23
2.421340527172982791e-23
1.206312670345756862e-22
1.658963890325724677e-22
1.225976311467801360e-22
1.173332356163050256e-22
5.944827292977058609e-23
-8.185471037370866524e-24
4.458124757474090902e-23
1.979337180929731569e-22
1.397614987720860859e-22
1.614815544071330496e-22
7.980910279522112968e-23
6.489268940220007267e-24
7.063241428219472566e-23
6.647651815203681027e-23
-9.285215756421073751e-24
1.343583008608195961e-22
1.275641360431387401e-22
3.675332616276189368e-23
9.800544707827983704e-23
9.791488954078074112e-23
1.123437070414599593e-22
4.041770120048605269e-25
7.368670197561770187e-23
-4.001889101121682574e-24
1.393060708025654236e-22
7.260060886528629234e-23
2.108069154073309319e-23
1.997717276794285016e-22
4.106954702095880123e-23
3.750840642503342010e-23
1.275424697699489190e-23
7.909069774309898370e-23
3.063625175064338005e-23
2.797087080639768802e-23
7.617459576928564326e-23
2.320680630898442576e-23
1.589335100202080924e-23
1.228520850597716531e-22
-5.892761860656508267e-25
1.118056376838203359e-22
6.246162605517685296e-23
5.311062972333597289e-23
-1.197316440140499662e-22
3.980419231771517742e-23
-2.813082284933490567e-25
7.703764886382165929e-23
-7.211745951960194623e-23
3.604197860705737423e-23
6.664682596309784240e-23
-2.170433007127464728e-23
-4.742816281195142100e-23
-4.399608531476976033e-23
6.733699156611249862e-23
1.286046429108903450e-22
2.169504145821754941e-23
4.089694097827701132e-23
2.910493471360460138e-24
1.145721998512300409e-22
6.571863897425828291e-23
5.329734482122978172e-23
4.763082512894498651e-23
2.423697987870810206e-23
5.357421559096027977e-23
1.822291116339814151e-23
1.632301422176934189e-23
6.472949073423371654e-23
7.361319724409636684e-23
4.781729904264008818e-23
-5.118351968071415734e-25
-3.202389662507253711e-23
1.875817701678346236e-23
1.081286315998773564e-22
4.540930741302806212e-23
5.951293858411189543e-23
4.768743251745161890e-23
5.733450258824589013e-23
3.908772161220294830e-23
-1.180519710842118517e-23
-5.188128797320444860e-23
2.368723189345018559e-23
8.705243803488978173e-23
-7.410119364800731573e-24
2.656129669487406889e-23
2.500159785975536235e-23
-1.013619588827955232e-22
-4.066416001914741875e-23
2.310635569483990625e-23
4.442921134003440653e-23
1.137417747136667810e-22
3.806738511869664395e-23
-2.612964684268471081e-23
8.762640717866755168e-23
-1.881420238312166716e-23
1.990173590386141231e-23
-1.824818656396175141e-23
-7.720057332631163327e-24
3.925645282659035189e-23
6.795331325834796888e-23
-4.309654426742388038e-23
-1.270803450886482970e-23
2.217199796678864123e-23
-1.263588554900729995e-23
4.272015231796108578e-23
3.524219085101724874e-23
3.867107506732256454e-23
-3.536440328213102521e-24
8.635395176661796029e-24
-3.996101348238194525e-23
3.321955425028529028e-25
-4.635430225023612335e-23
1.096148081155578513e-23
2.815685340551807110e-23
-8.574040762214607603e-23
6.764854003892003467e-23
-5.788480431633617111e-24
-2.821815709197229387e-23
-4.843182767367311370e-23
6.893615496450460607e-24
6.382518530527741750e-23
4.183341488551690972e-23
-2.815051506403978016e-24
5.426357213849790045e-23
-3.462970057578708255e-23
-3.048122183741551978e-24
-9.076768813594188644e-24
1.920261107683322873e-23
7.682918394602309009e-23
9.947088426131237341e-24
-2.620234717835456878e-23
-8.349089614620591415e-23
-2.028857214169273628e-23
-3.391457066892454662e-23
3.806484017785732857e-23
-5.966413937715460447e-23
3.878185891564220063e-23
-2.405072656968603782e-23
-5.263190484869249563e-24
6.195166805217558060e-23
-3.669617669570949033e-23
-4.370103585254319405e-23
4.285476955574437370e-23
-2.493122861561225487e-23
7.503200534331599860e-24
-8.653214084443327625e-24
4.207529719707010750e-23
-6.951186407468868577e-23
2.402654811902610814e-23
-3.156778504172336262e-23
1.314734609091859698e-23
1.900449126792675179e-23
-1.489795698004543200e-23
6.109557029105858624e-24
-2.910899698511342502e-23
4.620180939706859992e-24
2.177796982391766058e-23
-7.939062631107970664e-23
-3.023343443383401580e-23
-7.710458139792088222e-23
-4.010779515991202069e-23
5.149235948413396649e-24
7.930183042114361619e-23
-4.962985956205778055e-23
-4.078147244258139263e-23
-1.616369718518419068e-23
3.749863214344718448e-23
-5.541353244978055246e-23
-5.108030432484773255e-23
7.189150601304417554e-23
-5.625480839947286363e-23
-6.307265488900873024e-23
-6.781703571862848552e-23
-6.317287482741692740e-23
-7.370427904118100116e-23
-4.510754689444791586e-23
-3.577225903128861145e-23
-5.787094757939389212e-23
-6.067120283136030531e-23
-4.291059807591831468e-23
2.187243077764534883e-23
-2.094989730988414710e-23
-3.953041649574217717e-23
-5.169637773600555993e-23
-2.535286740332848529e-23
2.661198322598708232e-23
1.337360693173087018e-23
-3.278341088703171281e-23
5.645501065836017265e-23
-5.916760111510631833e-23
-3.625551347385501348e-23
1.412426312209367565e-23
-1.101891838014930000e-23
3.781534062600455855e-23
-3.519153027337411361e-23
-6.523032196056809486e-24
2.675294575423484402e-23
-2.742755724383945766e-23
-4.493111249764299069e-23
-6.452632103208198880e-23
-6.436843588739455150e-23
-2.370651490260367648e-23
-3.098153107857768443e-24
-2.863050138618333824e-23
2.577647643520209448e-23
5.413637285835327700e-23
-2.797489093033706875e-23
-6.488987206738071442e-23
3.750200365110004666e-23
-2.185907683797660077e-23
-2.023215319439437812e-23
-6.121381459333258440e-23
2.064787453041111791e-23
-1.219115916686104918e-23
5.078659193473730596e-23
2.563463193690429202e-24
-3.429954207296148407e-23
1.625148355533375980e-23
-2.718668243385483705e-23
-3.337503762976026835e-23
-4.428884496445444126e-23
-2.136918531257117894e-23
2.654175134737655726e-24
-3.315971087831851038e-23
-6.214533724431510685e-23
-7.845458997570046123e-24
-2.829783750633028397e-23
-4.467303024628469924e-23
-9.824502199479999032e-23
-4.149974467493379573e-23
-8.767937093606324241e-23
-4.233150957425420810e-23
-6.143470432951739201e-23
-3.165865564556193992e-23
-5.288463547698416750e-23
-4.157798476324448325e-23
-2.592218383272568068e-23
2.178366375900544952e-23
3.059739854415206105e-23
-2.650231336702443244e-23
-1.408798793174996333e-23
-6.308855422719776143e-23
-4.062704295623982315e-23
-4.233996453411524745e-23
-2.847492026620063140e-23
-1.652979900458948350e-23
-2.458620021822090113e-23
-2.006203032443877394e-23
-8.994482068993727121e-23
-7.726663944654629500e-23
-7.991210293901568413e-23
-3.614730998248374083e-23
-8.685030617619367463e-23
-4.455493169029551084e-23
-8.486358639024195320e-23
-3.479058181004598118e-23
-6.734167970620339746e-23
-3.446774097940703628e-23
-1.910608928611773991e-23
-3.270429100848211597e-23
-1.348205237634141582e-24
-5.137220262514871297e-24
-1.581193704243488185e-23
-4.224176565535474513e-23
-1.921897069737190159e-23
-8.615678279835372025e-23
-4.127018556316016305e-23
-2.920599717891714622e-23
-8.240554967877734722e-23
-7.878542458607727013e-23
-6.116850375090331934e-23
-5.096309943534212852e-23
-2.529186050501052661e-23
-5.687029419425354133e-23
-6.899762526803888804e-23
-6.698156629118085790e-23
-3.635361285792020041e-23
-5.624147699873369456e-23
-7.235771607382035230e-23
-3.949367270745102830e-23
-3.481101437061037102e-23
-4.096351628354021218e-23
-5.688674245843061644e-23
-5.151558662836762692e-23
-4.128093372128416531e-23
-3.811520748925380218e-23
-6.308701479333825230e-23
-8.579155357986873310e-23
-7.895731085293823149e-23
-1.037807951190953633e-22
-5.428155047266318912e-23
-8.809958680492885105e-23
-3.771640703079307395e-23
-1.156563617556614259e-22
-7.955312002705969159e-23
-8.691787726609821346e-23
-5.868647995454458350e-23
-1.134385725839933982e-22
-5.605293850183940752e-23
-3.400136915629691882e-23
-6.125537811119582436e-23
-7.078831334219995249e-23
-5.228731710897100828e-23
-5.990610075251593737e-23
-5.161378483564771117e-23
-5.133650247891460907e-23
-6.476162284185327008e-23
-1.188715784605549357e-22
-7.636834885990163282e-23
-1.210468788886009549e-23
-1.090880658739108809e-22
-5.565819680464268829e-23
-3.890581796144582404e-23
-7.372480226031353587e-23
-9.676618365381085751e-23
-6.991651149121353922e-23
-4.578003135314375435e-23
-5.773962072041608648e-23
-6.458359170317853700e-23
-4.412204058855522280e-23
-5.737272163703791189e-23
-1.472378049145178983e-22
-4.708789024956727468e-23
-5.298972900078475531e-23
-6.050281023431107478e-23
-5.971163176121259717e-23
-5.061921098831854722e-23
-5.543480318472790780e-24
-9.488179267777496187e-23
-8.044579910580462280e-23
-5.300004818607382394e-23
-7.001778905011930279e-23
-5.121956834068553947e-23
-4.890903681859364638e-23
-8.003953308653988665e-23
-1.874443573160502287e-23
-5.368057873665162626e-23
-3.345176723390354258e-23
-3.176457473258626441e-23
-4.601074138119758615e-23
-5.790645907874449936e-23
-5.106127967609351098e-23
-1.035522945607360123e-22
-4.859080966884878896e-23
-6.103861015602063890e-23
-7.301274209366502842e-23
-6.524032622671174859e-23
-4.090992682773172221e-23
-3.943694950079130554e-23
-3.417558334964497920e-23
-6.720221930356421529e-23
-7.782041428145471178e-23
-8.444899092527363012e-23
-5.347995541194490236e-23
-7.625027544185023239e-23
-1.248660274386338331e-22
-5.309458426345273252e-23
-1.072672090076784918e-22
-7.354640799770281374e-23
-2.140131856277378936e-23
-9.875012164655163678e-23
-9.657784720278441285e-23
-8.397617047119412176e-23
-8.064593018596511395e-23
-7.254965397173892092e-23
-8.697281099088768262e-23
-8.271864068404995794e-23
-6.823559228089423385e-23
-5.387861691799402065e-23
-9.521361466831166916e-23
-7.605879701610754741e-23
-7.096716536366460957e-23
-1.237760265333816808e-22
-8.292826390790589501e-23
-9.104641031457692045e-23
-6.968293246522720853e-23
-9.201919521109651551e-23
-1.017749415473447182e-22
-7.713377697134162384e-23
-9.066376162539377276e-23
-9.457242732510359380e-23
-7.850366799946381182e-23
-7.031093015340376474e-23
-5.609062997968540460e-23
-1.060280427525070436e-22
-1.158565630142228025e-22
-7.013086791103003635e-23
-5.946600178109009531e-23
-6.724104863538731827e-23
-6.630485194350369461e-23
-1.062051515338126658e-22
-7.760331497930528185e-23
-1.082262821926147239e-22
-1.223772075591981822e-22
-9.011425341558703610e-23
-7.861313000256239210e-23
-1.069592698243957502e-22
-7.910050520367534496e-23
-7.400790512729341246e-23
-7.059214622071626635e-23
-9.254803589064374270e-23
-7.929906034879230036e-23
-5.275316255916161559e-23
-8.688557403509021373e-23
-9.338562630666456809e-23
-7.705300012163004786e-23
-1.403523628787272467e-22
-9.602372055597914332e-23
-8.721634825290360844e-23
-1.143651093962671809e-22
-6.284608639621535299e-23
-9.315368896723116359e-23
-7.155325846243661094e-23
-8.727510255181395194e-23
-1.037072392058855218e-22
-8.664088959324056265e-23
-7.389751617060274879e-23
-1.031982775103802143e-22
-9.770779435555804851e-23
-1.113881761659517090e-22
-1.029323185747181407e-22
-1.150733612257604072e-22
-9.508437898020967129e-23
-7.686606031535413892e-23
-8.413964056070641258e-23
-9.585608664274361738e-23
-5.491611791286232784e-23
-1.031142043807942815e-22
-9.605762783329852543e-23
-1.063631616556246742e-22
-4.187646789123268881e-23
-8.503698977962691518e-23
-1.107770859871956828e-22
-9.624943534269063154e-23
-8.560913653435129031e-23
-1.124911155351634910e-22
-1.195892369704864455e-22
-6.416570024590615021e-23
-1.194911295382136809e-22
-1.186654612367235170e-22
-9.735349680792574552e-23
-9.723877894394240908e-23
-1.056188379962816810e-22
-7.227502304542989844e-23
-8.540238970368866675e-23
-1.109744407031630463e-22
-1.203884666044938883e-22
-9.738807045579069482e-23
-1.074144572594900048e-22
-9.530872981303648515e-23
-9.318470256869621977e-23
-9.530522898856990096e-23
-7.908706108953501129e-23
-8.993289644654737275e-23
-1.147423918726271873e-22
-1.299894558619710968e-22
-1.424077538443002068e-22
-8.537221857142048967e-23
-8.597626327074836493e-23
-7.838770803332940447e-23
-1.030104978432533010e-22
-1.058471963545754752e-22
-1.095081350615213789e-22
-1.125838507668819532e-22
-1.054989541448975210e-22
-1.057833236356851371e-22
-1.109449029977893227e-22
-9.077960299369231465e-23
-7.980403572505112405e-23
-1.071007696319177873e-22
-1.112029624089798490e-22
-9.696129140734264577e-23
-9.959442606190155118e-23
-1.232504826537117997e-22
-9.611972355436275967e-23
-1.071570212501630058e-22
-1.014804039020402037e-22
-8.714722258106949551e-23
-1.102803002461619352e-22
-1.339511950019077518e-22
-1.123134907149102708e-22
-9.508082679846669887e-23
-7.458635423232897569e-23
-8.678711168488593005e-23
-8.163300995505083929e-23
-8.886693184304001323e-23
-8.499747757092843773e-23
-1.154946467334568653e-22
-8.690959280924562849e-23
-1.021500843868464293e-22
-9.669190240479048500e-23
-6.943074873055879994e-23
-1.041982616066592209e-22
-1.002325700858521799e-22
-9.003537256908108582e-23
-1.042301108916512407e-22
-8.832660283881920022e-23
-1.144511758162845441e-22
-9.248232638280361682e-23
-1.157004313531049285e-22
-9.185594069148267036e-23
-1.202999657542449037e-22
-8.743772843025583268e-23
-8.923464449492554548e-23
-9.283333989419608831e-23
-9.551506813382820994e-23
-8.691724007008918729e-23
-1.054469625531595261e-22
-7.186945897083554099e-23
-1.130335607868174697e-22
-8.594178614045033272e-23
-9.406569002283838583e-23
-9.268196304336321490e-23
-9.340489968965171472e-23
-8.034560147226841967e-23
-8.783993171619497983e-23
-7.973036173953114916e-23
-7.784615501225558546e-23
-9.160806067906408455e-23
-6.727556150495443469e-23
-5.072599568162796740e-23
-1.072354371403487693e-22
-9.615423329720692060e-23
-8.203388979641148839e-23
-7.544766207242482268e-23
-8.795978173720899120e-23
-1.086363284395504956e-22
-1.108452372972532508e-22
-8.468766471756363708e-23
-8.360888461395920314e-23
-8.564789585023833529e-23
-7.517258691856475839e-23
-7.156352198385335085e-23
-7.279444006456311115e-23
-8.548459417412280833e-23
-7.860044404726736804e-23
-9.571315462456748772e-23
-7.439129617015128551e-23
-9.323142119034499197e-23
-9.422273709071916257e-23
-1.072131742200682831e-22
-8.006306151162916021e-23
-8.821907191218057848e-23
-9.304502697865903466e-23
-1.063855113633598593e-22
-8.457990889404339178e-23
-8.663158196639446199e-23
-7.971411062019404629e-23
-9.370534330057224629e-23
-7.129078354351469198e-23
-9.217629948070278901e-23
-8.690572025226543630e-23
-1.117689104363473932e-22
-1.072366433227020247e-22
-6.199633033649269618e-23
-9.265675902153815022e-23
-8.758891294698878723e-23
-1.137176342266324099e-22
-1.102160901398194795e-22
-7.623488402831189625e-23
-1.034578753934300527e-22
-9.485144103037486121e-23
-7.673099040498395852e-23
-1.206731193477264669e-22
-9.095888546284774505e-23
-1.208329211552427353e-22
-8.214782255270724937e-23
-1.030828917274729190e-22
-8.603950210197739467e-23
-1.049478184321424442e-22
-9.013046314684645680e-23
-6.634791678225449821e-23
-7.345616206450494404e-23
-1.217095538846667313e-22
-9.771537321962016195e-23
-1.119799340828435746e-22
-8.709919275788540642e-23
-9.128742161421527851e-23
-7.963813369468048051e-23
-9.166961352116922502e-23
-9.464013374647001439e-23
-8.959471290413822609e-23
-9.300438387598758385e-23
-8.071156177405616815e-23
-7.299439658863479445e-23
-8.123979123319553823e-23
-1.048180305397407752e-22
-8.816714096839613684e-23
-7.517078546144848523e-23
-9.323464857583879030e-23
-9.151515587741125840e-23
-9.596495586679119598e-23
-9.132051582449160611e-23
-9.400891775605502793e-23
-9.603939534567893189e-23
-1.012043020938312317e-22
-7.760275612052557851e-23
-8.640038348951938223e-23
-1.009185868619649708e-22
-1.178772955120435262e-22
-9.209871330250211227e-23
-6.729063363458658700e-23
-1.038868082482525070e-22
-9.888051431549633424e-23
-1.006906747414921781e-22
-9.328939580999232609e-23
-9.996129360542779305e-23
-7.275755179193117532e-23
-9.749025210620665845e-23
-8.130869118453855724e-23
-9.640430951874307622e-23
-1.129721828671487123e-22
-9.386349120603319372e-23
-1.008761463014619360e-22
-7.023419315914157617e-23
-9.946663360684490856e-23
-9.150340124651576642e-23
-9.463155575163089248e-23
-9.306507616556763848e-23
-9.125851404781382146e-23
-1.013425485777748384e-22
-9.693302375738478920e-23
-9.090249317276147543e-23
-8.761941602537890440e-23
-7.643908824446860559e-23
-8.803309330313541525e-23
-9.579987860621944481e-23
-8.525921823838623057e-23
-1.118007024479235485e-22
-9.928036467317492881e-23
-9.483601105584165856e-23
-9.459369517609851023e-23
-1.046783849149866703e-22
-1.031146961263004683e-22
-9.730995338618321776e-23
-9.897762431940238344e-23
-8.485332165738705465e-23
-1.128524436477859095e-22
-8.781596880380675566e-23
-9.029130108662058590e-23
-9.886773552329033577e-23
-8.428957334213107546e-23
-1.096720098639432046e-22
-1.036947408133180687e-22
-1.090724759313502411e-22
-8.326296859614025852e-23
-9.401624607808358426e-23
-8.651063739344554377e-23
-9.379779001613899495e-23
-1.001855912403635854e-22
-1.042639878229313924e-22
-9.983544927764476265e-23
-1.188148206980641882e-22
-8.201871849983031859e-23
-1.181879375456065754e-22
-1.114060342660504776e-22
-1.109861773071982472e-22
-1.242933871635865815e-22
-1.075501603545591210e-22
-1.163777931986945628e-22
-9.662948819542004600e-23
-1.103153038977585854e-22
-1.039652772738837289e-22
-9.832412273476886983e-23
-1.149139294638693043e-22
-1.179382365700268513e-22
-1.021487630181958919e-22
-9.607671568758682335e-23
-1.023580064347466622e-22
-1.011547519173361990e-22
-1.077553483777955718e-22
-9.479261169570414306e-23
-8.502122456216623370e-23
-8.755190531030743700e-23
-9.022756692195219765e-23
-1.167567369898661103e-22
-1.094439119611759720e-22
-8.188762935595649539e-23
-1.167977504444313731e-22
-1.134083883885363047e-22
-1.256309171611829929e-22
-1.004755652044989818e-22
-1.036394144230598330e-22
-1.074908410022611576e-22
-1.173338605169894898e-22
-1.007563058604878235e-22
-9.431686865109996298e-23
-1.061170714345150265e-22
-1.158930959586304225e-22
-1.046512097656411725e-22
-1.184766131496853937e-22
-1.125734539863393105e-22
-1.047663116654883901e-22
-9.999702143396134941e-23
-1.115060606056111056e-22
-1.115907181291083168e-22
-9.972010727599952573e-23
-1.186479917637414710e-22
-1.032484526778784671e-22
-9.201914345640188542e-23
-9.416232836522733593e-23
-1.102389536860097516e-22
-9.296126123555112144e-23
-9.913389659745064071e-23
-1.085475433013146037e-22
-9.353055818931378729e-23
-1.099427073705115710e-22
-1.164527835324042165e-22
-1.147715217050776565e-22
-9.018914429948553969e-23
-1.023830684452191633e-22
-9.173775141469779298e-23
-1.017208411709218362e-22
-1.229326712081078179e-22
-1.074870088257994281e-22
-1.133509538878242157e-22
-1.072936130466424959e-22
-1.114142869782496391e-22
-1.017446066864425830e-22
-1.019410644588711504e-22
-1.084795321976545629e-22
-1.130063722206220619e-22
-1.066563718893811287e-22
-1.178405900214961950e-22
-8.850288127364779316e-23
-1.048699841616761003e-22
-1.105330235110719524e-22
-1.200080013791203262e-22
-1.075692623279852734e-22
-1.127040540753124234e-22
-9.519764576601984242e-23
-1.132512783162951376e-22
-1.150874370566912320e-22
-1.155523502419470426e-22
-1.077020948295301270e-22
-9.369801395007323713e-23
-1.095980516247293365e-22
-1.121320986716688732e-22
-1.020597811189457228e-22
-1.188951020231114751e-22
-1.198844679376526914e-22
-1.004172133775827038e-22
-1.164429542370636410e-22
-1.046169474363549629e-22
-1.055547732318026181e-22
-9.718770339291064460e-23
-1.000111440204890626e-22
-1.020538984944608606e-22
-1.053837196848993319e-22
-1.052406841829492922e-22
-1.001626449245552844e-22
-9.554386693354074655e-23
-9.897859537238991827e-23
-1.188365399259021125e-22
-9.655612427506935600e-23
-1.067494993422037747e-22
-1.100490353635763143e-22
-1.133346244979999024e-22
-1.029170263807682349e-22
-1.115126417148380562e-22
-9.457045892748605982e-23
-1.028883559100314578e-22
-1.095772424603167556e-22
-9.849450047441290588e-23
-1.070185453194143164e-22
-1.185895199493597200e-22
-9.731892785852617503e-23
-1.067664888173153993e-22
-1.115893545161209303e-22
-1.040232404453214974e-22
-1.066811538760920161e-22
-9.299459550532309425e-23
-1.157140568892271610e-22
-1.078825929569977735e-22
-1.045173954715199036e-22
-9.585160555469441417e-23
-1.038593109665132919e-22
-1.058567745782217956e-22
-1.191465441014081251e-22
-1.051253983242837485e-22
-8.816089210781641116e-23
-1.029999618454348745e-22
-1.212865464882185821e-22
-1.141454935131640192e-22
-1.147766063063411536e-22
-1.034736712781128252e-22
-1.057125932527497085e-22
-1.070016514978753365e-22
-1.015505151955236392e-22
-1.235118767734270015e-22
-1.237503799048743045e-22
-9.607875420261789215e-23
-1.159909883160076695e-22
-1.078858439461537088e-22
-1.033471227821454008e-22
-1.020361288228963951e-22
-1.043440947998615646e-22
-1.076098424664286160e-22
-9.622198217541336710e-23
-9.990700749900420648e-23
-1.019674951895215506e-22
-9.141182709538668369e-23
-1.111877549286991845e-22
-9.681934711091960386e-23
-9.673692031504463339e-23
-9.980799931157966168e-23
-1.026108000191367997e-22
-1.067334988919978520e-22
-1.081335775202310109e-22
-9.781591801105885917e-23
-1.014858843173484859e-22
-9.152892051125261243e-23
-1.089989616501390370e-22
-1.055372754600331529e-22
-1.032488054178612117e-22
-1.095910333089179772e-22
-1.038886896207319242e-22
-1.091744425906309368e-22
-1.026824165227457161e-22
-9.036395320736373327e-23
-9.026733965030346275e-23
-1.030182488572943453e-22
-1.058666684551651584e-22
-1.120652849252289279e-22
-1.030210733802325301e-22
-1.180404631566700616e-22
-9.800023912085821798e-23
-1.076454338106040664e-22
-1.014295021554790827e-22
-1.001974114948989094e-22
-9.713782500789782534e-23
-9.967199604610939231e-23
-1.048848290859696170e-22
-9.349756001916793049e-23
-9.669599672548142960e-23
-9.875495108430891505e-23
-9.565311520634509476e-23
-1.006291635653390653e-22
-9.669070282961123147e-23
-9.268342449351837838e-23
-9.278530317876218557e-23
-9.824222098142177594e-23
-1.010888084811597908e-22
-1.081421105141242932e-22
-9.988532143846040365e-23
-1.015108454468296778e-22
-1.049695787740478841e-22
-1.007491935429474136e-22
-8.560181631793945740e-23
-9.697782790984898752e-23
-9.047017662269128149e-23
-1.025549370766525992e-22
-8.683275476851176075e-23
-9.302120242326041888e-23
-1.009620356644589982e-22
-9.701554107509430174e-23
-9.702000006241771052e-23
-9.777246805745598201e-23
-8.994910929547771363e-23
-9.537725513886679982e-23
-9.373435169048809946e-23
-9.030661775886309137e-23
-9.166711440207247328e-23
-8.813435499104251125e-23
-9.758585847446922195e-23
-9.207818873796240839e-23
-9.013398377475503822e-23
-9.973370171036011308e-23
-1.017945336789627076e-22
-8.775019422943307899e-23
-9.547097403620055900e-23
-1.012415748599939134e-22
-8.718740062620908553e-23
-9.546979107358836603e-23
-9.507092762984604964e-23
-8.754366927337559341e-23
-9.485809141952301766e-23
-9.283688215363070679e-23
-9.821632466107893725e-23
-9.277516326285220345e-23
-8.727698012734660492e-23
-8.774110717100267129e-23
-9.695646821169444655e-23
-9.209454161478035083e-23
-8.410835793688805513e-23
-9.726208568017611662e-23
-8.922303598211075780e-23
-8.946411694224831388e-23
-9.456386476655613616e-23
-9.318155587662017463e-23
-9.173681714274641131e-23
-9.380054806349943915e-23
-9.396449246519842491e-23
-9.416882275842561017e-23
-8.603044678380216895e-23
-8.859799519696639948e-23
-8.647408184704700194e-23
-1.030572525345813782e-22
-8.670936941600195222e-23
-9.266156166604068980e-23
-9.943321632813548304e-23
-1.037520601386009910e-22
-9.607329264718721713e-23
-9.955738371082450984e-23
-1.006360410077445595e-22
-9.385960664007356197e-23
-1.019076347439386367e-22
-8.665797772941297564e-23
-9.388631251488650932e-23
-8.726505584428517097e-23
-9.456882533637774019e-23
-8.636832343768424639e-23
-8.515186709974119068e-23
-8.283644091725232504e-23
-8.936769923520992676e-23
-9.324153894863443024e-23
-9.041427632915857674e-23
-9.427624566823626462e-23
-9.400264483780972859e-23
-7.801075575996748082e-23
-8.715282266072931153e-23
-8.263444584751184083e-23
-8.319333190122874821e-23
-9.859763293368383193e-23
-9.351583553071824508e-23
-9.740230047998856061e-23
-8.172082563837733632e-23
-9.685165983572105881e-23
-8.647305160878066988e-23
-8.690519091695004557e-23
-9.795330096907664476e-23
-9.085088150089787722e-23
-9.288803237365779393e-23
-9.309774715217073513e-23
-8.632389544871660016e-23
-8.775294198707735693e-23
-9.030489398176406735e-23
-9.388152703153843343e-23
-8.732515547808270938e-23
-9.495322298872131599e-23
-8.938322820614845248e-23
-8.859265066190227567e-23
-9.647384424501138598e-23
-8.351048209314917288e-23
-9.672174943816191959e-23
-9.382920375919708182e-23
-9.117848650734782047e-23
-1.078244032695467967e-22
-9.257071596241240159e-23
-9.124476061088842424e-23
-9.746890261709477648e-23
-9.011729558827175978e-23
-9.403795748912011480e-23
-8.805434772889457428e-23
-9.334968076676893809e-23
-1.003459087629688486e-22
-9.618921837701138185e-23
-1.018823830392608317e-22
-9.662457701646892425e-23
-9.381053483230874854e-23
-9.880484252708775435e-23
-9.984291198744137698e-23
-9.123593203325123507e-23
-9.015521888912475483e-23
-1.036931804428856761e-22
-9.194364958075803619e-23
-9.712870526499649240e-23
-9.252776618654618494e-23
-8.009756312555494953e-23
-9.055585722118916968e-23
-8.995368858672613159e-23
-8.985195643095846261e-23
-1.006072240369518816e-22
-8.205150837082491062e-23
-9.466386317651156599e-23
-8.806262380792861462e-23
-9.273788040852876552e-23
-8.982047685045731715e-23
-8.579938019096662400e-23
-8.514437783098154286e-23
-9.230472101571294487e-23
-9.293669691483868766e-23
-8.928627747276807408e-23
-8.971096681839891775e-23
-9.168134460798974040e-23
-9.413106323773453267e-23
-9.047315214856571873e-23
-9.136691923172323832e-23
-8.918234925387957456e-23
-9.837127832592588148e-23
-9.021247334274350089e-23
-8.997942217835305987e-23
-8.930104021011184941e-23
-9.400408788862194446e-23
-9.532851978261335901e-23
-9.599343130375327434e-23
-9.634875052312589638e-23
-9.172112512410098842e-23
-9.363096382634237368e-23
-8.994147682946525218e-23
-9.354022160063860625e-23
-8.308676919538119834e-23
-9.173952605291087531e-23
-9.247078781137277845e-23
-9.097053089425207258e-23
-8.346653523418057253e-23
-9.179023152490264870e-23
-8.421112652258893290e-23
-9.878642429677594929e-23
-8.379791746953080326e-23
-8.853257647783896346e-23
-9.171922511519791699e-23
-8.764962057922652713e-23
-9.726254820325991946e-23
-8.739131979809773694e-23
-9.504120751338259000e-23
-9.082354518179845927e-23
-9.614052021684905363e-23
-9.132683487288883203e-23
-8.907809542097657707e-23
-9.170238053267160655e-23
-9.286354325084296365e-23
-9.821428346009813715e-23
-8.481478400658469366e-23
-8.293637494478009564e-23
-9.235955385190036674e-23
-8.851021322030572761e-23
-9.244551119038664781e-23
-9.253642531018966366e-23
-8.224511502722798789e-23
-9.032012784397210946e-23
-9.237285881219006612e-23
-8.874408010019472837e-23
-9.346867837618336930e-23
-8.876926380230938735e-23
-9.008332040284509284e-23
-8.645086990054665574e-23
-8.825302512205019360e-23
-9.371283565846882915e-23
-9.887720036853091300e-23
-8.411103521358854214e-23
-8.967271211774998146e-23
-8.918546513558889142e-23
-8.947512726226155892e-23
-8.753429309925534787e-23
-9.396333316257149903e-23
-8.953247276128175888e-23
-9.620064874783506812e-23
-9.296266360963562660e-23
-9.450017972237298271e-23
-8.274008673033167890e-23
-8.609664288928515910e-23
-8.974552020312311606e-23
-8.809744976658078714e-23
-8.457808842647515035e-23
-9.208785844705013347e-23
-9.005813480771657650e-23
-9.084118924609780913e-23
-9.018831862876295041e-23
-9.449107562201360151e-23
-8.586311101525508516e-23
-8.719239718351371670e-23
-8.710580180765895087e-23
-8.755341716950383060e-23
-8.766117527573164910e-23
-8.868499323359360502e-23
-8.723426541823719906e-23
-8.128197711167361782e-23
-8.378492659631078984e-23
-9.088756049646983379e-23
-9.325032459545131219e-23
-8.544825993909217966e-23
-9.173968579984466994e-23
-8.917468218940087305e-23
-8.956326337585282290e-23
-8.313688352838004608e-23
-9.118337796763051777e-23
-8.874113294940675643e-23
-8.516891272019000945e-23
-8.712311708265396986e-23
-8.507971980271932626e-23
-8.291720134500584729e-23
-8.993970022318932234e-23
-8.492121172362365013e-23
-8.615333360621375639e-23
-9.020357815320292952e-23
-8.587256884010684350e-23
-8.224813106398108374e-23
-7.899746972983810630e-23
-8.865812784581796392e-23
-8.629202189512029532e-23
-8.130193974554888493e-23
-8.764673541567224838e-23
-8.039192477444000235e-23
-7.952361064801998056e-23
-8.136455217411863870e-23
-8.412628842942245558e-23
-7.852483938244610382e-23
-8.544207150357521011e-23
-8.498968079267787259e-23
-8.743615826131498909e-23
-8.653038264179891816e-23
-8.799397536489538671e-23
-8.800422023290329608e-23
-8.957297347540582059e-23
-9.089101266664856342e-23
-8.633207252341211764e-23
-8.866684959609343898e-23
-7.969717925426950333e-23
-8.275001739026016450e-23
-8.645478961926686171e-23
-8.614482320111881109e-23
-8.339819485424233407e-23
-8.357285096085883877e-23
-8.080046553751305297e-23
-7.824300647178116142e-23
-7.638984390453782883e-23
-7.598099729734095330e-23
-8.540433315643505503e-23
-7.928167334059922921e-23
-8.595187630246983503e-23
-8.456554698285796890e-23
-8.376812986454495028e-23
-8.130375419876520294e-23
-7.817631210184538112e-23
-8.042768423715827831e-23
-8.221226326395025886e-23
-8.229108232750273367e-23
-7.473315567787459912e-23
-8.287100601142654291e-23
-7.919653270857670848e-23
-7.802104223218581138e-23
-7.735061478917004964e-23
-7.992602185566655030e-23
-7.800245770350596556e-23
-7.326119202373978552e-23
-7.912008511367110450e-23
-8.093369664762030533e-23
-7.619010598489431234e-23
-8.352756289544593848e-23
-7.949644793739867021e-23
-8.392241239518840797e-23
-7.949772101800161739e-23
-7.567209518644959972e-23
-7.352682114154697724e-23
-7.894078701145434291e-23
-7.556761771539878812e-23
-8.270486510521962401e-23
-7.928401290268649120e-23
-6.600464553626032787e-23
-7.702831473443176361e-23
-7.468525311534297300e-23
-7.127803108081310207e-23
-7.403125568974568943e-23
-7.888792316785655961e-23
-7.487677530042776770e-23
-7.241143890365879470e-23
-7.770625697509494541e-23
-7.139843192768575556e-23
-7.338152820179574093e-23
-8.314501649617844806e-23
-7.798820376412283279e-23
-7.827069938882148942e-23
-7.669282250781255553e-23
-8.319531713691934441e-23
-7.568833666504762556e-23
-7.354025824985180562e-23
-7.415171083777808621e-23
-7.410701065426315825e-23
-7.456768081097400918e-23
-7.404911482356604389e-23
-7.934305276998396942e-23
-7.337820908306139165e-23
-7.194800296706812218e-23
-7.244507545878371941e-23
-7.594062945850530906e-23
-8.412715583136566757e-23
-7.161576309712051659e-23
-7.944492917757473508e-23
-7.268183287632686940e-23
-7.904418894734043928e-23
-7.678346145382862710e-23
-7.593209570114949905e-23
-6.824228021580422218e-23
-7.665561082430542273e-23
-6.853083250958862913e-23
-7.295602502591170538e-23
-7.638076879902845199e-23
-7.456446596834123130e-23
-6.844386551707623797e-23
-7.430246846721755443e-23
-7.488170701215695615e-23
-7.790704315614095437e-23
-7.073745149319508409e-23
-7.490534800746624614e-23
-6.902861660081093915e-23
-7.585088391281526330e-23
-6.849494677393197908e-23
-7.012759275055960580e-23
-7.024069672179688761e-23
-6.903841266451799128e-23
-7.220973642011199691e-23
-6.964756685955387060e-23
-7.095547643231789613e-23
-6.850469391130640149e-23
-7.166330150992680361e-23
-7.412020178241132618e-23
-7.178654816063195775e-23
-7.263486478006167159e-23
-6.365271748977749896e-23
-6.890897036365165838e-23
-7.162655126471934175e-23
-6.808031287839779880e-23
-7.341662402993862771e-23
-7.436404936592086185e-23
-7.075004437562942901e-23
-7.362029899172332358e-23
-7.334997796303113750e-23
-7.669598326052198374e-23
-6.866723638916127916e-23
-7.170531911365716081e-23
-7.083765376893441485e-23
-7.843314421254831843e-23
-7.720025068025738295e-23
-7.105127270430680527e-23
-7.045438839237867474e-23
-7.402250832461949239e-23
-6.988753017547454500e-23
-6.732074761991056018e-23
-6.691633783965483139e-23
-6.615460446938096172e-23
-6.623998228855929752e-23
-7.402566116074484258e-23
-6.864352229022418416e-23
-6.645629155979575199e-23
-6.381158623423059137e-23
-6.683013994189600060e-23
-7.201055318004567948e-23
-6.783253286951495866e-23
-7.241785899608984207e-23
-6.740800156684170526e-23
-7.250073919804983560e-23
-7.239749220232958170e-23
-7.018536828129593638e-23
-7.047790788699718810e-23
-7.164337537420707826e-23
-7.381974258017354827e-23
-7.289290249729480950e-23
-7.323358293125323062e-23
-7.088047587761515522e-23
-6.787924776701823526e-23
-6.828823786288297746e-23
-6.603388939831020030e-23
-6.930934088293167123e-23
-7.299629733044670936e-23
-6.878789282141551725e-23
-7.061285780655679122e-23
-6.935002280580360299e-23
-6.969266758164878224e-23
-6.912775365949417656e-23
-6.396955592219894069e-23
-6.954265748199371540e-23
-6.818405852066498772e-23
-6.817878600862112723e-23
-7.197381976392896309e-23
-7.152781890607860756e-23
-7.091690042836772413e-23
-7.203502449701627860e-23
-7.392835337153624893e-23
-6.724137379037985336e-23
-7.191208590171133965e-23
-7.087950684962948644e-23
-7.017697552936720790e-23
-7.114072019870620757e-23
-6.416498099245305294e-23
-7.280818865957608455e-23
-6.811359388475697711e-23
-7.092228034164633767e-23
-6.808810494055616522e-23
-7.017140526057890952e-23
-7.168515815478511336e-23
-6.730263204805179195e-23
-6.832162778688452250e-23
-7.450075510047476592e-23
-6.601973840812181126e-23
-7.405720441675520722e-23
-6.671400933592224626e-23
-6.541091116082453706e-23
-6.692418009365698491e-23
-6.693911924698684614e-23
-7.068013606597805334e-23
-6.843155282939604013e-23
-7.068919693556291892e-23
-7.022026778808698679e-23
-7.047007703386382219e-23
-6.932371840738073770e-23
-6.816109696192234685e-23
-7.075550480115133009e-23
-7.675516758416091976e-23
-6.687664018715699698e-23
-6.903104522229122881e-23
-6.765610951944801764e-23
-7.109224840327516117e-23
-6.660728570815048537e-23
-6.415965781376469951e-23
-6.991383614522431987e-23
-7.132513281722817743e-23
-6.952091817395620330e-23
-6.894668595677051621e-23
-7.459687003445852710e-23
-7.041072109032583460e-23
-7.298752344101966868e-23
-6.235976824101691727e-23
-7.044728207701828513e-23
-6.212781344108693235e-23
-6.473665837833963251e-23
-6.817108051846848230e-23
-6.707920851432189930e-23
-6.875226351992067692e-23
-6.791126151467654709e-23
-6.606222755610958007e-23
-6.649283391243242885e-23
-6.671074966642561991e-23
-6.568012094209452611e-23
-6.663282433957424975e-23
-6.749170254635845326e-23
-6.942632884872024014e-23
-6.696798057132745713e-23
-6.566859808539114889e-23
-6.617498352137766773e-23
-7.019275507230321773e-23
-6.778834869327102984e-23
-6.883873118499675847e-23
-6.356369138721231215e-23
-6.680934408455292483e-23
-7.189809298401862153e-23
-6.307505755985900665e-23
-6.768719388255045714e-23
-6.895268954340313962e-23
-6.607511283350870763e-23
-6.221343936471756736e-23
-6.613615332615302368e-23
-6.215216659261366249e-23
-6.510872236984801400e-23
-6.738735789028473538e-23
-6.178280822127537319e-23
-6.655019701585315713e-23
-6.470136476548600391e-23
-6.773639286386744600e-23
-6.648842781619004450e-23
-6.313882844914038344e-23
-6.480306843214867540e-23
-6.455128985129140165e-23
-6.520634560565768568e-23
-6.487624278605823686e-23
-6.333025377805164725e-23
-6.530621902721670565e-23
-6.882528159666465620e-23
-6.332339821266989471e-23
-6.566373315295512693e-23
-6.100913047654206425e-23
-6.674724386635466086e-23
-6.435719999950506727e-23
-6.639611958552995264e-23
-6.102018540168856183e-23
-6.927800359830811161e-23
-6.542582600727774511e-23
-6.682910833427764416e-23
-6.532679473647775810e-23
-6.547432275099057531e-23
-6.577570769915387510e-23
-6.147958107680549356e-23
-6.561222099026421492e-23
-5.937239348587110497e-23
-6.692038776948171600e-23
-5.749195434330407796e-23
-6.073300822864721918e-23
-6.213414442348500805e-23
-6.388985342463128564e-23
-6.341366251555244882e-23
-6.346618664667222746e-23
-6.507956851037947166e-23
-6.622166083126055796e-23
-6.082196086091508139e-23
-6.207906608734781239e-23
-6.409138847121603469e-23
-6.146770892164970604e-23
-6.752036748252441773e-23
-6.054107478843346119e-23
-6.409565608293375088e-23
-6.289904047802490685e-23
-6.237669378959699447e-23
-6.344322472265749471e-23
-6.595097728975644983e-23
-6.308523286869236878e-23
-6.402639970060989243e-23
-6.534435756159210363e-23
-6.281560870414128318e-23
-6.448229508118025207e-23
-6.161162018257087462e-23
-6.082402684511695847e-23
-5.801614687758748815e-23
-5.374323524567232941e-23
-5.904994814217736893e-23
-6.026548777838777072e-23
-5.529318874530449138e-23
-6.079434356592538401e-23
-6.480493911556226498e-23
-6.142142155437398837e-23
-5.698895936074811274e-23
-5.831257806302597519e-23
-6.239706489817546093e-23
-5.987095082849662136e-23
-6.113684481479285375e-23
-6.266089987651288151e-23
-6.076655513716561522e-23
-5.724982766513018684e-23
-5.675912479343064996e-23
-6.089171516058771439e-23
-5.894046620628627466e-23
-6.331418204479718021e-23
-5.758567745300744350e-23
-5.838422326618899533e-23
-5.979090118911193691e-23
-5.844500096943323419e-23
-5.820798957578831316e-23
-6.119717929781028891e-23
-6.137143952049562506e-23
-5.544384548151140495e-23
-5.913207082545686059e-23
-5.775033804423308970e-23
-6.080687861972560352e-23
-5.718730913792030996e-23
-6.369344359754034954e-23
-5.740714036437998777e-23
-6.008599146731506899e-23
-5.889867744092981444e-23
-5.614115328686160762e-23
-5.809881900736302890e-23
-5.815013131875392983e-23
-5.548906272001425969e-23
-5.593602603511787658e-23
-5.740654508027280080e-23
-5.662564621378452618e-23
-5.920180336981811796e-23
-6.114130417835904337e-23
-5.865013163238412975e-23
-5.929432320323065197e-23
-5.577554299736895897e-23
-5.621865685375781283e-23
-5.371215259475090378e-23
-5.342319106049541372e-23
-5.609214542654634586e-23
-5.784601912484540568e-23
-5.696662269930673405e-23
-5.796186288947858982e-23
-5.434935552079518583e-23
-5.705693650480667154e-23
-5.498573473144805260e-23
-5.798949309871741437e-23
-5.815423905985601510e-23
-5.534005220043500391e-23
-5.581117357693178718e-23
-5.342873909915617287e-23
-5.517994229767269435e-23
-5.402371563281811181e-23
-5.746034559132096084e-23
-5.786425987741640840e-23
-5.512043256466469241e-23
-5.230040792087278096e-23
-5.952400500919539947e-23
-5.605149944680897812e-23
-5.082050495951996599e-23
-5.020316367800072714e-23
-5.147643520517205660e-23
-5.400664842982651701e-23
-5.306775324510172492e-23
-5.451069510707129680e-23
-5.278658357524517398e-23
-5.446787823665618896e-23
-5.511825153439880021e-23
-5.327429232708958854e-23
-5.521942642781023296e-23
-5.281568273616867438e-23
-5.677482808530897854e-23
-5.704720219932684158e-23
-4.959170135874480416e-23
-5.269237155756306309e-23
-5.649287967024149056e-23
-5.344652742317852920e-23
-5.368720325066289662e-23
-5.059647571874234410e-23
-5.512684104931125261e-23
-5.315333802395759336e-23
-5.242205590060859159e-23
-5.178372264268620971e-23
-5.087480393312603873e-23
-5.526796269353728238e-23
-5.257737982335351052e-23
-5.263477970361868489e-23
-5.384035800455442768e-23
-4.911164138555273959e-23
-5.208150364118909430e-23
-5.218986375371369396e-23
-5.115264885947118446e-23
-5.188321946616190974e-23
-5.301535257811929830e-23
-5.393950010405834446e-23
-4.931700318597690973e-23
-4.949011954311239670e-23
-5.102439551874456989e-23
-5.071032846099077031e-23
-5.298550200638684050e-23
-4.933389356576841206e-23
-4.823806891455444075e-23
-5.231398397099259027e-23
-5.302974563680053740e-23
-5.313406326324489416e-23
-4.765169225565924199e-23
-4.719546434160916698e-23
-5.190051252083083185e-23
-5.068593301788838134e-23
-5.015783408033625037e-23
-5.029725577008898708e-23
-5.098471122827264103e-23
-4.977858121112124249e-23
-4.937464770639847322e-23
-5.187900016575758528e-23
-5.202190499259497552e-23
-5.087186161932274189e-23
-5.027738536891261057e-23
-4.759773085093928401e-23
-4.884418665881021819e-23
-5.023987623404782479e-23
-4.843179994365746998e-23
-4.967308460755595483e-23
-4.855548333327574720e-23
-4.787442972160949490e-23
-5.043179356144383787e-23
-4.990880790768917815e-23
-5.195829797130734333e-23
-5.153921771229159736e-23
-5.229386806415639386e-23
-5.075009301486886135e-23
-4.921195128329705807e-23
-5.107452245461233736e-23
-5.064488627877033818e-23
-4.981040906157884307e-23
-4.783825906913064428e-23
-4.589081023993265561e-23
-4.854131955124015964e-23
-4.720167186603397144e-23
-5.019018251105201390e-23
-4.632319824769508327e-23
-5.055603910822456496e-23
-4.649606577181282039e-23
-4.760288680471322622e-23
-4.827205354328745082e-23
-4.668931926530194649e-23
-4.581509851229594299e-23
-4.539953425470415555e-23
-4.999234228059130491e-23
-4.867701313460899210e-23
-4.732324444713585885e-23
-5.046692132083934970e-23
-4.718188600806911751e-23
-4.909026954168332836e-23
-4.823249003651696349e-23
-4.952612032755843376e-23
-4.966911453380441695e-23
-4.479042425884151606e-23
-4.550920966745909594e-23
-4.655389385169429711e-23
-5.023676519636515825e-23
-4.685908644211838745e-23
-5.220931176279950589e-23
-4.884884587851573518e-23
-4.662940743593611655e-23
-4.154824515392076164e-23
-4.706186323254579694e-23
-4.681386850772903662e-23
-4.460845202477414517e-23
-4.546654311464066770e-23
-4.687377929502077025e-23
-4.686917856798128266e-23
-4.882897767268938741e-23
-4.993670840075224026e-23
-4.890523639193805518e-23
-4.701297590971310045e-23
-4.802307003256102808e-23
-4.843925732936640268e-23
-4.607395294728180116e-23
-4.587518371504504820e-23
-4.676620295410527065e-23
-4.497705886840863953e-23
-4.390024632367388854e-23
-4.268236174322399463e-23
-4.713077360309817458e-23
-4.674615851271676125e-23
-4.692917345927679691e-23
-4.699415167134657271e-23
-4.795200540593415829e-23
-4.630673235860670210e-23
-4.708098896242162712e-23
-4.432603125872367092e-23
-4.810788962503880688e-23
-4.615651070378884092e-23
-4.964867399829747997e-23
-4.432920590162667798e-23
-4.396088509331948171e-23
-4.473226549038931436e-23
-4.886566134924460623e-23
-4.820311077294276610e-23
-4.609723174366015848e-23
-4.675848655110069160e-23
-4.561322701343852417e-23
-4.849912597517423352e-23
-4.571388900124233092e-23
-4.682115558546728489e-23
-4.655826143613985055e-23
-4.639244563092216305e-23
-4.745616194439128573e-23
-4.302618243952807609e-23
-4.591892199454713012e-23
-4.754162745468225251e-23
-4.507066983185137656e-23
-4.585179872461374897e-23
-4.360244286417991247e-23
-4.734699889492648464e-23
-4.568476839948525451e-23
-4.613935467752590976e-23
-4.497240693638544484e-23
-4.373547206571913150e-23
-4.607675318754901839e-23
-4.305210374364025590e-23
-4.371751059697555695e-23
-4.557866378088753918e-23
-4.498981344012839131e-23
-4.378988716569539368e-23
-4.346743683900514406e-23
-4.587520012365522840e-23
-4.558944676777598562e-23
-4.414567035431388818e-23
-4.123878530348482539e-23
-4.326181566546156539e-23
-4.464402942829185023e-23
-4.154811153749280091e-23
-4.348836443355631446e-23
-4.386860705627742821e-23
-4.547716483629383749e-23
-4.271119889810531679e-23
-4.233206744729242552e-23
-4.287014543504953805e-23
-4.430094359539371216e-23
-4.289184263864858147e-23
-4.076391532522095622e-23
-4.387956765837195449e-23
-4.403249548873731312e-23
-4.412692812938210442e-23
-4.107849947337617787e-23
-4.300703605776667926e-23
-4.032543504621093945e-23
-4.116150219711311580e-23
-4.484254160465422013e-23
-4.167921583269324339e-23
-4.212728906642643109e-23
-4.366581394056288654e-23
-4.425376554077624216e-23
-4.273242108277741841e-23
-4.299885692614141155e-23
-4.296801899894490743e-23
-4.351423343884458214e-23
-4.134675408758848768e-23
-4.180137193441343581e-23
-4.307193813505112832e-23
-4.344759529940003516e-23
-4.266341055615443275e-23
-4.214397576705881289e-23
-4.169585186139027920e-23
-4.056024060343445579e-23
-4.006257688602478449e-23
-4.196522868479587560e-23
-3.859741257727978818e-23
-4.193878376765681980e-23
-4.132366659111140653e-23
-3.964802744819509843e-23
-4.046960115160612142e-23
-3.894152950214232863e-23
-4.198063748733937102e-23
-4.280393690108751072e-23
-4.192787041188915868e-23
-4.240142172292371398e-23
-4.026326670682803770e-23
-4.111300305601548608e-23
-3.879640115018485541e-23
-4.048538921911231762e-23
-3.748633235218640358e-23
-4.144599311381011376e-23
-3.965943905853588996e-23
-3.966585102271425992e-23
-4.000420432756402527e-23
-3.995882486463848446e-23
-3.776887621281654417e-23
-4.026077546013664226e-23
-3.818536421245539757e-23
-3.897228749221923372e-23
-4.156114435109783967e-23
-3.998372142458711195e-23
-3.942674874500235664e-23
-4.037872261881814127e-23
-3.639616620006687806e-23
-3.956507463693195597e-23
-3.901871785531317815e-23
-3.706920389008970370e-23
-3.809356755837102186e-23
-3.923220900344717164e-23
-3.804398262831147440e-23
-3.964267085791007934e-23
-3.853995256588403791e-23
-3.626843050847723133e-23
-3.918167638848451274e-23
-3.752543382377037614e-23
-3.943313123624502102e-23
-4.002613489125949252e-23
-3.674499190093427180e-23
-3.965264613897741910e-23
-3.730364981346424534e-23
-3.636945246223975747e-23
-4.005815840026981343e-23
-3.556036133431202683e-23
-3.707524028957058908e-23
-3.757339001845080603e-23
-3.754142838257833975e-23
-3.783026941348719144e-23
-3.699400257175672781e-23
-3.545118321721812584e-23
-3.909189113305766143e-23
-3.818167683108389815e-23
-3.596224114044760962e-23
-3.467806017842193604e-23
-3.673293975680765927e-23
-3.763985032684206761e-23
-3.553262509400831791e-23
-3.498163111361985297e-23
-3.666522838274521963e-23
-3.724329815361771119e-23
-3.741807866648755501e-23
-3.552488870658872632e-23
-3.657666475929777260e-23
-3.490248013932846455e-23
-3.589127301287433795e-23
-3.530773495214245932e-23
-3.603766871646054896e-23
-3.773970828304758831e-23
-3.691284407683461944e-23
-3.514696985606553466e-23
-3.362065435346557523e-23
-3.501500617645232317e-23
-3.440931885613543302e-23
-3.432529386670742911e-23
-3.622918279709333531e-23
-3.232669807907912672e-23
-3.427559249506804744e-23
-3.474425809724728531e-23
-3.396622390276079116e-23
-3.358287184674211300e-23
-3.445035719205299337e-23
-3.346075384642383957e-23
-3.448025585628554185e-23
-3.510006667944146281e-23
-3.452919392693691686e-23
-3.316305073921909021e-23
-3.406103145615265302e-23
-3.317626529106545950e-23
-3.311814257321411320e-23
-3.316692620394208715e-23
-3.444320019312182089e-23
-3.353174744472483782e-23
-3.304992341551306926e-23
-3.368106873913899584e-23
-3.424963404655490919e-23
-3.474616316091637816e-23
-3.357130811183548986e-23
-3.347795100313514701e-23
-3.399978917674868405e-23
-3.365672701743953883e-23
-3.346787080273221236e-23
-3.538966015823141641e-23
-3.391949646443639999e-23
-3.201656605680562022e-23
-3.067156957494587846e-23
-3.209770243655221099e-23
-3.187944350700299374e-23
-3.148340772465793560e-23
-3.155401638212131932e-23
-3.237387602700339269e-23
-3.207937240776197632e-23
-3.425183254220753234e-23
-3.180471575541736401e-23
-3.238371566295727665e-23
-3.193597651134125141e-23
-3.029775161643177590e-23
-3.082245518020271872e-23
-3.330288767471599688e-23
-3.046462714899766238e-23
-2.928623510456269028e-23
-3.004924005417097939e-23
-3.047433834256171145e-23
-3.149946641455562761e-23
-3.257888748165389629e-23
-3.151826225050485276e-23
-3.110508529948739259e-23
-3.016315954806596764e-23
-3.032190172066061872e-23
-3.010320745699853979e-23
-3.032849234336143314e-23
-3.045233254071498863e-23
-2.917033164937920877e-23
-3.215042017025820682e-23
-2.890430427764544940e-23
-3.008662185130051288e-23
-3.147733799807362545e-23
-2.969706258315233654e-23
-2.969600137077714490e-23
-2.935908099200016454e-23
-2.865113598998318604e-23
-2.972474499784345867e-23
-3.127245107807383988e-23
-3.001365870737174570e-23
-3.013101134012299278e-23
-2.869273454589425047e-23
-3.020694490871807495e-23
-2.916934641133946663e-23
-3.023549201730313125e-23
-2.629212203612390696e-23
-2.925824587386739283e-23
-2.655213320962190336e-23
-3.082186321758974912e-23
-2.882204337781762590e-23
-3.025063608875319058e-23
-2.871891737595027290e-23
-2.767806038015239850e-23
-2.927282079895270680e-23
-2.853920291628505462e-23
-2.903796852938913643e-23
-2.814740431565353204e-23
-2.788708429855656827e-23
-2.772893392216052771e-23
-2.727998266679648242e-23
-2.760314437494362735e-23
-2.782902278600135429e-23
-2.883704750557629477e-23
-2.761818529608014090e-23
-2.948634215817147386e-23
-2.698124129614887860e-23
-2.891205127861785209e-23
-2.785248429256070799e-23
-2.775681422052101331e-23
-2.763515086043248750e-23
-2.797352305028499380e-23
-2.830552223460910062e-23
-2.792528298519245865e-23
-2.762542616079385812e-23
-2.819337052644447837e-23
-2.733911249089252468e-23
-2.632026679510006681e-23
-2.743529892414343317e-23
-2.829750445633210898e-23
-2.766514314165104160e-23
-2.688507857355169280e-23
-2.676449838148113142e-23
-2.729443629267575323e-23
-2.749754337347357770e-23
-2.629933871904004397e-23
-2.644452331168469463e-23
-2.682478410669251236e-23
-2.619767617997252715e-23
-2.758469743113422790e-23
-2.646408317185527594e-23
-2.522868558595737536e-23
-2.570437303276640611e-23
-2.741774618656597373e-23
-2.511043677204458177e-23
-2.567947633587790006e-23
-2.660581633476222622e-23
-2.638959009092171544e-23
-2.743784666199087041e-23
-2.686649306323727383e-23
-2.414493739149464906e-23
-2.531152990541445377e-23
-2.417457649457431382e-23
-2.601733884588914296e-23
-2.413109462286987800e-23
-2.667665937084130392e-23
-2.620842358116637950e-23
-2.676718004881953341e-23
-2.547331299986604732e-23
-2.754767630853188351e-23
-2.421193867276863945e-23
-2.663812757227004153e-23
-2.636121634128845198e-23
-2.458268264200055556e-23
-2.548757802575225146e-23
-2.547480504413254311e-23
-2.404407266570714588e-23
-2.520569573997424038e-23
-2.502937556654448654e-23
-2.486209123352044902e-23
-2.538349911973318748e-23
-2.613893825908495465e-23
-2.535589519398737471e-23
-2.519486049372156972e-23
-2.418470259494601067e-23
-2.398533235330242143e-23
-2.585674025143625680e-23
-2.471219567718184516e-23
-2.542295040775931103e-23
-2.418575807030575344e-23
-2.419031067493116424e-23
-2.345421371581663582e-23
-2.417995231842057859e-23
-2.475845333796983187e-23
-2.443829697745768681e-23
-2.368423060286254463e-23
-2.479537344220751034e-23
-2.267646497078383484e-23
-2.377194848251646778e-23
-2.429917053969568385e-23
-2.378674832907528198e-23
-2.634399301743472522e-23
-2.295049781661705563e-23
-2.470458821578699288e-23
-2.471457554897990444e-23
-2.261097386352726392e-23
-2.393259489223789761e-23
-2.382715334741313632e-23
-2.437566765795466193e-23
-2.343836975414498491e-23
-2.404107208325730877e-23
-2.255172642631079130e-23
-2.360815071560091349e-23
-2.401143448417801768e-23
-2.332909136192850630e-23
-2.369854830644911625e-23
-2.340803544380344648e-23
-2.333167621415169941e-23
-2.315980918175064034e-23
-2.421117169781042588e-23
-2.340164708699665938e-23
-2.308101203424625372e-23
-2.275763958538029375e-23
-2.136112897516597350e-23
-2.292098795991197078e-23
-2.325607033015239856e-23
-2.310736355321149411e-23
-2.271237642568018336e-23
-2.204436386438704383e-23
-2.231128243590656366e-23
-2.276927842143266312e-23
-2.256526851281903714e-23
-2.242419565933975757e-23
-2.198659630693236622e-23
-2.224962540405021801e-23
-2.183224713295400641e-23
-2.192164176856861549e-23
-2.212416781656756755e-23
-2.159406667568450025e-23
-2.250517813138431579e-23
-2.178350407670621471e-23
-2.242562306593094557e-23
-2.161004185510529293e-23
-2.257010993018361886e-23
-2.012340777327557069e-23
-2.111281105764086296e-23
-2.285061719096352679e-23
-2.197794037671405329e-23
-2.177040290719940685e-23
-2.211142914430921295e-23
-2.244861279379615289e-23
-2.129395457637661186e-23
-2.057192114099729327e-23
-2.122068743293359410e-23
-2.087807570434379206e-23
-2.153096777929527096e-23
-2.104014093632248618e-23
-2.047106753286431105e-23
-2.119331801110374986e-23
-2.136333104545375629e-23
-2.133266456804713669e-23
-2.121759245447393241e-23
-2.008357373330801534e-23
-2.092319369914453970e-23
-2.001450382961578619e-23
-2.189580402850527048e-23
-2.107197646476186889e-23
-1.991208943935384518e-23
-1.959454686507456316e-23
-2.147136777356354856e-23
-2.038309610670497040e-23
-2.055096768632052593e-23
-2.015113396155988774e-23
-1.936522135720946762e-23
-2.028692939765276703e-23
-2.004645093968098034e-23
-1.907147175296654693e-23
-1.935797921925352242e-23
-1.982753897839969973e-23
-2.119764540627044427e-23
-2.100160557976989212e-23
-1.922614081748302355e-23
-1.940173332905955673e-23
-1.998190461691918078e-23
-1.992895863924705241e-23
-1.931033870955272581e-23
-2.024920560019663407e-23
-1.982592228783875798e-23
-1.901442334062395459e-23
-1.817425328431804223e-23
-1.859773648156380264e-23
-1.856236201204656268e-23
-1.817559875953679894e-23
-1.945275078347474986e-23
-1.774207983584120036e-23
-1.775417235756680318e-23
-1.896943300105474322e-23
-1.991162693838296599e-23
-1.900934511625913909e-23
-1.840960225981237353e-23
-1.804468369052400655e-23
-1.972887647669892131e-23
-1.900324006136092076e-23
-1.890007564989001038e-23
-1.880533849014905599e-23
-1.858767891978709686e-23
-1.932358921289901764e-23
-1.778383171707171668e-23
-1.849221214136134978e-23
-1.846124736963325691e-23
-1.822895027275064423e-23
-1.798711526539183845e-23
-1.804655698237376351e-23
-1.774300958934295764e-23
-1.798171857115948150e-23
-1.700692597900454448e-23
-1.784355960627258785e-23
-1.796583216064836029e-23
-1.714797531624325182e-23
-1.830894589531523505e-23
-1.822654779521384038e-23
-1.709113122576543643e-23
-1.769741096550757655e-23
-1.729025085767539580e-23
-1.724382717455883770e-23
-1.690493498327705630e-23
-1.704355540895982329e-23
-1.680996544576929752e-23
-1.724607703889970399e-23
-1.761328443981249058e-23
-1.647016165695920203e-23
-1.713241177806822062e-23
-1.657045089210773096e-23
-1.701534362928009494e-23
-1.688670186109672440e-23
-1.580420158268583297e-23
-1.655750395182082327e-23
-1.586082961210681410e-23
-1.655582363909210099e-23
-1.601416398974475927e-23
-1.669102335495825428e-23
-1.572858929769742503e-23
-1.584833944170600843e-23
-1.590620641768432309e-23
-1.656515568342414187e-23
-1.590217679098037581e-23
-1.662584252976691753e-23
-1.549121013306089668e-23
-1.553692260370141358e-23
-1.593434692361448147e-23
-1.584920766112812043e-23
-1.573775490844442458e-23
-1.606853218476068977e-23
-1.596043532440987911e-23
-1.568356222327038923e-23
-1.587713917821178498e-23
-1.612395503154046668e-23
-1.534782874291530634e-23
-1.516906656469629739e-23
-1.411951982769036026e-23
-1.503543123607262993e-23
-1.475050591337866667e-23
-1.561078804944699909e-23
-1.587297739218323347e-23
-1.533170696917644960e-23
-1.448312772930638023e-23
-1.468054805350955398e-23
-1.605635201078457545e-23
-1.555255886518198929e-23
-1.503929932896854780e-23
-1.558366619901694934e-23
-1.481243524397707005e-23
-1.525054670125029621e-23
-1.346786741405571653e-23
-1.462658731480336878e-23
-1.421869868188829533e-23
-1.454569920187827226e-23
-1.464251528607472264e-23
-1.371616948002156231e-23
-1.474356712258844453e-23
-1.367731535280261985e-23
-1.396062326506662429e-23
-1.475024245847303288e-23
-1.433444047127978538e-23
-1.420196311161433183e-23
-1.388069752026528684e-23
-1.358898429663337207e-23
-1.322135594852494286e-23
-1.455759685006621861e-23
-1.450474552668432998e-23
-1.309851220935319726e-23
-1.446928747087773167e-23
-1.386460617535361175e-23
-1.360287742393469771e-23
-1.362029597618519718e-23
-1.446928367287835928e-23
-1.316778221858172597e-23
-1.474060182220569081e-23
-1.385894838099434272e-23
-1.378853519025276963e-23
-1.346525127127682891e-23
-1.303402530541074457e-23
-1.365140636322969730e-23
-1.333885660211533823e-23
-1.350921696810537483e-23
-1.304229647547784631e-23
-1.347972525414782598e-23
-1.309096172095431130e-23
-1.348557010408921921e-23
-1.360658413928908767e-23
-1.268464666096747868e-23
-1.318093349745364224e-23
-1.290644591397100939e-23
-1.267440336010555553e-23
-1.236408364761090001e-23
-1.267761502530731257e-23
-1.254322770709148545e-23
-1.371289331888628368e-23
-1.321139813278549763e-23
-1.321577932049651964e-23
