0.000000000000000000e+00
0.000000000000000000e+00
1.059528754049488453e-13
9.946384076772737468e-15
3.222400406026882079e-14
2.742335585040244047e-15
3.509349568429528806e-15
9.147963084241381939e-16
1.537127767753989151e-15
4.128890824816717117e-16
6.374636684599806019e-17
2.247897137178029405e-16
2.262636602272078996e-17
1.188102252776736258e-16
4.574189707829251423e-17
1.975985706564503876e-17
5.721768226625734015e-17
5.833778263909763190e-17
1.581976785827342214e-17
2.907357959768233081e-17
3.349687603535903094e-17
2.974402663946995320e-17
1.306541702960692430e-17
1.076667026913262348e-17
8.112479558688803651e-18
5.198909686507860191e-18
1.232459950973245522e-17
4.502470749503548175e-18
8.918998548975917809e-18
8.633617720264247401e-18
6.282047934739002398e-18
6.003037436096878443e-18
3.133570860186672657e-18
3.363587293422669822e-18
2.699171170520945720e-18
1.484127298796683269e-18
4.328768514544522408e-18
1.774498419915142536e-18
1.620456947630715735e-18
2.581049415373567122e-18
6.102647176840318417e-19
1.373095562962780538e-18
1.119698578525104865e-18
1.243643789385842727e-18
1.111071421326666817e-18
9.314994478274303166e-19
6.134483431119244718e-19
7.255023975387603451e-19
2.593673391948972385e-19
4.398283030696185537e-19
1.141055935426437007e-18
6.352209560614492089e-19
6.593635026630180361e-19
1.800894604121598898e-19
2.201256552028968598e-19
3.592370328427429658e-19
3.968905396935711902e-19
2.586020448355625840e-19
3.456410950880231996e-19
2.019148301963730133e-19
2.529983182745642159e-19
3.162419963106653027e-19
3.139845610300274229e-19
1.017631808364036390e-19
1.952584993022361319e-19
1.997132842391611660e-19
1.053909731482476220e-19
1.260655954497807888e-19
1.675062299079597502e-19
7.324418313744823442e-20
1.317926516723192907e-19
1.314876696787566237e-19
8.285033414174708956e-20
1.152407197841955186e-19
9.243056665671256276e-20
1.161075861933620745e-19
1.354867133430974060e-19
9.643963691165241687e-20
4.761022352552897883e-20
8.515256012875352353e-20
5.387313665763488822e-20
7.104958960039371828e-20
8.779007559247514659e-20
7.284812445126188514e-20
7.577948890127156577e-20
6.912103630256652355e-20
4.404108656614926929e-20
2.724633455030335223e-20
3.431062024490861070e-20
6.145767360650552690e-20
4.229273725799441293e-20
5.281335627322084377e-20
4.363701847607565288e-20
4.863829588579934590e-20
5.151350268668755963e-20
4.576743782381617052e-20
2.110689045050604329e-20
3.224584022627650433e-20
3.809790965333574545e-20
2.766663225482743252e-20
2.238376145841371505e-20
3.145553315231800000e-20
1.507065010130537276e-20
2.191451908001878498e-20
1.759476290324235258e-20
2.998429228022987362e-20
2.075865587694190078e-20
2.180728423903346728e-20
2.603181107346190545e-20
3.000488065900665364e-20
2.273454770000880748e-20
1.221651871106047579e-20
2.251216194368248071e-20
1.881249571590933390e-20
1.471237810449516518e-20
1.721421081204880333e-20
1.496500737294137427e-20
1.620644929120621230e-20
1.730377248298107528e-20
1.539679417471577091e-20
5.316368854707660366e-21
1.760889557022984485e-20
1.127113010763840937e-20
1.095061311957342573e-20
1.056202555714479252e-20
9.060569282748395133e-21
1.149629194107181438e-20
9.018452648358980257e-21
1.091242593933535358e-20
7.176659355835417954e-21
5.428020034719454518e-21
7.482105199958892579e-21
9.802868631050573691e-21
3.684226962118431592e-21
7.429930957868960062e-21
9.326416726851263371e-21
8.263250558451603688e-21
4.719552114853117905e-21
5.426842088790272210e-21
7.300972541832431662e-21
7.160311264718263802e-21
7.620362839588266609e-21
7.449421720758075553e-21
6.112745220551439898e-21
3.996620214384011191e-21
2.228044984942349657e-21
3.942366731150781079e-21
5.184761878367852239e-21
5.240593447464806833e-21
4.371149788702774160e-21
5.670695325523977720e-21
3.556926049470652538e-21
3.843496272322345850e-21
4.195470805215820308e-21
3.415181762353466401e-21
5.741739632831611724e-21
3.775819252614642333e-21
2.905038915503640024e-21
3.227010207712260804e-21
4.323470028205477834e-21
2.334815046029030641e-21
4.623465322008476568e-21
3.260019125026521310e-21
4.087405915137843014e-21
3.699160154976743834e-21
2.406039638726836171e-21
3.476769740081250880e-21
2.251143751982404672e-21
2.745143874626783646e-21
2.850754020203860452e-21
2.519627688401640407e-21
2.909153230026244258e-21
2.433570985424585122e-21
3.409481355141452589e-21
2.906964605391854043e-21
2.470780810416835167e-21
2.916015508237677572e-21
2.376858365081220804e-21
3.052500931575472548e-21
2.418061758070579114e-21
2.115565172880381078e-21
1.963172681415709726e-21
2.016145402322814057e-21
1.572700282378230068e-21
1.481166063910895697e-21
2.215681351429140670e-21
1.207988023418210904e-21
2.221765632954692915e-21
1.063530382469610205e-21
2.263825064931245127e-21
1.938241253612030022e-21
1.682692193852499464e-21
1.684099253335728732e-21
1.519937222855365304e-21
1.181123200329339025e-21
1.702827819952500260e-21
1.555825660591821378e-21
1.514035744706857691e-21
1.574138997943452556e-21
1.494818514886225159e-21
1.023446143976162364e-21
8.654274397945425575e-22
1.301178458070158141e-21
9.902101524067167904e-22
8.170604516424900699e-22
1.355834784965916066e-21
7.983639340478374636e-22
1.461906043179914738e-21
1.136646479035359082e-21
1.008389221459674451e-21
9.025888813031963417e-22
1.172412556829877612e-21
1.117381978609183520e-21
7.094396068297759119e-22
1.127351351223353733e-21
1.256935164530569782e-21
9.556000851077555924e-22
1.383335704198763771e-21
1.033222523746659986e-21
7.371728207032183008e-22
9.256590217316859106e-22
1.195510709015208236e-21
8.709285325324869272e-22
4.801365815429652277e-22
6.538262026341192584e-22
6.434870373731115898e-22
6.699657522895938531e-22
7.913955804504842844e-22
8.140979387177275452e-22
8.504979738470971569e-22
8.487682715656754666e-22
8.725430004744595370e-22
7.988599178532196956e-22
6.225386184511957498e-22
8.049736088339369591e-22
6.217261176317458441e-22
7.047631819382540855e-22
5.791151363869839442e-22
5.366161559024142142e-22
3.007315702411199345e-22
5.161513350164410653e-22
5.223226805315093911e-22
4.241918446437186180e-22
6.451606108892905321e-22
4.999267772587424231e-22
4.820823121101226627e-22
5.864522951571720658e-22
4.823225608657689241e-22
5.957367229936684339e-22
4.266853337304387039e-22
3.180893735023213901e-22
4.366524668715010759e-22
4.178773918171579566e-22
5.165188656145993929e-22
5.661842082528851854e-22
5.230464642948475351e-22
3.950079750756917047e-22
5.523333593539388659e-22
4.474618558324152185e-22
2.883167516689830872e-22
4.375053844317236219e-22
5.225108093281576928e-22
5.176149663649983326e-22
2.114703552094687622e-22
4.415011083488484022e-22
3.800452241718459169e-22
4.351241599722930829e-22
3.638749538434507509e-22
3.731457991512368910e-22
3.158021725667997043e-22
5.074904982742581739e-22
3.454200417782442405e-22
1.520497325830297092e-22
4.625452268415664346e-22
3.167456844958113522e-22
3.604810035441124048e-22
3.404626075287613151e-22
5.238086109005319151e-22
2.815342244257614218e-22
3.701036655861716058e-22
3.351345092373409324e-22
3.521558212873674889e-22
2.877276507016747247e-22
2.444686307525853127e-22
3.068144019712461035e-22
3.266493792510827158e-22
2.622578003992100615e-22
3.586534165653730574e-22
2.081781740706676297e-22
2.840371205165177048e-22
2.507637983262257348e-22
3.446522781274819646e-22
4.177185666213941662e-22
2.169559071473055416e-22
3.176391959876559895e-22
2.817893916609600588e-22
2.979746347029289486e-22
2.738162091146871863e-22
2.405439705928802826e-22
2.491294727429754799e-22
2.195276874104674260e-22
2.464582644755957075e-22
3.138327898222591316e-22
2.775840294919061377e-22
1.676958333934929818e-22
2.414271831884211269e-22
1.867953648532502672e-22
2.889427937650627817e-22
1.910185898011370986e-22
2.386599292536995098e-22
1.919351405481756483e-22
2.298657785995584710e-22
2.115007996504569812e-22
1.797788763945258974e-22
2.253558990780847121e-22
2.507572843230093324e-22
2.760567930697149354e-22
2.376688441234875036e-22
1.965534499286824162e-22
2.259426554311567884e-22
2.223748431552955337e-22
2.373529151288277896e-22
1.988174599469759004e-22
1.566272745940843446e-22
2.174564167156037399e-22
1.894255229663526377e-22
1.409225535558227547e-22
1.274282238100383238e-22
2.391626107442343126e-22
2.240517782516169868e-22
2.016443326203189094e-22
9.903356803482802286e-23
1.793483713602424007e-22
1.828827751794348639e-22
1.522681301950604579e-22
1.547324040943193440e-22
1.728456973646119442e-22
1.234407318174372695e-22
1.581968187571234908e-22
1.451637698368048753e-22
1.803837894742522335e-22
1.777725165129384689e-22
2.137908335265502129e-22
1.429311764605035748e-22
1.888990281666786437e-22
2.257834624835769626e-22
1.505936624785385202e-22
1.812570520421273461e-22
1.588463357495424363e-22
1.007992594376271643e-22
1.082278936968337932e-22
1.579960989621655898e-22
1.054186021253211885e-22
1.624966084282446276e-22
1.405031672606267144e-22
7.583417753438715970e-23
1.411885199449583390e-22
9.476165647419014858e-23
1.495625607937170775e-22
1.676582484411961515e-22
1.698335625736585240e-22
1.250015104696899075e-22
1.818786056634560145e-22
1.192435681307048499e-22
1.313658391816029688e-22
7.065003090113831258e-23
1.166718247751714908e-22
1.334021280715943334e-22
9.569219867954621422e-23
1.144909632823865231e-22
1.061053405108049553e-22
1.188323933581246295e-22
1.314933442551519628e-22
1.060360643109533271e-22
7.431988300169764643e-23
3.895260587139227485e-23
9.865704758698820786e-23
8.794651036463230621e-23
8.054239809646707245e-23
1.163220466998159083e-22
1.418668177077803405e-22
1.315386594939368120e-22
7.630457919295679895e-23
8.609840104599747268e-23
7.908391874250141246e-23
7.430874153283969393e-23
9.240886182015162309e-23
7.444724295740642188e-23
9.353759334000424963e-23
9.734421135757963892e-23
6.662255351821409379e-23
7.014981688195621465e-23
8.416616253514137021e-23
8.566298852937744934e-23
8.172188962829650871e-23
9.841341513395578272e-23
7.739455934463808635e-23
1.122534888455217467e-22
9.615092525156837142e-23
9.950603647236811462e-23
9.819709438253300138e-23
9.173276890540465078e-23
9.863192165853919571e-23
1.116657380238813986e-22
9.426274926839600183e-23
7.610870889772094323e-23
1.144552713642370826e-22
1.002603864576516485e-22
6.841566579208629891e-23
1.016903933327597041e-22
6.417106822366338851e-23
7.452819998159196420e-23
6.773377657836439245e-23
4.793037758278599637e-23
8.319470589934064165e-23
5.216396145478690333e-23
8.130165610592582323e-23
6.332783424831038595e-23
5.356073837497196637e-23
6.254948221641549288e-23
8.537803482170417199e-23
7.263108405359180162e-23
6.902591896748615015e-23
7.664907591928440334e-23
6.345461738177668063e-23
7.579229098470962200e-23
4.589215754839640718e-23
6.519757536899877180e-23
8.452354418371527690e-23
5.713693251622476717e-23
6.224464684989080678e-23
5.282824725929617270e-23
8.220000060398053582e-23
7.709869908340382978e-23
5.962421684005041083e-23
3.615906948272676613e-23
6.611273392335377263e-23
4.217179135378571827e-23
6.785011405371306316e-23
5.054908011496723821e-23
5.149442711420565183e-23
6.273206492400410934e-23
4.743099884128963299e-23
5.883821743115628403e-23
6.161741963624002849e-23
4.171876097272316595e-23
5.967434012879152513e-23
6.092250465033355909e-23
4.535277271758318261e-23
5.604726846564674085e-23
4.852759737847776407e-23
4.655250334666247471e-23
4.941635611090543826e-23
5.350308655976824163e-23
4.334330123386740752e-23
5.248889531516542764e-23
5.680747742771586649e-23
4.160672378728580877e-23
5.347385399127205748e-23
3.775768969761584197e-23
4.403353283623659161e-23
2.675241270673874458e-23
5.157343333837079158e-23
4.648512738974994728e-23
3.539748301466522771e-23
5.402248415026836993e-23
4.094145917309587385e-23
3.299148343235893670e-23
3.158118171169029970e-23
3.902429099195000136e-23
3.714054185993626965e-23
4.244617210104210186e-23
3.231168245338576495e-23
4.282068154179767087e-23
4.221961734797397192e-23
4.817664161087526263e-23
5.103804527324354212e-23
3.677257391704975473e-23
4.422504472213290437e-23
3.521505197866863939e-23
4.100024274983927742e-23
8.115988697964562874e-24
4.601797638844549921e-23
4.008700670802914788e-23
4.620185860648916296e-23
4.524218266457215656e-23
3.696876823253026690e-23
3.202564536465965846e-23
4.128843969732292794e-23
3.959943728553267163e-23
3.591668992894829809e-23
2.741998054253931939e-23
2.621398347720470574e-23
3.754061359340056134e-23
3.503148669473948724e-23
2.892097065792606403e-23
3.092809084489910223e-23
3.810081120355156892e-23
2.449443512453437729e-23
2.578788735054314171e-23
1.639420735151767127e-23
3.200536255197927767e-23
2.714899940314479360e-23
2.627968846779953940e-23
1.924314805574664659e-23
1.930014701710323203e-23
2.087203124126694717e-23
3.503480607183596910e-23
2.797718244621732349e-23
2.563811772921147272e-23
2.300620668879288139e-23
2.882060059423845775e-23
3.693559779939660263e-23
2.624499844274363151e-23
2.984071040015865534e-23
2.425680023372913090e-23
2.123155543403373409e-23
1.709120310021253255e-23
3.055654858470785729e-23
2.112277748139868571e-23
1.556807899765613258e-23
2.246750897860171750e-23
2.095009327212947994e-23
2.577799009208861682e-23
2.056610033326373180e-23
2.311858882378339973e-23
1.765017378849153197e-23
2.202067778075972306e-23
1.325258528091119619e-23
2.592825048403735044e-23
1.116007092927790865e-23
2.543785708013217466e-23
1.549152593083075575e-23
1.872356801188978463e-23
2.517494615668997014e-23
1.835882375416561568e-23
2.082891096896601670e-23
1.687314293841828015e-23
2.917215187838850654e-23
1.274226326117056460e-23
1.845972997437473925e-23
2.200120642646635048e-23
1.905580110574014526e-23
2.015148879932658593e-23
1.681732633884940815e-23
1.597366417709586884e-23
1.733526267972081993e-23
2.397526815747458798e-23
1.892068291777698920e-23
1.444672746820599279e-23
1.721215521769918051e-23
1.385235429276509181e-23
1.270821266971057251e-23
1.974006031104645072e-23
2.012146675737385499e-23
1.748620746851899155e-23
1.745464611042211641e-23
1.581007815064816177e-23
1.549716417309387239e-23
1.977440642672525831e-23
1.823731981516661581e-23
1.491795144520008045e-23
1.462724589377028912e-23
1.662637635477740715e-23
1.259221605710419738e-23
1.397051280388653582e-23
2.051513848261522576e-23
1.021790163224949003e-23
1.665011494921765274e-23
1.307284430259021519e-23
1.587379518872649266e-23
2.143445254408580846e-23
1.706569160274871016e-23
1.567903431057782240e-23
7.131012930699023965e-24
2.140385970940683811e-23
1.419288511646590346e-23
1.988094937397100686e-23
1.230640770076368812e-23
1.858163368417808000e-23
1.360465319425918648e-23
7.289654403021392166e-24
1.416980549682064071e-23
1.571516752148700168e-23
1.530232436211604604e-23
1.999841750492059031e-23
1.392419126492460585e-23
1.867227062141150383e-23
1.041819792482328282e-23
9.743749892779409984e-24
1.464676722592054534e-23
1.170135132471063602e-23
1.367783818707564681e-23
1.123775861631638252e-23
1.150197830665737399e-23
1.598367381895693647e-23
1.206544179535161270e-23
1.174357079568858839e-23
1.095326366126307348e-23
1.493593775480972597e-23
8.788636048309093166e-24
1.328215073336978182e-23
1.156431733585195937e-23
1.211346249107089189e-23
1.412991026283550983e-23
1.151297243320014666e-23
1.040670702475574718e-23
1.213440502056348311e-23
1.145012432472509051e-23
1.315757923560879789e-23
8.746643326252585580e-24
9.241830632488811359e-24
6.385783790078502300e-24
1.042819405525351111e-23
8.734728684182999617e-24
1.250896311200273520e-23
1.201406612244010730e-23
1.172007969725612908e-23
7.874137925598505794e-24
7.790302511278970522e-24
1.160872589318894889e-23
1.063402414506290239e-23
9.032543779084316438e-24
1.101900830202907554e-23
9.547037562338720769e-24
8.116972725703100671e-24
8.919908267452872906e-24
1.032202780754049586e-23
1.077028644487035349e-23
1.138617688541855488e-23
9.132865362297886474e-24
1.442677685157995608e-23
7.503370976618115621e-24
1.033473029573607367e-23
9.272299277258678020e-24
1.064509399575725882e-23
7.911526386701756228e-24
1.127620230864069245e-23
7.725403926578982286e-24
8.901161463801685917e-24
7.127341741257383723e-24
3.272214824124754992e-24
8.653299548590415672e-24
7.055713026683975997e-24
7.385253681797147026e-24
1.160821677095543700e-23
7.370463355457942838e-24
6.372606288364814962e-24
9.439255797215694597e-24
6.549555019442532952e-24
7.914963006478396622e-24
4.974562056299811943e-24
5.315009138583984545e-24
9.489318534485842471e-24
6.951911367448034105e-24
4.550636469605725446e-24
8.928580936587853898e-24
9.120131416275841302e-24
5.766577987750284358e-24
1.034395383153626319e-23
4.304056984905339243e-24
9.007664824438002165e-24
8.370832696910802302e-24
7.543554175659409011e-24
8.420608653652274785e-24
8.849683039327493390e-24
1.018914749649295568e-23
6.126808145149350674e-24
7.745030490444128746e-24
6.067426023711055308e-24
5.122635772417394920e-24
9.126049032560660009e-24
9.561986420418112170e-24
7.144353541436965109e-24
7.679129195572143042e-24
6.407262989540601312e-24
6.576635162420352158e-24
7.886701654261126469e-24
5.789751897161499647e-24
7.649372416528540360e-24
5.190178685837164615e-24
6.840975898627639045e-24
6.586928474315252827e-24
5.333234711577649808e-24
4.246700755424728449e-24
4.275542632918206632e-24
9.094120167076430128e-24
7.648500153754236917e-24
5.871565921191898032e-24
6.442633834025420660e-24
5.217193258751529918e-24
8.298381149271864165e-24
7.290261951319288641e-24
6.900666444225149322e-24
7.008684584480592179e-24
7.466822331516397518e-24
6.706387421551081412e-24
4.995069488965024358e-24
8.117545923329752357e-24
4.353156820691352535e-24
5.759796198262140887e-24
6.744501153479960143e-24
7.361644081771318737e-24
5.640824997696087766e-24
6.366189808353187452e-24
4.526502829581724312e-24
6.400508105847049387e-24
6.352818404490230563e-24
7.776940638505461779e-24
3.676995981511321455e-24
3.811686420565316231e-24
6.919488152423917297e-24
4.503381887381229753e-24
6.219739752539570855e-24
5.519125629997215085e-24
3.949594031524239905e-24
5.824919329614850635e-24
5.840519573758579303e-24
6.009143285834989656e-24
6.494090987310922173e-24
5.934605205366957073e-24
5.425314892577700718e-24
7.052073236288922211e-24
5.077960526474055771e-24
4.852352862109067124e-24
2.967403821701274065e-24
4.728839471751477986e-24
8.269343373175385527e-24
3.521819620273023053e-24
5.490449630973968111e-24
4.930320389618738915e-24
6.696060391582934485e-24
7.076112670007843340e-24
1.871420941543591400e-24
6.700424283121281566e-24
2.392531920545990633e-24
6.252993040265918298e-24
3.314529914820931136e-24
7.128785316479558345e-24
3.185056510146724960e-24
7.509761331322818058e-24
5.453817052064418772e-24
4.321456824847880721e-24
4.981325245363484344e-24
4.928027610077767958e-24
3.609459920862863715e-24
4.020429620705035954e-24
4.213115128584151278e-24
2.941665007449454633e-24
4.563078743182745543e-24
3.475546698433135568e-24
2.351324747005922871e-24
4.470341562795636492e-24
6.349860832099914552e-24
3.832191577047107776e-24
5.345567503034709937e-24
4.469597093679954665e-24
2.132783975414033658e-24
4.530142375188250694e-24
3.210926973081819121e-24
3.935599937404774718e-24
2.482569820176275574e-24
2.699502935647272240e-24
6.387558726002338545e-24
5.575583999795326562e-24
2.106702160860983534e-24
6.892209564381883409e-24
3.038236084262251424e-24
2.079427130004182538e-24
7.301716100191663455e-24
3.743513440271446462e-24
1.889807729527862894e-24
4.910636930396206810e-24
3.800165633603367653e-24
4.926607179984720259e-24
3.953324097559638985e-24
1.967698219791794250e-24
4.455627818389622967e-24
3.220747014299644735e-24
4.341095088468935118e-24
4.042569349982769587e-24
3.753566142332261832e-24
3.211809567094318391e-24
2.983632066594380824e-24
3.462349487293209996e-24
3.860788017005663220e-24
3.865445153066958016e-24
2.457336771766253307e-24
1.296111605901515572e-24
3.921319371074783857e-24
4.112904547231848787e-24
2.257303412276427553e-24
1.730791754401380517e-24
3.495308684158608563e-24
3.961177153283195254e-24
2.735038526959075721e-24
4.736059372352747068e-24
3.518017978045203579e-24
3.583657823098809713e-24
1.360496154221225167e-24
3.865504531253939402e-24
2.742632381788937157e-24
2.011149407971864400e-24
2.465693532717845822e-24
3.504540306182397901e-24
3.462168670954012069e-24
1.787452671495696777e-24
2.152817429135859922e-24
3.461612234424926526e-24
2.875253123613899467e-24
3.203750153134198134e-24
2.530749700950091648e-24
3.568748115351471355e-24
4.140802145913214275e-24
2.709744123766321718e-24
3.151807617256440158e-24
2.431882458312008241e-24
3.139887652901346832e-24
1.288172764210458025e-24
2.950136837383067667e-24
3.077620601519369688e-24
2.442169364250392270e-24
3.187685911887941276e-24
2.341464012929702048e-24
3.423577198359617834e-24
1.771762980132655694e-24
2.699226479216459791e-24
2.262848629955597404e-24
2.856000838268435945e-24
1.932356738101784577e-24
1.756553937916102712e-24
2.036719077821427755e-24
2.511177934642749094e-24
4.655038695098544474e-24
9.164389189403658376e-25
2.129084282008378500e-24
1.495589786020020254e-24
4.074480585654241219e-24
2.181199705023363729e-24
1.969905711603489500e-24
2.213257715588143613e-24
2.117179026070053982e-24
1.046159531250842165e-24
3.321943971122738912e-24
1.922989005736922935e-24
1.406966004447521135e-24
1.464679447798433992e-24
8.813930001505362968e-25
1.669110333298923707e-24
2.160775200214985963e-24
1.310224014847534912e-24
1.364395966005397266e-24
1.527484884367138658e-24
3.310241399467286447e-24
1.493784971318695666e-24
1.968439605620920948e-24
8.952248492822913511e-25
1.504084521085476149e-24
2.869430362582814785e-24
1.560297225021790495e-24
1.867070084461067754e-24
2.193694066310199666e-24
1.256267899378146724e-24
9.607762067109326390e-25
2.627458460041223362e-24
1.287801031805255952e-24
1.341449104119430915e-24
1.597080046052575000e-24
2.237559915173576787e-24
1.478186565526891013e-24
1.460175144202554663e-24
1.596542349775576871e-24
2.395930700334538529e-24
2.583440282194069016e-24
1.529761154116532263e-24
8.544907186624778494e-25
2.104117808647049032e-24
1.396111059058141883e-24
8.523224554688732900e-25
1.411855532825304221e-24
1.999246862920454835e-24
1.343876681566927601e-24
1.278679742000308776e-24
1.281998175641050578e-24
7.917277846773172357e-25
2.449923907230440620e-24
2.026735207572928837e-24
1.059076036750812021e-24
1.767490500312716071e-24
1.956078326862270410e-24
1.783607394889014309e-24
1.666534323763531257e-24
1.524010545214122101e-24
1.490096394702093462e-24
1.392820605088358060e-24
8.614262538742315532e-25
1.624050299941768764e-24
2.687169851097662709e-25
1.350475852490637051e-24
1.105278291449642981e-24
1.352082615384653046e-24
1.552288523353372703e-24
6.194640770323358961e-25
1.752222519047628994e-24
7.166697984675262257e-25
1.591541584760549679e-24
1.171630294343446001e-24
1.135481288827384407e-24
1.848020421488173479e-24
1.334440958030514890e-24
1.712571904825314725e-24
5.360691020465892871e-25
1.147855310364139856e-24
7.714033723377543308e-25
1.430534971758107526e-24
1.699388038518610941e-24
9.442355512462695460e-25
2.015648856574942423e-24
1.102322764960076029e-24
1.094614955637529964e-24
9.279551892936554235e-25
1.782083969587930623e-24
1.132865343666768516e-24
1.066265370364036755e-24
6.134362583234625133e-25
1.549193507770308758e-24
1.839913132579584955e-24
7.912881756952546274e-25
1.557125755782670719e-24
1.168979268139072747e-24
1.542200760410233472e-24
1.638078106909848629e-24
1.260506008893177286e-24
-1.305501476916168849e-25
1.020981601308341887e-24
9.308380779442651849e-25
8.939625787730888142e-25
1.901158179577350424e-24
1.403822880410917733e-24
6.922062098945831938e-26
1.393772360767083281e-24
1.000955815473742957e-24
9.422519559347320660e-25
1.131468237337514222e-24
6.649810751758768970e-25
6.464438267490413843e-25
1.756291497886534198e-24
4.260444455995130685e-25
1.125653956902785588e-24
1.214187139468451361e-24
9.048745483150985154e-25
4.424821901167156550e-25
1.230969294587416901e-24
7.765678069483370647e-26
3.203298931628742805e-25
6.416044459159571721e-25
1.429572588518199153e-25
1.225433824583518035e-24
1.393920338846875906e-24
2.390691148136889144e-25
4.419230484421858913e-25
7.810059260038854652e-25
1.286550688759949356e-24
4.783304362558807720e-25
8.438794274223852648e-25
1.837123693978652652e-25
1.000465415395120100e-24
6.338097199561885331e-25
5.918025907772469067e-25
1.080298328767820184e-24
7.387202353851222164e-25
7.974806181612232135e-26
9.570208966677677353e-25
4.830763348842554074e-25
1.009126243767043721e-24
6.458237585465845081e-25
1.127186904147949697e-24
1.046954360406689859e-24
8.943989334529931475e-25
3.070111705836433056e-25
1.506084748870827610e-25
5.715475116668465941e-25
9.104720354212081994e-25
5.256838767967421047e-25
7.308777356571927456e-25
9.780380827597336791e-25
-1.176196262199114116e-26
1.177581421786582455e-24
8.357443335568012437e-25
7.328844205312294536e-25
8.856979911288830655e-25
7.416355381817710788e-25
1.661744979426797955e-24
6.220820913462585574e-25
5.036765060215096702e-25
1.118302466744636738e-24
2.818822319993145167e-25
8.678609096906178128e-25
4.154054917407336584e-26
6.692624923188747383e-25
7.200296339587381352e-25
-7.492721364661116319e-26
1.581838242352756849e-24
3.179788818788496088e-25
1.391658216034899984e-25
6.646584645012725034e-25
9.174959315744889541e-25
-1.127383922699593727e-26
5.448968587515824260e-25
-1.584290804362543921e-25
2.987247938182043604e-25
4.794272897298883421e-25
6.105466800351456608e-25
3.541998970388810324e-25
-2.688947661922332347e-26
7.104813646245447523e-25
3.752648347638206598e-25
3.427281876807594625e-25
5.189520387686343018e-25
3.946361208352657804e-25
6.968681368641198301e-25
3.639725813879108531e-25
1.973310806472032231e-25
1.286127101191678705e-25
4.388520357758370235e-25
7.849166688949347499e-26
6.926810724202544924e-25
7.922921066085465136e-25
2.830330935570257047e-25
-8.327614394806445010e-26
9.407491437198046844e-25
-3.632085015238068550e-26
3.506135146097324063e-25
6.089779312950130574e-25
8.450753975623247528e-25
7.449832664498987704e-25
-8.254829023775042438e-26
4.040900735434877114e-25
9.582602008035051193e-25
8.055879899666532656e-25
2.452830409533881158e-25
7.146825702098498749e-25
2.347310783044129377e-25
4.823443703772575646e-25
9.149257588898440585e-26
2.007880941597584757e-25
1.072332456007595786e-26
2.094061614646266178e-25
2.671665586278292371e-25
1.804270827530973028e-25
1.346817958787799982e-25
6.817301302942056181e-25
5.278590348019360018e-25
8.994709508757966452e-25
3.394706054802357774e-25
1.373797162931813080e-25
4.797909311969277767e-25
6.736594003812679112e-25
5.708206911524347688e-25
5.244934361156014975e-25
5.045054227535672019e-25
4.744868493951063754e-25
4.647796577081167312e-25
4.941777989638851529e-25
1.881849655031910382e-25
1.909770099869174832e-25
2.037279372188530581e-25
-2.988006292343465908e-25
1.420156865296626405e-25
2.879339710813209421e-25
1.330999453065694940e-25
5.548060862361729146e-25
5.256025165471526954e-25
1.330056303303854741e-26
-1.508710376927094119e-25
-1.872912033965779009e-25
1.846981579093059128e-25
-3.544190260752439320e-26
4.428818200123102057e-25
1.441911177219071293e-25
-1.747439259260316324e-25
2.747947181324830781e-25
3.931296311395043067e-25
-1.359019880729831398e-25
-6.543118764678557634e-26
-3.052075117740365730e-25
-2.903843325714546308e-25
-7.138584338305628147e-26
7.048265236584293992e-25
-1.202511795364070555e-25
3.680658212776209875e-25
1.163642223155135641e-25
-1.536102001011839612e-25
1.734509955426296947e-26
3.234677567595594488e-25
6.844873439221650035e-25
3.571425298255741119e-25
1.290344056487628394e-25
4.983855320781091749e-26
-1.084484916288356653e-25
6.129136004800308526e-25
4.964468148855289620e-25
4.549289840032514548e-25
6.163593139251528259e-25
1.541095629463224804e-25
6.570601117031313351e-25
6.956991541544712383e-25
-9.912493216892072976e-26
4.503993149624765692e-25
3.814079605353274411e-25
-1.150996935486190168e-25
4.305843669074356170e-25
1.270011930063158036e-25
1.248803595981765986e-27
-3.682789423429300109e-26
4.613447475641369322e-25
3.408236364036697520e-26
-2.930051569039331563e-25
-1.765822291306267380e-26
2.113881028021511914e-25
1.316303395969005555e-25
-7.285926936365975485e-26
1.601586198534470467e-26
-1.905084247722844734e-25
1.161073915002476661e-25
7.952345855230050096e-26
-1.392472092284280683e-25
9.513551375373589661e-26
4.358138883253211866e-25
-2.814067102161338815e-25
-5.009871125661367789e-25
-1.277930272988568991e-26
2.455019857138761684e-25
-2.830595237940324524e-25
-2.822993955980489495e-26
1.522414514872857441e-25
-4.315217488748517713e-25
4.799658955161295426e-26
1.505639374646768649e-27
3.439087865612647425e-25
-1.001955469885130487e-25
-2.370213799852881029e-26
-3.024075125184745360e-26
-3.019199190212905308e-25
8.628932702948089772e-26
-1.242648810922078297e-25
-1.861720265852320897e-25
-8.409083817731385280e-26
3.692934792142186572e-26
-1.733221987970397206e-25
1.149099131346057677e-25
-2.420603918882331413e-25
2.337421659247242777e-25
-7.245109778626383474e-26
2.940406275544019118e-25
3.619176816561410560e-25
-2.499163510714365842e-25
4.301651894877924158e-26
-3.461243867514238208e-25
1.298886245036184184e-25
-8.022569690452594447e-26
3.151207923466327717e-26
-7.268349304516756268e-26
-1.286946457070486117e-26
2.740037954313194286e-25
-6.309715102406704404e-25
-1.994468833912342299e-26
-2.118884300829921305e-25
-1.931184469444567117e-25
-7.370586426740780282e-26
2.294986587619968080e-25
-3.590728488261698773e-25
-2.008102575630005445e-25
-2.743874211646226107e-25
-4.718708392501227403e-25
-3.863174045889099547e-25
-4.094566029628061603e-27
-1.806079471224652486e-25
3.227981821737390330e-25
-1.547915998177840333e-25
-5.445497455770478613e-25
-4.216123571209835919e-25
1.533557424531543810e-25
-4.183610811830910854e-25
-2.783630904481457947e-25
5.932459147707826758e-26
-2.163192220696882913e-25
9.498643345227095511e-26
-7.749542957206092606e-26
1.120707119752339612e-25
-2.449396657953708892e-25
-2.959617840148437747e-25
6.510921974896884346e-26
-3.263378303343171255e-25
-7.182474780437919715e-25
-1.799780850137848768e-25
-6.545033866928523685e-25
-3.004009687630373518e-25
-1.551313003235790836e-25
-2.464892114764854523e-25
-2.446023593045745656e-25
-7.593668105064178416e-25
-3.096549668802350861e-25
-4.806222063646051123e-25
-4.453598272758913107e-25
-4.476113684458544617e-25
-2.816628350174721209e-25
-3.834484201531795138e-25
-3.121591056825185414e-25
-4.820238873224567104e-25
-5.667650562363879149e-25
-2.714281038608786235e-25
-4.374764772955330653e-25
-6.674225436539128563e-25
-5.476885263143608693e-26
-2.680832837777869951e-25
-5.286968465099049565e-25
-8.962244761435889445e-26
-1.611939843391867794e-25
-1.219531988355700849e-25
-2.091943745089263358e-25
-2.214866334220749210e-25
-3.787714084790597677e-25
-5.132232993355802804e-25
-4.301054486199955048e-25
6.618934831928353716e-26
-6.007932641573479103e-25
-4.645047256581659206e-25
-3.486730071113351337e-25
-4.107175101831764763e-25
-5.237816944855658781e-25
-4.726631447152030015e-25
-3.715354026378625426e-25
-5.125246331287086020e-25
-4.765614486468125026e-25
-3.625984605570971414e-25
-9.389217056465806168e-26
-2.645836872942566742e-25
-5.849446610468309762e-25
-4.111637321456588072e-25
-5.609518010122617669e-25
-4.356052018409455531e-25
-2.469190725853422399e-25
-4.171063879778081020e-25
-6.589774981566224303e-25
-4.844380873402187103e-25
-4.477521761936022901e-25
-6.299322112926035109e-25
-7.569486409762002637e-25
-4.374675120474760486e-25
-6.335766405344771882e-25
-4.489329451054803618e-25
-4.903229866040083447e-25
-2.384069829814842159e-25
-2.734365724684229761e-25
-4.523911021773664536e-25
-7.269429671786131382e-25
-4.074825586710691222e-25
-1.503259721926468474e-25
-7.733929543903826431e-25
-4.617548584767932006e-25
-4.167181888832946759e-25
-5.573398197042590735e-25
-6.723207839859021088e-25
-5.309840688392388405e-25
-3.647947781890728673e-25
-5.710943048419242092e-25
-6.587761782845573347e-25
-4.911448150955775061e-25
-3.238669152247660498e-25
-3.910537563459368737e-25
-4.944991149765600875e-25
-4.725186600425953788e-25
-7.513739250372783848e-25
-5.146253103006429224e-25
-5.289942620298487629e-25
-5.807010593975420765e-25
-6.220716618712801174e-25
-3.332300841917308743e-25
-3.212123260665027882e-25
-8.370632230720755495e-25
-6.407197151211614321e-25
-7.454909135992564364e-25
-4.638519850763743825e-25
-4.602410129486410815e-25
-2.009765656728728629e-25
-4.433320590353810525e-25
-5.536009837703800654e-25
-5.312680640238902886e-25
-4.316605742108501563e-25
-4.734913915845242745e-25
-5.426204398698237007e-25
-4.588891427735222781e-25
-4.356472429284751454e-25
-6.935131041881064076e-25
-6.775290684618659706e-25
-5.455243966569981446e-25
-7.560706630910790651e-25
-5.501742433492540727e-25
-5.327924064467250739e-25
-5.220405963231356084e-25
-3.980034104565077142e-25
-4.742835006717965489e-25
-5.655464204252347624e-25
-4.407102950436890823e-25
-4.839146704126270519e-25
-3.956332284871405846e-25
-5.174789477270740405e-25
-4.869713203335961450e-25
-5.424607448963277056e-25
-6.864120474034516419e-25
-5.975087327711962071e-25
-3.699750088401874720e-25
-5.202840951995487104e-25
-6.390183103839616365e-25
-7.784564128930318923e-25
-6.240698769537183134e-25
-4.514089391972154499e-25
-6.123336923915963374e-25
-5.311312593646451447e-25
-5.261621282210730855e-25
-6.490172692759400021e-25
-5.825555618917693408e-25
-2.950091043551616189e-25
-7.760261006137821444e-25
-6.924343045494956952e-25
-5.813457834633495082e-25
-7.162582256718233827e-25
-6.059578936657850674e-25
-6.920715590366576822e-25
-5.804840076661408416e-25
-5.575067968469522922e-25
-7.314297909336776276e-25
-6.545531189109211001e-25
-5.835646719916062045e-25
-4.800291265702237822e-25
-6.868561480865035976e-25
-9.518984878549078832e-25
-6.475757097782155632e-25
-5.982715075256366491e-25
-4.642784869120591490e-25
-5.498681011192063493e-25
-5.737862558872101299e-25
-4.851263206855852740e-25
-5.674837937037698920e-25
-3.428006749117125626e-25
-7.629433104526937489e-25
-6.725061238827266687e-25
-3.234779689702592906e-25
-5.394884677632723354e-25
-5.226246271244284377e-25
-3.639579476037936667e-25
-5.278923571844121764e-25
-7.689499902703672095e-25
-6.590927531396902489e-25
-6.067817188333761650e-25
-4.885666356715348592e-25
-5.395728142677927630e-25
-6.017989178224899496e-25
-5.456665050005591601e-25
-7.766396784130452058e-25
-7.171073001666353388e-25
-6.018436850825661104e-25
-7.386010133795787999e-25
-9.206119776120841357e-25
-7.646530496333749238e-25
-6.176281325493496455e-25
-5.157314979745480932e-25
-7.765053342197310318e-25
-5.110910708325319877e-25
-4.217912805016645866e-25
-6.625926889537651861e-25
-4.619626089961710165e-25
-5.299652551672889206e-25
-6.661088229582689838e-25
-5.199797405743878796e-25
-6.378894681864863468e-25
-5.131976477737709800e-25
-6.256517102907869321e-25
-5.775797579634296387e-25
-6.887524436897718983e-25
-5.310222854571615970e-25
-7.056754498407783105e-25
-6.952257925334789700e-25
-6.020781262199350254e-25
-8.647465067889219706e-25
-6.078132125592438214e-25
-6.628886344947211340e-25
-5.279470242382186907e-25
-6.228642344054898264e-25
-3.962901365688679686e-25
-6.317198536610421061e-25
-7.579752376921990920e-25
-6.523654808976404949e-25
-7.200724302926960847e-25
-7.541167926169899838e-25
-6.269735685507446524e-25
-5.833999325317935923e-25
-4.157684538775779199e-25
-4.869731304445492145e-25
-5.675040000158045788e-25
-6.471801750363746340e-25
-3.895391703721456800e-25
-5.126481503868936161e-25
-6.571468800205572496e-25
-5.437702585086108786e-25
-6.039839170171058710e-25
-3.781236246138474529e-25
-7.514888991401247939e-25
-3.321652671620986264e-25
-6.328417208796635981e-25
-6.550275995715033105e-25
-5.677603132580623558e-25
-4.938947213910994595e-25
-6.881180588247468860e-25
-3.991806136732563604e-25
-7.087420895088484922e-25
-5.829194367897744136e-25
-6.331344158262420111e-25
-5.071986202565932060e-25
-6.225620926278348802e-25
-6.104239018026226117e-25
-6.748077848024027839e-25
-3.419207676700713933e-25
-5.658479583839076513e-25
-4.448166010894165623e-25
-4.483380098744311131e-25
-8.049842466415920074e-25
-4.139732246881348372e-25
-6.394404036091999173e-25
-8.179350069900491779e-25
-6.320828306437041551e-25
-5.355045075543713721e-25
-6.536455669409283126e-25
-6.109348223767390239e-25
-6.383635429900158368e-25
-5.565933156539622732e-25
-6.490257143409841715e-25
-3.507240058047312368e-25
-5.123095012765038678e-25
-6.750203826923435395e-25
-5.734350952227805555e-25
-7.533231740227222092e-25
-4.689360454693679383e-25
-5.829018343872259466e-25
-8.000884343574515932e-25
-5.385754098351995622e-25
-6.188966451313388609e-25
-5.676395013947462195e-25
-7.749376904228890614e-25
-6.973426106644742138e-25
-5.205743875603148310e-25
-7.807631387366292283e-25
-6.394221128881440130e-25
-7.193795328489077865e-25
-8.139820472981612507e-25
-6.703579228269990218e-25
-6.104618708511318771e-25
-6.437348842158570115e-25
-7.209637930813264092e-25
-8.108922310508961944e-25
-7.903671176198511558e-25
-5.563704774115604331e-25
-7.372960304200564690e-25
-5.182387258059091553e-25
-6.370781623851111962e-25
-8.662716866800407722e-25
-6.490893286773687892e-25
-6.535497993534688909e-25
-6.226517188292241546e-25
-5.764364696312948843e-25
-5.614626940255152041e-25
-5.585747781705232841e-25
-7.353191138323168211e-25
-6.056682741395872178e-25
-9.137941899331652270e-25
-9.470248523298828175e-25
-7.675218900911730462e-25
-6.072491538309740199e-25
-6.181079739822378636e-25
-7.142876340135853164e-25
-6.863053252286964220e-25
-5.880013020870302477e-25
-7.686223205721669797e-25
-8.025835838508888380e-25
-6.343251556738409111e-25
-5.382666169655511185e-25
-5.652305051738808721e-25
-6.127024193660448536e-25
-5.427994337847647745e-25
-7.486300154101450122e-25
-6.283515163218585320e-25
-7.596833735505965948e-25
-7.241661992582177309e-25
-7.993370480402522671e-25
-6.117606503533585595e-25
-7.206867411950125780e-25
-7.027994104669178172e-25
-5.847644771349203221e-25
-6.502622670448838493e-25
-8.254722783860486531e-25
-6.343207527959023796e-25
-5.525271184494080925e-25
-7.100514461106102938e-25
-6.333291121049276379e-25
-8.592445274996235850e-25
-6.261134388292218004e-25
-6.703689665617729850e-25
-6.216769981336470153e-25
-8.148957680027810339e-25
-7.770632163612501941e-25
-7.068059791475087416e-25
-7.025478716385889067e-25
-8.597772262585712635e-25
-7.160669525226672185e-25
-7.733190805099192474e-25
-7.355578631377635889e-25
-7.455151444836999638e-25
-7.855005039765910477e-25
-8.336470134796820116e-25
-7.466988271811925105e-25
-6.481973805848207149e-25
-8.524092008182410644e-25
-7.082635725056804444e-25
-6.472650332335983724e-25
-6.261649417976946809e-25
-8.309131817114359113e-25
-7.460095791789310371e-25
-5.449974467626084723e-25
-7.381466265791481093e-25
-7.151058589504064150e-25
-7.331418066750317178e-25
-6.710494978684656745e-25
-8.413644972498564183e-25
-6.747216868892394983e-25
-8.152608662717516612e-25
-7.774491104518982723e-25
-7.683950942910463366e-25
-6.669165679656081360e-25
-5.786438253215030532e-25
-7.590892375457962651e-25
-7.966467159435340201e-25
-5.582003618102704711e-25
-6.723639741055139772e-25
-8.532500918054132550e-25
-6.726420583593171709e-25
-6.239076634867820260e-25
-8.587017765178144152e-25
-5.723279971980614694e-25
-8.248413560493747425e-25
-7.692952959120824960e-25
-7.493462558289501859e-25
-7.852699927293954221e-25
-7.739039257750906573e-25
-7.703749871939669120e-25
-8.285423282249121567e-25
-6.624289802687577528e-25
-8.269302736230607691e-25
-7.792187802668561513e-25
-8.024006544147749578e-25
-8.391789958892386741e-25
-7.388638333506997365e-25
-7.660531085234694355e-25
-8.214332567073436557e-25
-8.667256478726040600e-25
-8.837189729663899389e-25
-7.714806065882387050e-25
-7.662208768125355320e-25
-7.851336371581652415e-25
-8.323081642763043533e-25
-7.082237286416355617e-25
-6.185547235446228305e-25
-6.725460453276170052e-25
-6.581598269478796626e-25
-8.070416405017585980e-25
-8.803944751795257656e-25
-7.659761249117795145e-25
-9.191576096029459791e-25
-7.308115276129893135e-25
-8.511210269042893094e-25
-8.020158782131976851e-25
-8.623608627557180692e-25
-7.577856710333817584e-25
-7.159784026576264754e-25
-7.247411337786243862e-25
-7.265773116121134112e-25
-9.233047637453034506e-25
-8.374776002197314955e-25
-7.341853239612738142e-25
-6.697105356119755802e-25
-7.113903965002924294e-25
-8.198103322983804933e-25
-7.804443740658941678e-25
-7.537977986877802272e-25
-8.143278356068183844e-25
-7.112924843594558831e-25
-7.791011098629331295e-25
-7.636652369571189007e-25
-8.269302788094942000e-25
-7.399267945375123546e-25
-7.232806829545936541e-25
-8.260524358021640997e-25
-8.860853740244508722e-25
-7.982283186582214085e-25
-8.707736112281284463e-25
-6.930129820800765918e-25
-7.538401652421565764e-25
-8.341095571160596847e-25
-8.348486201666610371e-25
-7.045658669154900261e-25
-8.251564115429052338e-25
-8.682746414900182436e-25
-7.565208579785876444e-25
-7.949591950633527330e-25
-7.097970991549082179e-25
-7.643613441414237895e-25
-8.380124946516799472e-25
-9.557187226450910714e-25
-8.644917966799798938e-25
-7.162514854560523496e-25
-6.760249420555449929e-25
-7.438255447942861207e-25
-7.258626799050745408e-25
-7.917666103718104494e-25
-9.879342902356000656e-25
-7.608431362363798369e-25
-7.469964220699798373e-25
-8.077312016827212866e-25
-7.633141956523849741e-25
-7.739610296313259621e-25
-8.911568279382289903e-25
-7.700080840347615919e-25
-8.394133176051144583e-25
-8.732637050231745708e-25
-7.005544268884140327e-25
-7.352656150035085547e-25
-7.115545608700498083e-25
-7.030230129162631894e-25
-7.243193485597750666e-25
-6.804722733694403118e-25
-7.621846018535667086e-25
-8.633422133223331976e-25
-7.024174632695937568e-25
-7.559814412477763595e-25
-8.392090707888868397e-25
-6.939591050949346705e-25
-7.978146112380911263e-25
-7.473427339737750865e-25
-7.073049070264489719e-25
-6.832181215689739574e-25
-7.491957840762264868e-25
-7.013267763985592370e-25
-8.438521121127936879e-25
-7.490549646060812826e-25
-7.136040268330654850e-25
-7.450818360132739108e-25
-8.023200442772661704e-25
-6.279932527661210116e-25
-7.473174999715435074e-25
-6.186946652015735571e-25
-7.390249119113542918e-25
-8.470544574550574330e-25
-6.666868874761347529e-25
-7.052951995474677643e-25
-7.250566641260097792e-25
-7.678016144260779104e-25
-7.135645493383203013e-25
-7.124325179574758411e-25
-5.449579123365822535e-25
-6.951051141314443928e-25
-6.892017949678768446e-25
-7.291408951595543578e-25
-7.861615250624569371e-25
-8.134404005431752336e-25
-7.587409175053068068e-25
-6.369139024904200495e-25
-8.109276062236926240e-25
-7.222291347550747322e-25
-6.966919287172461228e-25
-7.503769878189299334e-25
-7.697263893819234059e-25
-6.334648715298298864e-25
-5.677150904557403275e-25
-6.143346619006394322e-25
-6.534659558040809496e-25
-6.928341791801703092e-25
-7.452443795500197142e-25
-6.880763684831342582e-25
-6.919108763890249367e-25
-6.099953581940512592e-25
-6.778298408647393452e-25
-7.539309202853403715e-25
-7.098450766843592757e-25
-6.878485644892604056e-25
-6.888038222965759266e-25
-7.133207887597954057e-25
-7.106522177433813189e-25
-6.407793839487876040e-25
-7.585406097246807197e-25
-6.062786638788837947e-25
-6.733568674946742938e-25
-7.689417532109642902e-25
-5.954496863660015504e-25
-6.681724518400228793e-25
-7.343962728034478686e-25
-7.067639116824137873e-25
-6.372964882128932671e-25
-6.780640560655306410e-25
-7.243982872191353634e-25
-6.920589690114627155e-25
-7.065211563757342500e-25
-7.671820478534956794e-25
-6.491095402642923976e-25
-6.386441715395816469e-25
-6.362862904804197599e-25
-6.375201079202748384e-25
-6.815796343296184207e-25
-6.877644691705476968e-25
-7.033775316125402251e-25
-7.327301362124597186e-25
-6.681649848742214590e-25
-7.629369626365049604e-25
-7.342851898610850856e-25
-7.111729051376095404e-25
-6.261907258459065657e-25
-6.144355240615629420e-25
-7.531302725120735328e-25
-6.790982479685382719e-25
-6.848461703943906805e-25
-6.662969993159144382e-25
-7.317213526498166358e-25
-7.215353184222576384e-25
-6.289859601625305389e-25
-6.848052677548175761e-25
-6.638169782507875740e-25
-7.623383216277529790e-25
-6.519769151490052721e-25
-6.571086878054773443e-25
-5.990088896236779607e-25
-6.798383365043365801e-25
-6.197418559335086143e-25
-6.137715467362558132e-25
-5.813325788958201349e-25
-7.183630720927684398e-25
-7.291825954600033394e-25
-6.639775991612558026e-25
-4.992784215702004232e-25
-6.540638758897510917e-25
-6.632105509219938553e-25
-7.355105639741746127e-25
-5.850409950183853194e-25
-6.234057780630813033e-25
-5.964763182119729568e-25
-6.975376288785521224e-25
-7.653826334770218994e-25
-6.652204819423079956e-25
-7.026395081888510966e-25
-6.901174245016539094e-25
-7.002242375206015976e-25
-6.677079421894522810e-25
-6.273657389429262743e-25
-6.441299947473307723e-25
-6.445996351413309497e-25
-6.546339600515914824e-25
-6.930855028444232053e-25
-6.831774444222201711e-25
-6.887530967778880403e-25
-6.507009409717318602e-25
-6.593563751777355081e-25
-6.296367697187791154e-25
-7.142152284987462622e-25
-6.511774912886389343e-25
-5.747728716949647148e-25
-7.173771141910266634e-25
-6.743043680912906793e-25
-6.593568858242625301e-25
-6.814140400274864331e-25
-6.979141049172272942e-25
-7.309072452280302475e-25
-7.050587018784673372e-25
-7.077441500343519195e-25
-6.789342463838773042e-25
-6.211690185803190680e-25
-6.525126939618054943e-25
-5.826932171251143314e-25
-7.186072127326180713e-25
-7.164705969610663738e-25
-7.200938367834454237e-25
-8.077446692597101746e-25
-7.208455441881481809e-25
-7.039356014354113933e-25
-6.991384034390494150e-25
-6.998040835311653061e-25
-7.185580047389423464e-25
-6.800020690427197545e-25
-6.780463007759110389e-25
-6.694970866545910190e-25
-6.449696227081385968e-25
-6.734049195669019823e-25
-6.939414868251833490e-25
-7.174390951416739873e-25
-6.557504434993391463e-25
-6.965680083481709237e-25
-6.474961202359017825e-25
-7.072388519227415157e-25
-6.210902130566725680e-25
-7.038806897045972672e-25
-7.299558676529372260e-25
-7.154526491609835186e-25
-6.625858491466896750e-25
-7.414560450263449823e-25
-7.243912418407732713e-25
-7.063038325116233469e-25
-6.810245473258837810e-25
-6.915507691932677088e-25
-6.470902345624178661e-25
-6.918214798738261002e-25
-6.890539978335891089e-25
-6.802254933967976445e-25
-7.082214654988399928e-25
-7.267156550539835570e-25
-6.588906225939724458e-25
-6.528944914121869682e-25
-6.683707220254488238e-25
-6.783199003757620905e-25
-7.389465797604203424e-25
-6.444701516967992804e-25
-7.188138260339434347e-25
-6.659754891475760276e-25
-6.777137109185819378e-25
-6.943457688433309626e-25
-7.427414007376286967e-25
-6.531738190791860095e-25
-6.998408628902125685e-25
-6.436852505991213540e-25
-6.239085570189800098e-25
-7.835632845967034005e-25
-6.485380427545872011e-25
-6.881160734601418580e-25
-7.453510694790716104e-25
-7.071817072144532320e-25
-6.475845682238736705e-25
-7.071021511715122755e-25
-6.369759923299285316e-25
-6.534793186625811602e-25
-6.935878874596843248e-25
-8.150603348462289259e-25
-7.385226306658694982e-25
-6.517017789068235065e-25
-7.354413665079933439e-25
-7.466937512196233424e-25
-6.941885747050441211e-25
-6.813061215556262832e-25
-6.852172001391346880e-25
-7.585317078710164104e-25
-7.177122680082019676e-25
-7.567792063476143237e-25
-6.722444882613044740e-25
-6.807904127514634371e-25
-7.036480305271638039e-25
-6.437941899466178712e-25
-6.763010719368224402e-25
-7.328018694640098278e-25
-6.840448054987069081e-25
-6.998923165308859310e-25
-7.108854083592238749e-25
-6.895185643175582462e-25
-7.516579578957590627e-25
-6.204144422361488770e-25
-6.473981501444534481e-25
-6.632873636405951521e-25
-6.717895843991729427e-25
-6.721815793409772897e-25
-7.428346455656741346e-25
-6.667119571864288754e-25
-6.988960451193605198e-25
-6.768158621228848879e-25
-7.303651164367746635e-25
-6.585157937495074730e-25
-6.787616259794727685e-25
-6.722731149978826127e-25
-7.355444624984766523e-25
-7.785737545564427155e-25
-7.639252362209905237e-25
-6.455421795087738498e-25
-7.099881138388854790e-25
-7.259957335246604571e-25
-6.088727732833864545e-25
-7.252641077923575078e-25
-7.685097592925943468e-25
-6.877114449385092176e-25
-7.072557150704455575e-25
-7.234708536510075354e-25
-7.339974600871444200e-25
-6.998799171923986121e-25
-7.003679180979691199e-25
-6.100989211277883799e-25
-6.844073672108181610e-25
-6.419860274223821904e-25
-6.461166502499001444e-25
-6.512545039916641692e-25
-6.379659619091920041e-25
-7.061831179312596364e-25
-7.415522393997996323e-25
-6.925013540310622269e-25
-6.248614129103531125e-25
-6.990699433942384719e-25
-6.289855744791424308e-25
-7.011946540988816003e-25
-6.850484394319677082e-25
-6.252709099760546368e-25
-5.913745415809243355e-25
-7.523236068486382894e-25
-6.672711025614866709e-25
-6.860270133056005692e-25
-7.434107257173452269e-25
-7.137988661968447777e-25
-6.739716987504561927e-25
-6.860984070114317752e-25
-7.135162657467616220e-25
-6.335193758377249100e-25
-7.256456267321884607e-25
-6.429760234084280287e-25
-6.195367030945553629e-25
-6.915581699752349393e-25
-7.010752582616911087e-25
-6.357651374533761652e-25
-6.332900122181510222e-25
-6.751114543084597634e-25
-6.462616519428901651e-25
-7.261140941071023517e-25
-6.792047552432306618e-25
-7.005984740923965085e-25
-6.766167185859065390e-25
-6.859253994360066739e-25
-6.235417185210432094e-25
-6.055118939022712628e-25
-6.793096679237620763e-25
-6.854107582865298827e-25
-6.087235073189791621e-25
-6.590992626089570318e-25
-6.599524795329594086e-25
-7.020458701307318812e-25
-7.225582401350822557e-25
-6.283733174008970468e-25
-6.436730112314494826e-25
-6.875016535767619193e-25
-6.999331709919237219e-25
-6.502943296713308690e-25
-6.193885773198916597e-25
-5.848445484667027535e-25
-6.411970955933589856e-25
-6.758291999869052904e-25
-6.348283314674068450e-25
-6.512567733724292528e-25
-6.185613865538116685e-25
-6.786673601151558950e-25
-7.082239408290472717e-25
-5.987753523835945065e-25
-5.828678855211110032e-25
-7.232287685198925991e-25
-6.665764461824321345e-25
-6.176569977687634232e-25
-6.562165894136679895e-25
-6.293537609797957710e-25
-6.008381705743921422e-25
-6.298700696735335151e-25
-5.758813847608979938e-25
-6.082229768872975039e-25
-6.436337090695745667e-25
-6.783628606457214806e-25
-6.096640712671072580e-25
-6.435636666928575595e-25
-6.580410052312183369e-25
-6.248884401700429837e-25
-6.425229460243611488e-25
-6.378205622863847914e-25
-6.223263766769260360e-25
-6.812915436806424171e-25
-5.677798228970144013e-25
-6.547472396702110899e-25
-6.091335707883755069e-25
-6.376658981978742656e-25
-5.823139008248303915e-25
-6.015262801055567867e-25
-6.349205114352773052e-25
-5.682558043157229501e-25
-6.060590586403198359e-25
-6.382120611528068686e-25
-5.958822369672848314e-25
-5.193365733071828659e-25
-5.660209279607542904e-25
-5.436041388668025582e-25
-6.048014493829003837e-25
-6.605049417628770104e-25
-5.577272503967759726e-25
-5.691213126273576841e-25
-5.601003465394177522e-25
-5.710521275285269443e-25
-5.891979714155876962e-25
-6.350761265087071442e-25
-5.821640547626751467e-25
-5.909370656922668246e-25
-5.658168970490462103e-25
-6.264036849905351004e-25
-5.909978721991112600e-25
-6.076303858639494739e-25
-6.216693699335331468e-25
-5.298611744468737264e-25
-6.007892640225411051e-25
-6.031454774304208090e-25
-6.068542181150830339e-25
-5.758816341946062198e-25
-5.979866342003016707e-25
-5.805609037390459123e-25
-6.192286283193642842e-25
-6.515397572827612438e-25
-6.659366928152966582e-25
-5.639555927713287946e-25
-6.630399262922246471e-25
-5.148513664157530461e-25
-6.135636874961986728e-25
-6.160968846567322025e-25
-6.057732603126569066e-25
-6.035545042338821702e-25
-5.565126096466242571e-25
-6.152833701713781386e-25
-5.540957764502359991e-25
-5.503265234532045023e-25
-5.894804504233202713e-25
-5.847310479060276582e-25
-5.868137833597109349e-25
-5.509709929268322572e-25
-6.462131556797306221e-25
-6.134410118445515176e-25
-5.923306733650141044e-25
-6.000959628366067272e-25
-5.490030098941826643e-25
-6.214926582591515703e-25
-5.708793078241395153e-25
-6.114049962536143540e-25
-5.917388576584038869e-25
-6.457928570167815970e-25
-5.478586647960609845e-25
-6.143463681985024780e-25
-5.710290254830756692e-25
-5.851537372295090810e-25
-5.411569394867771473e-25
-5.675317418930926240e-25
-5.645437475171459292e-25
-5.701968422750273811e-25
-5.185799104153729725e-25
-5.731531304974534161e-25
-5.158008411263583437e-25
-5.665966324816247211e-25
-5.306446926325210998e-25
-5.297558061100710128e-25
-5.136961241717051119e-25
-5.777557563202852731e-25
-4.930586328260904953e-25
-5.090953627887889659e-25
-5.325946531447053033e-25
-5.853069521776161178e-25
-5.817877618896399226e-25
-5.669049914633605734e-25
-5.708563872384688776e-25
-5.559410642075328973e-25
-5.091626121843633752e-25
-5.392264951542139421e-25
-6.294365139593873643e-25
-5.763303368140550925e-25
-5.644228909003714914e-25
-5.251150073765857388e-25
-5.526384914240626213e-25
-5.358519496380223207e-25
-5.735055863739715401e-25
-5.678733127086121330e-25
-5.842318502699676296e-25
-5.839894464042350098e-25
-5.306571751886992697e-25
-5.712972273872152303e-25
-5.594215629518005471e-25
-5.688105840443175829e-25
-5.544321287513963727e-25
-5.405407169870292372e-25
-5.319922265896704666e-25
-5.467402337471252528e-25
-5.354702477107055787e-25
-5.641757540280863517e-25
-5.656296261401198239e-25
-5.690497029680243654e-25
-6.047265875975074421e-25
-5.914824935923149517e-25
-5.739289366626056981e-25
-5.517184945623727747e-25
-5.622709149673563676e-25
-5.881489121854821799e-25
-5.729127905050806211e-25
-5.708539105951000535e-25
-5.349988138542990262e-25
-5.298746763938239117e-25
-5.472011034921790520e-25
-5.419923437597696364e-25
-5.349770395251109037e-25
-5.312542484888985107e-25
-5.518723232868764255e-25
-5.491808720575925106e-25
-5.588329052439094483e-25
-5.757874283062058100e-25
-5.440532354767165977e-25
-5.573100844854145913e-25
-5.585686249389501866e-25
-5.133013033372760570e-25
-5.787245403090917840e-25
-5.168513952652623504e-25
-5.827326096182607532e-25
-5.558650166993935578e-25
-5.619917728849045698e-25
-5.428669838207620574e-25
-5.311052190607985784e-25
-5.307153750298510854e-25
-5.591282467017660132e-25
-6.038825013903277082e-25
-5.587483335242617840e-25
-5.410510331428327464e-25
-5.596741190572872332e-25
-5.325484009972878858e-25
-5.651087526348884691e-25
-5.994032157584343453e-25
-5.582123061198213773e-25
-5.333039444782945271e-25
-5.454367898657888970e-25
-5.547664152328473546e-25
-5.658686764417542999e-25
-5.146646724294482905e-25
-5.675628477629644657e-25
-5.674504195319115913e-25
-4.933288860935703318e-25
-5.192998234057966504e-25
-5.424205077929719542e-25
-5.219431594120036807e-25
-4.974497578073558164e-25
-5.817415546573436060e-25
-5.696099858618444354e-25
-5.125922316080502291e-25
-5.318685634771639397e-25
-5.738376882978243312e-25
-5.349257005756699562e-25
-5.854603177862235837e-25
-5.541517052078631444e-25
-5.605385021773969418e-25
-5.584692353028780679e-25
-5.208749585945938636e-25
-5.136056073201454955e-25
-5.101122635274383116e-25
-5.940457048992423914e-25
-5.326077115886720603e-25
-4.841794666654519821e-25
-5.586821517908219311e-25
-5.654665526384709739e-25
-5.175340410744088534e-25
-5.781463126063278121e-25
-5.606463294686403160e-25
-5.593312644448649589e-25
-5.348721763212254284e-25
-5.523053650931932826e-25
-4.967887537909145678e-25
-5.109851397813510244e-25
-5.005609428357856580e-25
-5.424349772300378050e-25
-5.411613306842111769e-25
-5.294928118588283045e-25
-5.209638621429974350e-25
-5.413760524684583790e-25
-5.764361415411388024e-25
-5.315748374815663522e-25
-5.126043103935186331e-25
-5.299339620523724847e-25
-5.625823796415541526e-25
-5.429277783384465617e-25
-5.183936032566802302e-25
-5.444745736333859797e-25
-5.295781030386442520e-25
-5.130659688862969245e-25
-5.328931447247799783e-25
-5.799436137435882828e-25
-5.218897275913689866e-25
-5.096096237660964038e-25
-5.478835292785046291e-25
-4.911262963016330593e-25
-4.850205718891493698e-25
-5.428112804852792854e-25
-4.964819517744843240e-25
-4.886717565341061551e-25
-5.588469268480811128e-25
-5.783695954672959741e-25
-5.278943538381861372e-25
-5.059345589382718474e-25
-5.834562675161644109e-25
-4.972803183560119898e-25
-5.498708345178132293e-25
-5.244910837185666117e-25
-5.076248436429948598e-25
-5.304402501233006770e-25
-5.037948529015414944e-25
-4.922086522888665903e-25
-4.889704094852796785e-25
-5.236662018820915853e-25
-5.261956588518325644e-25
-5.005012996522369444e-25
-5.094720785501054235e-25
-5.248805943571772448e-25
-5.063207163802033711e-25
-5.364229574114233474e-25
-5.323357147003818253e-25
-5.187848466862953175e-25
-5.187075723247696748e-25
-5.347827380874451871e-25
-5.436234672555772824e-25
-5.309941111206875592e-25
-5.017993677510652985e-25
-5.351087437629021547e-25
-4.949366582618851661e-25
-5.543549751579088944e-25
-4.875327986584639270e-25
-4.953331254962883457e-25
-4.759045564517945672e-25
-5.392306265844677404e-25
-5.401046522022818257e-25
-5.552497390608880272e-25
-4.712406636786567931e-25
-5.363253071562854713e-25
-5.162893466340508809e-25
-5.140724449975315864e-25
-5.083821345039887424e-25
-5.006514604591881813e-25
-5.025255651980100789e-25
-5.316107330467408157e-25
-5.332796323665820293e-25
-5.447116883410319328e-25
-4.764851412833760386e-25
-5.025372030618698123e-25
-4.901123670511720361e-25
-4.927529369000527305e-25
-5.096778012628491858e-25
-5.506284248371398255e-25
-5.097368483136783347e-25
-4.778929571881374520e-25
-5.091485541493990843e-25
-4.718509630478503266e-25
-5.050081671370968817e-25
-4.653284849645898748e-25
-5.294018309298240936e-25
-5.174316039222861977e-25
-4.700640607023349102e-25
-5.048791687910824192e-25
-4.850037890037553019e-25
-4.725597412512422896e-25
-5.065871009632362859e-25
-5.087890781950689390e-25
-4.627268517643751679e-25
-5.298131480826434809e-25
-4.453010511738140117e-25
-4.689040734797513444e-25
-4.679965962931793605e-25
-4.717045307427600377e-25
-5.232048084749145842e-25
-4.778142130845138888e-25
-4.770568563620834174e-25
-4.486849530960648023e-25
-5.094974240044247553e-25
-4.870663377264931694e-25
-4.851765448898879747e-25
-4.892082173944627752e-25
-4.839157262433668863e-25
-4.889019663690139597e-25
-5.021774901806957066e-25
-5.352925553468741246e-25
-4.691759212239704643e-25
-4.463063239021985195e-25
-4.279456263319424770e-25
-4.724622322978117943e-25
-4.570100869302791986e-25
-4.797251728415553171e-25
-4.572644404347191696e-25
-4.665510844411564510e-25
-4.148205946532728468e-25
-4.936700450004287353e-25
-4.715996434570198210e-25
-4.746458923154240565e-25
-4.618660477413816138e-25
-4.393257901809580748e-25
-4.778834545809168763e-25
-4.309783550304218701e-25
-4.833062939201659602e-25
-4.535144706294560060e-25
-4.444780322673781204e-25
-4.338355773958094590e-25
-4.668917100362793732e-25
-4.921880698153752559e-25
-4.653372230358381518e-25
-4.240920333731257122e-25
-4.221703366011803162e-25
-4.752062076067027606e-25
-5.028370327951686068e-25
-4.458202182323423556e-25
-4.704231617252254926e-25
-4.731200404783220001e-25
-4.788394575497844067e-25
-4.650734812858707399e-25
-4.454288347775799366e-25
-4.474864774498179838e-25
-4.539283143816047740e-25
-4.510492016895983452e-25
-4.762894694755350115e-25
-4.308385829579888953e-25
-4.499126100075023348e-25
-4.707319727436773467e-25
-4.484595815480814639e-25
-4.626214641079039368e-25
-4.866996783517894365e-25
-4.530646396830808833e-25
-4.450504702995057014e-25
-4.574996030941629069e-25
-4.839675959267712637e-25
-4.633376536322883227e-25
-4.377014492242064562e-25
-4.434525073557903615e-25
-4.148876986614923436e-25
-4.270199843411074577e-25
-4.514090697185320975e-25
-3.885343456106277812e-25
-4.245086518374932980e-25
-4.177340838218140533e-25
-4.346806640225335528e-25
-4.375456296218637845e-25
-4.173387514817764909e-25
-4.232541051747123218e-25
-4.454080519053764655e-25
-4.525962037247805586e-25
-4.121024967497648349e-25
-4.459368528852265552e-25
-4.249450770328416275e-25
-4.586743716737315560e-25
-4.374671807203767849e-25
-4.428532039689962609e-25
-3.886797897853202129e-25
-4.151401662173645466e-25
-3.802643268573740319e-25
-4.439322974972507378e-25
-4.371891858365413371e-25
-4.185750611969018806e-25
-4.123950341945052781e-25
-4.350884694263036312e-25
-4.427805110316314379e-25
-4.408088449607714675e-25
-3.918728381821762527e-25
-4.541733720818117308e-25
-4.364141723483011281e-25
-4.007689015456389124e-25
-4.077730524961766762e-25
-4.405411422037226171e-25
-3.774932561741176060e-25
-4.200644765606736147e-25
-3.972356434225332387e-25
-4.024281170037012167e-25
-3.899824336446415501e-25
-4.051641453410235308e-25
-4.306155908396319402e-25
-4.396541655942875821e-25
-4.443571201527165098e-25
-4.140465631600157450e-25
-4.040306867119316144e-25
-4.086320783166993487e-25
-3.907120814815649319e-25
-4.055960429535189782e-25
-4.006834523576487932e-25
-4.097556757541559436e-25
-3.600998492060243821e-25
-3.685372281409692951e-25
-4.137526445375490940e-25
-3.885156465849995476e-25
-4.043396746579581630e-25
-4.142511646657236535e-25
-4.140487274524098132e-25
-3.965580126566170124e-25
-3.945750540608505713e-25
-4.196613572946821705e-25
-3.980464293066685698e-25
-4.064892735351853786e-25
-3.952484542850822332e-25
-4.447120585458256162e-25
-4.264836842573669278e-25
-4.155199043909786937e-25
-3.935439828991086783e-25
-4.290046587287024485e-25
-3.952439690418634515e-25
-4.385547882790845666e-25
-4.363444578929478465e-25
-3.851766624685306553e-25
-3.918002112615107561e-25
-3.773997337250522934e-25
-3.665897582171419389e-25
-3.898530449967275527e-25
-3.943478172255271752e-25
-4.216960105715883951e-25
-3.951459295555323708e-25
-3.943671777313617386e-25
-3.759266378340992342e-25
-4.116510187236948412e-25
-4.002545840857215261e-25
-3.941186094842869891e-25
-3.886519229291846544e-25
-3.893500260385345615e-25
-4.204099421138420677e-25
-3.719396573646428528e-25
-4.042318057368124023e-25
-4.072290482594386952e-25
-3.905426394570387166e-25
-3.878358577933777938e-25
-4.040347797509316851e-25
-3.771917428027409991e-25
-3.955693000835273623e-25
-3.862808508520387352e-25
-4.188579161104129088e-25
-3.862352252001267939e-25
-4.133849006382215209e-25
-3.820123413772029809e-25
-3.547510590819932882e-25
-3.867519049673885335e-25
-3.973796651613238383e-25
-4.143249820909542264e-25
-3.965260118168053728e-25
-3.738165616747098333e-25
-3.994253299529836928e-25
-3.712680050668204149e-25
-4.001608941734541178e-25
-3.816646669268297096e-25
-3.936652206206211780e-25
-3.650029550017181689e-25
-3.987282601856554899e-25
-3.631183657121213386e-25
-3.827021162537059585e-25
-3.771302383897614907e-25
-4.102604548877330145e-25
-3.946712491730828956e-25
-3.953040421676668012e-25
-3.853579578462779406e-25
-3.875272316841167354e-25
-3.756138039142701104e-25
-3.903495297632005161e-25
-3.962501557432911460e-25
-3.585333617464514727e-25
-3.698573651514042391e-25
-3.883911994512537951e-25
-3.794545815991182582e-25
-3.857719743574212297e-25
-3.925285436830389574e-25
-3.789481459574013706e-25
-3.724121116745273181e-25
-3.777588728571850854e-25
-4.017397853734231686e-25
-3.788334977862551380e-25
-3.686091840828751045e-25
-3.672704083729273972e-25
-3.815267556976344727e-25
-3.672683632645618154e-25
-3.648412078738171793e-25
-3.711541296160662144e-25
-3.940193855491752528e-25
-3.690081955832848681e-25
-3.482306160616137126e-25
-3.746429816664701540e-25
-3.980429516003778944e-25
-3.795459745350504025e-25
-3.726075522752658731e-25
-3.636879526720105151e-25
-3.658155416629979649e-25
-3.545732766180845368e-25
-3.900313673737083230e-25
-3.755532192350667396e-25
-3.513280661326453146e-25
-3.696749388329206588e-25
-3.412896512462746945e-25
-3.561458173654264880e-25
-3.756695213551907877e-25
-3.671161211932850156e-25
-3.417658428198474876e-25
-3.739719448248119820e-25
-3.461805108077698325e-25
-3.595828058390886675e-25
-3.588404114856994245e-25
-3.971088903629999646e-25
-3.512457095445511852e-25
-3.540509032003182457e-25
-3.527643638078170188e-25
-3.727306419004740510e-25
-3.296658281694769760e-25
-3.544850518962503694e-25
-3.673969504563993796e-25
-3.430378363312392622e-25
-3.271454847770749948e-25
-3.497579570106892238e-25
-3.697160422299021694e-25
-3.266565726666014935e-25
-3.455248779842208762e-25
-3.628823846215162856e-25
-3.355264794102939762e-25
-3.603455949299981695e-25
-3.459816275168036450e-25
-3.532456449955261613e-25
-3.391384917169933415e-25
-3.461355920753534976e-25
-3.422666594459035597e-25
-3.372761834623368691e-25
-3.438853629761175634e-25
-3.400277186779896886e-25
-3.503256992528852625e-25
-3.434110864801412724e-25
-3.270970288635437781e-25
-3.514786581325141776e-25
-3.566623222523725402e-25
-3.599463243024375275e-25
-3.361324684255257030e-25
-3.337691040878063668e-25
-3.682501218209395800e-25
-3.496652117202738980e-25
-3.459961740287866809e-25
-3.612377184571363081e-25
-3.344311376927602422e-25
-3.394360854705463561e-25
-3.321359350274558779e-25
-3.341457297145079878e-25
-3.523917801737548268e-25
-3.204119463600852834e-25
-3.479429115570997926e-25
-3.278546168367325613e-25
-3.132901783148347237e-25
-3.349333987633535931e-25
-3.389155639011130357e-25
-3.149766598263193963e-25
-2.948052443067890235e-25
-3.258938504603075618e-25
-3.282781719515043548e-25
-3.184643871682824537e-25
-3.476739933053113949e-25
-3.260719998699923091e-25
-3.377129426850700705e-25
-3.191283554366842843e-25
-3.114166536375233642e-25
-3.256536090424474219e-25
-3.353277078479725819e-25
-3.498934828249096456e-25
-3.268774666250494873e-25
-3.155432543241214660e-25
-3.186697108854454178e-25
-3.142318254586448835e-25
-3.280361207420524353e-25
-3.300255678796449832e-25
-3.165913172816747962e-25
-3.084570551018782972e-25
-3.092840851082810258e-25
-3.267572279889900334e-25
-3.215971352549174658e-25
-3.284204769967376628e-25
-3.257691897831653409e-25
-3.345101734992604342e-25
-3.083487275656971867e-25
-3.174454323957998073e-25
-3.330050212076850849e-25
-3.157657110478144752e-25
-3.199751989189176444e-25
-2.907595890518161197e-25
-3.089388925264934711e-25
-3.135365437595415693e-25
-3.115267471148130860e-25
-3.366577264918568228e-25
-2.842922619408845020e-25
-3.096809803900372184e-25
-3.082677594663188138e-25
-2.989750460065448793e-25
-2.998535174563670855e-25
-3.204229220781820508e-25
-3.051915498692716213e-25
-2.972488873678981029e-25
-3.062667695794506049e-25
-2.988681960614877215e-25
-3.054522275407875379e-25
-2.883137562419876298e-25
-3.145817915573009743e-25
-2.904019049628230209e-25
-3.070676256405144395e-25
-2.739415109708685310e-25
-2.993989737839228800e-25
-2.927627343724529601e-25
-3.057947892542553297e-25
-3.051887374166589104e-25
-3.023213881798018360e-25
-2.964740386046157401e-25
-3.103608382088133820e-25
-2.903411809352047836e-25
-2.971366154932544573e-25
-3.022275345992050354e-25
-3.038879745178619285e-25
-2.976345439977118253e-25
-2.900317121985113845e-25
-2.908798433911262617e-25
-2.968669212781585078e-25
-3.058610446330840433e-25
-2.934932012245331693e-25
-2.913445072117287028e-25
-2.770548586738490507e-25
-2.825413668564792019e-25
-2.960364670883672999e-25
-2.738671803481908951e-25
-2.789565373401474656e-25
-2.794270511945023352e-25
-2.805232223274715980e-25
-2.851844123449008095e-25
-2.758037800926687876e-25
-2.951535640378848790e-25
-2.747624014871677057e-25
-2.873958418103124668e-25
-2.756049204351272769e-25
-2.906421741979815600e-25
-2.811834262017823255e-25
-2.745674581781361084e-25
-2.640576218243978924e-25
-2.894951264510433813e-25
-2.732447173981034101e-25
-2.841029464795755560e-25
-2.648077461731481055e-25
-2.527064899649163213e-25
-2.690892282856496564e-25
-2.904849316072583388e-25
-2.743012169054016948e-25
-2.824694203853448591e-25
-2.605136443106977451e-25
-2.598626124255341959e-25
-2.658623235467257441e-25
-2.652941617865141108e-25
-2.616750307873569471e-25
-2.741962970991555391e-25
-2.704888730776720747e-25
-2.619063648539343089e-25
-2.699418151934973086e-25
-2.676290053670694087e-25
-2.607732703702390229e-25
-2.421135520176802279e-25
-2.660572328268741328e-25
-2.573219579641579713e-25
-2.518626714342064973e-25
-2.638360877301620296e-25
-2.627930817536109554e-25
-2.618164192686834538e-25
-2.521066537328073777e-25
-2.695330890693811378e-25
-2.566911997723311745e-25
-2.640319734416544269e-25
-2.623341181117340844e-25
-2.311506633472786176e-25
-2.532519920443267150e-25
-2.664001580315805405e-25
-2.691255941179330797e-25
-2.675177638937053061e-25
-2.486755302560090416e-25
-2.408917636150209000e-25
-2.431531194195129364e-25
-2.382287969850552005e-25
-2.545720066972519462e-25
-2.463752070443777283e-25
-2.527005257691184175e-25
-2.479662680642517517e-25
-2.540355617086247980e-25
-2.652618243998284865e-25
-2.383821374037626594e-25
-2.429293439312033955e-25
-2.621452438741353520e-25
-2.698074589647373328e-25
-2.418367204037187837e-25
-2.443102077295400136e-25
-2.268704640048669657e-25
-2.345688838405862840e-25
-2.516259968549503105e-25
-2.414926949193894641e-25
-2.318397748232623473e-25
-2.170500276583649332e-25
-2.465846118436243206e-25
-2.296624249828437201e-25
-2.412500118205335732e-25
-2.383541464431080154e-25
-2.362098998373857082e-25
-2.451323403648099700e-25
-2.502178590297813673e-25
-2.319084281936601909e-25
-2.372861765002633286e-25
-2.226605529529849465e-25
-2.200339710948454724e-25
-2.327477662636223111e-25
-2.319622295317574989e-25
-2.438709398306000233e-25
-2.333535649077307157e-25
-2.371836850370465558e-25
-2.318282364780108477e-25
-2.325377178815104509e-25
-2.338713451790699065e-25
-2.381886588618730925e-25
-2.282130700322139590e-25
-2.275770783600161256e-25
-2.331233143194628766e-25
-2.269283292727661540e-25
-2.353069057423071323e-25
-2.422332069774295476e-25
-2.326064969232901313e-25
-2.327983719649254008e-25
-2.277590682731345914e-25
-2.189249582336521068e-25
-2.254951644554414564e-25
-2.312106363237279389e-25
-2.176233728443453922e-25
-2.142767753206714182e-25
-2.289746084231875490e-25
-2.159100742726397309e-25
-2.287367919995857561e-25
-2.202560643417657930e-25
-2.250734727427641408e-25
-2.152163687169104014e-25
-2.297682447356978825e-25
-2.256399597485727696e-25
-2.189504666279295419e-25
-2.171046517631265455e-25
-2.210880797386893053e-25
-2.154246127680771280e-25
-2.267802799143921257e-25
-2.234489575780227573e-25
-2.091341688464293556e-25
-2.180561308261024006e-25
-2.163410923733487924e-25
-2.150451456268057952e-25
-2.148499586473693066e-25
-2.163228181618429776e-25
-2.162057503800824958e-25
-2.340421845383243983e-25
-2.057176275965047246e-25
-2.231475339157875925e-25
-2.082341166303456754e-25
-2.185978796850907275e-25
-2.117393071348075298e-25
-2.097163964818124870e-25
-2.053492341894998036e-25
-2.028197271646943596e-25
-2.130472169662870923e-25
-2.164960078015673033e-25
-2.021806985838480579e-25
-2.068466324825719208e-25
-2.053368370904247779e-25
-2.052669814758967086e-25
-2.115939099765516454e-25
-2.037397651889701910e-25
-2.040751820122791874e-25
-2.058528469000298247e-25
-2.036185420616704639e-25
-1.973614709255813365e-25
-2.000645003800000400e-25
-2.074076156156053181e-25
-2.052843235123836562e-25
-2.173674513444960596e-25
-1.994395444658580688e-25
-2.049230350972256126e-25
-2.126503298471022797e-25
-1.985782519618826090e-25
-2.194176915005663512e-25
-2.017234663123922564e-25
-1.985226266451791091e-25
-2.114327043538370649e-25
-2.127718471216801539e-25
-2.082142655050893065e-25
-2.019024357607804761e-25
-1.953291458493604075e-25
-2.107592656021301553e-25
-2.007652821313936743e-25
-2.003839129724899516e-25
-2.004190054457338601e-25
-2.022823521920032936e-25
-1.875720178457075301e-25
-1.964588699057114036e-25
-1.958496604224954505e-25
-1.946623589084237941e-25
-2.001754293627072756e-25
-1.893823474460336476e-25
-1.979556873791798241e-25
-1.848805396607347949e-25
-1.904382718766070345e-25
-1.895173303753125234e-25
-1.928013740613866133e-25
-1.977129839681775916e-25
-1.850052959191773450e-25
-1.919094714525252270e-25
-1.842037715681880732e-25
-1.942176854994625093e-25
-1.922125047107070513e-25
-1.964622641520352760e-25
-1.878763443897377162e-25
-1.842289120250318252e-25
-1.879574066007039130e-25
-1.921566372532941626e-25
-2.009492509716688565e-25
-1.915311912241971155e-25
-1.927802818137206603e-25
-1.838647712761455100e-25
-1.904793170088277515e-25
-1.892685049968589976e-25
-1.873054683692388117e-25
-1.845683254782046129e-25
-1.769325705219938434e-25
-1.854276953575302133e-25
-1.944668544420252521e-25
-1.805726006058938429e-25
-1.867731858763162769e-25
-1.882212070478900387e-25
-1.866972293362967065e-25
-1.726278100501789975e-25
-1.785079936392106328e-25
-1.822463055742157535e-25
-1.746578618474117120e-25
-1.867768345392692039e-25
-1.816047694555696848e-25
-1.777300090851045280e-25
-1.818647224155470309e-25
-1.708181080631910356e-25
-1.872416538742166435e-25
-1.814973360054408794e-25
-1.791713790160511999e-25
-1.848633740835492373e-25
-1.751336455875647527e-25
-1.778882738840929962e-25
-1.744518690250059391e-25
-1.731239191330098896e-25
-1.792603489195725847e-25
-1.751945938306533463e-25
-1.681310527975726590e-25
-1.693605893981644891e-25
-1.709990318873494350e-25
-1.682365357337661843e-25
-1.603880586172391063e-25
-1.578365113594460442e-25
-1.669020166346960112e-25
-1.742550972093181994e-25
-1.584541835336538683e-25
-1.658362599046033010e-25
-1.602320671362896703e-25
-1.669576104152165190e-25
-1.679222953523147357e-25
-1.690401541111662989e-25
-1.708916614854543116e-25
-1.665766302406318916e-25
-1.702472686032323112e-25
-1.646797824995493717e-25
-1.617884289136054871e-25
-1.677720535145185784e-25
-1.595173556207282978e-25
-1.636128545108352321e-25
-1.692745893316713124e-25
-1.630305016763425451e-25
-1.606177975473434928e-25
-1.615922977948846452e-25
-1.606897830471117606e-25
-1.609356236431186212e-25
-1.538233899992144873e-25
-1.573723215627819296e-25
-1.590457543420846865e-25
-1.489095080968182617e-25
-1.580348982430362863e-25
-1.550568089632592399e-25
-1.568196242294143042e-25
-1.501721644344141016e-25
-1.536526338603651595e-25
-1.561607856229857347e-25
-1.518790695001098266e-25
-1.479393640574281533e-25
-1.628961121504698949e-25
-1.571306751813536212e-25
-1.608288212181346394e-25
-1.444927509653220407e-25
-1.548908864719438988e-25
-1.564946363553106090e-25
-1.434385259201395040e-25
-1.578445756597991575e-25
-1.458369960882431973e-25
-1.410201508698039713e-25
-1.497887078941580810e-25
-1.372130741729395592e-25
-1.504455363072820095e-25
-1.444056857181903179e-25
-1.403537460693457294e-25
-1.479127743498745428e-25
-1.540839729733555645e-25
-1.437620283268315947e-25
-1.451107698940591359e-25
-1.470131531019685938e-25
-1.492354724587889225e-25
-1.480535866577516544e-25
-1.410162658010058328e-25
-1.409191857757045944e-25
-1.490779561226698488e-25
-1.531084925695848662e-25
-1.404049794661262955e-25
-1.422946107086619348e-25
-1.426494132082602077e-25
-1.419344840749839832e-25
-1.402554158792191148e-25
-1.518421016383548190e-25
-1.420207098320103345e-25
-1.408811684021722743e-25
-1.371336123403629642e-25
-1.382538328302860454e-25
-1.393301604929553540e-25
-1.282143857278034933e-25
-1.318807416610290916e-25
-1.327268585714297991e-25
-1.340360757796770567e-25
-1.412320469817835575e-25
-1.400842145567374532e-25
-1.375161808033423008e-25
-1.357163305401071546e-25
-1.320240831621636341e-25
-1.362005312886438620e-25
-1.342949688116831597e-25
-1.404227461833087421e-25
-1.313681754740557020e-25
-1.338008171096786595e-25
-1.358191051676118365e-25
-1.363926557190365454e-25
-1.241611808971946433e-25
-1.281596845734391273e-25
-1.231375665981577291e-25
-1.355822395346508595e-25
-1.291199356540049077e-25
-1.276126264582896625e-25
-1.249185761547734705e-25
-1.274666314422212211e-25
-1.307404883833599164e-25
-1.320150273122882678e-25
-1.277993409635887354e-25
-1.225782836529323297e-25
-1.212357561543887632e-25
-1.213407580199386043e-25
-1.162845329164990096e-25
-1.259099054188715113e-25
-1.188583602908994168e-25
-1.295810512779725351e-25
-1.263626823060558217e-25
-1.213925603717879976e-25
-1.199253025230661616e-25
-1.184972019681723636e-25
-1.254146304362171077e-25
-1.346967235206143390e-25
-1.206888479746629909e-25
-1.128476519045247410e-25
-1.184136622474424917e-25
-1.261358646944406705e-25
-1.242091621190973290e-25
-1.192312067378113133e-25
-1.160130620409082221e-25
-1.125701484839375145e-25
-1.222372093412297436e-25
-1.162772709335194841e-25
-1.213875105552867914e-25
-1.229506508734728198e-25
-1.177099964281156291e-25
-1.118358326585758941e-25
-1.232307133830016295e-25
-1.150004595265759757e-25
-1.192314911262937532e-25
-1.104483507983136181e-25
-1.115928213218403499e-25
-1.115614354125277442e-25
-1.101749640065210591e-25
-1.041128210544052217e-25
-1.116583119456424512e-25
-1.109238175896748933e-25
-1.136113934233368582e-25
-1.144138687840967253e-25
-1.154239766638580200e-25
-1.172456281899367760e-25
-1.117521864652078312e-25
-1.167175873592687876e-25
-1.084974433291290596e-25
-1.057632591843231702e-25
-1.067791480646130298e-25
-1.094010539227485654e-25
-1.063771801529043852e-25
-1.024186352367555870e-25
-1.116078243863862602e-25
-1.079494913451501969e-25
-1.006233351520639301e-25
-1.141750677310508470e-25
-1.155693978090998691e-25
-1.104045430072542326e-25
-1.090624624651669862e-25
-1.086683441858674103e-25
