0.000000000000000000e+00
0.000000000000000000e+00
1.875073965861551616e-12
9.535608958084285429e-14
8.299503950123921829e-14
3.476804961568726023e-14
1.018578222249815605e-14
7.411584073131648897e-15
5.574095528474671975e-16
4.235710195490182703e-15
-8.358536282531976885e-17
-3.183302665973564492e-16
1.150314767757631992e-15
1.321128384667810355e-16
4.476744217597319677e-16
2.875679991199765753e-16
3.440818274543751235e-16
2.492341590902014913e-16
1.558291040053434267e-16
1.266115389946830276e-16
1.205025401083839880e-16
1.231052532994044843e-16
7.700550971570990055e-17
1.115727302277275606e-16
1.223682499618165921e-16
6.860556198216061436e-18
1.324296477054702648e-17
2.282237996575791481e-17
-1.682166070807839991e-18
3.098464750693925337e-17
2.625280434010657310e-17
1.586550480186482467e-17
6.614126787536764188e-18
1.048482949141019231e-17
1.482223539700315706e-17
5.961096822425040306e-18
1.088616920818040792e-17
5.146493199691078458e-18
5.821645829000415555e-18
6.231301308908718003e-18
6.127687833875890316e-18
1.752575263170697997e-18
7.329398337707353648e-18
7.403344858024488288e-18
4.368682283634455481e-18
1.009355600464064556e-18
4.860054396394344338e-18
3.195744657375586337e-18
2.552113489283395128e-18
1.611988104882333988e-18
3.929970120557834908e-18
6.589008047673563207e-19
2.766822509879466310e-18
2.477992283579720022e-18
1.778796649564037004e-18
1.284121675183331794e-18
1.384146210448004467e-18
2.325580389142996753e-18
1.520053425693085523e-18
1.517170612565438037e-18
2.000966418574334502e-18
1.324871655721187010e-18
1.126352314472968769e-18
9.796218008805021979e-19
4.745501440036162069e-19
8.603908773596290375e-19
2.431438632555984426e-19
6.484155132311324540e-19
6.600571172253843267e-19
4.507599641460595428e-19
8.289587092393299519e-19
6.764107708196808249e-19
7.016346913989476258e-19
6.311501495002099632e-19
5.890229409669463004e-19
3.174895955589423837e-19
6.335252792430889122e-19
7.016878738123016692e-19
3.392085998143642000e-19
2.314299873421353885e-19
4.960621235400150095e-19
3.985678967760485329e-19
4.508521093644955913e-19
1.987022898225748749e-19
3.175558752686622380e-19
2.214082042916224331e-19
1.370212375631169096e-19
2.773659791795056320e-19
2.471911400817921221e-19
2.194373719832649986e-19
1.788288749071191158e-19
2.189038317770784385e-19
2.963822029514010713e-19
3.007007813099452150e-19
1.283611778854706126e-19
2.071919346646896598e-19
2.405009126769379847e-19
1.144073182823846077e-19
1.971632905298550439e-19
2.296634638306792732e-19
1.269193873851868236e-19
1.478570624721514301e-19
1.905632262078619815e-19
1.900963139241600233e-19
1.113161053335249849e-19
1.482587156186041574e-19
8.460239271385281279e-20
1.096583768834397258e-19
1.315482060978867158e-19
1.219711818167591839e-19
1.258933600868494734e-19
9.521374861092983931e-20
8.572009909077420958e-20
5.048046274959732210e-20
8.049774586554787205e-20
7.500881649086209423e-20
5.141568935504144668e-20
1.076238534266266767e-19
1.049858226836505000e-19
8.336139181347222858e-20
7.414728060592894037e-20
6.938300191431668161e-20
6.578655224543429731e-20
5.170396976951356297e-20
8.334655794547363842e-20
5.768171787227252919e-20
6.134733292447208850e-20
8.011912107940514309e-20
3.615406957490898235e-20
4.951773637448003247e-20
3.213829537798343905e-20
2.998421574847718515e-20
4.320995908955819520e-20
5.526919440190946327e-20
4.209521612686756924e-20
4.713085191136457687e-20
3.842888034141027089e-20
3.755893142221453631e-20
4.015644725007325410e-20
1.887379498094944557e-20
4.522873522743599439e-20
4.264450424088792362e-20
2.112409509025809110e-20
2.998745033089391579e-20
2.980343598689987117e-20
3.185479972170413855e-20
4.228694275382756697e-20
2.181262787835694519e-20
2.481295874514501090e-20
2.342185357487848528e-20
2.701805185035780882e-20
3.153666372145879162e-20
2.629686880211752557e-20
3.261130470517847715e-20
2.664594180856610180e-20
1.733787028559984129e-20
2.090154051874581612e-20
2.143446641445212646e-20
1.997225798368686757e-20
1.933463496535761882e-20
2.325611886783496097e-20
2.136261435455692528e-20
2.027750954685873050e-20
1.910235984606605171e-20
1.579098736599690361e-20
1.372563964043043465e-20
1.421942130452589401e-20
1.475495145411998368e-20
1.638559981468403441e-20
1.930042949122344248e-20
1.461929981262770164e-20
8.623825056604117661e-21
1.968313638589878618e-20
1.680012027864586085e-20
1.277312626573071871e-20
1.478075930582258870e-20
1.506050950475317896e-20
1.812289003852310825e-20
1.519579194384770816e-20
1.361964914324434252e-20
1.542963175384474589e-20
1.665221053127560380e-20
1.084408956843021499e-20
1.263720037834845544e-20
1.342250483341597910e-20
1.496139257198187546e-20
1.157966778908514859e-20
1.117052413227019666e-20
1.165283319296092486e-20
1.099218605562987611e-20
9.112194617207316498e-21
1.192217033042956582e-20
1.381439576049164500e-20
9.103892778603958046e-21
8.325310219727747956e-21
8.004891266442995571e-21
1.247315434008262155e-20
5.314724741356331568e-21
8.118315510796539682e-21
5.184910462308088447e-21
1.091451021039586944e-20
1.027168341336818041e-20
8.439606863975536876e-21
5.883026460569734051e-21
5.625084327084891878e-21
5.576684291452089061e-21
5.940016101699600509e-21
6.382211192037039613e-21
6.760570876255431717e-21
6.760777729370536051e-21
7.859723587238348978e-21
6.133981560276104860e-21
7.038984962361025938e-21
7.167302990340111003e-21
5.163092708305238922e-21
7.239408579522929244e-21
3.518280525748392600e-21
5.708502914570328811e-21
6.423101730332672913e-21
5.866316548041447943e-21
6.211507672591093022e-21
7.079759120150285949e-21
6.885645048149410897e-21
4.040269676058066472e-21
5.849306248083395716e-21
5.274736621265974390e-21
5.512877478306262247e-21
4.789759646440744446e-21
6.437701550177038566e-21
5.403751483587915772e-21
3.419177059816315149e-21
5.155266728230530772e-21
4.425316623189143515e-21
3.935467241673773426e-21
3.768945320492785735e-21
3.692855240987666157e-21
4.080310170232073529e-21
3.849149078898110922e-21
3.661281879386443962e-21
4.491397390553998147e-21
3.528742923773824571e-21
3.368404121331041962e-21
3.005800928534247535e-21
1.988482042875859217e-21
3.212974049668786256e-21
3.507659369011052528e-21
2.522596667576121006e-21
2.993016331114392813e-21
4.034843441193331426e-21
2.028548528808699640e-21
2.417857464415469821e-21
2.710750513474013083e-21
2.265961073211987750e-21
2.300976977844361566e-21
2.492266016129944167e-21
2.974200829405837604e-21
3.187680351000034117e-21
3.129804916462503441e-21
3.443862100371393377e-21
3.175540899985464903e-21
2.740146761163850836e-21
3.254166554661517656e-21
2.162897663740401655e-21
1.884191600752161863e-21
3.061729403070709095e-21
2.124790043704435798e-21
1.882561731825916678e-21
2.460618543065539293e-21
2.490965339289610934e-21
2.241819018817161738e-21
2.371955991684729445e-21
2.194909579543520396e-21
3.019413261124309682e-21
2.500430940922419833e-21
3.117093946029560929e-21
2.239008108698377208e-21
2.698186570257034071e-21
1.856745777918476105e-21
1.998118074033069028e-21
2.117497927601315879e-21
2.590599803582114665e-21
2.201446406913884079e-21
2.001691570845833347e-21
1.630037469688817543e-21
1.753401330387184604e-21
2.061947022564931423e-21
2.196074041358910461e-21
1.891423990624033454e-21
2.152888725436424446e-21
1.749886942552059297e-21
2.291416387385815558e-21
1.748139777667405613e-21
1.279235695943347061e-21
1.350084843823270873e-21
1.454516849131339494e-21
2.267690510557346653e-21
1.369153228391835178e-21
1.541042236093628910e-21
1.995287812115329338e-21
1.343490499982441298e-21
1.529645149581178316e-21
1.779828060049007774e-21
1.695954058825373099e-21
1.610128845072590095e-21
1.581030403350216560e-21
1.101921733899512205e-21
1.350607969002528507e-21
1.008977104672976065e-21
1.578668093275569219e-21
1.399276420782756856e-21
1.672745110984563872e-21
1.524425697548491350e-21
9.569682980463420371e-22
1.260568476942586169e-21
1.343862537858901672e-21
1.271702526621243409e-21
1.318534240944373915e-21
1.110747959810304812e-21
1.024847751884700737e-21
1.762775028698534821e-21
1.267865247703914363e-21
1.150885652958510013e-21
1.317210985724004548e-21
1.296436013744994360e-21
1.121286089126874168e-21
1.349099604758586059e-21
1.456711155600641929e-21
9.295730105966167519e-22
1.350946525899865567e-21
1.280437921404045099e-21
1.051111707378147521e-21
8.892509318976601366e-22
8.770191743763719250e-22
7.733653958322036960e-22
9.492470157828564994e-22
1.063919421654082570e-21
1.188021686411532937e-21
1.128844792091286645e-21
8.924084657534474965e-22
8.562749036344090365e-22
8.807733303896827215e-22
9.888603324170443228e-22
9.533473990167023560e-22
9.969339199357328778e-22
7.425221050743536016e-22
7.534465281891571661e-22
1.082671616577527103e-21
9.204448167331190261e-22
1.141633842599276376e-21
8.918281387006351668e-22
9.965112207586173170e-22
8.299182576332487914e-22
7.121857221642072376e-22
8.239134431204103820e-22
8.337321972123041350e-22
6.539152879993067035e-22
1.047667818547120579e-21
6.380827861524034053e-22
9.436263447575189717e-22
8.098778396877833238e-22
7.104689775926108126e-22
7.433366748248617763e-22
9.152615659496175590e-22
7.506115172518907155e-22
5.794218541362381851e-22
9.375933484312402317e-22
7.092056148344428721e-22
6.015700448285121870e-22
6.526891315466049454e-22
7.033989947518769826e-22
6.382109247755998134e-22
8.700942689898544812e-22
8.256999743831945917e-22
7.066149854266040958e-22
5.292583709845111664e-22
8.520698314992454432e-22
5.740942072629198155e-22
6.119677029108583899e-22
4.135699884986944820e-22
6.700171889294884459e-22
4.856212457212106611e-22
5.377548259422989932e-22
5.106304467741072570e-22
7.132954812320969095e-22
7.367684146934453496e-22
4.240955323801545686e-22
5.445633038963567676e-22
5.848548144518933133e-22
6.847286457431375363e-22
5.777181592637235809e-22
7.093316874696456226e-22
5.211541530526369241e-22
5.748743115752688484e-22
5.032876067796154818e-22
6.420712248115585537e-22
4.715267891530346633e-22
6.146038027620498391e-22
6.828208425086534589e-22
4.539168143100609407e-22
4.826810931858359998e-22
5.027328183716574567e-22
5.942394393165976630e-22
4.756506113076117053e-22
5.631364871580384768e-22
5.439615755328702471e-22
4.732920733016481414e-22
3.651671016101384535e-22
4.777416465606873736e-22
3.501739576863747722e-22
4.185637453491016208e-22
4.003033759737908253e-22
4.364853108964387078e-22
4.646101674209730701e-22
4.796636513603777104e-22
4.297983677250326149e-22
4.789045981138863460e-22
3.624417736234507018e-22
4.164203473549145040e-22
5.062458908129195245e-22
3.533093023026423003e-22
4.441452985086946505e-22
3.637994005907138985e-22
5.123177668185701489e-22
4.624326462903247278e-22
4.820596198455778293e-22
3.654669742675886245e-22
3.772530116910565241e-22
4.087572706479060841e-22
3.376861842250885383e-22
3.370378914291991320e-22
4.203085157354287625e-22
4.511661007494312074e-22
3.106936948267375397e-22
4.025356712236009593e-22
3.540831663091522553e-22
3.892889554262446487e-22
3.488837207160329499e-22
4.113871248156339356e-22
4.415212883493251341e-22
3.734457705638148815e-22
3.826426166400974436e-22
4.264869330436351415e-22
3.088331116352579631e-22
3.566141729070338589e-22
4.916255862339902974e-22
3.273576073316930331e-22
4.046981674240885569e-22
3.077959076728861751e-22
3.578225981415400358e-22
3.135410513918878356e-22
3.252843028014225750e-22
3.168827362763131245e-22
2.476238002677761264e-22
2.969785016220104307e-22
2.743636727808178598e-22
2.863079086521186894e-22
2.231151490832664230e-22
3.006280010766318423e-22
3.164770805693718131e-22
2.849370965670246812e-22
2.449100431881795754e-22
3.235863310174495422e-22
2.788221784688903550e-22
2.321525025090457701e-22
3.013269410382174136e-22
2.883483591411466593e-22
2.168717074000721125e-22
3.038640811064070010e-22
2.840797950608093927e-22
1.989490912876866078e-22
2.570549061955649670e-22
3.162459904775697470e-22
2.618891168384712570e-22
2.977428280444506179e-22
2.539152350217367820e-22
2.046815110928179795e-22
2.788978713377111023e-22
2.001098198491681405e-22
2.090034787823470858e-22
1.910972561177656869e-22
1.693128946051443494e-22
2.227233553618103365e-22
1.792506160833867866e-22
2.716333174025798505e-22
1.887024939304422469e-22
2.322941052192643085e-22
2.325379120341313149e-22
1.872140984685365207e-22
1.939288221700408904e-22
1.702525424261834984e-22
2.334465808209811747e-22
2.094037406980437205e-22
2.417887664318594075e-22
2.265854974447949740e-22
1.992332335006840409e-22
1.975444335045330822e-22
2.117830461305565006e-22
1.829013742683496488e-22
1.650453601926843649e-22
2.197504737268796126e-22
1.990549629841301040e-22
1.813795041979003934e-22
1.813517255227657743e-22
1.919608919075845122e-22
1.725088211233181779e-22
1.840830543268071517e-22
2.066719238223486551e-22
1.201746168243638139e-22
1.930479859780993659e-22
1.883213738364501302e-22
1.373777424058692039e-22
1.437521772452610570e-22
1.708128013287391836e-22
1.460795816789967615e-22
1.584279768541877789e-22
1.755878788805925742e-22
1.485767811702602522e-22
1.363074800461393018e-22
1.727134966665416502e-22
1.737800909956987604e-22
1.643992284825493282e-22
1.582544355914796339e-22
1.352234218605405537e-22
1.416141097644040225e-22
1.481634871696054264e-22
1.508099042469092463e-22
1.336465023156061737e-22
1.460631203253554385e-22
1.819107082358678553e-22
1.794330176249321849e-22
1.357721660064647783e-22
1.311679707833177184e-22
1.549910193005282937e-22
1.837100248067548115e-22
2.036252633530718981e-22
1.122232717317792970e-22
1.490054360223050603e-22
1.485532958136798073e-22
1.511062754055659614e-22
1.334401447082324042e-22
1.728241631320708660e-22
1.045898625888127998e-22
1.350034247396970828e-22
1.117506098926974460e-22
1.601766127320127438e-22
1.702547961051064799e-22
1.149648545529687645e-22
1.310929159839928801e-22
1.257147784118217667e-22
1.459359041032873173e-22
1.353919040434908811e-22
1.252131424234401644e-22
1.330982666748220706e-22
9.397800195002921569e-23
1.331123210952761964e-22
1.163472926645259751e-22
1.504828952195512174e-22
1.349470768772694098e-22
1.161054124898176940e-22
1.270191645760064738e-22
1.334778208435606233e-22
1.192198593000489892e-22
1.167440526495277029e-22
8.759914879356867558e-23
1.194415642457647581e-22
1.173873254230891321e-22
1.250909254266856583e-22
1.002068753350184070e-22
9.577756418586058969e-23
9.959767663919620422e-23
1.051417991761208132e-22
7.276716036856606063e-23
9.587582922545085733e-23
1.135228135184932226e-22
9.579560201438872526e-23
9.359484510696450006e-23
1.390690948467217883e-22
1.100509321419214290e-22
1.297464522233930795e-22
1.139758048732180773e-22
1.008571655484779512e-22
1.037800035933113471e-22
9.623337377993526887e-23
1.035490334209842548e-22
8.871096953632969633e-23
1.077590973362800894e-22
1.019717119253195633e-22
9.777017515409229616e-23
1.147308509091969886e-22
1.071067955993390743e-22
6.826932165562831373e-23
8.297146420771458736e-23
8.017746481131333368e-23
8.127585566483473424e-23
9.841441102317064390e-23
9.657980822440022594e-23
1.035877218565046494e-22
9.996844761633552136e-23
8.493597724138931027e-23
9.010946745282267580e-23
1.017135496592046144e-22
9.488130948210062885e-23
1.176350058743148343e-22
8.422554009511062504e-23
8.446587977623373661e-23
9.503501656723662803e-23
9.356490493079168322e-23
8.625225279395848224e-23
7.784914516876207410e-23
7.882902420387034565e-23
7.052273941257145463e-23
7.889953851535722610e-23
8.956409689489324353e-23
9.410551585970582684e-23
6.534431542226559739e-23
1.064083457623037379e-22
7.887152579846137023e-23
8.286780765731417462e-23
9.381412730930809898e-23
7.725273831381989944e-23
9.803715275766059290e-23
8.265313642307760239e-23
8.972208328784884045e-23
8.383044830106662580e-23
8.083428377117520956e-23
7.190353547824782821e-23
7.263544691280372468e-23
6.709303733688854534e-23
9.873653348645176801e-23
7.965670248377031330e-23
6.296423404436578722e-23
8.652686346973330763e-23
7.695977176179938177e-23
8.601542502868882321e-23
5.802057990554791280e-23
6.438668598042584536e-23
6.842198455246863624e-23
7.830240447029252154e-23
7.842257434442996345e-23
6.490329206253612899e-23
5.592325585630767208e-23
6.349776465266047371e-23
6.793353405361687044e-23
7.301010458363482305e-23
7.140416771150002966e-23
4.509715036074956538e-23
8.373169419188259144e-23
5.992145875612210785e-23
5.278682084558276616e-23
5.140921206191338530e-23
5.838916639206108853e-23
5.382951465070836344e-23
7.426728435834060604e-23
7.816007928617306216e-23
5.700268754689174965e-23
6.945439176355707827e-23
5.073874965289989155e-23
6.408320335135062853e-23
5.946197983562495759e-23
6.983557084994948191e-23
6.237873818910521123e-23
5.195028960972168658e-23
5.852104488411955747e-23
7.341506315002461382e-23
6.511135903003613493e-23
6.204616227432338545e-23
4.764059668549283006e-23
5.402760864029623302e-23
5.472236016139179459e-23
5.654807363701409068e-23
6.528319278951414351e-23
5.883083006151462388e-23
5.030149439847955870e-23
6.872760708739170790e-23
5.431001921058240896e-23
5.640060796716645246e-23
5.024535744934071522e-23
7.169607579264719854e-23
5.292124646059673454e-23
4.631632787435158534e-23
5.137824453624308120e-23
4.527354878543788410e-23
4.466197080475682137e-23
5.835769081526237504e-23
5.156241778579464853e-23
4.961689846605391760e-23
4.787927460984241073e-23
4.789717449943299651e-23
6.247403242751899924e-23
6.477633189385696359e-23
3.562038830489528313e-23
4.063204289234619596e-23
4.872042372961755483e-23
4.565465466008169371e-23
4.413161522318130963e-23
5.329578015509286225e-23
5.264236542181854018e-23
4.005977142993650060e-23
4.477415714310950958e-23
4.351171035920791828e-23
3.753718730796156036e-23
3.699242948942559317e-23
4.148963975921771659e-23
4.211219285852377027e-23
4.399299818558101788e-23
4.986906768722875117e-23
4.618196423676529514e-23
4.143410487417320098e-23
5.282588361086450162e-23
4.459633399737159078e-23
3.761242229321987142e-23
4.445829051949359680e-23
2.799005486361089273e-23
3.966707578076394408e-23
4.703245915998029509e-23
5.173878643854357565e-23
2.840459069263260586e-23
2.702005666942054390e-23
4.075489414532722042e-23
3.825092347509034691e-23
4.433817691161759314e-23
5.082552764404873883e-23
3.406730400571828455e-23
2.927815953748034872e-23
3.597165645825427220e-23
3.761366832243750794e-23
2.776834387143517176e-23
4.170255105372201600e-23
4.426623886053270242e-23
4.308515905133848113e-23
3.244420108854824790e-23
4.468670004520988056e-23
4.426830591362505800e-23
3.822942302769186076e-23
4.132865323069056595e-23
3.312121738729819150e-23
3.492563281306617394e-23
3.277970611236279526e-23
3.113562852407415114e-23
2.369749938812326621e-23
4.010087718772665340e-23
3.821811188679758610e-23
2.351381331337537161e-23
2.858229002827121444e-23
3.671727755024018738e-23
3.284500721638431162e-23
3.608291401989033015e-23
3.702623150577352941e-23
3.015976063420208611e-23
2.625293816678254630e-23
2.798366521172804575e-23
3.327387343601311425e-23
3.252966975811067423e-23
2.869426998169631597e-23
3.349516660570824505e-23
2.466795282495398080e-23
2.449205850225287394e-23
2.649099141765603883e-23
4.353942982992131421e-23
2.576171903926852340e-23
2.930483624885433274e-23
3.381710917738773286e-23
2.637856042174062025e-23
2.411298390691339748e-23
3.133487598029679699e-23
2.386412342157935050e-23
2.767385248882726650e-23
3.623852540666482874e-23
3.580316525000679585e-23
3.224081195704949981e-23
3.263460485252517361e-23
3.184694771653673321e-23
3.424474495499184698e-23
3.566465127975027319e-23
2.825611639054080042e-23
3.020516088868746593e-23
2.415419545126960048e-23
2.969497131688362818e-23
2.398716683670876860e-23
3.095800867883079506e-23
3.008027236927066089e-23
2.496649533043727030e-23
2.814592269523403749e-23
2.584276498799460481e-23
2.936947065184317787e-23
2.822047584028930944e-23
3.105016052006024573e-23
2.727226603579310137e-23
1.849836579000092068e-23
2.975158732489501640e-23
2.675888865244549934e-23
2.209745183761372653e-23
2.041775302461499842e-23
2.455089940848060702e-23
2.454605061496537808e-23
2.523853880742619161e-23
2.077173459156932235e-23
2.191182081928240561e-23
2.030130182214738184e-23
2.894455890145236735e-23
2.558987296293556603e-23
2.683008081223369242e-23
2.681227911265935206e-23
2.434018308658356157e-23
2.145655562911057115e-23
2.139491427249581756e-23
2.956715837256792966e-23
2.464545178988942817e-23
2.298731425197578453e-23
2.528543410220230504e-23
2.379537512247213480e-23
2.747747525895115633e-23
2.402500161593624551e-23
1.751497109253184878e-23
1.963135096254005066e-23
1.982131363679494598e-23
2.725129306730841302e-23
1.822090681851180931e-23
1.773056625248818671e-23
2.609178798679657665e-23
2.505674554774795252e-23
2.285220090032416554e-23
2.215159408717360328e-23
2.293888586238352916e-23
2.305838114654770238e-23
2.149513338905898487e-23
1.807109350020215540e-23
1.809555912976830712e-23
1.884473701851340379e-23
1.987666907203942189e-23
1.841463161448645404e-23
1.908660021044018405e-23
2.285847033851253535e-23
1.991811443554426296e-23
2.505279538891036190e-23
1.799423653512313787e-23
1.783684115349484761e-23
2.347683249672330054e-23
2.192694683755870638e-23
2.032411267302403176e-23
2.541790871177069224e-23
2.077072748668030639e-23
1.379327236419123447e-23
1.537128306493615127e-23
1.656330729834816426e-23
1.592161633575801020e-23
1.529508467833309710e-23
1.951718282337317662e-23
1.785502158486905506e-23
1.271521719874935838e-23
1.548628272547780387e-23
1.850408894553846131e-23
1.608578286309327544e-23
1.540880331153431076e-23
1.465287467057439619e-23
1.349054659072410103e-23
1.657249861732547607e-23
1.866019164500167422e-23
1.538589672398759832e-23
1.140168838965086017e-23
9.363327979529841748e-24
1.535411211918514043e-23
2.489260828455024488e-23
2.111686950934085030e-23
2.000623405004540422e-23
1.691534998397960057e-23
1.475444264774386299e-23
1.630812929533724785e-23
1.492370338717613575e-23
1.260480409577890111e-23
1.208991372381547368e-23
1.805941387437281465e-23
1.453715321351447420e-23
2.062825753060696423e-23
1.806228268439363719e-23
1.656300249820712111e-23
1.534475445648512803e-23
1.346366529768027347e-23
1.138688699449806132e-23
1.415928103674684241e-23
1.407517252211212803e-23
1.447816754510939491e-23
1.854628283860969093e-23
1.416130587351506992e-23
1.169269369364516125e-23
1.048221321845296022e-23
1.651972646844027906e-23
1.266401361295548815e-23
1.490058832635908933e-23
1.103877422484346493e-23
1.549061491637772056e-23
1.113877494216584300e-23
1.531813155898060101e-23
1.263146497092956488e-23
1.912222592761898992e-23
1.601526583390379592e-23
1.187279836242920775e-23
9.873152988942579107e-24
1.563811029867617569e-23
1.260983956739506221e-23
1.496011650406786079e-23
1.152112205998390629e-23
1.523892897429371396e-23
1.522416550623438833e-23
1.065451825419778241e-23
9.015708500248622248e-24
9.978091499806459985e-24
1.295427590071030321e-23
1.504419265681768044e-23
1.091310781174949941e-23
1.455907330468271283e-23
1.271488594273032349e-23
1.562689364289893464e-23
1.325750168651321699e-23
1.423543348482299186e-23
1.248866912175792779e-23
1.161486441846957362e-23
1.024030067775981441e-23
1.436950515819407462e-23
1.156815807727128821e-23
1.703418120995390437e-23
1.355242597442737790e-23
1.262213114592076727e-23
9.131134161061106340e-24
8.548881142340172092e-24
1.145114361158554098e-23
1.441423486707920589e-23
1.219951818270064565e-23
1.234087263133037350e-23
9.471408600638362249e-24
1.167183289344875176e-23
8.937698477664817333e-24
1.025851996990502259e-23
9.894925989621080050e-24
8.575974479988220253e-24
1.418943787307448335e-23
1.156130019819609888e-23
1.337295291592485662e-23
1.105192760834926212e-23
1.054223366499631817e-23
1.321020308948965450e-23
9.867066695153545685e-24
9.747327002332598533e-24
1.655698091957640095e-23
1.576171619915416158e-23
9.347807347883939905e-24
1.418723114165033504e-23
9.355137890098039009e-24
9.972615096702212527e-24
1.097420414464558912e-23
1.193822106516923224e-23
1.051807971407025197e-23
1.465301352667379548e-23
7.943412827623725867e-24
1.002635189990891090e-23
1.019799444954844695e-23
8.148012298065084201e-24
1.063117614736765253e-23
1.352123031635328681e-23
1.245814630670757233e-23
1.073716954531548684e-23
1.035829415406102471e-23
1.003349541204779960e-23
1.101003182955688836e-23
8.272753189589647701e-24
1.029055278814580896e-23
8.021126004210259436e-24
5.659055357363986221e-24
1.027114353948228940e-23
1.124044445103693636e-23
8.015891660391905383e-24
8.577804691384729962e-24
8.469981792001353614e-24
1.137602687611258054e-23
9.719759844846894897e-24
8.480623390731624704e-24
1.063446887952236429e-23
1.014545634549992233e-23
8.652701934851385967e-24
9.034646267408864932e-24
7.620487164839095011e-24
9.198182397147168174e-24
9.020870849698716273e-24
9.105513989500869221e-24
8.190006353846217622e-24
7.148296957228867639e-24
7.783471503769868324e-24
7.078254556940028518e-24
7.279936599680710089e-24
7.106388245042198951e-24
9.653751240666947066e-24
1.025339155127757734e-23
1.096950883778618985e-23
7.301249193717251825e-24
7.689180809395865492e-24
9.944755219460230298e-24
7.795757940077217111e-24
9.345408191840864123e-24
8.225726036133304961e-24
8.792019045675427358e-24
6.493095673810838018e-24
9.442750208756180836e-24
8.684792785651613156e-24
9.538837550958963306e-24
6.735606779545845294e-24
6.964738703669145582e-24
7.095272360275377228e-24
8.221669197109910193e-24
7.866294654042759560e-24
7.732532664737638062e-24
6.579701881024439302e-24
8.915460546735022299e-24
4.973104867231256100e-24
6.967526754109557993e-24
8.470626257477019746e-24
9.408021559684950235e-24
5.038061963270780263e-24
8.357440290690548978e-24
6.735879518373001633e-24
8.377466148222879694e-24
7.143942888853466808e-24
7.175111616891735237e-24
8.070258857352120939e-24
6.030403634246498371e-24
5.265028417682095137e-24
6.105969753715460962e-24
4.590794158102425243e-24
6.173989099372075500e-24
8.994149478357727474e-24
5.998589331389058398e-24
5.394769148238484065e-24
6.408254328912957408e-24
6.892750635038403139e-24
6.959433021716269148e-24
8.092387742821365790e-24
5.364791990913377824e-24
6.257177357194264510e-24
7.088347899831995046e-24
9.576135765538341890e-24
6.261553087751998499e-24
5.316768861704274455e-24
8.228602799591998785e-24
5.190626778894075574e-24
6.030122646158651858e-24
6.728735567186778952e-24
8.578548220728181909e-24
6.837828611453805470e-24
4.993686933880783667e-24
5.799130131965823809e-24
5.140389659776857773e-24
4.996482979376461113e-24
6.706097285248763288e-24
4.468246802267091782e-24
5.587980612411028437e-24
5.694397301955008590e-24
6.663575438265093862e-24
5.167896434099411718e-24
7.591301304798349852e-24
7.938572548703956922e-24
6.244756510841836524e-24
5.745811182311238186e-24
6.882472325161276538e-24
4.124861450233564804e-24
7.690495457849227573e-24
3.273193103921505287e-24
6.733594193746352139e-24
7.076472520471818308e-24
7.515345234948817497e-24
6.136956939251874298e-24
6.891491799554019885e-24
6.019497598751861654e-24
4.045209617358880038e-24
5.345068290556608718e-24
4.382541677340908849e-24
5.485527834328313901e-24
7.355177367680904912e-24
5.583873048991315595e-24
4.453840699121681904e-24
5.857081093658699867e-24
3.734319636208425835e-24
4.777760786566634259e-24
4.451022189881715656e-24
6.882806599068409164e-24
5.254188519553758475e-24
5.123769758385761023e-24
4.903405316502363047e-24
6.032059221016202760e-24
4.414583244421052339e-24
6.239752558233770970e-24
6.486965244154544863e-24
6.815162450529886596e-24
7.670682898161334866e-24
6.861907421426311944e-24
7.350930481312103541e-24
4.019262281889375866e-24
4.517741675373867076e-24
5.361403969523834704e-24
4.517335605624713413e-24
6.156665659314613258e-24
5.159507549999106609e-24
5.527251893092957495e-24
2.685788712676443083e-24
4.254387453223463410e-24
3.673758901639752093e-24
5.799070022619598113e-24
3.090621911510518975e-24
3.590675705637152038e-24
3.816158184424544630e-24
4.790018681454512414e-24
3.469905139416411583e-24
5.018658123358729818e-24
6.006204256049205562e-24
4.541204887680276528e-24
4.118126445583535495e-24
3.689197653199432121e-24
5.180083607128581010e-24
4.788999259767886063e-24
5.186363768183234686e-24
3.660748038286262758e-24
4.347144578638838726e-24
4.296601665937086095e-24
3.506608365209001839e-24
3.090112758658189047e-24
2.245026406551427295e-24
4.483330598217523877e-24
5.884769412945678469e-24
4.794689444858288131e-24
2.386258658426043352e-24
3.438948764322890476e-24
4.085879139948666905e-24
4.503407943417288066e-24
3.184778132674249626e-24
3.577490899470961061e-24
5.305541998335307667e-24
3.810385808093942337e-24
4.945411852097136758e-24
3.376352447332557824e-24
4.293045890166108885e-24
3.503194710315382597e-24
4.661008882503233775e-24
3.406232433080792635e-24
3.362469065824655178e-24
2.010075370247355183e-24
3.844234017917203151e-24
3.283174743006051691e-24
3.045495153255736878e-24
1.422780032152136318e-24
3.256679935678739915e-24
2.455150351433522000e-24
2.021554272686663520e-24
1.553105246054289965e-24
3.513995391830992598e-24
3.134892565974851624e-24
2.987095463138337498e-24
3.469069102598325154e-24
3.858033807014273916e-24
3.562551987305161581e-24
3.870148221953542674e-24
2.964190360136537928e-24
3.928178651815432123e-24
1.655711422109392871e-24
3.561403845566654238e-24
4.966264560428787240e-24
2.235097059643013938e-24
4.128465193632755299e-24
2.985088868743967161e-24
2.917642902407454030e-24
1.641966966374147463e-24
1.436269026039489540e-24
2.782825674525393050e-24
1.877170882647628534e-24
3.149107444674479778e-24
2.748911772143232119e-24
2.122614748043201746e-24
1.288170769101583025e-24
3.519946588388241803e-24
3.624481055457285247e-24
3.126835695398245715e-24
2.301204120092659646e-24
2.967761769555186224e-24
4.196429964125701233e-24
3.247760747158409783e-24
1.681600604096892721e-24
2.711589677599672161e-24
2.125149125809345655e-24
2.276837017832758751e-24
3.743859049281084991e-24
2.110215442914548303e-24
4.292404481278266892e-24
3.121938810435927699e-24
3.498720196514325835e-24
3.363664228385066342e-24
3.317970707708089565e-24
1.973634636859065745e-24
4.048856879243430930e-24
2.074530341603983792e-24
2.548513497349405760e-24
2.403352446840946249e-24
2.983311659892642421e-24
2.788558985615682837e-24
3.140088462054586768e-24
2.814614217446073175e-24
2.078483738744650757e-24
1.760766499254448674e-24
2.279234375252121929e-24
2.716267472534658342e-24
2.015686348290819268e-24
2.157386878996628840e-24
9.439121096497718077e-25
2.959346455509427272e-24
1.303831721366742173e-24
2.757029483791833863e-24
2.500965037023245943e-24
1.981837588582156462e-24
1.656425713932620735e-24
2.048517188087721400e-24
2.087661976950990936e-24
2.638410701434486698e-24
2.346540113588388836e-24
1.470745937137561469e-24
2.402599120504119607e-24
1.668412837143303351e-24
1.430848678082133683e-24
2.545389777248364376e-24
1.506149380948900254e-24
1.135733051365780658e-24
2.613241586695455763e-24
2.421593955423803047e-24
1.656687835689256155e-24
1.546615716959501982e-24
1.818173124557342802e-24
1.196324333636527154e-24
2.032592147614247327e-24
1.658572520596234103e-24
2.130893524393553770e-24
1.712143166651482104e-24
2.817009099372516687e-24
1.343975753816078319e-24
8.450475367154002993e-25
2.069378679724870987e-24
2.597605743810017054e-24
2.467068344915945833e-24
2.336819733595892757e-24
8.896290115600575598e-25
2.082755341507701713e-24
7.132873394412559454e-25
9.144250762885907238e-25
8.188194603701025366e-25
2.183701826971391958e-24
8.592246258502646176e-25
1.830473912289891971e-24
1.543571637725097971e-24
2.583548629373828455e-24
1.104215386380895590e-24
1.554134158041155155e-24
3.239411468191543402e-24
1.805138532201624191e-24
1.248639788507599757e-24
2.007317940553091135e-24
7.104975001567810787e-25
1.416834210786380432e-24
9.106651149211919296e-25
8.006812155536950168e-25
2.349541556222668204e-24
1.749759111722971364e-24
2.152515424250490334e-24
1.261536537633576579e-24
6.443398597832805479e-25
1.561944162005208914e-24
1.210365165275820087e-24
1.323471888606531979e-24
1.863872683599327932e-24
1.153346700533804363e-24
6.176619074947131134e-25
-1.447017608488377457e-25
1.427897608208705034e-24
1.397513957664945583e-24
5.829324216021387921e-25
1.547698391564582159e-24
1.319891294370615695e-24
1.187472092117518517e-24
1.022328637578816082e-24
1.532601300976065383e-24
2.498242802759830969e-24
1.475379014358111507e-24
8.267763238573712601e-25
1.272102889425868441e-24
8.777843677021798366e-25
1.670643856184399118e-24
7.879955900377493102e-25
1.601351878701697361e-24
7.384714006818328501e-25
1.044584388390646860e-24
1.829802067083335567e-24
1.202650576592842056e-24
8.795736488431876171e-25
1.313119688989636613e-24
1.354378354296900679e-24
1.038288384941318235e-24
8.771531336323190221e-25
1.134381043902480468e-24
1.161930571930006011e-24
8.492202283450231455e-25
1.004454607843554085e-24
1.510667600274756748e-24
1.361413349162350752e-24
1.275618819682438016e-24
5.669019832198949699e-25
3.776086115372719127e-25
3.974652417698372657e-25
1.560352964432596585e-24
8.761522130364242183e-25
7.643824815854568208e-25
7.240352461166327172e-25
7.767120823650017970e-25
6.738594870687330280e-25
-1.375199138206330735e-25
9.425831794752330995e-25
5.107490873749387744e-25
9.131956543416253158e-25
6.503519188499587594e-25
1.132859529234866812e-24
1.119878443194716905e-24
2.685370072249616218e-25
1.074449525555979126e-24
1.898764013827107097e-25
7.321353798449033669e-25
8.873757399546792473e-25
9.775212865050722637e-25
1.035679679985087361e-24
1.582085788563177690e-24
1.070747015235238164e-24
-7.698222569983802393e-26
6.021179913747297508e-25
4.929006539702839512e-25
1.951123158263552251e-24
1.291660658635613865e-24
1.306107145179632428e-24
8.155038963859790885e-25
7.417309112728929928e-25
4.026807434862035261e-25
1.386941767079992047e-24
5.849876766230573580e-25
1.495475993668433095e-25
1.800515235739504249e-24
6.932423741372448041e-25
3.468003214719123362e-27
7.318446033649354952e-25
1.652492669979215012e-25
1.252989612291683289e-24
3.951336177879630506e-25
2.921910658861780102e-25
6.539230239268309164e-25
6.640078324483018011e-25
3.657291840291189846e-25
7.925874868927075409e-25
8.936661966488576461e-25
5.938563999676453246e-25
9.671438749456446073e-25
5.700343989262727738e-25
1.040010117420714156e-26
1.255625633928352926e-24
-2.062707410160237844e-25
7.764467369906938480e-25
5.551872179772603697e-25
3.893191858062057195e-25
9.338382739219771306e-25
1.325872826253145723e-24
3.507160740770823348e-25
6.544434181856031816e-25
1.397119737772493978e-24
2.743516576017936832e-25
1.360078776250566358e-24
8.366534855892271671e-25
1.757441299625148177e-25
6.922141086495810251e-25
3.553252831282523533e-25
8.917523380638044053e-25
6.969567654355812654e-25
3.371761852184493438e-25
1.261992981622755598e-25
4.966414623111644538e-25
9.349004397225465925e-25
3.279403983698034500e-25
6.605924510278524194e-25
5.279139427415736656e-25
5.952766712642077287e-25
-4.567576101564374818e-26
2.104017223835491774e-25
4.122508766545453547e-25
5.796260764131321326e-25
6.053442011925670161e-27
8.323082072460171092e-25
-4.657698029904668152e-25
6.741691312909351872e-26
3.113901098231055983e-26
3.943565645604286254e-25
-5.115575000061016149e-25
7.543349121008988829e-25
4.774856677974803256e-25
3.295661605553214102e-25
5.539287811375857293e-26
6.565878012051997075e-25
3.201264824209052693e-25
5.254446282017674961e-25
-7.082990585584914286e-26
-4.773631466136294872e-26
1.260788847164282475e-24
1.524745354217741535e-25
4.117183003677671284e-26
7.489158474287388430e-26
1.991979679863813722e-25
3.641562971473054432e-25
-3.368587115908516899e-25
-6.740349956161965702e-26
2.771856653826652355e-25
-4.690957262618675930e-25
3.734353760666221749e-25
-3.266287250482704086e-25
4.015786775300434879e-25
-1.383869540493788627e-25
5.632173977798535594e-25
6.977775754464079802e-26
1.666749888507864221e-25
1.109822456597087519e-24
2.905658002743375893e-25
-3.617201737761077174e-25
-1.783355674154351676e-25
-4.556756212986362912e-25
3.742257101148308995e-25
1.093742120225684957e-25
3.799329501913765736e-25
-2.315445535498313432e-25
-1.519478267948239841e-25
7.277023155668644321e-26
-2.316575976059811968e-25
4.817384767983214083e-25
2.982844226812869477e-25
5.170000663414696408e-25
4.718944531887542372e-26
-6.859135791499610453e-26
3.082096456249987309e-25
2.920552984635833978e-25
-4.636801222144356673e-25
-2.036674298136586517e-25
-2.736753274904094337e-25
-1.485007712959882835e-25
3.612891171385456265e-25
-1.182795200309530767e-25
4.597158736857114257e-26
-7.659398657601790811e-26
-5.208188039611068722e-25
-4.931964571679110865e-25
-8.589957137752575525e-26
5.756799936710900777e-25
1.022909666160514985e-25
-1.202859245629245205e-25
-1.233879660503629576e-25
-1.592939965305459328e-25
-1.019151012772826714e-25
2.990313541603013592e-25
8.186924153304564696e-26
5.727024830938652694e-25
-4.887232052596772743e-25
-3.807269497645503775e-25
-3.676621377037037645e-25
-4.865093936040259697e-25
3.313714558944224976e-25
-5.053572042127027980e-26
-1.768196220756975589e-25
-4.928371066561275019e-25
1.864022267836633283e-25
8.693874747468334931e-27
-7.018851567456993377e-25
-3.491168625374570080e-25
-3.379396464225700393e-25
8.643487786617757622e-26
-6.949920332248907454e-26
4.292048742948671415e-26
-3.116792789522687204e-25
-3.518210866382190014e-25
-6.691058170763695023e-25
-2.370362226661471537e-25
-4.247544373886977325e-25
-1.038447206034381203e-25
-3.865157342468702793e-26
-3.941146597346096872e-25
1.462769688774710639e-25
-1.348752637587728410e-26
-3.566424779619548353e-25
-7.379021982852828820e-25
3.061803225069438964e-25
-2.092793074846461993e-25
-6.061840532641967206e-25
9.293631959019996934e-26
-5.372162137155282772e-25
-1.010814241044789876e-24
-4.787399750111997040e-25
4.417200020595683138e-26
-5.593164305232734596e-25
-5.274054106365769708e-26
6.231523117051636098e-27
-4.265210119105144899e-25
-6.693599570253714886e-25
-6.274589347155532452e-25
-9.436675321910889084e-25
-3.793375994177118050e-25
-8.070521975887178406e-25
-3.407729834817722536e-25
-5.000480844285049522e-25
-1.121339949505214472e-24
-2.877367954771941119e-25
-1.398257402097920060e-24
-1.659311933075390044e-25
-5.898453319794704041e-25
-5.656189221760110364e-25
-4.186667091053133994e-25
-7.312024491250890004e-25
-1.108798330705746427e-24
-6.241524585099221690e-25
-4.502119596617419624e-25
-5.935400127964272695e-25
-5.122548422387750000e-25
-8.017786614591695378e-25
-3.676327542457889863e-25
-3.485177254293149835e-25
-5.541773584217250624e-25
-3.822675870219736152e-25
-5.629235291915570530e-25
-1.069271377697912681e-24
7.478362741688785770e-27
-6.196774569150585810e-25
-6.479960385506098858e-25
-1.199428482841446083e-24
-7.049862632411305188e-25
-3.444644083742175962e-25
-8.613869940963744657e-25
-9.877326181973525783e-25
-5.056308833068334674e-25
-5.019713646287344831e-25
-6.013596397482907691e-25
-6.589781801410014252e-25
-7.185710903841593363e-25
-8.738822153127922602e-25
-1.110102269035575729e-24
-1.047181779999145498e-24
-6.010191593067374124e-25
-6.258369978726271788e-25
-9.362860100296918209e-25
-4.729613022217641563e-25
-1.098159951829506899e-24
-8.133578581980530695e-25
-7.848870111970062186e-25
-9.953383947170591133e-25
-6.819269338461877785e-25
-4.183258873858023583e-25
-5.820860762481180470e-25
-5.942975139634696737e-25
-2.177677068492113111e-25
-7.423890039300862168e-25
-1.323449414286050324e-24
-4.604976572539896215e-25
-2.255486697280710736e-25
-8.718160860124561842e-25
-5.834622736260698019e-25
-7.228172021854783101e-25
-1.101923678516632017e-24
-8.618220308508620107e-25
-1.224582255213816052e-24
-9.767451105820108708e-25
-1.355517924599703523e-24
-4.535816670134179360e-25
-7.933000796783365526e-25
-1.086690488548520595e-24
-9.689093527331031957e-25
-1.065245832487602964e-24
-9.665339205079809333e-25
-3.193938219853940193e-25
-7.847632076773465425e-25
-5.555160238545501659e-25
-1.274063749560816577e-24
-7.783885219643728412e-25
-7.084788062011689487e-25
-5.265057795116211338e-25
-9.755348744254965278e-25
-7.457177159824028612e-25
-1.206460473705045614e-24
-9.072881438400524945e-25
-4.260552153978095675e-25
-9.049555250274051794e-25
-1.060391865087398388e-24
-8.259567456604938206e-25
-1.181190527544348340e-24
-1.205664941905422138e-24
-1.003246166001428627e-24
-1.075994371036664547e-24
-8.414557751656194002e-25
-9.147073728342715460e-25
-8.629221645249379826e-25
-8.054326987769420344e-25
-1.132151366004829605e-24
-9.543590005308171434e-25
-1.008652716820309326e-24
-7.635100365191907899e-25
-1.004456636389933988e-24
-8.485889236198137522e-25
-9.603154409055408881e-25
-7.574963447070062623e-25
-1.102287787833286051e-24
-8.548514904933115734e-25
-1.207756130812632749e-24
-8.758410562201417335e-25
-1.275535994404650633e-24
-4.568769797125006731e-25
-1.008626127536286560e-24
-6.386900722366848345e-25
-8.252081493999157889e-25
-1.109180888561801515e-24
-6.424072554045827320e-25
-8.706299600646078067e-25
-1.156531045774987024e-24
-9.734865277346609931e-25
-1.081277739658754797e-24
-7.650260816669181098e-25
-9.477152034946083694e-25
-1.221688879608753096e-24
-1.247217946612734983e-24
-8.344359844223453138e-25
-6.935430525581752136e-25
-8.704471160297245845e-25
-1.167538516762120976e-24
-1.143281005006470819e-24
-8.349669258084812638e-25
-4.401096134879080027e-25
-9.876448125073292923e-25
-1.361527199953782413e-24
-9.583621278071411790e-25
-8.654742897348363475e-25
-1.171238330971140659e-24
-7.432648589047725673e-25
-8.266451562300353084e-25
-1.068139182779835423e-24
-1.050372431178600406e-24
-1.189163186919002752e-24
-6.032336978280082187e-25
-1.299922915643779973e-24
-9.685804217506591560e-25
-1.339450298321159406e-24
-9.264452383502856366e-25
-1.065998405778748549e-24
-1.050176751250991284e-24
-1.085216839397990789e-24
-9.695580028336767902e-25
-9.864803559455220837e-25
-9.352649761351773881e-25
-1.150133779448733987e-24
-8.738765470286558664e-25
-9.174483465363276184e-25
-1.160115714788353163e-24
-6.871529038356353164e-25
-1.180681816307523602e-24
-1.121654273413080894e-24
-1.060711588498758776e-24
-9.201737420465711714e-25
-9.924267998923083714e-25
-1.312231640560337350e-24
-1.439718206029696606e-24
-9.571777200380636496e-25
-1.274663093867734514e-24
-1.271228038879006342e-24
-1.265316145614202406e-24
-1.051023948790347197e-24
-1.288638775399916657e-24
-1.002023791476079050e-24
-1.220621000277588353e-24
-1.429822574437148531e-24
-1.456180680698258182e-24
-1.456023032913133156e-24
-1.238092094658579792e-24
-1.019395880189650349e-24
-1.338394810553461216e-24
-1.344807246094020065e-24
-1.299678676784766460e-24
-1.030643717787382885e-24
-1.095448467929825068e-24
-1.600125274893752944e-24
-1.250309909707163096e-24
-1.151071419440359145e-24
-1.200334378956675135e-24
-1.177208663886312763e-24
-1.161620644891062304e-24
-1.150759324987767770e-24
-9.859182373583207464e-25
-8.939209719097208704e-25
-1.177351146510846654e-24
-1.254274939179467802e-24
-1.384974095436589079e-24
-1.142642073972212431e-24
-1.395438951424033963e-24
-1.512535560340579073e-24
-1.196593982447351757e-24
-8.441812073345381084e-25
-1.225016708070078542e-24
-1.118639698304168956e-24
-1.461297873535561292e-24
-9.561418106975969995e-25
-9.648752182627737138e-25
-1.142608379687908936e-24
-8.734668670459162967e-25
-1.029977629849337893e-24
-1.536374619467569673e-24
-1.126710564951912145e-24
-8.837430952158001094e-25
-1.216971182993875162e-24
-1.132293430004207126e-24
-1.053289388351380333e-24
-1.470657010418381164e-24
-1.133984409006063925e-24
-1.202372235384144285e-24
-9.073975653388924962e-25
-1.233560624050497776e-24
-1.215876873844033091e-24
-1.022097131210488038e-24
-1.267845004973904581e-24
-1.360490499476950474e-24
-1.082201191588428277e-24
-1.227974243502456353e-24
-1.294126437319990120e-24
-1.201788220035743795e-24
-1.090475272484367631e-24
-1.490992980188362055e-24
-1.132882811139416771e-24
-1.213527873354991542e-24
-1.285947581752012085e-24
-1.036658834187205593e-24
-1.167513587769338245e-24
-1.074519282833070353e-24
-9.227762940201553970e-25
-1.374142521456971922e-24
-1.037007495816260312e-24
-1.433494097190197805e-24
-1.394015648134414886e-24
-1.272646017295808703e-24
-1.205482430856793355e-24
-1.342738322767160398e-24
-1.510953554680602756e-24
-1.464631331947156488e-24
-1.323783877503293500e-24
-9.257894176060214688e-25
-1.148742932729193381e-24
-1.489483501821157704e-24
-1.225035966145884591e-24
-1.332636608806076625e-24
-1.537218456965325699e-24
-1.670025625667844749e-24
-1.415016541037699823e-24
-1.535190334374340558e-24
-1.539607674881588850e-24
-1.334532493786687130e-24
-1.485263458131580797e-24
-1.288189328461104855e-24
-1.475006872849267590e-24
-1.219609605406404542e-24
-1.396295000537523013e-24
-1.261624096994888519e-24
-1.053793970512347163e-24
-1.086049163531461625e-24
-1.219747994617301242e-24
-1.013558139160100900e-24
-1.339610970519793755e-24
-1.130416291662173312e-24
-1.390439562926435484e-24
-1.028863282806528400e-24
-1.052318070557788067e-24
-1.170769708151757837e-24
-1.199129687797385849e-24
-1.589239613685876907e-24
-1.375129083819224001e-24
-1.526745539041599196e-24
-1.235376351696313256e-24
-1.756318563854977444e-24
-1.081995244357015916e-24
-1.435393829438496895e-24
-1.449400326656796411e-24
-1.568502576727925117e-24
-1.254568682701265278e-24
-1.418490320942097073e-24
-1.478619728208490517e-24
-1.455168386801080846e-24
-1.245640832234192444e-24
-1.617297833617108168e-24
-1.514956738835055645e-24
-1.510465552960344225e-24
-1.347891531964033933e-24
-1.373898017332339434e-24
-1.769362409119143428e-24
-1.388148972400297054e-24
-1.656501191435929310e-24
-1.566282090074843582e-24
-1.511931844056273947e-24
-1.798671082846958316e-24
-1.332939695772856151e-24
-1.644395299854277842e-24
-1.842769385544350889e-24
-1.258492313235279316e-24
-1.627280154188874947e-24
-1.521088657462149057e-24
-1.421523557976604505e-24
-1.679601876013800416e-24
-1.463310841334705542e-24
-1.564730733863706795e-24
-1.514346584908261476e-24
-1.699791284720971116e-24
-1.591905441886196796e-24
-1.600955271363069692e-24
-1.544102430694479824e-24
-1.570433147601502211e-24
-1.564521729310642966e-24
-1.631369303370123095e-24
-1.659635219722023344e-24
-1.508666847880309668e-24
-1.179435102813338919e-24
-1.437581506923106753e-24
-1.332577915957897607e-24
-1.556138156230894411e-24
-1.793061554038434282e-24
-1.389678613150389898e-24
-1.617706461008561776e-24
-1.224850726060137596e-24
-1.545918888609367497e-24
-1.712489811651034142e-24
-1.335404731636509797e-24
-1.542217406383929535e-24
-1.669747229100021679e-24
-1.594607878563579704e-24
-1.487555229624539551e-24
-1.618408101624993490e-24
-1.765762953734717195e-24
-1.485439696451591392e-24
-1.711878240301291748e-24
-1.527289667853337499e-24
-1.400874237418829308e-24
-1.727562862587284090e-24
-1.533969196279137384e-24
-1.568974412197365535e-24
-1.497398997710925073e-24
-1.677414264932210546e-24
-1.685542748700716469e-24
-1.723107721923767561e-24
-1.835073517456514231e-24
-1.833709732602381022e-24
-1.813283131396823746e-24
-1.788506352983424823e-24
-1.614361720136061974e-24
-1.373197353110352777e-24
-1.470101838459013908e-24
-1.760249784382569631e-24
-1.734300394690320022e-24
-1.535350210640433976e-24
-1.771118435348332257e-24
-1.580075800290844105e-24
-1.875541043881665214e-24
-1.432999836716231042e-24
-1.847031555445304716e-24
-1.644307047038778472e-24
-1.844738487111039783e-24
-1.716034213289713824e-24
-1.330903743353299203e-24
-1.759833500684347878e-24
-1.649833942961686637e-24
-1.687350930271866856e-24
-1.801548152502243203e-24
-1.541530893217262051e-24
-1.666594420625928336e-24
-1.534834636984398562e-24
-1.891206011209638004e-24
-1.576595811793237034e-24
-1.506408739338150130e-24
-1.818587030440439439e-24
-1.571210326444368010e-24
-1.615383406613066419e-24
-1.742083801557630217e-24
-1.466865964354821174e-24
-1.811875998010955415e-24
-1.587880133152931248e-24
-1.665601453070074551e-24
-1.926927254889660370e-24
-1.561303320251938486e-24
-1.702181769367487109e-24
-1.698420437357194825e-24
-1.771818222348620245e-24
-1.826194712044005604e-24
-1.846563675220954548e-24
-1.541041931883495760e-24
-1.797839803187943624e-24
-1.892571930274394059e-24
-1.718628313335028083e-24
-1.823431926513644710e-24
-1.752901418430936004e-24
-1.620793571756271550e-24
-1.815778393434335241e-24
-1.782180025866890250e-24
-1.790513090525094241e-24
-1.459072848918111819e-24
-1.936388495183519823e-24
-1.848336838617317998e-24
-1.649468981568369041e-24
-1.640917977266037331e-24
-1.781454644343862053e-24
-1.740888700790484497e-24
-1.898616955223616021e-24
-1.662103672811110119e-24
-1.827632842979051823e-24
-1.655230585857243592e-24
-1.644271307755780998e-24
-1.862776416958786218e-24
-1.782541672928071112e-24
-1.675860847099373455e-24
-1.613672255977277565e-24
-1.933739999162531042e-24
-1.500413977176282571e-24
-1.672819277534568556e-24
-1.841924819315634805e-24
-1.861912106653964917e-24
-1.807025094149791577e-24
-1.711926522971590800e-24
-1.753801497356437709e-24
-1.836037730888311689e-24
-1.678664055356738877e-24
-1.764383264182711022e-24
-1.865852842773674172e-24
-1.928034114741019888e-24
-1.956251658578646354e-24
-1.635314933193446257e-24
-1.609137438535999364e-24
-1.772563898426719685e-24
-1.924209123848664791e-24
-1.777291404305517950e-24
-1.767856818624218050e-24
-1.815732617976499090e-24
-1.688471694300846748e-24
-1.804588754295808280e-24
-1.881209096487097822e-24
-1.796799304352783916e-24
-1.909981783816378574e-24
-1.970905633639240489e-24
-1.783867100545692613e-24
-1.749902257673983328e-24
-1.710920633719533913e-24
-1.713313605341678875e-24
-1.787499485090025487e-24
-1.918719159714681925e-24
-1.739776238663255163e-24
-1.902952470191575402e-24
-1.957593739556549279e-24
-2.023457557750811368e-24
-1.944688066141525639e-24
-2.009700140924384443e-24
-2.119984106767708157e-24
-1.789748856171461331e-24
-1.864379444951437797e-24
-1.672093546109403709e-24
-1.870254211949875063e-24
-2.042369745754971827e-24
-1.874098868864915754e-24
-1.943353213086192227e-24
-1.827235281382296923e-24
-1.688966407915847589e-24
-1.762557685995867790e-24
-1.532723977487285251e-24
-1.700909263912452816e-24
-1.994537713973971773e-24
-1.755477053866982221e-24
-1.891242252582231637e-24
-1.775940248983418350e-24
-1.845134014704216235e-24
-1.744572534284499335e-24
-1.965028497337716289e-24
-1.697624945583773333e-24
-1.784025720382387062e-24
-1.974363207077212258e-24
-1.765692044003606352e-24
-2.001137327307588250e-24
-1.665517660727701651e-24
-1.635396638439901798e-24
-1.780660444894924943e-24
-1.862617074881668767e-24
-1.817165477618413136e-24
-1.696850483473394631e-24
-1.906165917814443075e-24
-1.949768962170477320e-24
-1.577403769073859962e-24
-1.898713855170783386e-24
-1.774100762674820386e-24
-1.851795963605834105e-24
-1.838452173360315431e-24
-1.782688764589715687e-24
-1.826091599349313280e-24
-1.828917884975013804e-24
-1.914769501008746051e-24
-1.789321238117568215e-24
-2.009283907152137487e-24
-1.669675958484526093e-24
-1.885444998858596613e-24
-1.821897995175347434e-24
-1.816431039092662063e-24
-1.879962887885834838e-24
-1.833401520793402708e-24
-1.870005368586414655e-24
-1.760868259638839001e-24
-1.804423034132388522e-24
-1.623500407347422514e-24
-1.788536095719764145e-24
-1.856688984920229305e-24
-1.962640324745867554e-24
-2.083405128501651720e-24
-1.879860627890913224e-24
-2.000560118873987546e-24
-1.959452734437867137e-24
-1.843408592325467795e-24
-1.731097671012180281e-24
-1.767427225595724924e-24
-1.831178702604453647e-24
-1.744563171003527476e-24
-1.999221407667972526e-24
-1.941704412892096417e-24
-1.829281528366281563e-24
-1.809560055205481301e-24
-1.892382371586563235e-24
-2.075723419535030250e-24
-1.876967260165106250e-24
-1.985683914291052499e-24
-1.861337431603408126e-24
-2.005680174069472593e-24
-2.079259080021410697e-24
-2.018838389607280077e-24
-1.572622892674068481e-24
-1.951878287431604182e-24
-1.677366302708321887e-24
-1.954034526665930936e-24
-1.923457132686536918e-24
-1.799216772926223481e-24
-1.698290909388322019e-24
-1.891675271005512471e-24
-1.968525804698370691e-24
-2.085506216184617424e-24
-1.999092942705843276e-24
-1.756805411677458401e-24
-1.869220699623197668e-24
-1.991610400447402270e-24
-1.774042836741761887e-24
-1.929343592983668675e-24
-1.936201445049898622e-24
-1.890117692718405268e-24
-1.945121159677217106e-24
-1.783722011907749845e-24
-1.906868230178871735e-24
-1.814379133008639637e-24
-1.799043599687825292e-24
-2.032451822591197148e-24
-2.030151517476921302e-24
-1.949985226301181522e-24
-1.770356018553713193e-24
-1.736857525279349105e-24
-1.969176258861533518e-24
-1.845184442355593001e-24
-1.998211360048320284e-24
-2.113149988947588886e-24
-1.727236471746052799e-24
-2.057618669702721089e-24
-1.957903196368258218e-24
-2.011222090695881720e-24
-1.946076868487180023e-24
-2.094186896626655823e-24
-2.091501669877263537e-24
-2.129510453799244301e-24
-2.117240483379774380e-24
-1.933004892108000668e-24
-1.920461298740631618e-24
-2.021647332929260465e-24
-1.875503105572389334e-24
-1.906764316585115889e-24
-1.721473051086565131e-24
-1.935662832816280935e-24
-1.955522456548281813e-24
-2.024491294973960236e-24
-2.003799078548538364e-24
-1.923169920142653598e-24
-1.766816851008772312e-24
-1.881921012965715373e-24
-1.937693991529243534e-24
-1.903844720599057338e-24
-2.024211730041175744e-24
-1.946312952504037236e-24
-2.221897458342743049e-24
-2.020188905824177598e-24
-1.997556426172477827e-24
-2.010604445603401562e-24
-2.049492137875770382e-24
-2.126216624926132900e-24
-2.135367657130489656e-24
-2.077972403227338521e-24
-2.178584352958871438e-24
-1.998514118591163944e-24
-2.076063977669992471e-24
-1.906983044606065011e-24
-1.954949775222231712e-24
-2.202917892701744294e-24
-2.150143114394878396e-24
-2.015455539277500637e-24
-2.062384309665657822e-24
-1.989562087251622006e-24
-2.060121453765113820e-24
-1.855790777073407451e-24
-2.039076303838809787e-24
-1.947275701483555667e-24
-2.092087449957214205e-24
-2.054240816753577362e-24
-2.139928157484068615e-24
-1.996603207123943165e-24
-2.168078541993430329e-24
-2.118368661257207037e-24
-2.122022745831730105e-24
-2.195221089375764811e-24
-2.065067041266161533e-24
-2.082890547715605411e-24
-2.012977066139519315e-24
-1.903648008690866758e-24
-2.269098182500763076e-24
-2.067443809636276376e-24
-2.057950023177274466e-24
-1.995753737414363604e-24
-2.124941489649061478e-24
-2.188899934994391855e-24
-1.979299114184170478e-24
-2.371038971764245087e-24
-2.211085835790871566e-24
-1.969323596245111562e-24
-2.233196572143656146e-24
-2.095561358917129626e-24
-1.997926347643812828e-24
-2.180707147074566334e-24
-2.167754819953126316e-24
-2.270585254961198766e-24
-2.155816094536934624e-24
-2.173341737178935978e-24
-2.215126920106611307e-24
-2.293882766379339445e-24
-2.275777044068856512e-24
-2.050260382233065756e-24
-2.299394707100727992e-24
-2.289958037590107412e-24
-2.187706727635895119e-24
-2.192566965771873843e-24
-2.161879970874553286e-24
-2.294864461249399709e-24
-2.079113781760990587e-24
-2.048946971978193616e-24
-2.137100888337716100e-24
-2.258638694510674779e-24
-2.275663280221015494e-24
-2.144503110790111367e-24
-2.483511985710377034e-24
-2.142483826213417380e-24
-2.072022429831478094e-24
-2.005819115514986459e-24
-2.223617154062228308e-24
-1.960222284644825383e-24
-2.080808871983807705e-24
-2.317996081982735626e-24
-2.200863817167972518e-24
-2.146762876023743897e-24
-2.231601957040646863e-24
-2.000197277830689932e-24
-2.138657348672889906e-24
-2.302892828334738163e-24
-2.213112445487617848e-24
-2.137076259214550435e-24
-2.196704026095996389e-24
-2.324867419509601244e-24
-2.300603096188038641e-24
-2.264059712605669014e-24
-2.180296289973804901e-24
-2.354743298663332218e-24
-2.130141862623314136e-24
-2.414565842952084366e-24
-2.028256108058671593e-24
-2.132428721228724706e-24
-2.291749653796483668e-24
-2.045722737651922934e-24
-2.260470907661108850e-24
-2.146440396251148538e-24
-2.228598122947573322e-24
-2.251118347577546534e-24
-2.217413854738208185e-24
-2.038693419255292647e-24
-2.136685365039848665e-24
-2.214997967019761173e-24
-2.117761304619381623e-24
-2.291793401207207448e-24
-2.274739516922410136e-24
-2.318872972775438906e-24
-2.200326180444927503e-24
-2.140888562399936416e-24
-2.283616479526684460e-24
-2.067763920053347468e-24
-2.360975020127263347e-24
-2.218900345701589192e-24
-2.184551314628427716e-24
-2.125171513535269961e-24
-2.498423710914607405e-24
-2.187253175461567031e-24
-2.267316017869578188e-24
-2.146370151304657368e-24
-2.300016110849081427e-24
-2.361617097549417177e-24
-2.198973119923273731e-24
-2.172050711090446884e-24
-2.482074869808789278e-24
-2.327680433387595989e-24
-2.311836668560553445e-24
-2.411618457017524539e-24
-2.187355960991559322e-24
-2.218877166966662757e-24
-2.244642426685756698e-24
-2.296235272387323742e-24
-2.124443516814440590e-24
-2.497049466448335883e-24
-2.151373241462600527e-24
-2.255380305440755346e-24
-2.277301449074003008e-24
-2.209005065906345758e-24
-2.214815273487984829e-24
-2.418993750705478409e-24
-2.314814886439168832e-24
-2.255569492944951920e-24
-2.162209541690438910e-24
-2.202075352426214494e-24
-2.416745768801886328e-24
-2.321651147308478320e-24
-2.420461390369958610e-24
-2.253501829514999721e-24
-2.279756315125066522e-24
-2.252426468937973717e-24
-2.347445773679483794e-24
-2.271550713977304148e-24
-2.361285675678197127e-24
-2.363848454359004050e-24
-2.380493825334008931e-24
-2.374936113155537011e-24
-2.337852721313483394e-24
-2.274861732215116333e-24
-2.260906610173604002e-24
-2.204470296120350570e-24
-2.210362530878294181e-24
-2.051749918116372384e-24
-2.176440663508513484e-24
-2.344129909688895259e-24
-1.982696647874320119e-24
-2.253281535545901576e-24
-2.298342386966851284e-24
-2.190192761726307376e-24
-2.203812179864020186e-24
-2.179269168212454699e-24
-2.355367178410247153e-24
-2.161203092159317389e-24
-2.261446952985234233e-24
-2.301356590495401832e-24
-2.256635268991793444e-24
-2.256289422395768258e-24
-2.191252761096353871e-24
-2.262772899435604761e-24
-2.380590331685448469e-24
-2.308364518294278736e-24
-2.312255864036983369e-24
-2.345452465369710006e-24
-2.373437509207848893e-24
-2.266438736874419073e-24
-2.301537450626619487e-24
-2.305025680458351511e-24
-2.329317604571760851e-24
-2.154062719290413257e-24
-2.315209771425787813e-24
-2.220914046691520169e-24
-2.394801659736943404e-24
-2.164140428407117970e-24
-2.489668866231265580e-24
-2.189024596388470514e-24
-2.297306211432419180e-24
-2.072661217630321058e-24
-2.109680967805168755e-24
-2.266041686864860346e-24
-2.421003926826233522e-24
-2.439017217671088431e-24
-2.290622106653415657e-24
-2.234518165699544063e-24
-2.152101151279991754e-24
-2.347359615034064072e-24
-2.467527409092006400e-24
-2.388267397630257139e-24
-2.421636686799078814e-24
-2.196266278958838357e-24
-2.225329495304648989e-24
-2.180702913149351412e-24
-2.164143540058923369e-24
-2.339189513926013369e-24
-2.297201458500566831e-24
-2.320772089844958988e-24
-2.321263383528106526e-24
-2.256567414947625503e-24
-2.330192241388056787e-24
-2.317925232939403544e-24
-2.428507549936659408e-24
-2.257701475952428569e-24
-2.305622487438221583e-24
-2.303186437898663461e-24
-2.211541484981516080e-24
-2.290379178769222406e-24
-2.218101179403047021e-24
-2.389364699170155927e-24
-2.403395263496838046e-24
-2.330218932088696986e-24
-2.302370340746548474e-24
-2.434413660211593434e-24
-2.251599114322698318e-24
-2.116324249255306247e-24
-2.076390207405797199e-24
-2.142763261116070866e-24
-2.189028882372639550e-24
-2.185483306656352673e-24
-2.278100558909915190e-24
-2.215851727879474261e-24
-2.300837449380374429e-24
-2.296279198492791317e-24
-2.212155203468069400e-24
-2.338362264223172380e-24
-2.238261270997423223e-24
-2.342860142571519869e-24
-2.394227174876251461e-24
-2.094628960381668363e-24
-2.259919385846749074e-24
-2.415842196499493305e-24
-2.249727817794226355e-24
-2.353912008833220780e-24
-2.240812929725180598e-24
-2.363536734791847798e-24
-2.322826242797011685e-24
-2.282223199305857870e-24
-2.325753321540236850e-24
-2.261384030468813555e-24
-2.373968836834482519e-24
-2.323097949420759858e-24
-2.350122903157037381e-24
-2.297937448640144614e-24
-2.272590989717879756e-24
-2.290353018927809897e-24
-2.310187144339032693e-24
-2.279432351262273676e-24
-2.332210073309420444e-24
-2.408426577050931663e-24
-2.300067348679985330e-24
-2.248946480631169215e-24
-2.260336278072776716e-24
-2.283588150853318718e-24
-2.296672756063438932e-24
-2.313955062426131656e-24
-2.131972422513203617e-24
-2.191992687503332519e-24
-2.352994647945144252e-24
-2.340793455453893611e-24
-2.450692068995387750e-24
-2.210975284326344783e-24
-2.151991169455944740e-24
-2.262492567968478922e-24
-2.295354719149077730e-24
-2.280300747344378869e-24
-2.242204194401203674e-24
-2.323876307903194942e-24
-2.228478588894563383e-24
-2.242010511880072443e-24
-2.327656133218709200e-24
-2.309231699005182456e-24
-2.490623498925832589e-24
-2.312718812464276478e-24
-2.168412329871683479e-24
-2.232546477719433387e-24
-2.235097866794534851e-24
-2.185788605355903751e-24
-2.232101196746713812e-24
-2.235251689105564374e-24
-2.274865356783702300e-24
-2.341343511557620147e-24
-2.274464777529016601e-24
-2.485708213384066300e-24
-2.424956016551530934e-24
-2.376371450478793332e-24
-2.370525700173780689e-24
-2.265305899395099468e-24
-2.338588515175916098e-24
-2.395612357139438315e-24
-2.242992339957153645e-24
-2.283710383320959449e-24
-2.207988881757277093e-24
-2.296656787812639479e-24
-2.249567582777918065e-24
-2.381122129077841842e-24
-2.251570382645408612e-24
-2.356300459542614898e-24
-2.228112448433194141e-24
-2.220334122335389119e-24
-2.325488875349695900e-24
-2.293676747636346767e-24
-2.167670420648354089e-24
-2.134637205853918291e-24
-2.504932032588212323e-24
-2.341587371545907918e-24
-2.272839605180723165e-24
-2.337412325564858126e-24
-2.223417752713869167e-24
-2.417353744384088454e-24
-2.270519114659269811e-24
-2.366148342068217051e-24
-2.353798530798928537e-24
-2.097897941495878803e-24
-2.261580867949766725e-24
-2.276791887429786848e-24
-2.391164427086221187e-24
-2.264333348959507425e-24
-2.530923579710992877e-24
-2.367928699802316179e-24
-2.225703067026879266e-24
-1.996431705481287349e-24
-2.441589412692416077e-24
-2.326700053352533783e-24
-2.135014524972112804e-24
-2.267183932573690838e-24
-2.310999563023571396e-24
-2.334657202438482026e-24
-2.367425806202289044e-24
-2.446829158400893053e-24
-2.440482007483989047e-24
-2.375162315832987629e-24
-2.380254583954156842e-24
-2.378928463175144819e-24
-2.282594804508486191e-24
-2.294636427680586684e-24
-2.303017282243162294e-24
-2.269494002161279879e-24
-2.182084413075053847e-24
-2.086648007031887940e-24
-2.407286466440275884e-24
-2.293118595040573626e-24
-2.338898308426050531e-24
-2.398539350712518940e-24
-2.421189796027054674e-24
-2.330477019461741149e-24
-2.393940685173830588e-24
-2.264780400215054762e-24
-2.472395758630924101e-24
-2.229083125078841837e-24
-2.441513912390801582e-24
-2.280140326621719346e-24
-2.257661708916300029e-24
-2.336165216952654166e-24
-2.464628168539348793e-24
-2.407877773314831405e-24
-2.243037688702642227e-24
-2.352288188130897974e-24
-2.285770824421853759e-24
-2.522511140461907498e-24
-2.336955729679962188e-24
-2.452216457500678403e-24
-2.420070987494894294e-24
-2.386363567762719087e-24
-2.439344066554827289e-24
-2.229098430578631619e-24
-2.333859825159060604e-24
-2.359866899844091328e-24
-2.365381592797649880e-24
-2.384905055031886234e-24
-2.278908674842230428e-24
-2.366184916380886011e-24
-2.328905825434167657e-24
-2.321612334820159043e-24
-2.247724048085559535e-24
-2.321228204394935247e-24
-2.361421720744578001e-24
-2.245730824710456727e-24
-2.334755312096358103e-24
-2.433730066501474975e-24
-2.352544123884759295e-24
-2.289793131464368717e-24
-2.284803102245493869e-24
-2.437454536797908855e-24
-2.404798758019104792e-24
-2.314226917275658706e-24
-2.199857996049182305e-24
-2.287839285024946545e-24
-2.340118660232181534e-24
-2.157969667006021789e-24
-2.369175709054129219e-24
-2.351244983275483067e-24
-2.357281709078970404e-24
-2.276271107833256803e-24
-2.232103155807948844e-24
-2.234956977192807004e-24
-2.445904028475566531e-24
-2.307416293700256962e-24
-2.245677689651941262e-24
-2.241897565835256728e-24
-2.317050139744310625e-24
-2.303886253505711808e-24
-2.164697387180482898e-24
-2.260291147206309962e-24
-2.166736620120434867e-24
-2.140392349002436946e-24
-2.267952984336727982e-24
-2.230774144342044490e-24
-2.214042748121957115e-24
-2.347440462294400932e-24
-2.296499527106550841e-24
-2.336802743426707122e-24
-2.230542232470848897e-24
-2.203456482476554259e-24
-2.310972432042548450e-24
-2.290039095266701726e-24
-2.187077589247860483e-24
-2.392238252191607190e-24
-2.332416651446786381e-24
-2.333691248495008605e-24
-2.221628823787966843e-24
-2.229761444670397044e-24
-2.116191219238529716e-24
-2.121562134870908804e-24
-2.265040779872859543e-24
-2.089814798311119862e-24
-2.281382453807697527e-24
-2.239152169690291169e-24
-2.223889503404323464e-24
-2.118670383846008133e-24
-2.163028397174304946e-24
-2.262992219467698401e-24
-2.291473570672968624e-24
-2.381249318181451950e-24
-2.323883870995830074e-24
-2.217372355862723826e-24
-2.187430087848285300e-24
-2.126072409916228635e-24
-2.149951977947354621e-24
-2.031891695866418798e-24
-2.196072299151832705e-24
-2.154514954965345774e-24
-2.142985695569304556e-24
-2.200940905406211203e-24
-2.181641045646258885e-24
-2.043789846965545354e-24
-2.163922757281282175e-24
-2.139461770143998925e-24
-2.248011135235361283e-24
-2.304251421105126740e-24
-2.205755684430672200e-24
-2.181906069938279292e-24
-2.220803179774027894e-24
-2.074262914506213345e-24
-2.248803020199274525e-24
-2.147924916292800427e-24
-2.025915558703269870e-24
-2.082676237618054665e-24
-2.106790756866643605e-24
-2.168021684790010000e-24
-2.263179687540955402e-24
-2.187243365021733028e-24
-2.039462944718789085e-24
-2.254499739174727686e-24
-2.136930362444603610e-24
-2.194963138626077511e-24
-2.264704050624568822e-24
-2.036280561516952170e-24
-2.264680666611087971e-24
-2.090935010385679666e-24
-2.043089993227284487e-24
-2.239910667799477189e-24
-1.988154089624311601e-24
-2.173087717939303049e-24
-2.119827165311548579e-24
-2.076291322361996742e-24
-2.118180595408822969e-24
-2.157016433597832910e-24
-1.968577435613285853e-24
-2.185095770565107710e-24
-2.217721272534582144e-24
-2.048113109971510717e-24
-1.987595506354878887e-24
-2.228078631355384248e-24
-2.047505552889960458e-24
-1.969137805731029285e-24
-1.999028675668569916e-24
-2.054446938930442307e-24
-2.191435128418442568e-24
-2.183121451684504083e-24
-2.039142052570437271e-24
-2.089152821696259484e-24
-1.976773134131758350e-24
-2.155963736576665037e-24
-1.996963460845247822e-24
-2.020849998303492775e-24
-2.194349904314591403e-24
-2.170895174542476170e-24
-1.981072706226038527e-24
-2.006275939305702427e-24
-2.029690052572381129e-24
-1.975387179701872109e-24
-1.947275796240253000e-24
-2.101134174209778467e-24
-1.873678396613242725e-24
-1.981796899087193689e-24
-2.060829248531544398e-24
-1.997427773219029915e-24
-1.946087175779009781e-24
-2.007467371402918829e-24
-1.950760468406801094e-24
-2.037633329819308701e-24
-2.024438235366002149e-24
-2.073464924438192599e-24
-1.901563030766000197e-24
-1.963989886995331904e-24
-2.014773044648472566e-24
-1.951883302852635083e-24
-1.959159583681275254e-24
-2.030090103012138057e-24
-1.956890584726214014e-24
-1.936486498677975791e-24
-1.988931675624579511e-24
-1.983952442665687930e-24
-2.067223079598293094e-24
-1.992442968646584992e-24
-1.965012990563698739e-24
-2.063983669138759606e-24
-1.942827421499261586e-24
-2.016044841192437112e-24
-2.060460971396965481e-24
-2.078312010954411402e-24
-1.966899358621583999e-24
-1.846677483670078868e-24
-1.867208255867836310e-24
-1.954931425150108152e-24
-1.900388950504493215e-24
-1.853579673168619496e-24
-1.910250024141809417e-24
-1.897213569727562081e-24
-2.045075229520518440e-24
-1.929525817319460975e-24
-1.950367871586745210e-24
-1.855698551184229093e-24
-1.797920109140625340e-24
-1.836223771847310554e-24
-2.001933648647952350e-24
-1.930002948595171400e-24
-1.737247589033738674e-24
-1.830503427548133250e-24
-1.919957260772532980e-24
-1.917591308304063814e-24
-1.972555292640627416e-24
-1.940655488188585246e-24
-1.894894458329940859e-24
-1.863966488526118824e-24
-1.860346429459273443e-24
-1.867655221132788131e-24
-1.810336662040386075e-24
-1.842835800652482619e-24
-1.779659502493276752e-24
-1.945314336852275585e-24
-1.864245089648421913e-24
-1.869701573864258163e-24
-1.924482777020275533e-24
-1.811239153036504829e-24
-1.838791464611178129e-24
-1.805297123086674116e-24
-1.769382972313748001e-24
-1.788998229313153255e-24
-1.915959009243581120e-24
-1.840253240916875437e-24
-1.882432089741572911e-24
-1.829355582400372110e-24
-1.777126078777551875e-24
-1.834608759653346914e-24
-1.859718499632351511e-24
-1.631975946451103580e-24
-1.787209648939922270e-24
-1.690471296816398830e-24
-1.907224773370456839e-24
-1.806729914872864521e-24
-1.886679093720058959e-24
-1.791830808382326190e-24
-1.734717429790657652e-24
-1.803052702662005675e-24
-1.854086944504014552e-24
-1.801876096015109469e-24
-1.764248266316801037e-24
-1.738815877973214830e-24
-1.700333428099215463e-24
-1.675657800738912018e-24
-1.717894275230129280e-24
-1.709275872015687568e-24
-1.766334907205737689e-24
-1.708723241097991672e-24
-1.813020267503350513e-24
-1.740213879032045857e-24
-1.834680027346618645e-24
-1.774763568210705757e-24
-1.726240045798977414e-24
-1.777252687795889240e-24
-1.763126603533604486e-24
-1.764110445886397582e-24
-1.781660626867265287e-24
-1.767513520322587961e-24
-1.764739112397216459e-24
-1.794676564348232190e-24
-1.700827163735934586e-24
-1.768718048764983660e-24
-1.824946746239946864e-24
-1.763354906479911501e-24
-1.669795257629309378e-24
-1.677079985837917427e-24
-1.718521062620134724e-24
-1.770739440910816446e-24
-1.717726051226330693e-24
-1.666045314934886055e-24
-1.731891197947398283e-24
-1.693118288491212163e-24
-1.755852924093938741e-24
-1.692403941274571115e-24
-1.631617281466196776e-24
-1.578763810835867504e-24
-1.763489824882657570e-24
-1.589248639570782371e-24
-1.628130425589024293e-24
-1.705794232942565573e-24
-1.679432914886104124e-24
-1.731461059764326098e-24
-1.725286375768096784e-24
-1.548774250047866782e-24
-1.628012414585108301e-24
-1.598512993389361087e-24
-1.693414579190908263e-24
-1.580145471706462177e-24
-1.697995239961152579e-24
-1.659176428660109026e-24
-1.686628348871654298e-24
-1.617465907997442320e-24
-1.776093679895666091e-24
-1.513997913478769277e-24
-1.677209035184878823e-24
-1.690879576715552859e-24
-1.647800090578038920e-24
-1.685768132541729803e-24
-1.690570753640756153e-24
-1.534887341763862397e-24
-1.639273388853336024e-24
-1.625573729370209276e-24
-1.580131568713722109e-24
-1.601574044775847781e-24
-1.686149962691133896e-24
-1.663779232576788772e-24
-1.615239609457615755e-24
-1.567665999781518455e-24
-1.495772261145117029e-24
-1.646694678066162179e-24
-1.617676392756544468e-24
-1.696133270027054553e-24
-1.565535676342972706e-24
-1.546179194517737611e-24
-1.540005295592502182e-24
-1.577890632466071796e-24
-1.619257094854895402e-24
-1.529633089657038099e-24
-1.545149482768175084e-24
-1.616649117419729027e-24
-1.496906364633238819e-24
-1.538465545032486983e-24
-1.586591044598333025e-24
-1.549624539787130513e-24
-1.700070145956926804e-24
-1.527439410517671694e-24
-1.601683028736834743e-24
-1.628872172670043756e-24
-1.466055196583015868e-24
-1.558905321809041938e-24
-1.530147254406016520e-24
-1.604410448490488394e-24
-1.560587808460950814e-24
-1.516899155711446813e-24
-1.487773261584269301e-24
-1.549449467903025132e-24
-1.562769998400896600e-24
-1.559831363588485182e-24
-1.551071028496145221e-24
-1.516029650515313275e-24
-1.549338180937595592e-24
-1.514447068284489635e-24
-1.607083883977852675e-24
-1.565517968876598831e-24
-1.510258289235282256e-24
-1.477969860233191111e-24
-1.401004718437830738e-24
-1.506317671820468337e-24
-1.490882704706805054e-24
-1.508655251436605375e-24
-1.524882963126264753e-24
-1.467245371889260607e-24
-1.471427060739560843e-24
-1.494945011564642430e-24
-1.479392324550176531e-24
-1.452934773945562703e-24
-1.450196012181137460e-24
-1.476475722006391832e-24
-1.441395188971626301e-24
-1.413424646320581752e-24
-1.442938538771200861e-24
-1.372625464617466693e-24
-1.474130496346988638e-24
-1.433984046668913885e-24
-1.439464883087650720e-24
-1.436480743825336275e-24
-1.521484046587001242e-24
-1.328704888029903633e-24
-1.433573050257571238e-24
-1.477051574489106659e-24
-1.445804167714037028e-24
-1.411296574082199543e-24
-1.506015802549230896e-24
-1.468045724992902037e-24
-1.419953627525111088e-24
-1.376476811266123060e-24
-1.429321828227674533e-24
-1.368072063424419974e-24
-1.446961072015319202e-24
-1.376301695754517385e-24
-1.307921732573119530e-24
-1.393366865121853457e-24
-1.442634036534794172e-24
-1.426334676988182431e-24
-1.421316818400588743e-24
-1.311261280066026075e-24
-1.413386522713949347e-24
-1.372607654007950793e-24
-1.466771611624364501e-24
-1.398438712842205253e-24
-1.348432687998961088e-24
-1.322950966769466338e-24
-1.436229415455723950e-24
-1.387769696647326071e-24
-1.376628867404147130e-24
-1.350911322853359163e-24
-1.325170953796427326e-24
-1.356530196136900069e-24
-1.348686348092680747e-24
-1.318635012323490994e-24
-1.300482113177667392e-24
-1.335057107850524227e-24
-1.408202508727725132e-24
-1.376980880201670607e-24
-1.311801601613976446e-24
-1.277623695592341749e-24
-1.346974431449791720e-24
-1.345130810588665791e-24
-1.293791925123939577e-24
-1.410037537237557946e-24
-1.335044502834702186e-24
-1.275872343765347061e-24
-1.241121222259047479e-24
-1.238807564068774072e-24
-1.246197568225502688e-24
-1.195274047044470468e-24
-1.296103924771538427e-24
-1.201398596608602097e-24
-1.192148000225317626e-24
-1.265477372411848585e-24
-1.326656895742473104e-24
-1.263032669942311442e-24
-1.239862765717209181e-24
-1.236867214167985003e-24
-1.336538021895813146e-24
-1.302428741012125248e-24
-1.286526589293686922e-24
-1.294346983780490377e-24
-1.270621661778994490e-24
-1.323829750443356654e-24
-1.226804252094016355e-24
-1.268898591737728647e-24
-1.254270598805151828e-24
-1.254420879215029432e-24
-1.230808822925696181e-24
-1.255429228015429062e-24
-1.208285322764495337e-24
-1.220590541596531694e-24
-1.169651187834474744e-24
-1.188609304963260565e-24
-1.242731256641186737e-24
-1.148414374171512221e-24
-1.248469125966540164e-24
-1.235742548139772233e-24
-1.169221378127582721e-24
-1.234073825211976706e-24
-1.217554119903162693e-24
-1.190364715397948099e-24
-1.156634637106914797e-24
-1.170446593819951538e-24
-1.176603931551596684e-24
-1.193816197882461481e-24
-1.194967154985733515e-24
-1.134509959053626670e-24
-1.182745026162550950e-24
-1.156562113785968530e-24
-1.167003767833946560e-24
-1.157689037439850245e-24
-1.103969392800549937e-24
-1.133362073926620872e-24
-1.091054421779033334e-24
-1.170910668037680370e-24
-1.116726108947815997e-24
-1.151837040430815230e-24
-1.077298501814068248e-24
-1.122714098491922266e-24
-1.095351107362594817e-24
-1.139543885078422137e-24
-1.078686017226874516e-24
-1.131128489272561819e-24
-1.090515687375900221e-24
-1.085579810167195228e-24
-1.112572245644505755e-24
-1.104333701201119339e-24
-1.112425380333867872e-24
-1.160334076647808223e-24
-1.090401605143569124e-24
-1.093608802185954561e-24
-1.123624682536058521e-24
-1.135039237903585697e-24
-1.099562816192513366e-24
-1.058152304405865004e-24
-1.003209066375300348e-24
-1.064275853207399031e-24
-1.035272257958813703e-24
-1.112801674727842084e-24
-1.130978990874726802e-24
-1.058083070711190196e-24
-1.012327069565792241e-24
-1.029124580316847333e-24
-1.138576935888763903e-24
-1.103563819452035444e-24
-1.056009996166219283e-24
-1.094945305592251518e-24
-1.041590836586981701e-24
-1.074557797865191956e-24
-9.605709526551590770e-25
-1.038391695744276636e-24
-1.013433091022998342e-24
-1.038532054438246877e-24
-1.063664998981145015e-24
-9.688838504233135035e-25
-1.042132659394025725e-24
-9.783206176003285420e-25
-1.000841492219750043e-24
-1.064263466618443654e-24
-1.011586777081192705e-24
-1.012485779264315160e-24
-9.979614907588614307e-25
-9.845841756276728784e-25
-9.500207058571629110e-25
-1.048016963210899954e-24
-1.040866443915972879e-24
-9.386909925824329511e-25
-1.036146419205757407e-24
-9.784478847871952566e-25
-9.849372037879851742e-25
-9.734806929074674309e-25
-1.072102447357929266e-24
-9.495465095639720396e-25
-1.074159907302270809e-24
-9.951285580643972006e-25
-1.002316850743352903e-24
-9.723282382620470224e-25
-9.494658549372218261e-25
-9.830088401353542346e-25
-9.475773421126930834e-25
-9.683331467892028812e-25
-9.659083748522826420e-25
-9.762359797143284068e-25
-9.643711752959944495e-25
-1.010505683035329765e-24
-1.004708499673193976e-24
-9.156297464859333856e-25
-9.665630536008879434e-25
-9.512433295140349110e-25
-9.138645935710074979e-25
-9.109122320415365755e-25
-9.162737212635418699e-25
-9.192927522272953171e-25
-1.000048363513302793e-24
-9.688868737376974046e-25
-9.710449817638848101e-25
