0.000000000000000000e+00
0.000000000000000000e+00
-5.532545409212823086e-13
1.311055757143026485e-13
-6.802379832626771069e-15
3.620703296545296830e-14
3.994725951796015469e-15
3.667770110305278933e-15
2.198305513434704364e-15
7.298231294613401587e-16
6.806527891477552224e-16
1.443683141749603211e-15
7.258653544336638855e-16
9.926896630713595547e-16
4.963026209134338949e-16
3.888347198987993396e-16
9.956286503260533356e-17
2.776008327704439146e-16
1.156871480742625700e-16
1.983957600007575811e-16
7.789983245245765749e-17
8.726141152750349664e-17
6.246743623779566904e-17
4.401776490717204428e-17
5.934069544794994858e-17
4.794527674127422345e-17
1.956575063633819374e-17
3.276008550491867912e-17
2.284219067097739452e-17
2.895621761722192325e-17
2.077012544581726977e-17
3.695099318763042341e-17
2.208991836948798226e-17
6.709926165013126471e-18
1.819017556591647394e-17
1.526686825884251032e-17
7.463681709831543844e-18
1.082076910191140264e-17
6.933282833690786788e-18
6.949738343538970268e-18
1.058681146438113472e-17
5.437329861313744971e-18
4.368327340363533168e-18
2.718286830981536515e-18
6.029464874839715800e-18
4.314150220302878774e-18
2.266944675711624221e-18
1.061311367271913473e-18
2.720847057419285140e-18
3.360123300765052140e-18
1.409194855091411196e-18
2.377891368480642830e-18
1.820267701364989741e-18
1.598392033826387547e-18
2.486242442865113790e-18
1.542903030218802222e-18
2.014570778259559575e-18
1.838865527930803049e-18
3.235069595578171274e-18
4.410660146230036121e-19
1.106730289962255287e-18
1.261907857910503509e-18
4.322326239116055276e-19
5.879871128058537031e-19
1.245783625461178995e-18
9.577861955701527188e-19
1.280938997479205075e-18
8.555398075820449697e-19
1.057652402838303063e-18
7.582469745462873087e-19
6.414940601619450498e-19
2.925085494818809715e-19
5.502431413552202114e-19
3.725641177328894388e-19
3.406433142258273004e-19
4.976614188256379396e-19
6.652714996238368815e-19
5.502460713971158308e-19
4.724230678341212422e-19
5.807480549138680227e-19
3.710129516574256361e-19
2.114447669596998987e-19
4.043310183956816631e-19
4.141010612039666168e-19
2.791976749561663582e-19
3.353371210170851893e-19
2.622974120374645569e-19
1.974238568827410959e-19
2.422216445608115637e-19
3.085317269509908014e-19
2.506624836225616914e-19
2.619725386244385834e-19
1.847165437815771528e-19
2.076612949260649731e-19
2.765962566181532219e-19
1.293820105741870703e-19
1.916671928194974633e-19
2.890256398650385298e-19
1.778948603484780114e-19
1.463536470127402962e-19
1.284293261264235526e-19
1.530963007803874816e-19
1.330250031705450407e-19
1.825747615409797893e-19
1.563677673087335491e-19
1.076447998919936440e-19
1.681612942993673579e-19
1.301021955369014220e-19
1.242310867059924239e-19
1.134965223645129699e-19
1.205271167965194601e-19
1.482209257332922082e-19
9.440329021181768825e-20
1.159053729896014122e-19
8.505736714636129103e-20
9.333921061892618657e-20
5.888131222638112690e-20
9.485704935915992975e-20
5.207095952131790405e-20
8.197860551952998800e-20
6.814525827123775039e-20
9.705188931780909082e-20
4.233248920823137289e-20
7.466054683635408665e-20
9.433054166042483671e-20
5.449469387482853443e-20
4.328992650244380201e-20
5.043842904431635631e-20
3.501740791369579957e-20
6.139632183976876025e-20
5.643636589010071865e-20
5.296656415623173439e-20
4.102289026006117655e-20
4.002168243226593358e-20
6.322161778743925769e-20
4.545466970886737324e-20
3.613852019124044245e-20
2.847948384542924788e-20
4.147253338838577670e-20
3.407395919513418356e-20
2.782883910958756361e-20
3.726015876484246178e-20
3.110609630222991750e-20
3.601207006582186421e-20
3.054097082848294601e-20
3.424540377186653446e-20
3.062509879674198845e-20
3.290735028224499773e-20
2.970173953562033516e-20
2.983770487119064313e-20
2.287190163180290930e-20
2.627754020683706529e-20
2.823960652540490963e-20
2.821211753179473860e-20
2.601605426838957756e-20
3.446656500362004341e-20
1.616163961254538920e-20
2.671041751035539492e-20
2.296315063197856179e-20
2.481723001914802903e-20
2.626347904558891450e-20
2.533590792177784648e-20
2.547573571649151029e-20
2.271404712016354416e-20
1.594701907144676983e-20
1.820721866176819506e-20
1.456485527947599532e-20
1.468419538580846844e-20
1.840983281820836312e-20
1.920093082755813356e-20
1.859241693809238860e-20
2.259183005430061680e-20
1.374872082250950996e-20
1.328818062311183275e-20
1.558921336195345403e-20
1.425904980028670964e-20
1.221066641612134577e-20
2.117378316665203361e-20
1.419602933859424112e-20
1.761377090558822878e-20
1.826032423409446900e-20
1.206899309223753127e-20
1.377244081123586071e-20
9.367512704136309278e-21
1.528869596559260540e-20
1.343130406045626826e-20
9.862835406060593794e-21
1.170338976029947941e-20
8.388717315229013534e-21
1.061315989158379435e-20
1.046637398130399362e-20
1.137665270373109672e-20
9.424619089759719423e-21
1.091653693844316970e-20
9.711940127324313567e-21
1.186989843230884730e-20
7.506270121652100350e-21
7.787307554608302313e-21
8.108747035079991482e-21
9.482315591994152952e-21
7.565493689810597103e-21
9.105916887822406492e-21
1.004215395845299960e-20
4.532822741311909009e-21
9.033122765838661530e-21
6.831071499362815896e-21
6.973423914793876186e-21
9.222452341215660877e-21
9.368433723967966583e-21
6.994761300525135891e-21
7.917158535237463606e-21
7.918273464019017649e-21
7.047598420214493101e-21
6.219490392526319963e-21
7.994200270132289319e-21
6.448143342111605872e-21
5.936760578844600988e-21
6.292354307203453254e-21
5.167480280548228827e-21
6.607246059906365192e-21
4.094559760400315712e-21
5.961165753504549367e-21
4.674860641019651169e-21
6.502759090142442548e-21
4.971267941356028154e-21
5.108163426375136980e-21
4.209959184634029027e-21
4.720776999175675051e-21
6.517670919078131244e-21
4.496417733367831566e-21
4.585887666197092079e-21
4.197046014102780738e-21
4.592809244900979626e-21
5.373566510505676155e-21
5.254345078482002740e-21
5.821551611051683978e-21
4.873369786117266286e-21
4.037022372870691051e-21
4.406884447473178931e-21
3.296247476396005739e-21
3.983407221462556876e-21
4.619047616608141937e-21
3.749662632421772972e-21
3.213832332470960702e-21
3.392510528501889277e-21
4.440405814322573754e-21
3.947173916218354655e-21
3.033663859823725412e-21
2.521446463501102870e-21
3.581985298165445186e-21
2.619588741195856860e-21
3.463894165406554266e-21
3.090085825489111886e-21
3.159982780141353296e-21
1.544641388907720045e-21
2.407889750648255881e-21
2.323083567978126532e-21
2.839874609236204690e-21
3.400867382337545644e-21
2.444696726833558930e-21
2.484279135237938902e-21
3.417237345317776102e-21
2.440158915620034044e-21
3.127004391947467686e-21
3.051802608301703119e-21
2.720262728006573926e-21
2.424175133551529630e-21
2.636819687938594291e-21
3.095508088166818264e-21
2.562281738856320426e-21
3.435746523599355894e-21
2.218333397549789722e-21
2.110333254976941282e-21
2.627502476962241605e-21
2.893630536193980749e-21
2.084574845770324086e-21
2.039537655458927511e-21
2.113846209907092016e-21
2.190778760274416261e-21
1.953094937820231346e-21
2.576042050296550672e-21
1.634943922421179005e-21
1.473871669030898633e-21
2.357431627851539115e-21
1.818601818315246262e-21
1.929413633032875307e-21
1.637274629176521862e-21
1.918275044031140775e-21
2.056707227753105178e-21
1.813088176693568142e-21
1.574031347417773736e-21
1.786070016800955425e-21
1.863328788828726224e-21
1.706375460777627404e-21
1.705730455778554070e-21
1.621053915985756304e-21
2.271231524225833301e-21
1.855410369614412124e-21
1.949310728519386975e-21
1.455037417890176384e-21
1.309629436188674177e-21
1.908566909500095985e-21
1.061543609099619190e-21
1.589072510036434166e-21
1.757022439265634560e-21
1.408674299419117849e-21
1.985778319342766759e-21
1.743910496617414735e-21
1.567997592101249757e-21
1.159380867619099878e-21
1.484095766947221628e-21
1.691629099201328489e-21
1.529633117342804826e-21
1.539234626664186989e-21
1.413008751546896402e-21
1.744802134051901390e-21
1.590846072210295019e-21
1.073273561779886411e-21
1.209608110375210984e-21
1.454124280626557802e-21
1.023015791104768236e-21
1.783994000084418770e-21
1.154784785498949029e-21
1.340408357319823229e-21
1.239938904652011766e-21
1.150044493432527219e-21
1.168565047180050361e-21
1.248106400592219114e-21
1.283088014910962172e-21
1.196564920573061058e-21
1.128333120647081635e-21
1.302506610037564803e-21
1.250035996957674973e-21
1.079979663645315467e-21
1.273534525912211009e-21
1.073010849224668754e-21
1.157118176963717444e-21
1.340207280575777959e-21
7.852882744132209754e-22
9.780580697801810865e-22
1.223196707056151032e-21
8.117573618535274392e-22
1.155772946870653457e-21
9.578397410773558704e-22
1.104931150993613779e-21
1.251755334755816754e-21
8.385661453022399833e-22
1.253147004054299598e-21
9.320510270884571646e-22
7.661966631675858229e-22
1.201364850900776363e-21
1.030254868881656642e-21
1.041592689908383900e-21
7.934011243162255539e-22
1.185370534052217169e-21
9.466045134530136360e-22
6.577227271564761668e-22
1.097832043845321060e-21
8.618622013402828067e-22
8.271397737904772405e-22
1.005513856850275120e-21
9.238125590387056653e-22
8.616954690999017055e-22
9.352587587997148337e-22
6.656409831924122442e-22
6.340045678223147875e-22
7.452491408821395385e-22
5.840828713643513867e-22
7.749130167550724419e-22
7.701821736466287425e-22
5.671242977965635886e-22
8.233816678173309986e-22
7.545935466703668641e-22
7.364295528024253693e-22
5.573489727937567396e-22
7.610864572587040713e-22
6.421218445446194856e-22
6.373172666304749971e-22
5.826233432184126095e-22
6.740757779720712791e-22
6.524304726057911653e-22
8.004696543258409650e-22
6.411230555040939100e-22
5.688314296231895168e-22
7.243444083811242265e-22
5.980990054849941090e-22
5.605893474495767545e-22
6.674277234062880882e-22
7.779601472524124666e-22
6.167282686474990829e-22
5.540182452450505193e-22
6.125760318803771878e-22
7.564810554301418110e-22
5.880349661477894327e-22
6.000537506279134691e-22
8.008457541567347563e-22
6.325316973464363844e-22
5.955930317774535177e-22
6.629733384432933218e-22
5.339183582256707818e-22
5.539960026823975137e-22
6.434901403473806424e-22
5.193094773564063201e-22
5.668635828728115608e-22
6.334474168605899644e-22
4.635013081654907073e-22
5.563079446427535662e-22
4.631431031910403203e-22
5.437549683166909183e-22
4.948411022296655468e-22
4.973169911116924300e-22
4.303302426180965945e-22
6.444600235515927973e-22
6.013280406660425483e-22
4.997893664434303975e-22
3.451130321111266003e-22
4.767604514147993506e-22
4.989951104044083253e-22
4.286982922662425987e-22
4.490054548638432540e-22
5.394995603247703993e-22
4.471562118264863521e-22
3.978719329530600990e-22
4.099453616152116580e-22
4.493021535503801836e-22
3.757257074145101258e-22
3.779263933924560756e-22
5.060773315649221032e-22
4.869512493529352051e-22
2.832345888514561138e-22
4.406778429092278043e-22
3.785023234988241847e-22
4.962971266950546791e-22
3.948016424864421861e-22
3.682642773908215691e-22
4.189879456860451625e-22
3.728024121690496514e-22
4.299699401167472546e-22
3.408820955574808443e-22
3.366271002759081660e-22
4.463471475646757192e-22
3.600333899210440399e-22
3.701311567665194299e-22
3.987875941253606477e-22
3.825613048280840617e-22
4.311971665991243282e-22
2.954155537950294545e-22
4.082510494865484090e-22
3.381144344955997286e-22
2.926730642200009798e-22
3.436848323099951016e-22
3.984979529596914684e-22
3.799914819411988586e-22
3.235577219502248339e-22
3.864851473380759621e-22
3.042000210466587976e-22
3.218390010001877703e-22
2.730826911693686707e-22
3.517639035330763487e-22
3.280726406766329537e-22
2.105270006625976836e-22
2.987762923079360875e-22
3.343390890316487369e-22
2.351065819679132525e-22
2.637495177854329494e-22
2.611440962893613982e-22
3.393409998176342674e-22
2.498816472945016131e-22
2.727865261596056839e-22
2.709922186636366180e-22
2.396517812691510461e-22
2.979648039067591981e-22
2.686154699686569413e-22
2.892746232237151453e-22
2.632788756641747483e-22
2.736603779542430007e-22
2.486919494917856371e-22
3.079287524505269481e-22
2.472227990042218272e-22
2.107472044183158683e-22
2.451284589317996151e-22
2.562856872712249008e-22
2.512959865881485150e-22
2.087754307005906608e-22
2.293652339887934535e-22
2.019159208722481907e-22
1.946186346672797662e-22
2.686204673758852832e-22
2.382092461145431876e-22
2.425961126917281301e-22
2.008349809204797091e-22
2.181985645884939368e-22
2.433633515529121041e-22
2.761608596907572055e-22
1.820818834052810779e-22
2.723991839838381577e-22
2.394613067922966777e-22
1.942416184383324476e-22
2.195018288019101497e-22
1.632754854364444302e-22
1.916600253454921809e-22
1.694976457482013469e-22
1.543451312352615298e-22
2.259666721695498501e-22
1.737517138709183526e-22
1.879467111463287422e-22
2.327324979755089481e-22
1.992920532685072099e-22
1.678082269273287154e-22
1.849947720877942140e-22
1.887256975380317124e-22
1.721029497146867667e-22
1.837389619758199597e-22
1.774999812008132800e-22
1.989583506542322392e-22
2.188899050705568303e-22
1.817346357686254708e-22
1.865444259803330713e-22
1.538694935226438183e-22
1.595203194251012882e-22
1.746608445767406418e-22
1.608605573314846574e-22
1.636601643426598830e-22
1.905766924092806670e-22
1.454675982876502908e-22
1.964029011454640879e-22
1.263035196665349114e-22
1.724739249418710830e-22
1.498248443505711667e-22
1.738246152785392173e-22
1.542830869267233994e-22
1.366099798389956389e-22
1.360782676164450123e-22
1.898353724545497247e-22
1.217361105719194082e-22
1.352325382288418731e-22
1.474946033769799596e-22
1.512419188974650646e-22
1.695688919279332307e-22
1.686949940358938359e-22
1.306143470126927469e-22
1.174824472758413803e-22
1.314260070167253011e-22
1.373488407194455491e-22
1.484454738134082136e-22
1.612088799420512487e-22
1.385561176371042099e-22
1.244370295749002321e-22
1.318923700344739327e-22
1.263563086982107066e-22
1.322556608150269736e-22
1.192025350584811924e-22
1.183957211307390595e-22
1.461432864031307998e-22
1.154612376373319363e-22
1.075559548459499785e-22
1.121902479978388930e-22
1.152339802735059720e-22
1.267454596333747578e-22
1.049670335943154027e-22
1.053031895631990945e-22
1.109904902365969927e-22
1.036563286585499055e-22
1.422200805233976819e-22
1.258352083405862900e-22
1.129056672745263217e-22
1.151987945175639668e-22
1.431972486063978581e-22
1.250855318795565988e-22
1.086064634353349784e-22
1.297893566505208951e-22
9.804467323473037472e-23
1.193767219544770213e-22
9.957363922503107813e-23
1.301512069495548161e-22
9.612991848493493952e-23
9.857414034546733654e-23
9.642565301614554800e-23
1.161349238317137647e-22
9.584293374275849447e-23
1.146671353896410622e-22
8.785855966004387387e-23
8.270944015077615651e-23
9.085997058135818388e-23
1.088621929430319387e-22
1.198711248287005695e-22
1.068555033183733798e-22
9.856196367399781339e-23
1.215803679395743086e-22
9.029962473755478220e-23
1.118514847403597326e-22
1.239625831144477266e-22
8.307878994220542961e-23
8.592845965552411963e-23
9.394849303735267662e-23
1.024908850521873173e-22
7.925504798924922805e-23
1.013732583560885409e-22
9.091375671859074995e-23
9.589988942594373282e-23
1.062045208530677836e-22
8.439501088793491094e-23
1.135437714351402082e-22
6.841639020162144615e-23
9.412040495867734409e-23
8.807214788626029317e-23
1.154758061216515714e-22
9.412448943491713387e-23
9.955663504075965399e-23
9.797276045872917353e-23
6.063942783819831117e-23
9.157053015779832875e-23
9.342374283748138104e-23
1.008513966532019756e-22
8.224508686718765813e-23
9.695659963688965918e-23
7.563591590410273515e-23
8.331177807150073452e-23
9.896862523814679936e-23
7.924676705822955313e-23
8.201322091379807306e-23
1.045934147429268120e-22
1.050859980868399698e-22
7.283819416008009474e-23
8.740043855310042840e-23
7.092504364847399492e-23
6.182417668433849352e-23
8.504668727132288278e-23
6.061012958511695663e-23
1.041343420851439213e-22
8.320179201288799522e-23
8.385535935807548194e-23
7.492903028345381254e-23
6.592744800510545802e-23
9.092744370757966255e-23
7.948534023474354500e-23
8.214593078537767286e-23
7.140771581604216281e-23
7.763459662756872294e-23
7.191965454097886417e-23
7.092112073428644270e-23
7.694313598584881878e-23
6.391987409182990508e-23
7.637322451689157458e-23
8.689537789217820415e-23
6.806660108212995376e-23
6.907294993094271486e-23
6.618014146697746367e-23
7.754354731881777465e-23
8.059878790213991904e-23
6.093337104207041660e-23
5.846080388359786207e-23
6.562535218968076938e-23
8.236651204072503410e-23
7.591881967984804377e-23
6.660844072629190824e-23
5.619614384342616695e-23
7.644913327250292092e-23
7.231309197223273154e-23
5.623238152628568758e-23
6.759647097545825188e-23
6.021839574280567672e-23
6.710305155087993837e-23
5.953846259384207920e-23
5.233684830336767243e-23
6.942313163668277721e-23
5.219256397275634416e-23
5.549397018627641835e-23
6.261047215734652549e-23
6.218553925989763755e-23
5.691262736120185671e-23
6.730953333004168015e-23
6.624584864727790783e-23
5.532107787882406913e-23
7.167109430806734350e-23
5.110570416830224852e-23
5.243582044451382500e-23
5.880457796720347925e-23
4.382292864357129053e-23
7.000938469532434376e-23
4.182972583086110482e-23
4.272032129821907652e-23
5.075452623927751399e-23
5.813333230463229550e-23
4.861450108336248629e-23
6.221702638156671134e-23
5.189093039617602839e-23
4.882563286726966242e-23
4.990871998074547333e-23
5.640854853653514912e-23
5.685357831298287419e-23
4.305209246104768215e-23
4.523247192135875419e-23
4.869526273868198494e-23
5.381271230614544221e-23
5.173739388731232687e-23
5.167140087018577236e-23
5.256359566611926923e-23
5.835236516774975781e-23
6.365571749267183990e-23
6.146988334833378959e-23
6.014423857262055520e-23
4.851672420611410277e-23
4.718246245639112408e-23
5.608608732689023596e-23
4.637125037952063001e-23
3.817437920458753914e-23
3.903522187791645584e-23
5.075207416479286147e-23
4.299576822498513272e-23
3.331320642751684893e-23
5.085940006906794062e-23
3.491836119354491645e-23
4.583059513644240423e-23
4.355424876456148499e-23
4.520964177432136454e-23
3.923472819428795115e-23
4.754479008725814511e-23
4.084678383971087604e-23
4.385979838748171472e-23
4.240869386631929271e-23
3.802624408589107788e-23
4.821084050552277699e-23
4.783500991622326227e-23
3.774140337664605860e-23
4.391573217278050515e-23
3.858813980878471327e-23
3.697424736524091126e-23
4.273430860441392222e-23
4.463026302838277592e-23
4.220834049276859019e-23
3.388457024525530642e-23
4.703062310029853333e-23
4.396621759095020260e-23
3.482256289037804691e-23
3.594747412221488555e-23
2.960586590402746096e-23
3.689023413746293999e-23
4.108578055933742503e-23
3.719847636646079489e-23
3.756328658994438920e-23
3.849427369989753370e-23
3.838101152082439154e-23
3.214587947958197500e-23
2.695700876004395060e-23
2.674316262363789637e-23
4.149450376566753818e-23
3.028563853445427314e-23
3.474075919009947348e-23
4.100900848638398364e-23
3.893557505806479943e-23
4.060155282011719741e-23
3.538885124125651493e-23
4.622093596226037248e-23
4.608794496958548471e-23
4.273007934785096793e-23
3.421975924898048786e-23
3.290685494924060674e-23
2.981059137461649066e-23
3.673534680240927960e-23
3.729139215749439278e-23
3.184284717219429835e-23
3.176782938176278586e-23
3.839895636708269545e-23
2.935312714851406724e-23
3.106737386624434852e-23
4.074360045107519090e-23
3.137526107014138158e-23
2.554875129748489005e-23
3.368023978164453496e-23
2.970741585447351124e-23
3.640207607504797352e-23
2.698712887078148212e-23
2.934124031141984957e-23
3.383912141201640617e-23
3.223042405960387847e-23
2.903156928705216299e-23
2.645007667528992680e-23
3.073224949136548961e-23
2.470098167717450245e-23
2.955164087924739907e-23
3.793786580888389072e-23
2.276410831091736053e-23
2.617759725944981176e-23
2.793678989817595084e-23
2.486682873501057047e-23
2.353754721749995541e-23
3.016242628889901829e-23
2.439374056792325243e-23
2.851203218118798108e-23
2.206831231302315080e-23
2.953498286324861237e-23
2.815927231057633185e-23
2.783649179539426976e-23
2.173431331071603309e-23
2.642206788569693147e-23
3.231366658645982715e-23
2.545489941780326355e-23
2.189111360121912834e-23
2.340548916163449027e-23
2.372473008811789420e-23
2.892321994430741752e-23
2.815402241480341023e-23
2.237319059248285359e-23
3.004048529317590801e-23
1.645685273683244382e-23
2.230898143131921776e-23
3.132830905642108176e-23
2.088599697254489244e-23
2.508943014473247713e-23
2.737541797604513139e-23
2.669745130682030762e-23
2.810288620884443114e-23
2.535657888759098731e-23
1.972217186285968562e-23
2.624961937253929834e-23
1.719248294511658642e-23
2.493895772892926984e-23
2.647246711815791480e-23
2.181560806208233674e-23
1.906317789877867558e-23
1.924785506737536005e-23
2.429411359415463908e-23
2.490183186652612267e-23
1.919855590737526911e-23
1.846039635856721104e-23
2.338429987335222303e-23
1.480667106340128451e-23
2.417895802368924562e-23
1.885214786156133614e-23
1.801549676965665945e-23
2.024759929272327917e-23
2.832923531117154499e-23
1.802816271995084966e-23
1.611815120320501885e-23
2.529804756411058323e-23
2.232263560233569161e-23
2.461721268197675274e-23
1.910566788401760900e-23
1.983452646409861178e-23
2.292317023403514782e-23
2.537022789922785567e-23
1.944311823138327001e-23
2.244439307089945746e-23
2.185173706817854570e-23
2.138307967048145970e-23
2.077281777430296555e-23
2.065728997254984736e-23
2.053269664487080386e-23
1.666509088131863057e-23
1.741586712775668807e-23
2.054109302129942389e-23
2.168383671765565639e-23
1.454346177325126998e-23
2.189074144963676785e-23
1.748834392803611932e-23
2.060917274838968916e-23
1.778078119325129145e-23
1.897831100420269919e-23
1.634565536132876561e-23
1.576946039078832659e-23
1.623445353139506004e-23
1.672955412675487606e-23
1.667522600443296843e-23
1.812978571118649740e-23
1.711152220390093630e-23
1.762059735898946977e-23
1.716212942222478816e-23
1.373859575094091046e-23
1.690243564812002890e-23
2.220818746372656572e-23
1.701649534235630631e-23
1.896443887228118898e-23
1.560017501278519614e-23
1.755074213125713223e-23
1.331227870624184358e-23
1.769076206526034548e-23
1.958866326416779279e-23
1.847143291646579462e-23
1.834729483859087039e-23
1.643613299871843471e-23
1.280456768337351520e-23
1.012583173062866879e-23
1.826837351018133032e-23
1.238503120371457154e-23
1.882513623964446326e-23
1.720447175541994503e-23
2.085806805675097443e-23
1.964015608899693859e-23
1.286904183608004061e-23
1.201893369063256036e-23
1.713741699309756041e-23
1.554522063940425403e-23
1.152279911593703503e-23
1.144776400073540047e-23
1.683135911649684779e-23
1.490864957931992034e-23
1.467174567042189628e-23
1.728293595600026337e-23
1.575337648616123312e-23
1.479927007200930582e-23
1.570333344401881591e-23
1.193396381464391752e-23
1.507376424298872049e-23
1.120806932505702296e-23
1.606550603251845721e-23
9.682384283423469835e-24
1.358785522960923718e-23
1.541815263543691595e-23
1.277534737297683013e-23
1.564281571607210563e-23
1.366426033563142406e-23
1.583716251406411371e-23
1.464121568044332138e-23
1.637958411965192157e-23
1.327978890120409770e-23
1.353688919254671301e-23
1.303295802023942571e-23
1.232620433274649713e-23
1.515236071784577636e-23
1.175977181128826058e-23
1.130749861320539044e-23
1.139043165447458971e-23
1.544457531234781218e-23
1.064204501272941489e-23
8.754273523635683468e-24
1.412411072167814060e-23
9.432287594478811623e-24
1.280283480674754238e-23
1.383100296344256753e-23
1.346979321886381950e-23
1.113160842478571206e-23
1.261211293105384161e-23
9.154110965582924485e-24
1.100978147212439527e-23
8.086950942228433974e-24
7.714712634479786415e-24
1.299739450472218115e-23
1.146242814527715796e-23
7.786471123760257525e-24
1.023690959964824096e-23
1.338888995798478213e-23
1.048472403053803664e-23
1.081534404726742194e-23
1.461816874730047614e-23
1.022164642532631017e-23
7.157324531164741707e-24
9.423216611268850979e-24
1.153226518070759630e-23
9.536888641539110576e-24
1.354752086529445652e-23
1.168127757693694941e-23
1.153725800042711248e-23
1.064977148252260687e-23
1.169442418740024265e-23
1.149174069553956546e-23
1.131506686858486873e-23
9.916295621240518374e-24
1.152751830495103735e-23
7.705969994070106572e-24
8.981235526406980356e-24
9.059805464462848998e-24
1.082279975221172180e-23
9.645954466819439932e-24
8.471757339864847162e-24
1.034194987349482157e-23
1.033352711734955850e-23
1.216125408203677046e-23
1.139265589288983605e-23
1.102637032213913035e-23
1.100823131559515008e-23
8.490168904805698613e-24
1.206537092681933403e-23
8.481381573485305100e-24
7.857215000438305082e-24
1.116405036806882496e-23
1.086754916622305362e-23
9.668807593952894376e-24
1.122816293870968141e-23
9.089462956259963678e-24
6.858386571912996246e-24
7.945761288594622055e-24
8.960287388937452903e-24
7.812096674150441262e-24
9.046459817120124280e-24
8.645269859981429243e-24
6.816577647170383950e-24
8.204981861188901902e-24
1.154301355677539086e-23
8.583556734951597373e-24
8.382156222688874003e-24
8.977091639253052036e-24
8.398677844619650466e-24
9.409382356690557601e-24
9.929519048177402425e-24
8.744094487024139707e-24
7.910730666931498750e-24
8.899202077349728175e-24
8.266245099989115919e-24
8.758658569382114074e-24
9.088435263070950299e-24
8.667688417327910689e-24
7.659519889228844207e-24
9.366796827663582256e-24
1.046281416807394891e-23
5.331709014425553109e-24
8.146789228949196989e-24
1.109721442770857511e-23
8.603461209944107573e-24
8.326179832345161073e-24
7.176488431106291212e-24
8.502265583876205320e-24
8.137788733926881910e-24
7.418004440711875997e-24
8.359662853959140910e-24
9.080132351105153549e-24
9.241017722455909860e-24
8.843934436250508230e-24
9.395416272066197150e-24
5.768769822108705698e-24
9.488684696454502128e-24
7.430961592902679678e-24
8.802518858351839507e-24
7.915273958569230598e-24
7.426872437580672367e-24
7.368802957693736109e-24
8.792629742174180355e-24
8.790235668859809120e-24
6.112713149149692773e-24
6.903691003915431852e-24
8.360476672801600478e-24
8.636414562888744116e-24
7.180484257670273636e-24
6.843723683765854109e-24
7.552198312231951187e-24
6.519861396266234565e-24
6.026569966115245788e-24
4.157064995860276081e-24
5.365071009423182241e-24
7.394647982210927290e-24
7.969929969036695367e-24
6.565022201641199036e-24
6.963447665535420976e-24
5.226468735020321811e-24
8.575603191251249481e-24
6.889880729167115665e-24
5.482984720869837040e-24
7.717812663672802440e-24
6.808375313004776159e-24
5.192072264126681037e-24
7.383500685624131706e-24
7.157557827647981007e-24
6.517454334139806321e-24
8.051198051687919489e-24
8.404326509578386315e-24
8.874817283732558763e-24
6.260656876103997926e-24
5.714058019917097135e-24
4.119003689465887049e-24
6.708671110751396490e-24
6.599079990935723107e-24
7.494845764910965905e-24
5.851621145040150314e-24
5.666803505281172687e-24
5.491022741997164505e-24
5.858477465479359470e-24
5.002640130595465634e-24
4.671225095272910464e-24
3.926763603208896111e-24
7.015664725850201733e-24
5.202379222576125565e-24
6.794658099823112814e-24
6.085007715776083866e-24
6.024697933139153448e-24
6.002225852605992360e-24
5.130388914536634455e-24
5.391283336049188803e-24
6.462935135655395516e-24
7.457524862760916655e-24
6.938787163296717854e-24
6.187658768539782462e-24
5.303835376028746369e-24
5.495327722516763713e-24
5.855874907394219954e-24
4.508416940192760181e-24
6.071114828928621555e-24
4.975462415661165316e-24
5.046023753288661123e-24
6.366134612027842407e-24
4.526793454275338622e-24
7.705281582288906558e-24
4.876292460518858371e-24
6.571407990491901136e-24
5.698459005551780251e-24
4.702863624769553881e-24
4.256962565854938941e-24
4.288477615828470565e-24
1.824170926529141183e-24
5.879551574311634495e-24
4.740651594901231539e-24
5.565701266911878787e-24
4.957440035333331940e-24
4.197714468542014567e-24
3.395747457468704253e-24
5.923395252618791970e-24
5.089834610521378838e-24
6.146965702929194987e-24
3.197764204146188617e-24
6.097104314691314686e-24
4.980167568518453236e-24
4.004240528791366697e-24
3.705006054719934905e-24
4.842999472624901630e-24
4.766660444908411163e-24
4.500849791018309950e-24
3.627928592000329417e-24
3.333029487714132518e-24
5.410887280680316775e-24
5.743176278261752661e-24
4.612064397151961147e-24
4.861476435973189280e-24
5.163157624581221469e-24
4.398136852766558302e-24
4.923113006078854885e-24
5.216095154331598080e-24
5.054687466976077129e-24
4.432860138107989985e-24
4.276085568216642696e-24
4.499731105140543927e-24
3.269570991784987000e-24
4.585869980825809811e-24
4.218568374845326610e-24
3.439717618408684280e-24
5.642468108030929644e-24
4.312058166730790944e-24
2.795824811557972839e-24
3.677947715088096815e-24
4.354968416551001435e-24
5.503952689446432458e-24
3.574386949780437857e-24
3.998332604780267146e-24
3.917031526863789216e-24
4.654194392872472173e-24
4.543358155161552573e-24
3.223559093824519006e-24
4.024788399498563219e-24
3.727381633839081704e-24
3.571789824672032423e-24
3.831276765050113890e-24
5.025830255509390272e-24
3.489394727464111911e-24
3.664673643501940490e-24
5.360119060947414589e-24
4.730010056974062552e-24
1.691875549603810445e-24
3.897959126206013895e-24
1.713346135016845152e-24
3.235925059435090659e-24
3.340876143397950595e-24
2.579816498603345222e-24
2.681650804122079100e-24
3.524048407449264575e-24
3.913712477108435131e-24
1.707282494621338629e-24
4.079325690675690395e-24
3.742450526178288983e-24
2.739499456157178830e-24
2.472112482274551377e-24
2.585277034010277852e-24
2.920636323663918708e-24
4.000674205950304060e-24
3.279815671115763814e-24
4.275593098483765866e-24
2.933543030388115642e-24
2.452144015172102346e-24
3.727257100694481250e-24
2.492095418577298829e-24
1.377996947339847927e-24
3.630717391828654747e-24
3.306849817631229927e-24
3.520800607985361480e-24
2.523601128649073985e-24
3.575476260257104057e-24
3.322957211536014891e-24
2.640015405536198558e-24
3.017921648811720231e-24
3.242111922073235799e-24
3.360370711460798590e-24
2.823345365023234580e-24
3.796951321404137892e-24
2.485476645096131598e-24
2.979848918275102862e-24
2.721074599057710912e-24
3.513776470219974157e-24
2.274459825252065702e-24
3.143943780878270651e-24
3.823639094727689878e-24
1.489217261061587691e-24
2.943926206717318545e-24
2.721360311029366907e-24
3.107644930693486928e-24
2.529774216004634944e-24
2.953534367633688878e-24
1.999431485314178064e-24
2.817449345562540196e-24
2.952880580507585560e-24
2.196962368063373588e-24
2.845208326849638207e-24
2.113920293773968639e-24
1.199791145961264705e-24
2.373895095282479899e-24
3.333339417884092672e-24
3.117002541284036429e-24
1.841630848141674836e-24
3.383188676562905316e-24
1.917786656281536871e-24
2.220992819747142099e-24
2.649006553337525063e-24
1.501042214625680865e-24
2.444562218411452672e-24
1.817008169428635374e-24
2.217272395853003346e-24
2.505639390593750852e-24
1.522014892214384741e-24
1.434113640590609057e-24
1.959407638387290146e-24
1.410800685879602366e-24
2.191745191431697054e-24
1.300271231959560195e-24
1.327146377434924087e-24
1.430116367910668539e-24
1.939999189613292736e-24
1.883854604722250609e-24
4.466012427772044767e-25
2.107687222914708038e-24
3.397775574933809626e-24
1.811833724751585448e-24
3.076362452667288642e-24
2.678221417715611607e-24
2.531403575836433677e-24
2.487570660776358002e-24
1.355669648720612595e-24
8.294923427172880858e-25
1.617974773471755654e-24
1.913965338778730828e-24
2.400781349934977934e-24
2.009597019158873146e-24
1.222588419865699268e-24
2.883585528150750690e-24
1.282703925954019844e-24
9.586910435254355551e-26
2.270671151680165153e-24
1.063131076146420339e-24
1.794958033613299202e-24
1.596554020301608852e-24
1.483829128946207447e-24
2.012668603281825862e-24
2.512505758108150270e-24
2.589852277505788892e-24
2.070342396175119621e-24
2.315411482837043359e-24
1.689801878016506092e-24
2.065900876285873410e-24
7.401263133375464062e-25
1.793299029250332421e-24
1.207200000674574770e-24
1.244768638846930052e-24
1.421005132394866273e-24
1.759250136423379584e-24
2.491797792645473347e-24
1.830193797969346613e-24
1.431142260200279842e-24
1.945241596676305415e-24
1.103435655941670696e-24
1.825271758616831782e-24
1.939004688378386324e-24
7.406935521147759262e-25
1.934317356929120874e-24
1.362545249082554896e-24
2.007638470127633684e-24
2.043564199133620405e-24
1.797291851779483788e-24
1.319017332876025793e-24
1.944337319649185410e-24
1.731943829973840565e-24
2.155934959693523528e-24
1.886925776406509336e-24
1.819551044535976504e-24
1.143946274613660301e-24
1.024642090374064337e-24
1.443394209599141421e-24
1.427261908690819945e-24
4.666902437282788231e-25
1.813043913207640326e-24
6.977843642983028239e-25
8.667818596514034348e-25
1.552092857874686124e-24
8.928286821264421996e-25
1.283367594546933140e-24
9.404046223082548365e-25
1.401105180474457896e-24
1.178896356620868985e-24
2.168193774487206183e-24
1.082799569759737353e-24
1.356704943953058593e-24
9.369498648356640266e-25
1.151708112814319550e-24
1.153270008710491342e-24
9.693202997395985473e-25
9.420389402010591357e-25
1.217617565555893440e-24
1.337362144507152331e-24
7.755949470666111998e-25
3.976564561540523284e-25
1.237424962255446427e-24
8.369540199981690745e-25
1.190240291704785797e-24
1.128384871705761657e-24
4.632049783716597849e-25
1.629277478252701912e-24
2.705034794517305024e-25
4.762014322032875624e-25
4.010184849883616475e-25
1.107353427504805703e-24
5.438009378903223120e-25
1.547176346819115782e-24
7.591149133030592545e-25
6.725967115917651582e-25
1.278445935966413042e-24
1.891129478466463125e-24
1.193188997258297674e-24
6.398609104191303476e-25
5.523672254960335128e-25
6.568673322052648318e-25
6.537518714234785488e-25
9.102468574753555778e-25
1.625758502159516732e-24
7.495162150891873237e-25
1.602132804470417266e-24
5.362649245162440827e-25
5.885476754237602284e-25
8.479728048976117910e-25
1.450572490954276519e-24
7.627062771670273035e-25
3.232809966186261198e-25
5.099744755093913208e-26
2.828143481077363227e-25
7.833975483581425412e-25
1.508566888489590554e-24
3.720083040729731156e-25
4.477594625058489142e-25
-2.516137965270680121e-25
5.262331830648650251e-25
4.688182164835080951e-25
6.178002330184019224e-25
9.893808410891932347e-25
9.410102299986647807e-26
6.886628384430747947e-25
6.351743640197438733e-25
2.774904589839374033e-25
8.156295031802512464e-25
4.672113613795384507e-25
2.864820862671596393e-25
6.930304009569036408e-25
1.296937935125171813e-24
3.841454772540266091e-25
5.373696512518851412e-25
5.690475787050223710e-25
5.944750154201147290e-25
2.441070805901257484e-25
3.959622166536872193e-26
6.350249163098845513e-25
4.433271022388615552e-25
2.294683386434711498e-25
7.054683975245199907e-25
4.014413402780956299e-25
4.503996605553676521e-25
1.764423647162997817e-25
6.052193615317319988e-25
1.120520238723668034e-25
7.877768629324649203e-25
8.928408776441257583e-25
-1.707211350039561141e-25
-1.532545589211617211e-25
7.182186145074701071e-25
1.021341434829028360e-24
9.715638424884563009e-25
1.264292303285496364e-24
5.921061156408275096e-25
8.549879306765964735e-25
6.442690371420433644e-25
1.218949989592185867e-24
7.808944152800742974e-25
6.831248880966713911e-25
3.740281425434615296e-25
7.663014638274208863e-25
1.279107610387770146e-24
5.552533530169464254e-25
7.401542190004743688e-25
-1.364177557831970109e-25
-4.126381153392485098e-26
-1.568597671244579418e-25
-3.077610685021768733e-25
2.612244846610815655e-25
-3.188649481003951775e-25
2.360065400685859178e-25
8.108166569040488351e-25
-7.734348057411594087e-26
5.606273135317989657e-25
-3.099277793047395773e-25
9.131246554783976312e-26
5.500763844219857438e-26
3.204769658036097584e-25
3.565947548652434413e-26
7.403382227904402109e-25
5.037968824309725381e-25
5.665181264036114632e-25
9.914789373446325142e-26
2.985692284368723203e-25
3.205458171606473454e-25
-6.038487230708385718e-26
3.240341416575458702e-25
2.982590356279848634e-25
1.347857212971500298e-25
1.196575957417100594e-25
1.781530873365001894e-26
-4.134983665053548766e-25
1.485631913210193971e-25
-2.077445706423002406e-25
-2.205949726161265475e-26
-1.335379398883135966e-25
1.504883876629210541e-25
3.443319430788755431e-27
4.575929141037746569e-25
3.023293891130754041e-25
8.204647689284759841e-26
-9.246682180148183820e-26
1.354677367882521295e-25
4.886304436540163916e-26
-3.200848295039846138e-25
-9.397454546150569167e-26
-1.312326390978557597e-25
-3.490083402612737663e-25
-4.561108457775899443e-25
-6.395684459229148114e-25
4.757392512735531377e-25
-1.743187440713135011e-25
3.289739890176468090e-25
1.440520355701296529e-25
-3.804273053707746516e-25
3.936536165093914043e-25
-9.976535236571340854e-25
-2.871042675868612196e-25
-3.936436624909957068e-25
3.335557132651559116e-25
-4.882175272553946253e-25
-2.750502580971240012e-25
2.689657106647078663e-25
-1.434745953730995763e-25
-7.039574301237775049e-26
-6.200707020016409828e-26
-1.333586060623366764e-25
2.647931323173058969e-25
-3.628459371080411924e-26
-8.145731920920002170e-27
-5.546423021984206212e-25
-3.045970296438700527e-26
-5.578999231690488429e-25
-4.116077186115831376e-25
-2.222504926098423223e-25
-4.566211909637425592e-26
-5.032326361779646211e-26
-6.724466641883363560e-26
-5.721370101393643654e-25
-5.474705912936383981e-25
-7.029988215904712476e-25
4.815305470849180306e-26
-9.506139965561305171e-25
-8.985643512853136434e-26
-3.371918744651908956e-25
-5.741538959849297061e-25
-4.871827330182361365e-25
-5.404374981960840011e-25
-6.722081039242133448e-25
-4.588646533860228484e-25
-2.120973804304991483e-25
-6.908372745088139372e-25
2.118944672133936903e-25
-4.265405455454195476e-25
-1.513165460901823169e-25
-6.455582830678886559e-25
-6.410162304728708355e-27
1.520250412876795739e-25
-5.632727269767646777e-25
-5.851118056444068211e-25
-5.069448575536841272e-25
-5.884990740375467091e-25
-2.787072822916450178e-25
-4.454415882016099556e-25
-4.700311766749934167e-25
-2.295474232389505258e-26
-4.469896643632959012e-25
-5.235949009358525949e-25
-4.838399945917619232e-25
-3.084964386735639665e-25
-7.622047293959090769e-25
-8.242604206049617364e-25
-7.947556465070334774e-25
-1.838335078868282625e-25
-1.057898671863722833e-24
-4.782229617280084804e-25
-4.335650045297576621e-25
-3.748943242885152643e-25
-5.441794239584235646e-25
-3.825739429221302206e-25
-6.154344181656438783e-25
-5.923014276514363466e-25
-9.637435769779992685e-25
-3.534666213697132349e-25
-6.764580602407545037e-25
-6.868266445360036680e-25
-6.647081904217914218e-25
-6.811518954261496173e-25
-9.423431531358592558e-25
-6.911708303300636030e-25
-5.413245578903973007e-25
-9.242925243447225101e-25
-9.213609186910938583e-25
-8.035479814518825974e-25
-7.868902752752799795e-25
-1.121766863745118732e-24
-8.996913473690923877e-25
-1.309177966864029415e-24
-9.449754875044842950e-25
-1.021959737639530209e-24
-7.802550045596210971e-25
-8.946158631122084185e-25
-5.244493543674174110e-25
-7.627992019814253686e-25
-4.773294881564754545e-25
-5.626850705826825212e-25
-6.741123060103323829e-25
-7.728701414192473818e-25
-2.254903893003978859e-25
-1.032067187838908444e-24
-1.056915567474706583e-24
-9.901884950447489654e-25
-9.066621041387617627e-25
-6.211755817096156159e-25
-6.797623190969343290e-25
-6.880771942745692844e-25
-7.896919235033596763e-25
-5.690633951093894807e-25
-1.202776274531751679e-24
-8.892731011521500548e-25
-5.419597208217978997e-25
-1.371574665782369859e-25
-1.174547852810740471e-24
-5.528535990805845371e-25
-3.204370116588816260e-25
-8.521350315209972147e-25
-6.364562144402771280e-25
-1.067635590128150756e-24
-6.900954460733734738e-25
-7.157013312117858819e-25
-8.098816687746228279e-25
-9.418332889489752035e-25
-7.843327038738109371e-25
-1.081942739614525759e-24
-6.782531334301395160e-25
-7.249857378449807176e-25
-1.012018383023078201e-24
-7.404610859138474436e-25
-1.350856891024944944e-24
-9.684570808810490903e-25
-1.299095329094179813e-24
-1.328281298174269519e-24
-3.552135249954440104e-25
-9.663866161603897794e-25
-8.789601991191294784e-25
-1.042958704602586285e-24
-9.910789403530222412e-25
-1.116395035219462038e-24
-9.528526325657562084e-25
-1.357085577289525028e-24
-1.206057593497450689e-24
-1.270348187842789374e-24
-8.496975760037386347e-25
-7.745901883561038383e-25
-5.626743737136572501e-25
-5.138940064900306743e-25
-9.710250549890781451e-25
-1.092506700684553494e-24
-1.584784219600465591e-24
-5.485407752126011617e-25
-8.844948336450986178e-25
-1.144939969711380426e-24
-9.120558575731303248e-25
-1.283559011803378164e-24
-1.417911387596215434e-24
-1.043574818928857225e-24
-1.352098468495725184e-24
-9.615893286456503118e-25
-8.524974273092660911e-25
-9.401707565844784344e-25
-1.564969153207200796e-24
-1.550850766344589807e-24
-7.487502382045777054e-25
-9.804023246523134615e-25
-7.409595537113693606e-25
-1.086078370639007868e-24
-9.384491649636863800e-25
-1.145050505266286917e-24
-1.220052932487983787e-24
-1.236127956932550007e-24
-1.423932198449800824e-24
-1.149656251579180680e-24
-8.983210306837138170e-25
-9.264845570500450150e-25
-1.148995155101762362e-24
-1.407512735277851047e-24
-1.003997513814247679e-24
-9.038738429632171989e-25
-8.029818334628517757e-25
-1.262685214085364165e-24
-9.228794420385844713e-25
-1.099111456455359037e-24
-9.942088371848093830e-25
-1.184735631099410837e-24
-1.338568809722859132e-24
-7.106270675995199095e-25
-1.242682097148891809e-24
-9.024775620298614393e-25
-1.123569346990173293e-24
-1.040168179427453942e-24
-1.080758930994346709e-24
-9.402520439600667990e-25
-9.587003377624075046e-25
-1.094722752825352909e-24
-9.909127031383059613e-25
-9.533424630814909224e-25
-1.603892676605870734e-24
-9.853677025473753379e-25
-8.724637632234923098e-25
-6.440442735613310662e-25
-1.070166991311642212e-24
-1.144425653121559780e-24
-9.739690606919583361e-25
-1.041720921763166160e-24
-1.038738862091234338e-24
-1.155873968162795986e-24
-1.345769863918836473e-24
-1.430703242875185578e-24
-1.385543581652320136e-24
-1.165732465581312468e-24
-1.447435809460922454e-24
-7.953873848404637546e-25
-6.612411703432352857e-25
-1.087182633739570039e-24
-1.038551957717984550e-24
-8.020292967750526647e-25
-1.187011683468291034e-24
-1.258791686686122440e-24
-1.000350611836191453e-24
-1.246295005201676188e-24
-1.149033882519547205e-24
-1.472302468920079601e-24
-1.401869514497853287e-24
-1.307352165626139823e-24
-1.316041108645593902e-24
-1.362067201420585954e-24
-1.415663256377257640e-24
-9.702348457320779134e-25
-1.397564240094316329e-24
-1.384138932157585617e-24
-1.352187212497462067e-24
-1.178440648732548096e-24
-1.395371859182472878e-24
-1.355781188305937350e-24
-8.008347630076665731e-25
-1.077862245605237886e-24
-1.118590970014144594e-24
-9.113300612097115509e-25
-1.553175205485327258e-24
-1.394072502295395758e-24
-1.140635204840190476e-24
-1.071066496545437661e-24
-1.293409566842322997e-24
-1.301235721212691086e-24
-1.382930928222786502e-24
-9.955413286733061594e-25
-1.354662014972998800e-24
-1.023742027607066120e-24
-1.411332006368030934e-24
-1.238148275401420609e-24
-1.109209744541008135e-24
-1.551644171436578941e-24
-1.020171924863232731e-24
-9.567150666495069614e-25
-1.383256733525015499e-24
-1.190829581680252599e-24
-1.311106228019239785e-24
-1.453077787221704431e-24
-1.538992051851732120e-24
-1.284679645077788799e-24
-1.230313272261823392e-24
-1.117158206755790389e-24
-1.265148904296637574e-24
-1.163901996996471625e-24
-1.045592813520815419e-24
-1.134210975775103379e-24
-9.682119028981086485e-25
-1.628534831968352010e-24
-1.509879991585483570e-24
-1.417476021110754711e-24
-1.053109274775342128e-24
-1.395161105552064811e-24
-1.633351299838329416e-24
-1.235300228699288903e-24
-1.314598990747686255e-24
-1.082997321575260855e-24
-1.154404646049111193e-24
-1.529089994549999756e-24
-1.217362717457845471e-24
-1.456881066859673831e-24
-9.646219565985964873e-25
-1.102893630197663798e-24
-1.410881819983894389e-24
-1.346631341386135850e-24
-1.281649173473485192e-24
-1.371352039172592910e-24
-1.027406750134346092e-24
-1.499958969861873377e-24
-1.354230938399375918e-24
-1.405671758558731223e-24
-1.484146940554032954e-24
-1.291655490603163233e-24
-1.739011421087208921e-24
-1.200767317313846655e-24
-1.352648117800474550e-24
-1.553553394037674691e-24
-1.320318768754675306e-24
-1.032124316502724550e-24
-1.354462928448826979e-24
-1.236227349545528967e-24
-1.217370056206223682e-24
-1.315674005965862561e-24
-1.194177274731142961e-24
-1.451976312853519760e-24
-1.357760235562224961e-24
-1.243839528390404341e-24
-1.266559418001067798e-24
-1.450597330145957919e-24
-1.543653154614858879e-24
-1.605868376264623407e-24
-1.538509388725667436e-24
-1.646740983686368356e-24
-1.494762250438637959e-24
-1.758935941867922452e-24
-9.558765242690548868e-25
-1.700590417701697033e-24
-1.493010631274909595e-24
-1.449150335226317324e-24
-1.159384187058337224e-24
-1.582567816662536964e-24
-1.340621205299961987e-24
-1.423938786513169997e-24
-1.422930601145012878e-24
-1.422772078802952591e-24
-1.529690142990590857e-24
-1.684389151023542881e-24
-1.358349099098560121e-24
-1.475554468028623023e-24
-1.274015678881022726e-24
-1.519968683336559530e-24
-1.548080627200511489e-24
-1.542551957654670262e-24
-1.756459836442374822e-24
-1.401472650825668058e-24
-1.490618687022205749e-24
-1.859753783643410156e-24
-1.498897336489110899e-24
-1.481888048478418428e-24
-1.346683090062766966e-24
-1.571223461078191398e-24
-1.394966575855425756e-24
-1.532523785866904574e-24
-1.367801119055184788e-24
-1.298521577554091970e-24
-1.547851120551907853e-24
-1.463127014318811684e-24
-1.521513786556609082e-24
-1.500875817234778612e-24
-1.280308769172789457e-24
-1.552093203299547545e-24
-1.584910793475545546e-24
-1.501928668749125122e-24
-1.440847463238025501e-24
-1.517249249353927167e-24
-1.454884958605021371e-24
-1.539442735551143091e-24
-1.406986169198848543e-24
-1.640517018698477098e-24
-1.300842529985208716e-24
-1.489817128407980677e-24
-1.673593205505740988e-24
-1.550129848098889731e-24
-1.719987439536623050e-24
-1.621780490672556345e-24
-1.644746073630631739e-24
-1.849539449472775813e-24
-1.429184532438966967e-24
-1.476042789867038639e-24
-1.553515891686760847e-24
-1.597151285946895089e-24
-1.602314405940142357e-24
-1.461965572926215185e-24
-1.729854680887923717e-24
-1.442721326647753033e-24
-1.817893746704076127e-24
-1.586871391718206274e-24
-1.646923692458311960e-24
-1.790799446624956123e-24
-1.441897330973687893e-24
-1.684428681947674267e-24
-1.437632181451985423e-24
-1.749189169383268641e-24
-1.592692468289302811e-24
-1.486689618135580702e-24
-1.729772330955273120e-24
-2.007980821866672860e-24
-1.316721088716125878e-24
-1.703447498766412870e-24
-1.658907811660316065e-24
-1.913860319793121583e-24
-1.629416906530261321e-24
-1.628867920131092520e-24
-1.594756301925531477e-24
-1.556924648118069706e-24
-1.553542913128824575e-24
-1.577251549159428840e-24
-1.601623962100832759e-24
-1.546167242342480592e-24
-1.805665657207326956e-24
-1.542059283962873770e-24
-1.620897165273672175e-24
-1.573602188599897852e-24
-1.626623342615517720e-24
-1.641104422461041339e-24
-1.766184661499718624e-24
-1.705122467435889360e-24
-1.542598780714891862e-24
-1.871914314537648147e-24
-1.643508724075593447e-24
-1.804805704363959409e-24
-1.644581055510621471e-24
-1.803925456090934822e-24
-1.759230207373584519e-24
-1.504156453927928942e-24
-1.748878715878591686e-24
-1.687705552369395456e-24
-1.766013993577600378e-24
-1.815072799914641021e-24
-1.784364531145157315e-24
-1.990690972426442499e-24
-1.732887741441723066e-24
-1.740788760063332371e-24
-1.596091278234087660e-24
-1.845287291529449493e-24
-2.017830972679810330e-24
-1.809295782578901465e-24
-1.540191990707348187e-24
-1.854946555965839026e-24
-1.455889161346530216e-24
-1.758073592024551259e-24
-1.880427458587537124e-24
-1.757405168850211545e-24
-1.808570531920779384e-24
-1.935146552700564367e-24
-1.774430412139936331e-24
-1.947528155076924155e-24
-1.943842776104950060e-24
-2.060492651181738547e-24
-1.926348104813847998e-24
-1.758485124738830608e-24
-1.905276944815520658e-24
-2.008100046206419653e-24
-1.769625998755119085e-24
-1.902262678106736310e-24
-1.837459198961524423e-24
-1.752519751793562387e-24
-1.932676324590378304e-24
-1.822406298672577831e-24
-1.655277162941789696e-24
-1.978151958660892010e-24
-1.847745353005878679e-24
-1.660572735495760149e-24
-2.131356785035759265e-24
-2.161930924248780810e-24
-1.915277402357281929e-24
-1.695188602179261879e-24
-2.091133623041812250e-24
-1.816039779288603706e-24
-2.044412491993334444e-24
-2.123906616751417862e-24
-2.144980089589323833e-24
-1.910138476749830334e-24
-1.882062538469581150e-24
-1.945150141533490212e-24
-2.072784655067401097e-24
-1.758517749324218922e-24
-1.884631278842305087e-24
-1.744995657291446688e-24
-1.612384468622906101e-24
-1.858241448559867045e-24
-1.809254820952097971e-24
-1.648073687402206733e-24
-2.134203872054696232e-24
-1.940127982995729248e-24
-2.115888159123173855e-24
-1.963867692066591192e-24
-1.898056980464866554e-24
-1.955818508665046818e-24
-2.011036207494510324e-24
-1.878297515794425774e-24
-1.855648415151947294e-24
-1.886533755393196387e-24
-2.049171750496828321e-24
-1.972442757378807201e-24
-1.878972942784489735e-24
-2.203846488111061128e-24
-1.799786981484875689e-24
-1.814628451950240015e-24
-2.042692057288413280e-24
-1.810901497508653321e-24
-1.882957336823260960e-24
-1.902207297836194688e-24
-1.808874239703886131e-24
-1.873873027513684410e-24
-1.895411395690006874e-24
-1.845946055028843756e-24
-1.946618917155215635e-24
-2.081409932685271104e-24
-2.022902738164480908e-24
-1.782439627476849736e-24
-1.598037265516770537e-24
-2.147402866793625895e-24
-2.164424003116103096e-24
-2.154926804506623757e-24
-2.081897269943719996e-24
-2.059561535704799610e-24
-1.990257792973417836e-24
-2.193536630296480735e-24
-2.224863716848968827e-24
-2.114688565424527720e-24
-2.232845325586081374e-24
-2.023126927472631938e-24
-1.993296500651147343e-24
-1.988159287348407633e-24
-2.055143480120355241e-24
-2.257951075091097672e-24
-1.899207166368028370e-24
-1.845604027700018292e-24
-1.957860391007520824e-24
-2.104668798713537511e-24
-1.878698835191609243e-24
-1.764005913068360718e-24
-2.033011712185746036e-24
-2.065373587732916115e-24
-1.828351859006896638e-24
-2.031955687602438386e-24
-1.702396373401275735e-24
-1.845902646933417651e-24
-1.938082617820795838e-24
-2.000959298381786755e-24
-2.090171262586371473e-24
-1.820759890543294959e-24
-2.008023466106651570e-24
-1.966955364796105167e-24
-1.863115337232904978e-24
-2.128317761001858120e-24
-1.907141004649041580e-24
-1.751598849529703875e-24
-1.862590733400601199e-24
-1.859478745641794074e-24
-1.903749244544114052e-24
-2.027738378142976144e-24
-2.073245909679540880e-24
-2.130021790929251032e-24
-2.178152138013900687e-24
-1.888950850027159890e-24
-2.079771206987045504e-24
-1.957332964190393244e-24
-1.851465497974861146e-24
-1.992966069364773196e-24
-1.916922310152225573e-24
-1.835527012483447566e-24
-1.762652742112432641e-24
-1.875256653080093840e-24
-1.976460962249155172e-24
-1.748299750597845817e-24
-1.896251980215144663e-24
-2.170832871602964979e-24
-2.017292914581018100e-24
-2.046653759727563156e-24
-1.885711310138093663e-24
-1.879930937940149654e-24
-2.163909439527221756e-24
-2.120168863893210658e-24
-1.946036931103202138e-24
-2.120238913044246784e-24
-1.927165999666474652e-24
-1.912644793708768669e-24
-2.064620773076470021e-24
-1.895006021956751767e-24
-1.867808411016136131e-24
-2.020705532339060223e-24
-2.151788711500422741e-24
-2.023334543727402243e-24
-2.001488687313802675e-24
-1.887824695316396812e-24
-1.970705677729733110e-24
-2.127036833627987181e-24
-1.907450657876247978e-24
-2.147583592003496345e-24
-2.086674149105046529e-24
-2.024789485612545251e-24
-1.888071431378820030e-24
-2.045115783796233985e-24
-1.927952143216138889e-24
-2.027214906338490132e-24
-2.128541520941081450e-24
-1.979654331188384831e-24
-1.925234208363358568e-24
-1.910850382283078724e-24
-1.897096875961933899e-24
-2.125513683927465680e-24
-1.822926778610293498e-24
-1.987171404625208143e-24
-2.039825637049424307e-24
-2.152596488754506080e-24
-2.188666214295529641e-24
-2.289111769803117124e-24
-1.937102457346264497e-24
-2.205860856513765518e-24
-1.930613862856911708e-24
-2.143454416251714491e-24
-2.101246822566750285e-24
-2.198600661965301369e-24
-2.101273121526341480e-24
-1.973331545390973048e-24
-2.113980182374310028e-24
-2.164147979122288357e-24
-2.100229735266195530e-24
-2.016545150771883173e-24
-2.056763687529802705e-24
-2.111156435556634049e-24
-1.976113668818311361e-24
-2.025888912033293853e-24
-2.000775011631603208e-24
-1.981114131246071670e-24
-1.961575562030639404e-24
-2.232861352793863175e-24
-1.904705981557563286e-24
-2.089974229750682905e-24
-2.155385784483936724e-24
-1.987489918987423632e-24
-1.944829475496292632e-24
-2.229912869569431254e-24
-2.007244487054365084e-24
-2.067040865175624651e-24
-2.081272834658736896e-24
-1.848057233064222718e-24
-1.984348553415833903e-24
-2.191573078626965367e-24
-2.041828607619557781e-24
-2.186800988288204032e-24
-2.410850883757479418e-24
-1.979894055052416119e-24
-2.008054301688075667e-24
-2.125359962732186912e-24
-2.238500753413522259e-24
-2.068059262365247882e-24
-2.053227038968115000e-24
-2.293057062035228054e-24
-2.126367261770941948e-24
-1.998108312161395402e-24
-2.322712806137098836e-24
-2.172469416593914401e-24
-2.365996841495231211e-24
-2.218057261628303503e-24
-2.250927736988201200e-24
-2.075994494685591333e-24
-2.190324034650091812e-24
-2.094476613553900853e-24
-1.999800062680033802e-24
-2.071781111138617485e-24
-2.279139648309351077e-24
-2.332032236296642802e-24
-2.151030509034779863e-24
-2.060275471589786474e-24
-2.131337291899675266e-24
-2.160090204735782491e-24
-2.091798735651613479e-24
-1.982144729489991566e-24
-2.287717336344329510e-24
-2.120818469217405972e-24
-2.209804520946893248e-24
-2.164709301800339080e-24
-2.105379874776353216e-24
-2.158938568329012918e-24
-2.202183821708204062e-24
-2.324669633971696374e-24
-2.178335205936628516e-24
-2.205603130365374244e-24
-2.202291935286008617e-24
-2.368465400508863684e-24
-2.156538270155038930e-24
-2.216707709356963441e-24
-2.261054426408562076e-24
-2.122613019824556239e-24
-2.091842746593413116e-24
-2.325242258628196420e-24
-2.009985443074926250e-24
-2.342221922499254976e-24
-2.255963040780530010e-24
-2.466626493691424233e-24
-2.202784378794016067e-24
-2.372401317206359075e-24
-2.185940760317012210e-24
-2.396834131742170214e-24
-2.335257647363631048e-24
-2.326832240879184484e-24
-2.326549255667668960e-24
-2.130174861478735975e-24
-2.239151601511808621e-24
-2.212438532459897606e-24
-2.162150526055858465e-24
-2.180243702967020158e-24
-2.216339233289426323e-24
-2.099876740027017714e-24
-2.298729558616094016e-24
-2.507749478208323977e-24
-2.235116294675126683e-24
-2.238980798567058537e-24
-2.315006758137811447e-24
-2.299106884750340804e-24
-2.290841189097097483e-24
-2.381496507712847925e-24
-2.307859206275977914e-24
-2.353109348801228263e-24
-2.301327505331089088e-24
-2.261768191190779857e-24
-2.190852114165779737e-24
-2.299916484952554656e-24
-2.537402890692165505e-24
-2.672130070699702048e-24
-2.390143558170779893e-24
-2.370712043373642578e-24
-2.627597893873881443e-24
-2.336664777821326421e-24
-2.360186864967540693e-24
-2.301319075587777436e-24
-2.472286031049139647e-24
-2.306135083376221734e-24
-2.439518604461068326e-24
-2.353918858069521104e-24
-2.511202665615828960e-24
-2.451216572346062670e-24
-2.300621341441921991e-24
-2.569026541877753794e-24
-2.403950213712720450e-24
-2.376388376853058232e-24
-2.265768227633765747e-24
-2.261233549360522988e-24
-2.362456801681793329e-24
-2.459162834012777959e-24
-2.314225583952354356e-24
-2.508576776741132709e-24
-2.336338149750723005e-24
-2.355524526515777817e-24
-2.361164359325379126e-24
-2.327884717925343286e-24
-2.507491758870490199e-24
-2.387836726711855057e-24
-2.434872517859151625e-24
-2.447111812521563290e-24
-2.207248349809965531e-24
-2.386703736460293033e-24
-2.130229670346454819e-24
-2.324867147468431545e-24
-2.521673501760397217e-24
-2.462126907684493424e-24
-2.417389481034221579e-24
-2.506852654615576577e-24
-2.580940343660200175e-24
-2.370720666876194451e-24
-2.538796573694270817e-24
-2.242920009900844942e-24
-2.282352662401757093e-24
-2.415101443627465807e-24
-2.555130546098005122e-24
-2.491278664129704432e-24
-2.414924909196969348e-24
-2.380358181434347656e-24
-2.374658718381784875e-24
-2.180522852843629677e-24
-2.465763551232716549e-24
-2.449849565375177803e-24
-2.400593942116393576e-24
-2.432191158603256822e-24
-2.511682793147131397e-24
-2.240413589590129396e-24
-2.585399123477646293e-24
-2.498637556745197877e-24
-2.338315348581324093e-24
-2.480533403835439282e-24
-2.419418534339214150e-24
-2.484044084369422651e-24
-2.420348493824476794e-24
-2.527039688146657304e-24
-2.637128230122602958e-24
-2.538810713041317098e-24
-2.494232639500837667e-24
-2.533223037706139812e-24
-2.442756209878068511e-24
-2.493854500786930560e-24
-2.368660566428284305e-24
-2.554954919116321451e-24
-2.545495406373884789e-24
-2.625964814362132561e-24
-2.398561287731110060e-24
-2.540421842866850722e-24
-2.581321254442543888e-24
-2.628716173638468945e-24
-2.434258097239801102e-24
-2.387078049919551616e-24
-2.502964162785038440e-24
-2.486538755218754325e-24
-2.502091779882407470e-24
-2.534772520833981783e-24
-2.517470895396503875e-24
-2.477022850308814951e-24
-2.413795833162718750e-24
-2.397268422677615117e-24
-2.690900400305305403e-24
-2.649086441911144398e-24
-2.447534027884142616e-24
-2.544392232411644281e-24
-2.618960090465266479e-24
-2.596350238105656278e-24
-2.368578044983239374e-24
-2.275984551107282943e-24
-2.556278966350435278e-24
-2.523489266861437354e-24
-2.468645089962477762e-24
-2.434170036990914220e-24
-2.545219252171193005e-24
-2.371230071648469278e-24
-2.318954664611097066e-24
-2.511964027731001591e-24
-2.422049618273290412e-24
-2.240202193427569530e-24
-2.482377753944757295e-24
-2.383700017726640640e-24
-2.299454261589252470e-24
-2.563727982712531424e-24
-2.321921935172251640e-24
-2.446012657357675821e-24
-2.392053151484285983e-24
-2.343857954670022283e-24
-2.404980160170412391e-24
-2.499253997808269437e-24
-2.432422326263284740e-24
-2.444388176574095992e-24
-2.378343780268092436e-24
-2.352777233099091741e-24
-2.502491077018742980e-24
-2.478868597456000152e-24
-2.439132239942042509e-24
-2.316502678426999969e-24
-2.439513764581650969e-24
-2.535395871915263812e-24
-2.530604811716924065e-24
-2.523260900592932454e-24
-2.430413408881996135e-24
-2.474641795580181672e-24
-2.426903209970930397e-24
-2.469454287072365332e-24
-2.428116747200959919e-24
-2.391271305831952890e-24
-2.583882814012220021e-24
-2.252323871430568238e-24
-2.550357191970643702e-24
-2.413588699894010101e-24
-2.417216808707222111e-24
-2.367361578565365742e-24
-2.384937174698996885e-24
-2.302759063020603253e-24
-2.446534313471926131e-24
-2.509157891696636542e-24
-2.440897980704495760e-24
-2.584768742604712055e-24
-2.474563652620594221e-24
-2.394929827030448824e-24
-2.525736753159263035e-24
-2.388477154652422230e-24
-2.579606810154435810e-24
-2.421376205547749109e-24
-2.568340096497280564e-24
-2.479374181304577802e-24
-2.389101447334771923e-24
-2.227311106828565888e-24
-2.594009962971095674e-24
-2.467206879304582925e-24
-2.422181807967508615e-24
-2.477876174963771919e-24
-2.384790942607038205e-24
-2.517882910135218869e-24
-2.424360842512872018e-24
-2.373823907468617572e-24
-2.310043118390427599e-24
-2.603680551905725797e-24
-2.450731910669981191e-24
-2.378659138773328494e-24
-2.491550700406553322e-24
-2.561089589267283215e-24
-2.595852298258242753e-24
-2.419206179683079296e-24
-2.413515104979804794e-24
-2.417182228735741077e-24
-2.522645705702705411e-24
-2.562153381565666487e-24
-2.569115929674887115e-24
-2.558382666515004257e-24
-2.404774317765406068e-24
-2.581936010516600845e-24
-2.488129526931317877e-24
-2.422248300972104286e-24
-2.633828654604444404e-24
-2.500828924630134089e-24
-2.407853409846448833e-24
-2.489676840225018702e-24
-2.610832438475353174e-24
-2.495040151912322960e-24
-2.444998693152005445e-24
-2.534803861408718287e-24
-2.555220251307962688e-24
-2.282791842413531615e-24
-2.325770056850810769e-24
-2.484574607593130622e-24
-2.494964134254323037e-24
-2.303759965359501137e-24
-2.359054404635646213e-24
-2.301722998610987407e-24
-2.353306994640394684e-24
-2.379726535960804609e-24
-2.200397611998552194e-24
-2.519585064025979611e-24
-2.461974939882782030e-24
-2.460394689622577357e-24
-2.524785549386394741e-24
-2.430473086018863010e-24
-2.439832775387920492e-24
-2.363098990548165804e-24
-2.553233457416365143e-24
-2.397648996710492756e-24
-2.498290232242337037e-24
-2.471571493958567327e-24
-2.533338121839213548e-24
-2.333032144653045176e-24
-2.471243196473913705e-24
-2.287215518129668171e-24
-2.354014180430763705e-24
-2.599394266108575954e-24
-2.450197164892377755e-24
-2.478600018661382551e-24
-2.474393997962334224e-24
-2.467437157823468702e-24
-2.355492730079467722e-24
-2.452511046903408285e-24
-2.512006639273824332e-24
-2.511010220864714469e-24
-2.430812540776291237e-24
-2.288247462234642797e-24
-2.498903332037867942e-24
-2.450266934059061144e-24
-2.168118768709842306e-24
-2.409788548621611241e-24
-2.456053569900821496e-24
-2.602445324518328116e-24
-2.482936990129441716e-24
-2.616319403338894525e-24
-2.387608200304910592e-24
-2.370326256411092588e-24
-2.290875200532428303e-24
-2.378037479301231460e-24
-2.347170905515630754e-24
-2.507922670602010565e-24
-2.415469575525842590e-24
-2.447032818729573415e-24
-2.457069174753283394e-24
-2.408413815436123955e-24
-2.536026964781289089e-24
-2.442701982253672424e-24
-2.582817611717419019e-24
-2.506567149618244251e-24
-2.515360478288961383e-24
-2.517853053118477356e-24
-2.397292106600018809e-24
-2.433506901549420190e-24
-2.498775062283842924e-24
-2.454843140503801202e-24
-2.334492620952860962e-24
-2.597397195513981300e-24
-2.468914370691270020e-24
-2.403336978469136014e-24
-2.433831500959946767e-24
-2.407669007781869979e-24
-2.431239546931309357e-24
-2.427741736534887413e-24
-2.432319886898443661e-24
-2.472097614899065093e-24
-2.576213125938094798e-24
-2.536954756110424365e-24
-2.412706944040816456e-24
-2.435391776637772612e-24
-2.354237639164590169e-24
-2.433236682260790436e-24
-2.555905407301930322e-24
-2.420574954765445208e-24
-2.397972904306449994e-24
-2.455821140887221223e-24
-2.340370159773869905e-24
-2.514776147751502699e-24
-2.357880612860323921e-24
-2.541232735592716268e-24
-2.373037020311245155e-24
-2.442332565467482232e-24
-2.366452819014223696e-24
-2.304870153961025186e-24
-2.511873419968447696e-24
-2.573863037194066734e-24
-2.586336378786786293e-24
-2.442645858508246138e-24
-2.444303506533645971e-24
-2.380351073988348442e-24
-2.467353728260571395e-24
-2.465809864755177989e-24
-2.482758611383012349e-24
-2.516480634251707937e-24
-2.573733218974763400e-24
-2.321378764822294324e-24
-2.466171440719155537e-24
-2.499405219970475482e-24
-2.612513849273218392e-24
-2.560938328137916618e-24
-2.568496563860292634e-24
-2.470272923196657874e-24
-2.581375282307843610e-24
-2.509642861285687691e-24
-2.527054221471542014e-24
-2.453232857034395597e-24
-2.360026793838640101e-24
-2.596621760694622346e-24
-2.426028417349766494e-24
-2.406004508102152964e-24
-2.539877536587767111e-24
-2.306438436530636310e-24
-2.513969133995063540e-24
-2.433427710580442106e-24
-2.502916959523114110e-24
-2.410571627634930087e-24
-2.405380882659052044e-24
-2.481707504373204074e-24
-2.557637858522171541e-24
-2.558713508349500215e-24
-2.511492249253881590e-24
-2.476423882714979549e-24
-2.487120226223220440e-24
-2.487416485821077586e-24
-2.572524899883936746e-24
-2.691793167941264288e-24
-2.445495793157106286e-24
-2.415517573347914707e-24
-2.414856070177137569e-24
-2.529782376156293331e-24
-2.462724093440635144e-24
-2.526034045201543996e-24
-2.491761457352318492e-24
-2.468541053054737475e-24
-2.634304912079501592e-24
-2.434842311709143379e-24
-2.364764339317164874e-24
-2.444942996769314159e-24
-2.605157027708115030e-24
-2.364019584256062174e-24
-2.594965185180161891e-24
-2.484201578043883901e-24
-2.439909323724736169e-24
-2.502333647221467232e-24
-2.577183688100720342e-24
-2.522650238978937392e-24
-2.328198927514926845e-24
-2.423927496415254841e-24
-2.268851208832250813e-24
-2.530816320643443308e-24
-2.390119188834616416e-24
-2.514258980538998009e-24
-2.386391992825725650e-24
-2.410497134025549162e-24
-2.363151534065957835e-24
-2.556107817165004429e-24
-2.403231502194541204e-24
-2.499970554705389020e-24
-2.467037423920976030e-24
-2.458827333016884745e-24
-2.424956566602276492e-24
-2.403026133129536178e-24
-2.339163139195687319e-24
-2.406100547606763757e-24
-2.443682460255523364e-24
-2.358811331104580856e-24
-2.389544499696429494e-24
-2.438175334394832566e-24
-2.491916719186923855e-24
-2.384178940582553313e-24
-2.422422593959781062e-24
-2.447740711336743366e-24
-2.233917541009967917e-24
-2.342852600316024167e-24
-2.443261533667247034e-24
-2.430931273443172304e-24
-2.421093294313481445e-24
-2.527457441744248664e-24
-2.251810357381475299e-24
-2.462024216511599079e-24
-2.297255542115858601e-24
-2.379247741385849512e-24
-2.246386865986835860e-24
-2.401635462482567426e-24
-2.471079356213317118e-24
-2.444418893080958596e-24
-2.515071799995465431e-24
-2.271632375884999563e-24
-2.303029522074988395e-24
-2.347846605402932868e-24
-2.362597651608632943e-24
-2.389716769522818250e-24
-2.343296861276461690e-24
-2.291167696582837081e-24
-2.494859719867587035e-24
-2.271666509275807023e-24
-2.259225393414301808e-24
-2.293322922983207014e-24
-2.340162582241523698e-24
-2.388208022083689899e-24
-2.309125739742183817e-24
-2.295401657507870830e-24
-2.269611418787145357e-24
-2.401860855835398561e-24
-2.296803900131593420e-24
-2.252847581164854970e-24
-2.407692022639717270e-24
-2.431500167805288495e-24
-2.433319014354048399e-24
-2.285937811600178377e-24
-2.276551321526119205e-24
-2.250755553959805438e-24
-2.394862093209179869e-24
-2.335155715888106462e-24
-2.434783408676560127e-24
-2.258408019121474808e-24
-2.255005260495258577e-24
-2.203840617230359311e-24
-2.291880842037944905e-24
-2.324564112408025128e-24
-2.321898359734682791e-24
-2.067600810600311159e-24
-2.394616295023478747e-24
-2.288392430286492620e-24
-2.339092769704679609e-24
-2.315811334877781376e-24
-2.385247342609812103e-24
-2.192711191206167071e-24
-2.286608785908365711e-24
-2.355323611117229897e-24
-2.276537946131511828e-24
-2.246618619858802058e-24
-2.329206640196379632e-24
-2.302342228688566132e-24
-2.200405163281448149e-24
-2.278519394139758627e-24
-2.301555866202423349e-24
-2.182814494419875547e-24
-2.182037182255461866e-24
-2.212410052847656923e-24
-2.291995048421673801e-24
-2.151567958511685881e-24
-2.218450929059011128e-24
-2.139891219005119174e-24
-2.214235590666178988e-24
-2.124646449495223735e-24
-2.034804776056282303e-24
-2.288739346843280597e-24
-2.139863365739052196e-24
-2.087666072363681902e-24
-2.147971829956016582e-24
-2.222666078042008551e-24
-2.176878903405476461e-24
-2.161661098022486933e-24
-2.161652573057254386e-24
-2.136692634529781418e-24
-2.060196260621787249e-24
-2.079255933858314039e-24
-2.152342400459987315e-24
-2.088580884125893567e-24
-2.240511294543962193e-24
-2.127255727436434008e-24
-2.205573652110622490e-24
-2.184885993536595576e-24
-2.123074968911309161e-24
-2.077894433871447567e-24
-2.147728802611473883e-24
-2.157114240652545012e-24
-2.090010485279407500e-24
-2.127047340509430161e-24
-2.138154975553095417e-24
-2.200916544519300919e-24
-2.064288539456038575e-24
-2.097895939105676982e-24
-2.091858247114014880e-24
-1.918504286391381387e-24
-2.082587074183633894e-24
-2.151542235662291488e-24
-2.064265435943631329e-24
-2.274869895598468035e-24
-2.099040162806853846e-24
-2.230300921755289682e-24
-2.054085221061997487e-24
-2.105284065721780018e-24
-2.046992415843152889e-24
-2.177012161959855318e-24
-2.104709374478309530e-24
-2.085105261842654488e-24
-2.011756758665096965e-24
-2.090861016261031194e-24
-2.016083703470499106e-24
-1.958604236424835115e-24
-2.089045460842321266e-24
-2.151579359391706433e-24
-2.096096454324053636e-24
-1.996504113269265236e-24
-1.989051007357518848e-24
-2.194200477861704001e-24
-2.039746146549019801e-24
-1.986047658819984432e-24
-1.992704895014628207e-24
-1.941008623937720814e-24
-1.895242499968745175e-24
-2.015173605206980124e-24
-2.060040974249745667e-24
-1.995608629808500728e-24
-2.038372225418295301e-24
-2.082549303428863235e-24
-1.987237892987380261e-24
-2.057712444401031167e-24
-1.882836358266164393e-24
-1.895543037709029073e-24
-2.045560223607109531e-24
-2.019857622137373481e-24
-2.032704760651475034e-24
-1.895016720451624764e-24
-1.957958071381425484e-24
-1.975058070044270765e-24
-1.907763731993451653e-24
-2.076708074484547803e-24
-1.982324694176234707e-24
-1.884709852572047707e-24
-2.037556742338080779e-24
-2.010641079373047923e-24
-2.030087353421549978e-24
-1.954358718585359738e-24
-1.983415286617060032e-24
-1.898127078292246534e-24
-1.958648525609499586e-24
-1.854494511610494530e-24
-1.918022131717319199e-24
-1.998414829644181936e-24
-1.885812198372059520e-24
-1.987409977797101992e-24
-1.992158446551473406e-24
-1.860218867809868802e-24
-1.887302428856108359e-24
-1.843136096144658729e-24
-1.918806938057960919e-24
-1.901038216303646664e-24
-1.832697220545778701e-24
-1.913560609170514386e-24
-1.972987382612032066e-24
-1.892561488761787484e-24
-1.930000838045842915e-24
-1.858915709800274803e-24
-1.864581105429723228e-24
-1.824671653696459299e-24
-1.886729675273333726e-24
-1.858996349811088236e-24
-1.877244728246204137e-24
-1.898902256749416376e-24
-1.844488155643006967e-24
-1.948375970901423385e-24
-1.856797112433813997e-24
-1.743274919577813427e-24
-2.012260651501433202e-24
-1.834879863154385241e-24
-1.991350960522522878e-24
-1.961197714748674605e-24
-1.851188009213983951e-24
-1.860790388888726042e-24
-1.814817118642160585e-24
-1.834832662247668536e-24
-1.860395414548326332e-24
-1.916119972622657272e-24
-1.940069344006491639e-24
-1.844650988595838163e-24
-1.849316487127749270e-24
-1.887265732559790201e-24
-1.699792185683933211e-24
-1.819187285952003552e-24
-1.760597337224930408e-24
-1.830021518413382299e-24
-1.806422740646050527e-24
-1.868523108154345118e-24
-1.804715602852190879e-24
-1.753752989004251081e-24
-1.711991332516534100e-24
-1.874010350026285340e-24
-1.787754797627685014e-24
-1.870625148652525532e-24
-1.790482302882563577e-24
-1.679100129931463981e-24
-1.861404951429405202e-24
-1.819151226054060836e-24
-1.685287583495960065e-24
-1.777185902207119942e-24
-1.746987068067018315e-24
-1.824765946430240094e-24
-1.749446951505660045e-24
-1.706485695661352418e-24
-1.770817579656019713e-24
-1.682886801697809518e-24
-1.689017986081935248e-24
-1.737167590280130175e-24
-1.758236674701763618e-24
-1.788367603302740238e-24
-1.734687019766402622e-24
-1.740362448719870722e-24
-1.663656359999599915e-24
-1.672376535822761009e-24
-1.814202943411982018e-24
-1.752467250216569783e-24
-1.615151665678173011e-24
-1.864961847546957963e-24
-1.755338456847606448e-24
-1.688100176966150420e-24
-1.761881486098693611e-24
-1.808791091802492084e-24
-1.643455669974887188e-24
-1.785063829611399653e-24
-1.631692362452836611e-24
-1.693227394015018958e-24
-1.652416671949815875e-24
-1.698123989658818897e-24
-1.645621503493854604e-24
-1.699823885707075334e-24
-1.658154030581076819e-24
-1.621864657686893858e-24
-1.687119334250161490e-24
-1.745580406072634213e-24
-1.625686393265849165e-24
-1.613890632667887360e-24
-1.730314108504289005e-24
-1.701963889050504357e-24
-1.652327509031011558e-24
-1.722097622136445977e-24
-1.606308464575236763e-24
-1.666761725021954320e-24
-1.756530451821466249e-24
-1.730989711197326253e-24
-1.684093329594525409e-24
-1.554554043489122723e-24
-1.542230767566645458e-24
-1.704415526592611278e-24
-1.644472443503110479e-24
-1.657006373074435106e-24
-1.605689315168167792e-24
-1.621740526079733983e-24
-1.586350764442021151e-24
-1.594972126540596495e-24
-1.647051993282215528e-24
-1.695318140984053200e-24
-1.676162602275629348e-24
-1.556879546084023696e-24
-1.655538427338226688e-24
-1.578685044162392318e-24
-1.604979923417381127e-24
-1.567460067655298501e-24
-1.591699475469905171e-24
-1.533441808352104763e-24
-1.587401921182624223e-24
-1.553639410839202569e-24
-1.620806529546679441e-24
-1.600151004405459017e-24
-1.580518252330220880e-24
-1.595914437840289298e-24
-1.642518739420319766e-24
-1.475421790269722494e-24
-1.567241233709301892e-24
-1.554171971367430858e-24
-1.556054929820949167e-24
-1.561758639682626172e-24
-1.508182365162409819e-24
-1.582145810867928594e-24
-1.451464771015897505e-24
-1.408172489136834170e-24
-1.473146398001016330e-24
-1.451351792943634890e-24
-1.531182492419464731e-24
-1.435580491480623097e-24
-1.501158572594583716e-24
-1.517937139615095028e-24
-1.552445044848594272e-24
-1.465503359727132357e-24
-1.511165074910120255e-24
-1.453488455766746263e-24
-1.547151322930318333e-24
-1.527110458222925306e-24
-1.438792755101971434e-24
-1.491089146204384391e-24
-1.482372999406469942e-24
-1.475277460687886276e-24
-1.456053540549355053e-24
-1.508177964904559482e-24
-1.529250013002294300e-24
-1.442321800867891034e-24
-1.488240886030198484e-24
-1.488967670715843533e-24
-1.396052273650372105e-24
-1.443121445679986994e-24
-1.527353380051527450e-24
-1.416383266069591478e-24
-1.421752396497505861e-24
-1.489499556085155225e-24
-1.312998899088195401e-24
-1.319124287214969930e-24
-1.363086879219633663e-24
-1.350445681882271718e-24
-1.373269101689030555e-24
-1.341139694774673896e-24
-1.440531689438874043e-24
-1.369082373959581907e-24
-1.378592237412422609e-24
-1.322777288684576638e-24
-1.421217759760309325e-24
-1.416251764648404785e-24
-1.412429460185848481e-24
-1.359943267908431116e-24
-1.384069545575350926e-24
-1.336282004776713154e-24
-1.377052840155264461e-24
-1.422306178680144737e-24
-1.377710485722111801e-24
-1.396036904833094313e-24
-1.507046029507388491e-24
-1.321610502149421342e-24
-1.332991987277835740e-24
-1.348329366893584855e-24
-1.331097400079710803e-24
-1.368033262613686207e-24
-1.301775124048999442e-24
-1.338959625323624300e-24
-1.311154129971490662e-24
-1.307208719718147502e-24
-1.348016626743250270e-24
-1.359679404857320025e-24
-1.362546100518203940e-24
-1.326190289731122270e-24
-1.387877069250627138e-24
-1.395576929749426728e-24
-1.287977113671425045e-24
-1.294192618107976653e-24
-1.292935887427308819e-24
-1.343902202409665369e-24
-1.215916445049313185e-24
-1.335873665065173028e-24
-1.270043452375462491e-24
-1.277918096941974496e-24
-1.348642919405372190e-24
-1.260633314773123351e-24
-1.298737383143348927e-24
-1.346788718189257138e-24
-1.314177695783216914e-24
-1.246423009063744679e-24
-1.273558867333775617e-24
-1.275025425888419695e-24
-1.307393799575187620e-24
-1.140001535139526927e-24
-1.245702428111333669e-24
-1.262008902349801820e-24
-1.254434876429572822e-24
-1.292962083561209789e-24
-1.250366975995220307e-24
-1.212672472228144976e-24
-1.267616550130610976e-24
-1.284076807845310966e-24
-1.285669526115831828e-24
-1.215175952341384627e-24
-1.237211015409426663e-24
-1.142695750526608706e-24
-1.222027488193106979e-24
-1.234792456778806662e-24
-1.197559398187737674e-24
-1.216017917275204404e-24
-1.214866065549256194e-24
-1.208058405863061930e-24
-1.221056086084278929e-24
-1.157106842218799556e-24
-1.208569306431078888e-24
-1.266474751608890676e-24
-1.194043931266597956e-24
-1.162794448300364410e-24
-1.148309260701000508e-24
-1.215390379337729005e-24
-1.168752290527536656e-24
-1.172742501285337536e-24
-1.160144350748364431e-24
-1.141155207723151863e-24
-1.156498128805250307e-24
-1.124153780401608571e-24
-1.103295896201737236e-24
-1.135694001609218779e-24
-1.200336500813405571e-24
-1.188437564990560692e-24
-1.172205724102915604e-24
-1.173984165666613110e-24
-1.137269830489014107e-24
-1.104642090348459272e-24
-1.156650559090772533e-24
-1.120689726888511393e-24
-1.157874165058713572e-24
-1.154478910493352684e-24
-1.142568625746569815e-24
-1.087380035751407665e-24
-1.168347739479744127e-24
-1.122870404214764740e-24
-1.158608164748681253e-24
-1.126096461531374080e-24
-1.136810286488344452e-24
-1.126734893053572526e-24
-1.114411015612402191e-24
-1.099174132937463399e-24
-1.097761422049222961e-24
-1.131732049005227620e-24
-1.155352062291339752e-24
-1.057502112997437484e-24
-1.000825500392572286e-24
-1.076789481370313536e-24
-1.067163562768715337e-24
-1.106945604875496518e-24
-1.103638326834241949e-24
-1.067924790316666151e-24
-1.079649060997824642e-24
-1.109364538975438052e-24
-1.033277777160875019e-24
-1.091033465543265373e-24
-1.063390011467664252e-24
-9.913789200656843856e-25
-9.846078643640266060e-25
-1.010304579785943573e-24
-1.000412189638629769e-24
-1.009137356265931493e-24
-1.010014559574995155e-24
-1.063752868852929716e-24
-1.004437174381621084e-24
-1.060164447293569226e-24
-1.022662419231366828e-24
-1.085517756237670814e-24
-9.809807974303822042e-25
-1.018994452343742674e-24
-1.029833425129853519e-24
-9.388542553334493233e-25
-1.004660940117008693e-24
-9.924538581854518029e-25
-1.024808117560022121e-24
-9.966200387072765560e-25
-9.866900843610059779e-25
-1.013095609073814485e-24
-9.819061126000418235e-25
-1.019015090119638307e-24
-9.652891411704613619e-25
-9.822714485347260589e-25
