0.000000000000000000e+00
0.000000000000000000e+00
-3.251145801891829041e-13
-3.597157182104947033e-14
3.445817888080712971e-14
5.751763999137864602e-14
5.255453110117298948e-15
4.425704027797481592e-15
6.384519776413240267e-15
3.382013129330796016e-15
9.586902364663902270e-16
1.276106681694934066e-15
8.350965587141029139e-16
6.813915024293014378e-16
3.115753363722387087e-16
-5.079039958785508774e-17
1.749887258042633083e-16
2.489716736954496522e-16
1.621718173777976297e-16
2.083804742132284019e-16
1.072906628649208110e-16
4.854918377925345253e-17
3.416888997671448885e-17
4.563982805554171629e-17
5.253942433171412178e-17
1.056694975306500230e-17
4.163898099506329931e-17
1.488152162731065310e-18
1.829810777918728976e-17
2.994476758253342975e-17
2.152019648443704687e-17
4.679360583781711172e-18
2.033453038696913799e-17
6.607269441823268294e-18
1.618772564097791288e-17
9.265020257778771860e-18
6.349497521363712694e-18
9.596126157093260442e-18
6.009352665985359993e-18
6.275411640229480977e-18
4.761814052115923585e-18
1.268174630103293907e-20
2.825867167773868865e-18
1.310667921709296573e-18
4.247458504989815788e-18
7.261747231360498793e-19
3.639285938200160845e-18
3.474600706458516503e-18
2.820477697427651314e-18
2.810621743019746626e-18
5.411733906342526225e-19
3.135527731036408154e-18
2.682418353874429141e-18
6.952579422054336716e-19
1.543188490664470240e-18
1.172168229538220298e-18
1.786631976571177752e-18
1.903931492351788187e-18
2.182039063978499363e-18
1.202295791547437173e-18
7.431123401328495439e-19
7.721030651179269397e-19
1.684053461084337655e-18
1.192762953623248214e-18
1.281601025789710224e-18
9.389518112540520751e-19
6.646676063326746331e-19
4.208577917970726271e-19
6.960554294851575925e-19
6.062698580778510891e-19
5.914795570334367410e-19
3.310227667668736514e-19
3.169008693385499916e-19
6.426555966650546969e-20
6.794213135917773463e-19
5.095763907503647141e-19
3.426731806031837761e-19
4.352905681911384809e-19
3.044669597716058896e-19
4.079719840084972105e-19
5.959312531008304112e-19
3.815707510027607362e-19
4.400927238395646546e-19
2.659157697388422604e-19
1.063042659191147101e-19
2.189099148940054554e-19
2.641062986198210173e-19
2.392910742862295957e-19
1.981646927268189617e-19
1.855654374444640723e-19
2.681680183387459228e-19
2.261953131186241773e-19
2.017386528463502134e-19
2.548238011191458616e-19
1.461478252732968027e-19
1.349612406480755621e-19
1.580212344048664615e-19
1.619329578831968875e-19
1.718804656625522052e-19
1.758883173601211821e-19
6.346549446489777099e-20
1.161958973968645099e-19
9.671446182663386034e-20
1.357781938754347740e-19
1.241780519053853030e-19
1.391666165550854033e-19
7.279642924605322294e-20
1.051346984795344055e-19
1.599069507914717912e-19
1.307306850338234490e-19
1.146322463003784225e-19
3.949131579625675834e-20
9.687713495112563519e-20
8.711831384678302735e-20
5.158720198140364500e-20
7.029274678393602393e-20
7.819039639706218252e-20
9.055243141216368322e-20
6.330746882943090801e-20
7.255413749208560856e-20
4.910706043720035914e-20
4.227238117611868160e-20
1.903018444636891820e-20
5.111784566020852694e-20
4.012899717660549660e-20
5.225638766624466396e-20
6.352355487489806102e-20
4.424081192580985664e-20
3.863422084939574179e-20
3.220587627579492900e-20
2.364919617395353349e-20
3.552538404235716550e-20
4.797405740540857090e-20
2.013018530126130095e-20
4.683493853045671472e-20
4.783902057152158717e-20
4.579636608941984955e-20
3.332329135327967546e-20
4.098173559074820512e-20
2.784430349903108399e-20
2.644422746421553220e-20
3.031848531421953059e-20
2.901046243540962704e-20
1.520846928717004569e-20
2.223054589046065620e-20
1.073674078391816126e-20
3.057931218764860010e-20
2.870759263747990717e-20
2.665082457418757026e-20
2.804191491854590369e-20
1.687532585574734971e-20
3.226556720613817357e-20
2.443671303636977647e-20
2.580214106629590654e-20
2.609956228455363768e-20
2.043052493704432450e-20
1.853750049351297451e-20
2.921445665164795243e-20
2.141577379759715880e-20
1.159315501877792049e-20
1.091091888194076335e-20
2.281235219076251149e-20
1.283860406259273067e-20
1.767085980130294627e-20
5.675803459215768152e-21
1.020984688393533204e-20
1.497868722627646331e-20
2.349050465709462434e-20
1.244443560454947909e-20
1.467357595910274920e-20
1.785935347813930294e-20
1.178931730916902763e-20
1.889757920317693439e-20
2.022846613150161636e-20
1.354428510565702736e-20
1.322161688321422770e-20
1.096548910549032000e-20
1.518902810141429104e-20
9.856577120959249858e-21
1.130049007861404090e-20
1.313450842659674788e-20
6.120070473503581710e-21
1.441885419896526064e-20
9.283524751784556017e-21
1.194375197027959940e-20
8.345919684045445617e-21
1.448110062800480384e-20
1.147147889826003260e-20
7.407874208781603301e-21
9.675877408896709430e-21
9.829392627321805471e-21
8.102533183403531231e-21
1.038514744519721384e-20
8.759953010026301648e-21
4.459963945730038966e-21
7.145130973926238504e-21
6.990976527695409813e-21
8.950326898341892318e-21
6.355326671752049744e-21
6.686196225160407078e-21
5.939243552711966063e-21
5.914859640367191320e-21
6.721181526858183524e-21
5.647430561844569871e-21
5.531149081060713208e-21
5.798257445511538971e-21
6.453123308537825436e-21
5.556573806685597996e-21
5.798016469287135983e-21
5.896801296399874623e-21
7.401905320111601339e-21
3.552168886646601404e-21
4.729583900849967822e-21
4.948766669637457861e-21
3.994997488197557906e-21
8.052422570425280359e-21
4.808684270391196048e-21
5.131825167023349497e-21
3.174647386267759035e-21
5.972835755154302486e-21
5.171645785768649218e-21
5.292616246778665310e-21
3.963062912879729120e-21
2.650026975861230460e-21
4.644546267952225090e-21
3.459238986355227503e-21
4.830750101302043798e-21
4.581650049946633235e-21
5.309752160500706463e-21
4.083165279955566058e-21
4.284222861197460315e-21
3.811857849065858915e-21
2.228303144156743022e-21
4.006375951870283865e-21
4.235686396014265043e-21
3.734369180224616286e-21
3.151590518186312783e-21
3.508157268353176443e-21
4.102770722296503496e-21
3.007435364002188914e-21
4.419251379670559410e-21
2.837741664655566876e-21
2.835095971223756592e-21
3.356219422925722462e-21
2.576823643556383809e-21
3.319077291303712386e-21
2.707582360670546311e-21
2.680420361143280399e-21
2.793779733593774063e-21
3.316211169085166774e-21
2.212466616378113775e-21
4.127656371668661700e-21
2.090378183349505804e-21
1.924551273740484722e-21
2.362623865359385939e-21
3.425801428304073660e-21
2.491795011864867880e-21
3.618073074860450870e-21
1.832197847826268380e-21
3.528795915835357555e-21
2.146607051791865136e-21
2.166201286263587329e-21
2.183250918823165998e-21
2.936424813881170968e-21
2.331721183234487573e-21
1.753515287963839128e-21
1.706894428803808386e-21
3.646197012902122249e-21
2.080734105019232441e-21
1.858382703855791058e-21
1.732718879301605026e-21
1.687797239325110781e-21
2.604620531804547573e-21
2.485601632092429580e-21
1.502952733844509905e-21
1.592677143306658561e-21
1.248450624338301939e-21
1.717412789987761611e-21
1.529986223722161583e-21
2.607900372355313734e-21
1.969445743399225710e-21
1.685723702814880120e-21
2.148650327305591960e-21
1.274748592247431071e-21
1.777517626567241537e-21
2.050058609703760758e-21
2.217712476301367529e-21
1.986175322610268198e-21
1.765508303470536301e-21
1.589711025437439408e-21
1.311694466219671512e-21
1.894822913460085092e-21
1.456544647913549614e-21
1.536847577521278388e-21
1.976712398756358620e-21
1.435506929172883035e-21
1.306071786783158689e-21
1.580642068099512681e-21
1.966938586582073290e-21
1.505836480856011496e-21
1.351302665467578298e-21
1.704087617416568991e-21
1.138686657867737933e-21
1.647580977886479165e-21
9.813361702857589253e-22
1.417315015608081364e-21
1.674152360759287377e-21
1.194858176957688211e-21
1.540748467418936713e-21
1.096560364017453503e-21
1.523512785224105502e-21
1.002375158740175027e-21
1.280409071624469958e-21
1.275741510683956057e-21
1.015908233013300139e-21
1.081193415458264650e-21
5.302991485335926369e-22
1.167990150285695150e-21
1.118516009246996058e-21
1.097111895171141960e-21
1.023351116172462735e-21
9.978293363267809188e-22
1.446386059084542997e-21
1.220906621342272635e-21
1.121499071335884201e-21
1.004494864861971844e-21
8.965104987440314401e-22
1.202057736639008120e-21
9.367502892843050819e-22
1.171694546168713782e-21
1.018756551045779443e-21
1.176218202476797942e-21
7.959707148703216460e-22
9.968827449877896305e-22
9.047939576371848164e-22
7.805812437704108028e-22
8.806997265385922792e-22
7.172728278271758580e-22
8.471819374040143129e-22
8.009082231859100085e-22
7.458496205656345426e-22
7.867763392961825092e-22
9.297947686322517060e-22
6.249142556644871383e-22
7.008561065729062848e-22
8.937327588163789550e-22
7.907116164907132063e-22
6.218409340804131051e-22
7.527740263767515617e-22
9.218724492428567018e-22
6.019573862170273075e-22
7.943919157649409129e-22
8.202075329505848531e-22
7.439834844201070855e-22
9.496328483943440071e-22
8.366546466539806158e-22
4.331814232700543220e-22
6.546815023421769883e-22
7.058317927122213126e-22
7.524581313642847208e-22
7.649824546712787627e-22
9.064962572919132274e-22
6.361040635642753850e-22
6.052924618526106117e-22
7.693250333079430214e-22
3.729164253133428615e-22
5.366102113399550786e-22
6.185972984381181435e-22
5.147665224755857897e-22
5.633012917821169196e-22
8.219899418075081975e-22
7.626152592324889705e-22
5.334628126668192056e-22
6.640472695469849646e-22
6.749930477791462274e-22
5.161519867521671764e-22
5.439506122133805047e-22
4.949965943513630941e-22
4.504054488388569216e-22
5.032966185393432978e-22
6.612063256747779825e-22
5.422280682969756121e-22
6.911422879523044673e-22
5.533702765419495520e-22
7.795964114584242391e-22
5.182190739054690902e-22
5.367317964020753404e-22
6.433356662502763485e-22
6.115395442486272115e-22
6.910304279736214467e-22
5.092271293066252101e-22
5.305574551059831779e-22
6.730703554913542273e-22
5.221578910149706734e-22
3.892705377273533037e-22
3.290037382671562910e-22
3.503637516853714155e-22
4.114996592185778564e-22
5.010600511000205707e-22
3.411487311614779230e-22
4.316755653025763438e-22
4.967094277348009707e-22
5.060854656185869265e-22
4.095085441456771068e-22
4.450483580270328113e-22
4.187335512099751380e-22
4.258345644156873488e-22
3.530490291013786639e-22
4.909744090776311051e-22
3.682129224643955043e-22
4.914364504834542922e-22
4.490955047043299445e-22
3.922768351717305920e-22
3.615584976508807063e-22
5.199241893077831250e-22
3.453407679828348312e-22
3.779625325487723393e-22
3.055477441917641831e-22
4.335845780549793547e-22
4.193294323713742747e-22
4.079876100554704304e-22
2.911052306340592806e-22
3.855046456112075112e-22
2.699080565965819842e-22
3.790914552211267560e-22
4.272407853218926532e-22
3.083282668337251649e-22
3.553774378391846977e-22
2.844958446849866852e-22
3.305825954961104874e-22
3.102975232589131924e-22
3.062348840327080259e-22
4.257441395573061881e-22
3.449671543420645868e-22
3.115774392153884103e-22
2.938135307701692730e-22
2.438505195184386758e-22
2.642211623793482872e-22
2.922849637982320557e-22
3.684101140713299837e-22
2.967824367393467775e-22
3.328680100674832332e-22
2.507742500199813337e-22
3.117500564324489211e-22
3.251905083209956079e-22
2.441332463179260698e-22
2.463008727360998445e-22
2.506437840155563121e-22
2.909224391086225371e-22
2.386882910417749828e-22
2.181108642380143902e-22
2.068963776358634578e-22
2.214295645813583565e-22
2.533399437908399562e-22
3.332517045736577700e-22
2.269997738722897473e-22
2.350618084908513516e-22
2.842447999240083769e-22
2.587468677247897389e-22
2.430926752684734217e-22
2.972000061375974182e-22
1.967750213856420939e-22
2.486212246113550046e-22
2.436418999187854097e-22
2.900669039219069471e-22
2.889312907015884482e-22
2.049477616514614551e-22
2.789517155880519641e-22
2.341482927215091689e-22
2.895738995156854937e-22
2.306630045401441432e-22
2.637751783625203915e-22
1.694998109995036784e-22
2.908359019214390656e-22
1.554666842747117336e-22
1.791361290652668865e-22
2.629176363539586179e-22
2.350014256706709866e-22
2.571439406297783601e-22
2.302119110703805684e-22
2.283286669587239566e-22
2.738870486069904965e-22
1.362491380572467753e-22
2.163989150377883869e-22
1.784857591796737160e-22
2.038728596953302301e-22
1.686181061717329789e-22
2.124212049718076484e-22
1.588616607560789390e-22
2.080884124265254027e-22
2.101836933771511168e-22
1.957629146962646961e-22
1.601968732351515439e-22
2.149472312825985085e-22
1.966446298079599128e-22
1.809755717545713874e-22
1.990509119888523138e-22
2.241304374330277324e-22
1.768111391787382516e-22
1.423795471053410233e-22
1.646469267660449741e-22
1.899000556905389993e-22
1.593578514212041924e-22
1.788851011866759319e-22
1.764370791373638546e-22
2.126019518133131505e-22
1.528592958346578411e-22
1.433821299226115807e-22
1.495118287296137296e-22
2.178480690029180944e-22
1.774747815202969154e-22
1.408860522346499716e-22
1.168358673729399537e-22
1.191662775191216564e-22
1.461010636208521454e-22
1.307058956857631149e-22
1.406471628528381690e-22
1.111994116671471618e-22
1.320580507857922136e-22
1.666977126794619755e-22
1.612276976263552014e-22
1.688616048425335243e-22
1.425245985411416800e-22
1.523972838692661246e-22
1.579337337976555325e-22
1.630631984395436953e-22
1.206253952322864531e-22
9.445409380422086281e-23
1.284111129308008954e-22
1.508332698080110806e-22
1.297317970638687935e-22
1.003645634127284550e-22
1.363847988684770838e-22
1.423393113726327308e-22
1.179896731424059856e-22
1.607123401832045813e-22
1.378081445658859298e-22
1.040595117539115769e-22
1.291973939917060718e-22
1.146631132172488089e-22
1.512675163994951824e-22
1.069280100291393729e-22
1.288141786453321776e-22
1.204482551402336288e-22
1.155098933458284709e-22
1.387001797317151063e-22
1.064284774295582790e-22
1.000921375951719009e-22
1.134778685146427192e-22
1.234421412746524987e-22
1.324775051362213991e-22
1.146332947968266967e-22
1.140437681646702415e-22
1.075541354202302090e-22
1.168814465172438005e-22
9.365124138071871071e-23
1.043729093073355946e-22
1.081366748541373925e-22
8.562232341349679295e-23
1.009236655968498188e-22
9.180281341165023543e-23
1.111360240733157026e-22
1.311537184272002860e-22
9.255980633434451369e-23
1.048674457347559281e-22
8.660872208966105683e-23
9.264868500858453061e-23
1.089558403114285853e-22
9.375133788356018114e-23
8.037728228182481004e-23
7.838191126496283700e-23
1.238603651824417419e-22
1.056022625099015993e-22
8.135776654935515372e-23
7.476066797046097097e-23
1.054178261861381237e-22
8.594790823457582710e-23
9.601434646426868707e-23
7.862720326403377670e-23
1.003933630239798983e-22
8.902390406181698696e-23
9.065734672128303707e-23
6.489999660840200237e-23
9.600103590565829527e-23
7.859663014146471582e-23
7.450647909135775090e-23
1.060766260813220835e-22
7.334430392739386747e-23
6.339243343410136556e-23
9.381467933924883242e-23
7.565262713539662472e-23
8.436182033029738253e-23
8.032520333436602079e-23
9.989455951578881949e-23
6.956667598490219828e-23
9.581531109190343007e-23
9.825494111983266714e-23
8.853775601047242930e-23
9.028447955546019133e-23
6.620009036646219421e-23
6.485786104028068592e-23
7.439374939234215488e-23
7.088985843269380201e-23
6.575436667463147529e-23
7.193683566841501594e-23
7.471223914894297307e-23
6.695672593526615981e-23
5.333996036584891637e-23
8.366615115241578905e-23
7.371289015149148283e-23
9.813042508369881590e-23
8.553834886387537469e-23
6.449725686487281379e-23
6.720620991768305826e-23
6.522292725253604706e-23
7.373937805439781877e-23
9.119031033960174038e-23
4.845523683955500250e-23
7.394624587395430872e-23
5.871363895888252861e-23
6.468408029685586023e-23
8.951206120144511954e-23
6.441499267106891935e-23
6.631874706823714449e-23
6.562705960220930334e-23
7.512206597439344238e-23
5.815595237688397458e-23
4.659130205945713293e-23
6.274828893745914298e-23
8.159856470360889404e-23
5.429371088765022082e-23
6.862052039122969831e-23
6.562376082667558077e-23
6.145784701499863441e-23
5.628889653860626475e-23
5.338300340273926176e-23
7.082292225875413949e-23
5.360381439594658730e-23
5.844457377991015857e-23
5.444727205405944819e-23
7.345018556724003430e-23
4.964204655587694462e-23
5.622045263949886469e-23
4.499702112186821490e-23
6.700683646159045158e-23
4.976469549813073121e-23
6.057424977027109154e-23
5.609693368595377665e-23
4.655918906746957896e-23
5.883085544440249479e-23
5.809635339314762368e-23
5.777801033118603608e-23
4.762720151065364410e-23
3.421283626372046308e-23
6.132763912829770983e-23
5.825024966411924084e-23
4.634274246988532446e-23
3.802055400970643718e-23
5.205944636947231480e-23
4.387171473230438407e-23
5.387694810174403865e-23
5.450139536751821190e-23
4.186800099925008013e-23
3.527065412658511368e-23
3.966277980654007357e-23
5.029705292193691096e-23
6.053192268048762814e-23
4.425643410297954605e-23
4.944307338007969526e-23
3.457951955582198577e-23
5.421970207306947808e-23
5.545656546970224078e-23
4.390328622754249640e-23
4.086252490878249359e-23
4.162818589441488850e-23
3.920199466739824910e-23
4.943384938880700830e-23
5.873876588601265103e-23
4.872687091226985995e-23
5.090247563292392385e-23
4.634517533406179925e-23
5.000991059572228841e-23
3.217451296910264067e-23
3.000359222764865187e-23
6.413555190957027544e-23
3.937232963241436744e-23
4.422915205310938936e-23
4.259525120102871510e-23
4.598721047620197588e-23
4.983228567873404699e-23
4.439140648598483155e-23
2.804097935483573533e-23
2.478317827613670665e-23
4.306506258819808321e-23
3.322916560228373776e-23
4.022350064760960642e-23
4.134187693052550182e-23
4.839245231072452731e-23
4.631112053176173642e-23
3.488119545191990776e-23
3.343786194796833755e-23
4.772464640440064846e-23
4.951389654696659830e-23
3.809206896577024076e-23
2.296894791475865488e-23
3.231080749464581598e-23
4.108833312737593233e-23
3.995220303242582816e-23
4.111355536332868773e-23
2.140812472912938282e-23
3.222300520155117618e-23
3.859423739414521502e-23
3.610969157579475665e-23
3.933666435877066509e-23
2.994320153941382312e-23
2.594674567063382858e-23
2.599530402341267268e-23
2.742995612903212372e-23
2.357095547076277378e-23
3.721547100472153563e-23
2.352445396927875042e-23
3.825535815703287792e-23
3.439510437698674466e-23
3.499045730652713874e-23
3.861399535504472321e-23
4.333226410550107459e-23
3.584317645835328460e-23
2.237457617248979690e-23
3.216209872447556750e-23
4.297618058396789297e-23
3.360560007446197287e-23
3.280186915782506055e-23
3.463688321733907890e-23
3.031456837475368318e-23
3.534587242539302362e-23
3.396948946457405485e-23
2.567449912790342249e-23
2.924112148201946060e-23
2.683448995183637596e-23
2.794234919697577824e-23
3.131948577725982102e-23
2.889848064363704830e-23
3.094916672597938252e-23
2.962306049781748074e-23
2.532705079541340017e-23
2.386675708709368266e-23
3.833221103264029400e-23
2.960757614395420749e-23
3.354631553864380887e-23
2.758965204319419314e-23
2.948520127316056702e-23
2.124133431703607060e-23
3.002324932641872749e-23
2.009686602509756583e-23
2.503299802585424971e-23
1.987371139336073843e-23
3.213458105831709274e-23
2.906720843032995054e-23
2.582191871202549138e-23
2.071120701516594849e-23
2.114452921850270005e-23
3.299461984737427591e-23
2.661566659773227538e-23
3.108564794674470185e-23
2.139685044330400133e-23
3.349056498998883926e-23
2.524348945877540303e-23
3.347758291245237854e-23
2.149057038825690464e-23
2.648033082791845527e-23
2.565556454683192372e-23
1.749793462668295886e-23
1.957237845999554927e-23
3.179046706672692556e-23
2.497103663760649557e-23
2.240571465855597868e-23
1.997471980798648917e-23
2.217172878442612322e-23
2.090396758044523593e-23
2.513771344595112168e-23
2.082862097943708255e-23
2.774077249957487247e-23
1.734443179063456564e-23
1.776005118158264409e-23
1.602367331804996006e-23
2.205360025656172928e-23
2.441475856193494248e-23
3.073646147665828324e-23
2.265455221661475250e-23
1.730967982504214179e-23
2.152572298543943870e-23
1.243911261533763034e-23
2.183851017681437831e-23
2.312524206718820717e-23
2.779248479609349418e-23
1.909662828320569069e-23
1.645977537894115193e-23
2.355505628115058322e-23
1.489505956654652721e-23
2.140757424119291998e-23
2.278355871665378759e-23
2.320695537820191709e-23
1.959788746258429869e-23
2.360063461704413980e-23
1.948813695896526737e-23
2.027874876767341881e-23
1.563995910532091485e-23
1.815279834086534707e-23
1.722387281053068744e-23
1.540670774239755711e-23
1.985514919277724315e-23
2.059646010979422211e-23
1.598789154794613049e-23
1.660043379044335789e-23
1.797177381728859624e-23
1.593467320792432876e-23
1.216622136511990689e-23
2.342145528017452119e-23
1.676162691206013322e-23
2.090429154053060119e-23
2.414123179836284870e-23
1.519633811343635635e-23
1.933154250035134631e-23
2.114427368787660621e-23
1.558188697370866392e-23
2.220553101292450867e-23
1.823531484294167088e-23
1.565839595222821476e-23
1.589602155559202364e-23
1.788959367294076323e-23
1.366302485975599417e-23
1.527364642102980304e-23
2.186084104648301592e-23
1.439591230900346637e-23
1.571578321343365690e-23
1.751781681255628657e-23
1.718514170528854558e-23
1.861328710825308817e-23
1.899868360256929833e-23
1.750621571739507829e-23
9.752293927990289731e-24
1.800169433366766728e-23
1.631926194575889066e-23
1.447744170123363397e-23
2.164429094478116434e-23
1.679023670249747591e-23
1.269487079847340427e-23
2.090874724052468956e-23
1.274296957154860673e-23
1.796626706872909956e-23
1.269752586130543139e-23
1.555214558370818411e-23
1.835424199084873996e-23
1.628276374868243855e-23
1.557266631633262950e-23
1.555968262045051372e-23
1.361885117440474457e-23
1.334244550644313357e-23
1.222124116180320653e-23
1.312565663986329060e-23
1.325088353399466688e-23
1.462611923849441620e-23
1.585219395036965524e-23
1.356455740066822431e-23
1.944410799108749603e-23
1.314073626742700805e-23
1.339602135500782217e-23
1.537077220488035123e-23
1.196791632156595218e-23
1.231665731191968831e-23
1.603183885443784342e-23
1.578312351257467007e-23
1.180691778352454290e-23
1.464612798200162803e-23
1.512380391075222589e-23
1.628375387615145689e-23
1.232439360043237414e-23
1.137707934821573894e-23
1.024158151946392706e-23
1.091563487354693834e-23
1.297469057622632257e-23
1.225931499588312720e-23
1.377183211544041660e-23
1.099768673430302961e-23
1.169107493724833925e-23
1.463904197920223751e-23
1.476341488828658367e-23
1.479978978168139144e-23
1.517478097464337463e-23
1.124772183634237554e-23
1.227155573991724659e-23
1.372186369207462821e-23
1.254168178911003823e-23
1.666710810439390230e-23
1.316269326191155169e-23
1.229674418738652711e-23
1.063366279550079866e-23
1.067621005173799403e-23
1.263037610882117627e-23
9.310486242072453164e-24
1.276614033941504430e-23
1.019389432292696186e-23
9.898224404042357653e-24
8.838894704398751865e-24
9.945080401596111319e-24
1.276704432881221448e-23
1.048646670673379667e-23
1.109167414311202996e-23
1.336047769562422814e-23
9.265879445903284687e-24
9.801804051855392463e-24
1.436563567858344899e-23
5.028323976614150476e-24
1.123251621135898879e-23
1.075662674959959485e-23
1.181275049703869817e-23
1.243694763264110946e-23
9.519369797144513818e-24
6.870614219966620595e-24
1.068080506939511609e-23
9.694457090961519536e-24
9.377922914112120288e-24
7.842636332779897993e-24
9.734057522470016921e-24
1.037400137282463563e-23
6.244250812907321653e-24
1.099630873730157186e-23
9.164700133262863939e-24
1.181804000170718044e-23
1.313377774400087751e-23
7.129297674765093628e-24
1.110031227550277016e-23
7.346238235180851680e-24
1.575541045839698758e-23
9.538235335202733386e-24
9.664730331072076768e-24
1.150316847379771275e-23
7.512922698716192110e-24
8.835983503845077087e-24
9.790661227673042254e-24
1.196138822779590643e-23
1.212425135482949941e-23
8.705616235004968377e-24
2.517332091420297259e-24
1.054277523519331670e-23
1.030207043399003398e-23
8.017070824552125376e-24
8.165191377321920052e-24
1.055022948332741659e-23
8.859024555363099651e-24
8.156945002302965658e-24
9.373712464144383980e-24
7.635118682927458932e-24
7.425162321080956105e-24
9.211841426372868264e-24
1.195227684047812819e-23
8.946496890204110373e-24
8.635318515983753723e-24
9.877049241248963069e-24
1.024679946813861857e-23
7.117284554488481482e-24
8.337166846059113375e-24
8.174369422822923430e-24
8.276920937783746776e-24
1.264976057525639437e-23
7.150604994729016676e-24
5.071953043776209394e-24
8.386405366937987987e-24
7.495768172900795501e-24
7.101205942575970306e-24
8.623945369856246098e-24
7.918525023300931886e-24
6.887773121371309335e-24
1.050540130435057385e-23
9.314651238529625719e-24
8.511054359135760141e-24
6.668706034468424706e-24
6.639537327691045252e-24
8.485203641736504489e-24
5.609838772820486679e-24
8.534197259156419199e-24
5.092345343159220023e-24
8.849302960559421198e-24
3.701299145151177926e-24
7.363913440921036063e-24
9.924476884216932968e-24
1.020600696258676869e-23
6.838023033867551556e-24
9.017897677179045092e-24
7.519219902901226672e-24
7.884848572893773375e-24
4.658386862294219974e-24
3.832379001294677789e-24
6.954977126370306982e-24
8.690765074327343093e-24
5.836766409682000128e-24
5.369592218651552878e-24
6.393714653476513094e-24
4.605395352717457684e-24
5.547910574131009364e-24
4.990619625973416383e-24
8.961667650443429278e-24
6.146264246472159532e-24
8.940426670208400395e-24
6.159703837401039649e-24
7.945449153271141782e-24
6.217319861597713529e-24
5.780277030735609887e-24
5.504007824408099776e-24
7.054239556438008198e-24
6.617569089554693795e-24
4.397266964972493514e-24
5.715516733695963256e-24
7.020379089713634671e-24
6.257413990543667415e-24
5.726105097693333218e-24
4.069600523089879560e-24
5.587108565173116619e-24
6.242524735862713972e-24
7.440258985340028823e-24
4.963738730802698516e-24
5.008413777668061298e-24
7.080348832524334880e-24
5.464701216414520165e-24
3.900029602448249494e-24
6.163030724471165233e-24
4.224413932498856623e-24
6.380941574152993198e-24
6.610496827657792760e-24
7.241425213529711647e-24
3.028409104094841849e-24
6.505890713643699370e-24
5.194923477852138111e-24
6.595239411821052461e-24
4.527440595105195856e-24
5.268220330627190842e-24
5.006712743454387257e-24
6.506650332627387575e-24
5.466335122837381268e-24
4.309792519113367895e-24
5.816758758553914094e-24
5.853185235772336738e-24
7.063142944594907364e-24
2.875631325546982665e-24
6.826287899632402375e-24
6.447629058526253170e-24
7.588984428989733017e-24
2.287561942287809721e-24
6.918568501354252236e-24
4.396776181691632087e-24
5.084181855034136193e-24
3.693915003534558980e-24
3.700287906136532039e-24
5.864914470117347866e-24
3.479762546032488435e-24
6.019002661385064066e-24
4.384299011678316457e-24
4.359593877406230516e-24
3.476568500512888308e-24
2.911619270900090360e-24
5.072084708264067384e-24
5.720240590317087339e-24
3.656960324223726680e-24
3.122328032326096629e-24
5.167165895486405927e-24
3.870169396068634785e-24
4.246689238680717554e-24
4.696741413676552899e-24
4.607163226413831204e-24
4.951238591648285528e-24
5.172862023772920534e-24
4.776512883529302733e-24
3.543394668660592034e-24
3.917622001872827619e-24
4.320982245475951287e-24
5.131269301908115137e-24
2.866512268414267744e-24
3.030401189037047354e-24
2.821839642319244764e-24
3.180548717926117793e-24
5.235921919212495610e-24
3.655463972626618935e-24
4.272716213736742078e-24
2.443221779559318138e-24
3.893894105852741706e-24
3.163637783571427135e-24
2.810140396885718641e-24
6.157514402951622233e-24
2.814123420420547891e-24
3.642537172321492450e-24
2.540831382988566766e-24
4.462404473902862573e-24
3.982184551060248236e-24
4.701550866918606998e-24
4.393857116614407455e-24
4.123696627945911290e-24
4.644925424942651205e-24
3.870875649196727630e-24
6.305254063449561066e-24
4.176613403899531101e-24
3.501543732557858861e-24
3.599279724260394414e-24
3.725133318016818556e-24
3.676948347179373347e-24
4.028526050983302816e-24
2.825023101808900569e-24
4.536405662734330580e-24
5.136490267338896708e-24
3.402404137620110063e-24
4.768927586807667271e-24
2.957768671399674262e-24
2.420577435865126524e-24
2.583442777361725830e-24
3.753804590916600621e-24
3.746237124013560077e-24
3.110547815531007047e-24
1.701600377871020835e-24
3.899475222984547133e-24
3.853074365098320624e-24
4.943545868744040981e-24
2.992127208403299515e-24
2.694798533695393590e-24
1.401422713336046540e-24
2.349998279136775620e-24
3.917684737998942287e-24
2.978323283219048462e-24
1.725852157632614412e-24
1.307860068756455691e-24
1.993864456333713694e-24
3.816168903080542746e-24
2.218576041971525829e-24
2.555270822858103789e-24
2.431836773076905427e-24
2.597327099071904147e-24
3.791415719732679103e-24
2.622897913858390477e-24
1.205239686828394274e-24
3.082386664543497639e-24
3.328173731996087470e-24
2.300729414184211028e-24
2.640213308744131373e-24
2.596484456590720291e-24
1.422949798257399413e-24
3.330031633009929567e-24
3.632411977532546734e-24
3.239518345681119066e-24
2.742423962648278738e-24
2.874393261040404050e-24
1.567966811329706265e-24
2.701033574535133390e-24
2.149460403178991764e-24
2.676623653133810424e-24
3.282762100665276951e-24
2.481949441980228986e-24
2.580610373243796075e-24
1.411540770659584000e-24
2.247760545082111623e-24
3.384643058571164755e-24
2.783203431629415255e-24
1.336354046661369701e-24
2.595710558773398374e-24
1.646060194326327444e-24
8.496171944567562352e-25
2.447923438150366937e-24
2.216484448942089295e-24
2.520161629588631023e-24
2.046861977420329212e-24
3.132917790110762761e-24
2.792960678171546317e-24
1.723212174239765052e-24
9.935521745642854940e-25
1.772505543921396497e-24
2.411595815431729293e-24
1.883047331429682897e-24
6.021190252566343830e-25
1.420414510540814597e-24
2.813837959222257034e-24
1.868311620769865552e-24
1.109585257044068574e-24
2.354769089049483535e-24
2.521287088781373239e-24
1.216120548067538375e-24
1.852502948826630589e-24
3.496939540203798345e-24
2.185973904444439537e-24
2.264855817874891108e-24
1.583695684288453857e-24
2.120567486899997301e-24
2.603216823052742318e-24
1.285175804529292503e-24
2.312388606072016204e-24
3.107818012242544050e-24
2.980678972407659855e-24
2.407703962228370916e-24
2.013328575096918630e-24
2.012480265905777251e-24
1.792825255941780167e-24
1.560279594454513829e-24
2.045905029901074466e-24
2.095787472239541736e-24
1.433025412133534834e-24
8.739608735679477686e-25
8.246731019770113377e-25
2.661251837824272377e-24
2.352125319416280956e-24
1.724348876282965528e-24
6.180357431805024458e-25
1.764499139684269221e-24
1.844338251195446063e-24
1.845607293482757949e-24
6.969589197119945260e-25
2.831345441118724339e-25
2.246700087375207532e-24
1.803229595323526498e-24
2.810310605947284067e-24
1.236716241574108103e-24
2.206198034705195749e-24
1.032384067832272134e-24
1.195769592526882443e-24
3.030641339485121737e-24
6.735037514765362246e-25
1.279241013930965780e-24
1.818129031961904670e-24
1.553441022677971833e-24
1.639077741973762608e-24
2.742641366000737604e-24
1.956175353106399660e-24
5.668579454967265397e-25
1.415950699317215559e-25
1.820354601228205962e-24
1.464503471305396482e-24
2.510287128625319080e-24
1.150866839373476266e-24
9.184886945405826449e-25
9.283435772245517783e-25
2.836636385962302394e-24
1.341041609087700495e-24
9.862054272910214193e-25
8.277735800276105363e-25
1.562923882770818760e-24
8.175037724631882097e-25
1.640120395876622447e-24
1.891679268526375610e-24
1.359035977301975428e-24
8.319067313501936818e-25
6.627693572030581480e-25
1.596978696625310744e-24
2.468193440432997931e-24
9.918196257282276650e-25
1.632876520590729659e-24
1.184951010339716222e-24
7.423081249093512637e-25
1.266749754394589838e-24
4.036589881658177331e-25
8.556443426044264628e-25
1.345666576256713493e-24
9.118974246060629305e-25
-4.554749258060461483e-25
1.571658447644686455e-24
9.704785026521465601e-25
1.327404038619477719e-24
1.307902607946618866e-24
2.303457919008969186e-25
1.492806100767129451e-25
5.390753224006177847e-25
1.305317804304702795e-24
7.712466580023224935e-25
7.271233302172550576e-25
1.187976242333597327e-24
7.918051766830973757e-26
1.200849467139414152e-24
7.864833572243974669e-25
1.313647492220805374e-24
3.317850865632667299e-25
4.827641326732779041e-25
1.385034796577953343e-25
-5.572014302037460958e-26
8.113835034728187268e-25
5.086403833169913863e-25
7.790439717146142219e-25
3.577422695934784244e-25
3.630491318560642894e-25
2.156547210928571083e-24
8.348005100430938169e-25
9.393247534118942705e-25
3.614994673845999919e-25
1.649456817426708494e-24
1.102466807032933644e-24
6.497493697085802194e-25
7.773756580801024917e-25
1.661776843839982915e-24
2.635333781210024579e-25
1.451493685175355989e-26
1.090931016023062091e-24
7.407945939830405137e-25
-4.994998404060409333e-25
2.907710802888599985e-25
8.320225298835359713e-26
2.000492393513779302e-25
9.934060297519286596e-25
1.649460415050723521e-25
1.301765206278113200e-24
9.060730559408369315e-25
2.714579735767927059e-25
2.328048394645725268e-25
3.284696782016938670e-25
1.111520032197436729e-24
1.650687078981648113e-25
-1.454319621738891943e-25
4.394018709705644425e-25
4.631705474605850651e-25
5.859167267502819627e-25
7.338121867147550993e-25
6.398997087209008187e-25
5.319878455438612111e-25
8.010484070964096353e-26
1.460706109932460556e-25
4.348747960380014918e-25
7.101166648370504484e-25
-2.363425160702875253e-25
1.821225982582606911e-25
3.052968091835926216e-25
4.148999704174261670e-25
2.476734962922837578e-25
-7.332160536062734326e-26
2.810989814387396648e-25
7.790570250658640188e-25
1.000283337874014789e-24
-1.936472337774288172e-25
7.432344917890892957e-26
2.941550544728607899e-25
3.503795276442686459e-25
2.100139670216798272e-25
-5.843745078309928898e-25
7.449549891452206032e-25
1.005467310028213394e-24
1.033533524507749375e-25
4.739222921839177120e-25
8.538740926299972598e-25
1.548916314368855012e-25
-3.589359681598600447e-26
4.309631253058498014e-25
-4.765996694845896237e-25
-1.451847046460082156e-25
3.754558942513820911e-26
-3.843251007053293273e-25
-1.684926702352404603e-25
1.527249021602784670e-25
3.655902164570405855e-25
2.218468861736601516e-25
8.916112480025369057e-25
7.544131477699767761e-25
4.848846709831334280e-26
9.220845173619329659e-26
-8.236225397280195238e-26
1.886390803155115033e-25
1.034381715933607082e-24
1.119385643784837368e-26
1.927058969017814878e-25
2.214276977701026866e-25
7.542753373669443479e-26
7.594835788443384909e-25
5.881075755479456928e-25
8.990449187339120857e-25
-3.311797587852509008e-25
-1.057594837946516418e-25
4.717394153316617285e-26
4.199606605678378351e-25
2.190646175759770496e-25
1.600761543508190945e-25
4.651681859282954677e-25
1.476399943284483523e-25
4.028342344332371303e-25
-2.121504649280159563e-25
3.158503202959168808e-25
-3.820135780040231792e-25
6.523037355015543734e-25
4.440392545075450001e-26
-3.211801668681549164e-25
-3.770438513065644428e-25
-2.625515272960925795e-25
-1.708177962136084258e-25
9.110623434265113603e-25
-3.439010817806093965e-26
-1.356844980314670962e-25
6.296997194513636520e-26
-1.059026678534205466e-24
-2.273456878391906012e-25
-4.168093967146184917e-25
4.662532322278906740e-25
-4.593115765770482558e-26
-6.039879062627664914e-26
-2.893981700983290434e-25
-4.298401467986420377e-25
-2.022476080244164972e-25
2.522255595808225946e-25
7.049585246053137883e-25
-4.332957884742319555e-25
1.335473151309943335e-26
-4.803614738959136545e-25
2.155040659515341419e-26
2.760503789804738424e-25
3.928768710446542153e-25
-1.864561312197039165e-25
-1.595259511830129169e-25
-2.534793410372207626e-25
-3.046329543981500574e-25
-2.787764289723078872e-25
-2.584746829442150630e-25
3.063342035850456099e-25
5.278878568363134581e-25
-6.059357212600678642e-25
-4.413797614641298939e-25
5.951262310575328401e-25
1.173968355426470051e-25
-5.075801303442324416e-25
-2.844952807859071428e-25
-4.070567365164506336e-25
1.392234223192687195e-25
-2.488667422169103576e-25
-3.925693004672438540e-25
-5.137645270463236909e-25
-2.961046518410564086e-25
2.295052121258425829e-25
1.668846178608242833e-25
-5.674657742189386750e-25
-3.868052915336426103e-25
1.053189587567235438e-25
-1.239224218367533542e-25
-2.913330159016804260e-25
-2.059077249969327216e-25
-5.622739060891768202e-25
1.203734531357109461e-25
-5.036275012381036180e-26
1.310367604874579025e-25
2.369881237325821424e-25
-6.119688737021066007e-25
4.623164650156344829e-25
-1.175888549876484295e-25
-2.134137854729384106e-25
-1.444695689842213044e-25
-1.102223160658567916e-25
2.242316748726687093e-25
-3.321032096406050131e-26
-2.862183286533444910e-25
-4.710588414295261538e-25
-4.866467130672410970e-25
-8.241483054339664222e-25
-2.604327145099604917e-25
-6.096618807439982045e-25
-5.217706095396588456e-25
5.307752024409272063e-26
-3.262934276391286417e-25
-5.835614270943498355e-25
-3.854121508582858922e-25
-5.182854666703118365e-25
2.645122216658971935e-25
-6.421819977239591799e-26
-1.032925513928219841e-24
-5.431823733628772316e-25
-7.688990834836125390e-25
-8.067927447183044870e-25
-4.017684240302452189e-25
-2.010941808334243152e-26
-7.994185670524717242e-25
-1.599561059453366798e-25
-5.932624645298230866e-25
-7.883085486599479312e-26
-4.351960689784255737e-25
-1.654874450007008475e-25
-5.393861272459539896e-25
-6.820029339454149556e-25
-4.757491684508873744e-25
-7.640269522072219615e-25
-2.447769584782323733e-25
-6.404335319873480333e-25
-5.483405225666304523e-25
-5.469275852711780692e-25
-8.931303478191196434e-25
-7.691276186774536831e-25
-8.666143537702489148e-25
-7.581412484705283914e-26
-3.317340966547156498e-25
-4.101035211060017772e-25
1.983859315973047366e-26
-4.888858336668278537e-25
-4.668241599345410994e-25
-3.539914740330476332e-25
-6.915595261181942062e-25
-3.795598628178786104e-25
-8.935754396988779242e-26
-7.946628155150520390e-25
-2.716924294925052521e-25
-2.680317240939225811e-25
-7.142588476493897955e-25
-4.302487379456265877e-25
1.471849521472181413e-25
-3.611167234353911931e-25
-3.473038347268108659e-25
-5.424528335278413376e-25
-5.877107048011413859e-25
-5.814304080525222313e-25
-2.150493066588068145e-25
-5.914989196626597124e-25
-6.078728470245427970e-25
-4.980652806202433937e-25
-5.417034707886481046e-25
-8.032657566035884434e-25
-5.064789025030660243e-25
-9.194005692697853903e-25
-8.254486384490554581e-25
-2.817004323120165165e-25
-5.288384887864541178e-25
-9.777678503572331111e-25
-6.822681707253419993e-25
-1.081336306487720307e-24
-3.641723259811920181e-25
-1.655602725306534392e-25
-1.045434235741382317e-24
-7.567426448451034270e-25
-1.041453199280303693e-26
-5.593637996526298452e-25
-5.669296454191707835e-25
-9.114434413149434700e-25
-5.047954295976932991e-25
-9.525272987680734257e-25
-6.405411514797602968e-25
-6.690582458551827428e-25
-1.194935534944687942e-24
-9.214330320843104363e-25
-7.613438323332668292e-25
-5.383007082491929963e-25
-9.182448956983880460e-25
-7.009827401949877116e-25
-1.135267124144836935e-24
-8.032592417986174366e-25
-6.271432780131951377e-25
-1.100694710739861236e-24
-8.074296900423869361e-25
-7.733589843907581343e-25
-8.419336537732226758e-25
-1.068890506465773433e-24
-7.169508065474642487e-25
-6.178919508177152683e-25
-5.904484932046268140e-25
-9.752022685033713186e-25
-6.348855683511012740e-25
-2.533657485769167875e-25
-6.762531220724529518e-25
-1.317506532675257321e-24
-5.751906514786800588e-25
-8.646398351472062286e-25
-8.033905094760267709e-25
-7.808965384825255439e-25
-9.171755698606594559e-25
-4.174923759761038617e-25
-1.316505593755825820e-24
-1.122899791852727328e-24
-1.299641858761345235e-24
-8.569536804837150502e-25
-6.550390367499427842e-25
-8.803805469419907931e-25
-9.783170057440929879e-25
-8.403088896899925158e-25
-7.652233141284837160e-25
-1.177692177500720940e-24
-2.599535297246735639e-25
-9.348027227520771437e-25
-8.442235696504808537e-25
-7.687647108064938883e-25
-1.052335190869030505e-24
-1.061341573787920652e-24
-1.286568887459481336e-24
-9.174904925098887304e-25
-9.976375133404605849e-25
-8.838460813590341848e-25
-1.222053673646485747e-24
-7.713410791022986240e-25
-1.525728664621443131e-24
-1.312947443890806513e-24
-1.181554402936924937e-24
-1.377846174672314157e-24
-1.435371857598403393e-24
-1.241654800529224010e-24
-5.860968669442297685e-25
-9.557656979264882968e-25
-1.113931575968037941e-24
-9.339377757369855667e-25
-1.038852629098333238e-24
-1.103861244597923410e-24
-1.082096472004443143e-24
-9.894281445873329572e-25
-9.154265466391328745e-25
-1.112617355168275183e-24
-9.221635994740762122e-25
-1.187947786689242709e-24
-6.607708277692903882e-25
-7.927240389255556087e-25
-1.328305602948849336e-24
-8.800313691192387211e-25
-1.666289715772221237e-24
-1.138129118862392778e-24
-1.623977539953354855e-24
-9.074768703996737017e-25
-1.070458180541089993e-24
-9.981094925679377257e-25
-7.124541782062122603e-25
-1.154925768422137763e-24
-9.144534174695420077e-25
-1.051350059998433892e-24
-6.950205481931412382e-25
-1.421265384074745636e-24
-1.177817627257056443e-24
-8.133265522113370245e-25
-1.239651972071015296e-24
-1.212541569063412451e-24
-7.585438433678729173e-25
-1.275448940567210842e-24
-8.696653273092498047e-25
-1.186379886602789219e-24
-6.542104985628645202e-25
-1.455834776439693639e-24
-1.195508670512566377e-24
-1.480298696981600437e-24
-1.129109520952938868e-24
-7.717079900336084729e-25
-9.991261399903506764e-25
-1.182818504110147987e-24
-1.289441724910948718e-24
-1.259384251681883663e-24
-1.105130016121415247e-24
-9.509105669187104853e-25
-1.177103114777819815e-24
-1.166544524826382798e-24
-1.138187981802426573e-24
-8.817770053641982643e-25
-9.175456925146084187e-25
-9.287084782449739580e-25
-9.905974977017209365e-25
-1.453991039340124743e-24
-1.023267149107190252e-24
-1.115844854959766315e-24
-9.834299639007910569e-25
-8.422162370187698700e-25
-1.027592602070984955e-24
-1.243766720458654365e-24
-1.009105636659854291e-24
-1.375522959790088892e-24
-1.283793165960481315e-24
-1.170717766351242483e-24
-1.502887598491805932e-24
-1.116163853207729918e-24
-1.202431160244439525e-24
-1.235770373945631062e-24
-1.267904110361638860e-24
-8.904221952222651003e-25
-1.247638598824037728e-24
-1.101929699014182992e-24
-1.106044624127059602e-24
-1.235321622858754721e-24
-9.702599613390863885e-25
-7.862766791346306152e-25
-1.178326159281287860e-24
-1.288460066248139799e-24
-1.621129895783336374e-24
-1.130087469263883101e-24
-7.867869332680021079e-25
-1.342140364394183748e-24
-1.334063912300344504e-24
-1.347342989315180654e-24
-1.153729299423956189e-24
-1.057680785199063056e-24
-1.380713299322118937e-24
-1.669798601401265726e-24
-1.291945786269888197e-24
-9.743792681790869423e-25
-9.064719703915491287e-25
-1.109951206378316241e-24
-1.548588186299599346e-24
-9.305812019944135974e-25
-1.531971007984959133e-24
-1.274637326082660450e-24
-1.231981621391007854e-24
-1.005359301030134449e-24
-1.409396345556290728e-24
-1.299846075733869360e-24
-9.766000476477166766e-25
-1.213801698072491227e-24
-1.081507660025021315e-24
-1.077652654974870839e-24
-1.353688943809413148e-24
-1.306303885969125767e-24
-1.322494634863650848e-24
-1.427330025499178760e-24
-1.591131229656717982e-24
-1.526070243947393058e-24
-1.501551258439992718e-24
-1.201393247533457989e-24
-1.178721249093225350e-24
-1.399662462226777578e-24
-1.545749956639221014e-24
-1.018839738483054898e-24
-1.178219815273271621e-24
-1.253432243567415819e-24
-9.841200035301406085e-25
-1.226473425825188838e-24
-1.282953988060428029e-24
-1.030519445036071361e-24
-1.243957327924705331e-24
-1.098972998967874433e-24
-1.486476033076350836e-24
-1.070153992102745237e-24
-1.141769229886674615e-24
-1.166498846917252999e-24
-1.196752591540754810e-24
-1.143231335084732736e-24
-1.071282454443345574e-24
-1.141815729689224225e-24
-1.429799884789002271e-24
-1.248164160673267310e-24
-1.199454958033247141e-24
-1.565151323854063252e-24
-9.938006058274100650e-25
-9.770379935154996586e-25
-1.456502487259883715e-24
-1.190074274600562393e-24
-9.892707666497828460e-25
-1.306111123565298573e-24
-1.316589335497955403e-24
-9.648946935730071405e-25
-1.310069322931512180e-24
-1.260360912348731496e-24
-1.223852335799062529e-24
-1.412389825478717495e-24
-1.407162910640647520e-24
-1.335404382209857857e-24
-1.269287302404687353e-24
-1.625669339015730327e-24
-1.289397040765849355e-24
-1.190882240428119340e-24
-1.023464609637788320e-24
-1.101349101081360108e-24
-1.196817488974796532e-24
-9.998229038057940570e-25
-1.007553096788606360e-24
-1.372962922820245622e-24
-1.268664157148933977e-24
-1.365407957845755790e-24
-1.148781712993209210e-24
-1.318475010646244888e-24
-1.206514118324855737e-24
-1.277715860997323744e-24
-1.299460566925701440e-24
-1.396217781999370204e-24
-1.688243427151250962e-24
-1.266323930810235616e-24
-1.013007108424845919e-24
-1.361409933939583839e-24
-1.605987639758844308e-24
-1.250575550717804089e-24
-1.267819705865847029e-24
-1.431161895831533003e-24
-1.429319874082726054e-24
-1.153734233589180515e-24
-7.682081887045834306e-25
-1.288084061841705803e-24
-1.064607636267112110e-24
-1.409671417683188315e-24
-1.441565222125675995e-24
-1.402691024311842230e-24
-1.200939830835124931e-24
-1.307432815200157425e-24
-1.282095921543700018e-24
-1.621589757282629422e-24
-1.475259021408775701e-24
-1.490040714537322311e-24
-1.425099344144815529e-24
-1.152601786508767932e-24
-1.378793294625934743e-24
-1.543438693317080024e-24
-1.379585706552148618e-24
-1.259303254190867904e-24
-1.415480096900624244e-24
-1.406252706043812945e-24
-1.412513307508942191e-24
-1.590562298490913428e-24
-1.383778990836785904e-24
-1.354022211628743502e-24
-1.428792280327773017e-24
-1.725706948202487356e-24
-1.132135086756090169e-24
-1.202158004730748424e-24
-1.184689334474888054e-24
-1.463603015756669970e-24
-1.461204917926985124e-24
-1.312385313098420332e-24
-1.233496279467896984e-24
-1.420679827751870787e-24
-1.610449652034185661e-24
-1.358257810430693760e-24
-1.787028830983317217e-24
-1.487334145779440242e-24
-1.411167050236858983e-24
-1.600322283443073069e-24
-1.460565241437727163e-24
-1.329194751066447022e-24
-1.658368602708295916e-24
-1.522696090831009964e-24
-1.273672573315696735e-24
-1.264245628803112180e-24
-1.542933770647087048e-24
-1.475989670064722341e-24
-1.769661973361280412e-24
-1.601351529994629798e-24
-1.641352473530325033e-24
-1.297403043098288841e-24
-1.786781648690474763e-24
-1.635085133257019730e-24
-1.633577146395376716e-24
-1.407928781911737878e-24
-1.486245074393618063e-24
-1.384299417623387944e-24
-1.463669342645202204e-24
-1.173504805755652498e-24
-1.807406936614523783e-24
-1.447606093274069134e-24
-1.708486098749555648e-24
-1.356630300871473091e-24
-1.647440392607438887e-24
-1.648271777516491251e-24
-1.900425249932779841e-24
-1.576497418712983321e-24
-1.585178105469742293e-24
-1.409735114845093154e-24
-1.396695870650847364e-24
-1.415201026274359979e-24
-1.593067183100225560e-24
-1.702480930567228402e-24
-1.606391942498398698e-24
-1.414963751895461008e-24
-1.537987592335550441e-24
-1.656895648507129274e-24
-1.515273576778646988e-24
-1.712485441058020589e-24
-1.782822344924945594e-24
-1.718875896901398125e-24
-1.545628394366612907e-24
-1.641850064210804196e-24
-1.675993917987620570e-24
-1.485700361414506907e-24
-1.455272323977251710e-24
-1.836121458784400027e-24
-1.529124537278957428e-24
-1.858114570391681926e-24
-1.493540535592087731e-24
-1.750682447059078422e-24
-1.652219992052281176e-24
-1.559990441067328883e-24
-1.515130863078290063e-24
-1.471955964010533163e-24
-1.687027016382745592e-24
-1.552958292001798447e-24
-1.585963160587940843e-24
-1.654960755867720264e-24
-1.743168303723196050e-24
-1.673374468094384264e-24
-1.336137421501890377e-24
-1.603998809987914347e-24
-1.661374740582735557e-24
-1.640130851912761477e-24
-1.611617581321730556e-24
-1.755081423979274422e-24
-1.654216084258133526e-24
-1.711137072269355574e-24
-1.686896495715752527e-24
-1.659054156558197433e-24
-1.360530711962308786e-24
-1.543109416675696904e-24
-1.671229214957839190e-24
-1.559623197172632828e-24
-1.647694650295979106e-24
-1.825727211478291714e-24
-1.650141437422066282e-24
-1.767520344540049659e-24
-1.861831358479476760e-24
-2.074701666191685453e-24
-2.007820567913826855e-24
-1.640210941087602432e-24
-1.542607089110331823e-24
-1.731966525465951663e-24
-1.789326620302102407e-24
-1.875601701879265911e-24
-1.670134623741880621e-24
-1.626093468166940599e-24
-1.453810916093933872e-24
-1.724078535643211269e-24
-1.632437333554117143e-24
-1.565206179760576547e-24
-1.770143033704775329e-24
-1.754824847590090229e-24
-2.039659565966662678e-24
-1.793828241069134482e-24
-1.709668222826421452e-24
-1.677434130442872448e-24
-1.607456794034793842e-24
-1.681421968015199651e-24
-1.653069520462058731e-24
-1.554411030093369853e-24
-1.582898511804157637e-24
-1.710699260924171725e-24
-1.756667619028449294e-24
-1.630682790497360974e-24
-1.805353570797411176e-24
-1.688217489260856833e-24
-1.835699568874301173e-24
-1.897483453666680391e-24
-1.835948563065051985e-24
-1.837589751229822523e-24
-1.964509239171513533e-24
-1.593841055376629383e-24
-1.906904403276186119e-24
-1.575001932457532608e-24
-1.896738292212442700e-24
-1.697069365716269723e-24
-1.721706200820878085e-24
-1.443221613836775205e-24
-1.788871952868581463e-24
-1.736081298981449662e-24
-1.882652357423125419e-24
-1.903305518339783336e-24
-1.857223417530053246e-24
-1.533946547042390117e-24
-1.693777037975688703e-24
-1.948527512353416932e-24
-1.856794903629298424e-24
-2.068883489963748937e-24
-1.725520031605070694e-24
-2.006425877123340960e-24
-1.703184996751019346e-24
-1.814369902893650738e-24
-1.900252236725065853e-24
-1.785717920694972721e-24
-1.893264890084370890e-24
-1.876567470376819606e-24
-1.964689221827837097e-24
-1.749127219719512929e-24
-1.629743745177420682e-24
-1.577636873558397482e-24
-1.798249047246475330e-24
-1.998810097971252644e-24
-1.780984772335771714e-24
-1.792816550657524465e-24
-1.874741168442677614e-24
-1.846788123194797827e-24
-1.562159524645669070e-24
-1.679117280707526618e-24
-1.931890242383681053e-24
-1.956219146737498131e-24
-1.691634528949550595e-24
-1.728618613761214209e-24
-1.729760005802129130e-24
-1.665860481532688746e-24
-1.895323537959428166e-24
-1.756857031392679587e-24
-1.894348305521292153e-24
-1.881625179180514745e-24
-1.763036855120693861e-24
-1.767793945273445525e-24
-1.892144406265446732e-24
-1.968620703071049234e-24
-1.857886890561898091e-24
-1.734194000198042270e-24
-1.779371986278210188e-24
-1.670077301805244592e-24
-1.888139428178905475e-24
-1.826599097515411682e-24
-2.218694153087482399e-24
-1.677488358301695169e-24
-1.767007877638551303e-24
-1.927538374035224093e-24
-1.683769179540497623e-24
-1.774388469534009835e-24
-1.824309952573750679e-24
-1.861556432852949627e-24
-1.862333634619631815e-24
-1.764693656883866369e-24
-1.639601908452704247e-24
-1.810748487067494913e-24
-1.850810537914300155e-24
-1.984558884509762960e-24
-1.705468542877535331e-24
-1.676835411748170481e-24
-1.834369575951418098e-24
-1.628820804464841365e-24
-1.964836677564569873e-24
-1.738558159827797012e-24
-1.612210490885178128e-24
-1.917874601825534389e-24
-1.766888523171681260e-24
-1.863725357158669245e-24
-1.795036878637937545e-24
-1.738421401779396395e-24
-1.939891307912465716e-24
-1.917530602446364906e-24
-1.929505852963598309e-24
-1.958215358293809682e-24
-1.837752806288226097e-24
-1.686541646715614121e-24
-1.832483398806229734e-24
-1.990804617457682422e-24
-1.871726099928713149e-24
-1.769020971213661994e-24
-2.085816319188300662e-24
-1.726084265299524025e-24
-1.821606072186664612e-24
-1.827336542562481381e-24
-2.071852406047404624e-24
-1.879814503855345296e-24
-1.754640223305993555e-24
-1.815130445973742601e-24
-1.828197526900845425e-24
-1.962785391556634285e-24
-2.008500862650898215e-24
-1.851220254366892651e-24
-1.638919975907437246e-24
-1.817184748885841603e-24
-2.035971646512819225e-24
-1.786453036134768620e-24
-1.861446850661491882e-24
-1.972550979153555542e-24
-1.998862473882161997e-24
-1.866139879161717660e-24
-2.095146090363916342e-24
-1.840800942555673333e-24
-1.833405681381168570e-24
-1.927013867727463461e-24
-1.731861700606731768e-24
-2.001955433881061703e-24
-1.800681158355879469e-24
-1.942814847857175118e-24
-1.960097959094038162e-24
-1.924027242170359580e-24
-1.813677086198909543e-24
-1.775549200584595008e-24
-1.693734703858981160e-24
-2.006631527517628828e-24
-1.712266543048394420e-24
-1.973749716516654859e-24
-1.963633761724228286e-24
-1.958023826293593615e-24
-1.729408419915479156e-24
-1.926752899544940775e-24
-1.753751761606136747e-24
-1.803401551553564110e-24
-1.844501858092372594e-24
-2.027250541310276129e-24
-1.860750828350299722e-24
-1.988008754079591426e-24
-1.790429238662681607e-24
-2.022505615895791925e-24
-2.066391772754635516e-24
-1.750823801190708098e-24
-2.127505462850594095e-24
-2.025533654997146614e-24
-1.905345095482685225e-24
-2.053745555950645701e-24
-2.046871727381457144e-24
-1.923852021827929294e-24
-1.983047746827789792e-24
-1.845241085976832942e-24
-2.026997494535334052e-24
-1.932516344201483665e-24
-1.924449277637725177e-24
-2.008389491317600316e-24
-1.850441962227839401e-24
-1.839448729439027964e-24
-2.118702924544801740e-24
-1.915676559850482445e-24
-1.871244331137897536e-24
-2.021754060763131190e-24
-1.897671520526293025e-24
-1.961399492203117177e-24
-1.727520804964733375e-24
-1.991131048076944228e-24
-2.028284894071465934e-24
-1.941691066702375087e-24
-1.914577772792249798e-24
-1.924194397649330786e-24
-1.955456445215335361e-24
-2.143646116925777867e-24
-2.098742328605282002e-24
-2.190866379234873820e-24
-2.071442841767845199e-24
-2.024226302466131214e-24
-2.208580769195911756e-24
-2.029202554986948521e-24
-1.931599165260461316e-24
-2.049930201107796107e-24
-1.908850716779632004e-24
-1.951368450830946783e-24
-1.847543816571460498e-24
-1.807024564357565253e-24
-1.960943168599840144e-24
-2.029974731010626893e-24
-1.847544535256344798e-24
-2.073646436479621639e-24
-2.058902282669437374e-24
-2.017523191415354718e-24
-2.096459205179224468e-24
-1.949468430255925793e-24
-2.101146341715584643e-24
-2.102920906764942754e-24
-2.100889082678625892e-24
-2.108168196183210227e-24
-2.137130050138214804e-24
-2.031387836156045646e-24
-1.955135813702424865e-24
-1.998960773280462943e-24
-2.095263992689464470e-24
-1.968000765439933270e-24
-2.052682335238709179e-24
-1.984040205603400447e-24
-2.012157782968502776e-24
-2.219921454086100283e-24
-2.087038841253242554e-24
-1.942323219997872556e-24
-1.992839978111392974e-24
-2.070454607124090484e-24
-1.763920919835333176e-24
-2.084291368088607213e-24
-1.977105279917695842e-24
-2.110707135547573420e-24
-2.102546195007892615e-24
-2.132525920231731111e-24
-2.053086847176564693e-24
-2.194805533982980957e-24
-2.074158482027487870e-24
-1.994921468579465232e-24
-2.037745979942161764e-24
-2.139544295230988371e-24
-2.121070773961794763e-24
-2.023552938381855177e-24
-2.027628812251023352e-24
-2.242321271965677890e-24
-2.124315528656024659e-24
-2.072430665927154632e-24
-2.083415493315864440e-24
-1.898175192833769865e-24
-2.301464496775153411e-24
-2.191341647078506165e-24
-1.972106562551767559e-24
-2.127205439932225846e-24
-2.233010432655971595e-24
-2.201556649378785109e-24
-2.092477700479142083e-24
-1.939360779698458393e-24
-2.262762314020614431e-24
-2.091238103150422713e-24
-2.055231915025122851e-24
-2.237531207026745983e-24
-2.278478479279218013e-24
-2.166795035626198477e-24
-2.095984080065076798e-24
-2.169659274246471155e-24
-2.137328916832792450e-24
-2.086719397475632691e-24
-1.928939007850103740e-24
-2.084704060815067612e-24
-2.335394072578475228e-24
-2.024398613810279552e-24
-2.146500075808496034e-24
-2.136304391684787204e-24
-2.241973052675740643e-24
-2.198674021095978642e-24
-2.138274830692165409e-24
-2.244863830886965659e-24
-2.145320597723537326e-24
-2.388465380238879651e-24
-2.244996752003649642e-24
-2.167477688253656239e-24
-2.129938172720241730e-24
-2.091598793019581850e-24
-2.268823365309068561e-24
-2.100986960351596788e-24
-2.161922142682505678e-24
-1.902642224774024047e-24
-2.213592784859280328e-24
-1.885619809179532066e-24
-2.189047836092515956e-24
-2.033723411788356191e-24
-2.368969904014954147e-24
-2.294515664322887715e-24
-2.198325894628653424e-24
-2.195245020530361685e-24
-2.211533976316160100e-24
-2.185267136161363535e-24
-2.295216010591473153e-24
-2.229207730976939186e-24
-2.088008378827081277e-24
-2.257911244979850976e-24
-2.293225274286757382e-24
-2.331316911256393421e-24
-2.289125757812508251e-24
-2.180126094596053867e-24
-2.246943463803216412e-24
-2.246762091282256592e-24
-2.186021298531701329e-24
-2.218565749866261340e-24
-2.337189034222194229e-24
-2.205723911425324594e-24
-2.225873393096006634e-24
-2.148917693093034217e-24
-2.211711953752743146e-24
-2.192966677129220202e-24
-2.400669418909681891e-24
-2.137942077135076355e-24
-2.233049337578195572e-24
-2.334619096872966453e-24
-2.379161419451945280e-24
-2.498200740812056136e-24
-2.174406121973148374e-24
-2.218245664458818875e-24
-2.115926924406637882e-24
-1.921822254100439754e-24
-2.133161803484165475e-24
-2.173980232814406947e-24
-2.451953471252620280e-24
-1.977787175514598492e-24
-2.435293959381454174e-24
-2.217680171055188196e-24
-2.325569125281568199e-24
-2.251947932834408266e-24
-2.164403446956594175e-24
-2.229191680512241895e-24
-2.252972449054118087e-24
-2.285734434265690812e-24
-2.241007836981189795e-24
-2.339642261014264404e-24
-2.056737909953356427e-24
-2.298033296941147537e-24
-2.252270463920088206e-24
-2.246270170724930470e-24
-2.489838126327809187e-24
-2.366005208922836670e-24
-2.327306676059870425e-24
-2.154281507652135575e-24
-2.344439553366161105e-24
-2.328789831907890051e-24
-2.378697458987981373e-24
-2.212643521724417612e-24
-2.047372202322059762e-24
-2.242916903469225550e-24
-2.177255437244907360e-24
-2.097451911081357239e-24
-2.393348208726013084e-24
-2.170788094499169177e-24
-2.336772692596603425e-24
-2.186588099033448859e-24
-2.107664022190031393e-24
-2.269608112633564568e-24
-2.408762538253459787e-24
-2.293901017913749889e-24
-2.267556462129435723e-24
-2.164993943136243959e-24
-2.297913649490747294e-24
-2.223037202496226427e-24
-2.284869973837611327e-24
-2.297678757852466135e-24
-2.303915240724572878e-24
-2.166492640769199369e-24
-2.310168693571765685e-24
-2.227767804902740511e-24
-2.273299526518518674e-24
-2.304665921118467193e-24
-2.124010797101033543e-24
-2.319280778790213958e-24
-2.167115654159061211e-24
-2.204880945238216753e-24
-2.202328857461180551e-24
-2.224793766683922058e-24
-2.350844473293267944e-24
-2.062015190499417178e-24
-2.302394119541054758e-24
-2.257133974194520870e-24
-2.355717807632892772e-24
-2.245571461820304460e-24
-2.377511428826326627e-24
-2.322579359409301079e-24
-2.178393275381554650e-24
-2.311582427734323385e-24
-2.102332585961303703e-24
-2.204495031596461666e-24
-2.306202610535086650e-24
-2.353255608054877934e-24
-2.177706297563072247e-24
-2.116728663221685744e-24
-2.312014118307648053e-24
-2.159888980684294880e-24
-2.262589533685827321e-24
-2.353550775486721269e-24
-2.234829300223483703e-24
-2.280870429802441088e-24
-2.180626488319455900e-24
-2.095999941321270332e-24
-2.289966633202215428e-24
-2.203757592881498651e-24
-2.342496871343116133e-24
-2.390181981191800441e-24
-2.243134203547361997e-24
-2.170392344557718601e-24
-2.390250614729187206e-24
-2.273579348626518170e-24
-2.129915210291656456e-24
-2.202665831667315780e-24
-2.287077769051938952e-24
-2.244626356421204478e-24
-2.174430869914600499e-24
-2.237421703264059368e-24
-2.304337405059405652e-24
-2.328360461440668055e-24
-2.130686404264110653e-24
-2.064540192789387453e-24
-2.210218166089882919e-24
-2.109373800129011559e-24
-2.174205555420921669e-24
-2.346200890219184124e-24
-2.260334149576958879e-24
-2.281109401891818462e-24
-2.291346804916835506e-24
-2.326351239324376022e-24
-2.302032429932040002e-24
-2.164467146252637294e-24
-2.334242223594290450e-24
-2.228079491916801667e-24
-2.096740861512680671e-24
-2.242897769332133639e-24
-2.290307119317185189e-24
-2.204037236950167023e-24
-2.300101933495674544e-24
-2.289049911117212116e-24
-2.232281943895861317e-24
-2.141535796420703120e-24
-2.198105703896907298e-24
-2.329741810240626477e-24
-2.113745452787339737e-24
-2.314306489868916723e-24
-2.291190463026050402e-24
-2.286066072631559972e-24
-2.168405953444683652e-24
-2.206011016049958506e-24
-2.211498123005529007e-24
-2.305663988757251232e-24
-2.235015682279069280e-24
-2.261846173090029034e-24
-2.250322541856060846e-24
-2.132101142263632022e-24
-2.189731726482213828e-24
-2.186684613990152832e-24
-2.150502018022940545e-24
-2.172184963429419797e-24
-2.187506377531494647e-24
-2.106141375498083841e-24
-2.267015121673696506e-24
-2.103808278154077669e-24
-2.108302273062986811e-24
-2.194613750720120800e-24
-2.336980473325421067e-24
-2.296777359108051791e-24
-2.204087777365141334e-24
-2.299592703120514492e-24
-2.309680938551757000e-24
-2.170623044650366186e-24
-2.220290851537537152e-24
-2.381866209084087664e-24
-2.254554528697670647e-24
-2.091350566191731334e-24
-2.217873317325244985e-24
-2.250767393911608792e-24
-2.236183934198372341e-24
-2.240473560692243516e-24
-2.204911724552988545e-24
-2.301252416202553487e-24
-2.238158328800085493e-24
-2.207638697401102942e-24
-2.145308208452776627e-24
-2.017398079283719811e-24
-2.256535563666637313e-24
-2.232727374027703019e-24
-2.285265535133851366e-24
-2.298479220175485684e-24
-2.216914395205089435e-24
-2.147094982068169810e-24
-2.225084942188491755e-24
-2.182342622310090155e-24
-2.186572362341176705e-24
-2.308025762075629570e-24
-2.175996930931915320e-24
-2.302864275104311717e-24
-2.348138149672407313e-24
-2.055720898173169455e-24
-2.313584840376832022e-24
-2.148944749282319186e-24
-2.200613816640280937e-24
-2.161715273429693408e-24
-2.144326235694552539e-24
-2.305953056781781663e-24
-2.258102442915409495e-24
-2.246964944677524978e-24
-2.153828795600837037e-24
-2.115306948021326043e-24
-2.264767296404781407e-24
-2.261497676723071229e-24
-2.176001362616291579e-24
-2.295812214050375526e-24
-2.479116485611934114e-24
-2.402036537797950164e-24
-2.339524152262686886e-24
-2.187298722398295245e-24
-2.073825526077299158e-24
-2.339438091483249175e-24
-2.106056481124026510e-24
-2.136042731140225583e-24
-2.154194041014170493e-24
-2.286836843617736104e-24
-2.226932179082035508e-24
-2.330746802093123660e-24
-2.338860657879838562e-24
-2.284718263844086319e-24
-2.187867452033421592e-24
-2.147256964086303758e-24
-2.222752260867274704e-24
-2.276212922719711895e-24
-2.118832329242985399e-24
-2.374876868548217455e-24
-2.192240429639043042e-24
-2.270821942583515272e-24
-2.262853799463485198e-24
-2.305312171522289818e-24
-2.347665776393659530e-24
-2.196972588940803546e-24
-2.430366141781982510e-24
-2.268584010711391013e-24
-2.280235436177840262e-24
-2.240287370676657959e-24
-2.283499817150187889e-24
-2.352871683152685298e-24
-2.358409686872852256e-24
-2.303452430371462984e-24
-2.263818651496525328e-24
-2.264296705511963912e-24
-2.251373243823523709e-24
-2.133254891092148214e-24
-2.231081079551049947e-24
-2.239682959767701249e-24
-2.352107034777407218e-24
-2.357562974558040870e-24
-2.494086766443094764e-24
-2.424920518768630663e-24
-2.169969180477649383e-24
-2.212242735344279343e-24
-2.246684323265553060e-24
-2.371469191921720626e-24
-2.232228938072157585e-24
-2.280217518940163011e-24
-2.210092512175498091e-24
-2.346688823373988400e-24
-2.251297074136510814e-24
-2.478600784494707557e-24
-2.359846218860918653e-24
-2.335899466007963325e-24
-2.205778544500073202e-24
-2.262560418020009403e-24
-2.182948322732440831e-24
-2.184651312079903157e-24
-2.309188434077511973e-24
-2.403882181436579900e-24
-2.299611099095353028e-24
-2.374352365613123134e-24
-2.161016288749240842e-24
-2.331548094105357066e-24
-2.202187694036140265e-24
-2.266860366916369894e-24
-2.307205836232030614e-24
-2.276726581667951595e-24
-2.147475836549119483e-24
-2.159152498923000804e-24
-2.286728505016704684e-24
-2.255748661169405614e-24
-2.146496896820069339e-24
-2.054745105736957875e-24
-2.201031115190828495e-24
-2.256821963975448402e-24
-2.159819709394359875e-24
-2.377483786554781345e-24
-2.295517469938143719e-24
-2.267811714628804300e-24
-2.310516755093562135e-24
-2.100729735527745317e-24
-2.268378872719549832e-24
-2.161533546382195550e-24
-2.227009729149870807e-24
-2.262639696595148643e-24
-2.326026016728733966e-24
-2.329797092294162168e-24
-2.392059026270575496e-24
-2.174786442752667178e-24
-2.262744412830071210e-24
-2.221314177037290143e-24
-2.267688614505864761e-24
-2.275155650396199641e-24
-2.277334447135226700e-24
-2.355663632835143016e-24
-2.080060768598714742e-24
-2.215802500079258075e-24
-2.187375256936005881e-24
-2.196490312616176933e-24
-2.133527808729218510e-24
-2.238756438609488393e-24
-2.299903660463986934e-24
-2.427504620758177194e-24
-2.063822734699092185e-24
-2.177072919992588773e-24
-2.247035095977338498e-24
-2.262598974110690333e-24
-2.148077525170505117e-24
-2.279731329063128289e-24
-2.279806449565676807e-24
-2.180619692008922162e-24
-2.068098814213866377e-24
-2.230231742915460628e-24
-2.399428088623516882e-24
-2.225770812540529349e-24
-2.291226419958895141e-24
-2.163472875205964213e-24
-2.225519973292732073e-24
-2.128881914910357522e-24
-2.045759033234936847e-24
-2.180307613786338862e-24
-2.209553621347097907e-24
-2.156275917394152287e-24
-2.168161370776827291e-24
-2.213612401415069790e-24
-2.071166051534768316e-24
-2.031421392201526553e-24
-2.163812314950212955e-24
-2.286040907891430007e-24
-2.203357557147414823e-24
-2.209563442935727715e-24
-2.290581612922316885e-24
-2.236473218652558433e-24
-2.234344243762732023e-24
-2.041621505480983704e-24
-2.090139916749390877e-24
-2.108591116359000402e-24
-2.131735040617278731e-24
-2.241807546772286174e-24
-2.063476021151347477e-24
-2.148798395996844447e-24
-2.044800113020019970e-24
-2.087733274307227108e-24
-2.179032131025498460e-24
-2.117329876579332432e-24
-1.974407833413437911e-24
-2.217946846162587557e-24
-1.947094993149644151e-24
-2.087387533088354798e-24
-2.077157708366120775e-24
-2.127820431105691491e-24
-2.081245677121001413e-24
-2.121618440842658808e-24
-1.979400179615555629e-24
-2.217767837494300749e-24
-2.087956933722055626e-24
-1.945023001115564731e-24
-2.083278048688890522e-24
-2.068575569137198749e-24
-2.161375720789018831e-24
-2.158308913045514107e-24
-2.150161554856535371e-24
-2.042276753104600078e-24
-1.996659173477537090e-24
-2.054699766894481696e-24
-2.070613361093230329e-24
-2.200103849398305631e-24
-2.030463132238735089e-24
-2.130946791198477829e-24
-2.087469700740160780e-24
-1.955390075117211462e-24
-2.023713573682269010e-24
-1.934009356333741138e-24
-1.932636916463030743e-24
-2.147739627514577754e-24
-2.010914820473333226e-24
-1.950771050105308444e-24
-2.100005098828635837e-24
-2.139718593804898623e-24
-2.132014546176129723e-24
-2.124340227742015141e-24
-1.948576573984100484e-24
-1.989036310955705183e-24
-2.062720986911852358e-24
-1.995254542253063292e-24
-1.811494608483300200e-24
-1.903651700643726724e-24
-2.037954527601202273e-24
-2.017976974261262516e-24
-1.941620591101057573e-24
-1.927987754432212981e-24
-2.018557997992637455e-24
-1.878838452359560494e-24
-1.864572295846186766e-24
-1.987978853254964318e-24
-1.972632367930064816e-24
-1.883995301545620312e-24
-2.005196624457114615e-24
-2.007514664417432020e-24
-1.927449087125722155e-24
-1.976465466352307778e-24
-2.010931367863535811e-24
-1.976196471403434503e-24
-2.028311062503541769e-24
-2.084011161934087227e-24
-1.926360226745575093e-24
-2.045523053381496390e-24
-2.046692472673545561e-24
-1.984509693982228914e-24
-1.935434823485589105e-24
-1.931535741041928742e-24
-2.023557104987745101e-24
-1.940982167220777656e-24
-1.901492598154398128e-24
-1.972225945366137540e-24
-2.019021038558773325e-24
-2.009551583062403762e-24
-1.927860489932186929e-24
-1.827089849111163041e-24
-1.874749969477475858e-24
-1.933069273821432840e-24
-2.004972757903530238e-24
-1.885812907733935024e-24
-1.745241803490095326e-24
-1.865253738398684280e-24
-2.004254155152977448e-24
-1.795796556245162227e-24
-1.885350951906980147e-24
-1.804842784012783621e-24
-1.889807427387098356e-24
-1.857158389522159830e-24
-1.838625697518283978e-24
-1.869321420073727105e-24
-1.822435525090143527e-24
-1.882850284768215852e-24
-1.771023212378257588e-24
-1.902228210893902152e-24
-1.889741491752734549e-24
-1.854898636238957355e-24
-1.847488979296447257e-24
-1.752276981159108843e-24
-1.847095233659193138e-24
-1.889433953753335172e-24
-1.804239726407089557e-24
-1.808805793756633562e-24
-1.866973756296784734e-24
-1.789300606089488778e-24
-1.810908179020763242e-24
-1.755004209335259442e-24
-1.848258847111024223e-24
-1.847122581940788529e-24
-1.846927418964486910e-24
-1.756935141756456681e-24
-1.844782631396825653e-24
-1.739543115245331171e-24
-1.714132310870725883e-24
-1.883220292501557361e-24
-1.838441125909310576e-24
-1.786013993533131003e-24
-1.777973352256547223e-24
-1.831405855161055512e-24
-1.876758785838619602e-24
-1.914579134807474297e-24
-1.846255343179854759e-24
-1.770144638400549947e-24
-1.686879934605536568e-24
-1.807002417419060720e-24
-1.794344812541865144e-24
-1.840727116351411882e-24
-1.770056862904140109e-24
-1.776936699341801616e-24
-1.822692651351769887e-24
-1.773908270403879871e-24
-1.725005731581064348e-24
-1.877246491818593092e-24
-1.754983957158439401e-24
-1.740579096639533214e-24
-1.769293301044350167e-24
-1.788405920829719690e-24
-1.783117828292934395e-24
-1.778083617420358496e-24
-1.732119939652860969e-24
-1.728515891389544135e-24
-1.813771179049977151e-24
-1.796092748921526112e-24
-1.818688744227187142e-24
-1.704374419529248882e-24
-1.733890289361192217e-24
-1.751137301686926613e-24
-1.524351359580202324e-24
-1.716521655063334033e-24
-1.714774050977261764e-24
-1.804552091583097769e-24
-1.710236452158276384e-24
-1.726303764369851195e-24
-1.684306026380015005e-24
-1.694593344106743426e-24
-1.778960725596195066e-24
-1.779126369737510420e-24
-1.649960076622658033e-24
-1.779416060413388957e-24
-1.695421328223460710e-24
-1.844374926984945317e-24
-1.598181461652660714e-24
-1.599280141575278996e-24
-1.739297182270322084e-24
-1.667131947402837401e-24
-1.720214980741510446e-24
-1.595667100874108084e-24
-1.693676691176594030e-24
-1.690105851459611087e-24
-1.596955769754100723e-24
-1.690319224030797664e-24
-1.621958003784011800e-24
-1.673806753204721915e-24
-1.714317954481748790e-24
-1.656452734506832229e-24
-1.716871923899940229e-24
-1.669591610260265787e-24
-1.622712271405843410e-24
-1.563542463546147234e-24
-1.748139237094267947e-24
-1.651008843941461441e-24
-1.555633209191662110e-24
-1.635662343342499483e-24
-1.692241810501438612e-24
-1.640949984329305262e-24
-1.599369100428265296e-24
-1.584300357544956467e-24
-1.560980904687241842e-24
-1.677872452698083234e-24
-1.636202696338431119e-24
-1.609254826251661820e-24
-1.620623349487942053e-24
-1.578961980353564824e-24
-1.613637675783238899e-24
-1.644009039131244694e-24
-1.627078821475620574e-24
-1.679312356681048699e-24
-1.640645749563659910e-24
-1.688361933595893579e-24
-1.691673026108426061e-24
-1.588656615743816063e-24
-1.509479893988428218e-24
-1.477563377625152719e-24
-1.536552272215880594e-24
-1.516371786134327880e-24
-1.502326974378237189e-24
-1.620397256373750324e-24
-1.564314495701412168e-24
-1.555213400429722747e-24
-1.602288665741497168e-24
-1.567142967523751696e-24
-1.483225508149125312e-24
-1.579816573853141098e-24
-1.497786165344195312e-24
-1.620911542142729165e-24
-1.455184510822864826e-24
-1.576897776196325686e-24
-1.572799922280801112e-24
-1.488776633691283710e-24
-1.561477070750283768e-24
-1.508011912867080735e-24
-1.506812775289264939e-24
-1.391354337091278592e-24
-1.645281155506548092e-24
-1.562232366018800142e-24
-1.584709163088180724e-24
-1.488144256540622582e-24
-1.483287566706658779e-24
-1.580453869620227005e-24
-1.450060290746508347e-24
-1.562326291241029225e-24
-1.553949037972993282e-24
-1.510285202413478734e-24
-1.465016765219271306e-24
-1.591463026102418347e-24
-1.517161387177010587e-24
-1.500030929557399018e-24
-1.501931275432866264e-24
-1.439801174236136531e-24
-1.499225300257308237e-24
-1.473111684140675840e-24
-1.417146994538577043e-24
-1.557626472624039074e-24
-1.486995716253451332e-24
-1.413847369901091791e-24
-1.420450451054255612e-24
-1.417393898185634137e-24
-1.468180086245414969e-24
-1.518310267366141007e-24
-1.456982545695341867e-24
-1.437846788604941331e-24
-1.422103864261927152e-24
-1.511285286364672730e-24
-1.472833194001788426e-24
-1.432501378678866638e-24
-1.484459881764372298e-24
-1.429305618533517337e-24
-1.376373733386761037e-24
-1.394002604837190772e-24
-1.442810261350433995e-24
-1.375148859704436307e-24
-1.394896828872064539e-24
-1.415292333697890006e-24
-1.331811487362491663e-24
-1.450979027448793744e-24
-1.439628587309238237e-24
-1.342121989073254644e-24
-1.383229362909043055e-24
-1.424114430078665706e-24
-1.393551642128676319e-24
-1.382787492860512161e-24
-1.409428986980821126e-24
-1.465221287608791845e-24
-1.317517688854732547e-24
-1.322276384187045285e-24
-1.394205452561968816e-24
-1.355091132585561544e-24
-1.396293503358707821e-24
-1.318863288966499278e-24
-1.379239632494110559e-24
-1.370064917353083675e-24
-1.419841159600955972e-24
-1.425056473760977577e-24
-1.354226395478951146e-24
-1.372241593419944322e-24
-1.326910589803714477e-24
-1.361008150699073200e-24
-1.351716710267225440e-24
-1.300750236069503529e-24
-1.312109630739828060e-24
-1.278717646932319063e-24
-1.322109015447000726e-24
-1.286910245594325349e-24
-1.407118313032550180e-24
-1.363379578490614816e-24
-1.332388754468812263e-24
-1.296475945686495689e-24
-1.347551740528409304e-24
-1.315696398882481189e-24
-1.319709276474929513e-24
-1.307700005256131584e-24
-1.289782566885233114e-24
-1.245862639230783855e-24
-1.317691675163528540e-24
-1.287939374082701965e-24
-1.309008763029477279e-24
-1.288886454866054023e-24
-1.278274833541462009e-24
-1.330657828021927309e-24
-1.329371677101692812e-24
-1.261896516600722004e-24
-1.259050560532723062e-24
-1.190160120331119414e-24
-1.259434239746127497e-24
-1.154718932593105583e-24
-1.223731767790468890e-24
-1.298806402448521171e-24
-1.324004232192452053e-24
-1.236579222321990691e-24
-1.256538415335704628e-24
-1.312559286760258662e-24
-1.173469965848405138e-24
-1.172893226990546988e-24
-1.290924640377734216e-24
-1.156991927241820054e-24
-1.274249728583648456e-24
-1.254840519465952065e-24
-1.249930900727596569e-24
-1.238616577376491690e-24
-1.205684511484219501e-24
-1.233594607551668289e-24
-1.231309592774205270e-24
-1.203875383967023151e-24
-1.279810793959233775e-24
-1.210863305142250879e-24
-1.181053690712456479e-24
-1.187627380293202448e-24
-1.212039101260726614e-24
-1.162976090217593435e-24
-1.159964437072675502e-24
-1.197358365982537613e-24
-1.193097281925431922e-24
-1.161864716317278709e-24
-1.184060990854116146e-24
-1.188395602566690430e-24
-1.178027595790556301e-24
-1.067797015515814394e-24
-1.133118363223345162e-24
-1.205437600708432018e-24
-1.122459599859748259e-24
-1.187526812747122361e-24
-1.101217942243453016e-24
-1.153417965517183253e-24
-1.147286519839405858e-24
-1.169231407423455824e-24
-1.098507646669058861e-24
-1.158082259480177202e-24
-1.042137289419204170e-24
-9.927079303093866727e-25
-1.138242363798713974e-24
-1.076752508434272493e-24
-1.030998970070103170e-24
-1.195932581202450735e-24
-1.092826110411148299e-24
-1.149446133611610016e-24
-1.124530187167288878e-24
-1.132016796203189283e-24
-1.085252916408133192e-24
-1.103060991830316679e-24
-1.076347870095006911e-24
-1.075636398006353622e-24
-1.115342591314228160e-24
-1.081033769613856096e-24
-1.074265897258025164e-24
-1.099236722580640931e-24
-1.091029404863302904e-24
-1.089833396122712268e-24
-1.048916791803563681e-24
-1.111552759963332545e-24
-1.067287960850224539e-24
-1.036658214676625762e-24
-9.855804750992085839e-25
-1.066608616218571292e-24
-1.070387071238443011e-24
-1.112184224714214677e-24
-1.069988792750872492e-24
-1.089955231667392820e-24
-1.049412612042557508e-24
-1.045208735670410880e-24
-1.046334236724828714e-24
-1.022950222058490519e-24
-1.079944816289417912e-24
-1.014738235976247563e-24
-9.795525690560662558e-25
-9.980972630640035213e-25
-1.017160950906610032e-24
-9.927492176892979913e-25
-1.028143407114996713e-24
-1.017453137472244583e-24
-1.010746863154074003e-24
-1.012252525571218263e-24
-1.076970844114163010e-24
-1.018985128787594230e-24
-1.030595166500178585e-24
-1.029064214947188508e-24
-9.559555725981060868e-25
-1.077793665087091732e-24
-9.791166230653542126e-25
-9.821313686418311460e-25
-9.437236648484152295e-25
-9.771214195076477348e-25
-9.429269560331580199e-25
-1.039112100605155620e-24
-9.524982134365826096e-25
-9.720170929255823074e-25
-9.523969994173266482e-25
-9.452782450611802139e-25
-9.543330705943160917e-25
-9.575300192796887037e-25
-9.894158341369793520e-25
-9.623910164449530528e-25
-9.379160441812652640e-25
-9.560443436690098823e-25
-9.527731347514363211e-25
-9.670849517109118520e-25
-9.349374516749049738e-25
-9.625402142994501926e-25
-9.256842145181411320e-25
-9.598118473055542559e-25
-9.215757149757593950e-25
-9.737420051432906061e-25
-9.519528386004836437e-25
-9.849468999452228532e-25
-8.935979808244061671e-25
-9.221624852768885040e-25
-9.337385943275287182e-25
-9.566757212806893767e-25
-9.140227692821374052e-25
-9.490399174187238054e-25
-8.568132883167419974e-25
-9.174906403555426728e-25
-9.008748330820853951e-25
