0.000000000000000000e+00
0.000000000000000000e+00
3.211983116439317755e-14
1.414691169129579145e-14
1.700361432891749136e-14
1.436320451578954361e-15
9.309504478506281514e-16
2.488339552334225321e-16
8.975274786221292687e-16
1.031409523943167352e-16
7.218526902177666741e-17
1.042725296761344662e-16
1.587870878594445954e-17
4.893233402060105783e-17
-1.753699469802512026e-18
1.968093327279405971e-17
2.960284309189250243e-17
1.673666378690480986e-17
1.906918878290703905e-17
1.158833146540123653e-17
8.055799997096375492e-18
1.442889924931269214e-17
5.506858023585324093e-18
3.743898710316084846e-18
5.654773781235076438e-18
2.386726775530149509e-18
3.872642124029244400e-18
2.727794294076482529e-18
5.255057772682733987e-18
3.031076755930121437e-18
2.486221337691649782e-18
2.956685454810518642e-18
7.898902541706185068e-19
1.082858752816995084e-18
1.296712996993327161e-18
8.265554947903967252e-19
2.015652474581713788e-18
4.988970901880727083e-19
7.838119716705523931e-19
1.209718456268677030e-18
1.830669512499601937e-19
6.057442621331581101e-19
6.974246959923507524e-19
8.372457676190441020e-19
4.812980951430719374e-19
5.826553101247838635e-19
3.151559191630406886e-19
3.530020514108068742e-19
4.758840102723827199e-20
3.233182019749251484e-19
4.749540845331843377e-19
3.003275800956856640e-19
2.615951015635183011e-19
1.042769097409024269e-19
6.983374197626320943e-20
8.533857779767396166e-20
1.390234407862739053e-19
1.733378541477001249e-19
1.655313670073017282e-19
9.959739160491306567e-20
1.609715031495724464e-19
1.559073630361451513e-19
9.269317677514582759e-20
5.224153807661836037e-20
1.008577574097570954e-19
7.362691921687831622e-20
5.081607911612796637e-20
7.860972131506846121e-20
7.690266097447006654e-20
2.225840663842240497e-20
6.048979388271143404e-20
6.425484995949764386e-20
3.781185127984313763e-20
4.570369516165772014e-20
4.543695035339555909e-20
5.174966594407343473e-20
5.057967234614559283e-20
5.287317096997955483e-20
3.512689936943784811e-20
4.171639100806228696e-20
2.877841211691246657e-20
2.388112059603721285e-20
3.546467762979712115e-20
3.805782185324580644e-20
3.685758658932620453e-20
2.078735229873891516e-20
2.027761779297113881e-20
1.895296898750777951e-20
2.195717068624829874e-20
3.238552737771922529e-20
1.733597915280622027e-20
2.460784346439503410e-20
2.326428567267907482e-20
2.624952003932196076e-20
2.464561898308157621e-20
1.831956228894693177e-20
1.292901092313206517e-20
1.624880002055569628e-20
1.935503156991637428e-20
1.413529873249080317e-20
1.359607324353009154e-20
1.736429461602517447e-20
1.007210603320866117e-20
1.274938222662906639e-20
1.237764674872668823e-20
1.246091532974326633e-20
1.290456965689614478e-20
8.717379943707702389e-21
1.072059176456603696e-20
1.364156560802741340e-20
1.194354020909121291e-20
5.389522685754232927e-21
1.185572453626219001e-20
1.199389363892850640e-20
1.010518750173286708e-20
1.005641467889912181e-20
6.743454673989766058e-21
9.647846708665226374e-21
8.412706790163772398e-21
6.882328393171390587e-21
2.699940398336835304e-21
6.884354600474357899e-21
5.259531060732813250e-21
4.771032223833172485e-21
6.473456396288545158e-21
5.028514726292893022e-21
6.188049391905163576e-21
3.147823032109490545e-21
6.892040743593076238e-21
3.340140025608694448e-21
3.403214878596753165e-21
5.483012602008946838e-21
4.396062409669368148e-21
2.467397224899104125e-21
3.774345137668919313e-21
5.776570905257329316e-21
4.482064409477199960e-21
2.710156101249412038e-21
2.521069896549489030e-21
4.095024411594072949e-21
3.032569368336215088e-21
3.191859679566229098e-21
3.929834574040144607e-21
3.277993282129060592e-21
2.239522733705264806e-21
2.441979980013225009e-21
2.948080940375750945e-21
2.179878133865741032e-21
2.873732259238670289e-21
2.629298815913098208e-21
2.943732597448003688e-21
2.014811118857703393e-21
1.748527646096649053e-21
1.851070810625556106e-21
2.049412263860780170e-21
2.945201787413998054e-21
2.107518849633037184e-21
2.323402542089100347e-21
1.788924786451864896e-21
2.747307042404152114e-21
1.635296433758070317e-21
2.668159435617252259e-21
1.740741350975321569e-21
2.137851892880728573e-21
1.993227813207785961e-21
1.728319354448564112e-21
1.656234764024749414e-21
1.171549725131108358e-21
1.493718592523374116e-21
1.782928707648438413e-21
1.578373944737036995e-21
1.636380195993331046e-21
1.488591494298720294e-21
1.833573621494983605e-21
1.190961833148614511e-21
1.590417632557112751e-21
1.513381635225984112e-21
1.383145883237884139e-21
1.504766629477312534e-21
1.318228379722476143e-21
1.098382872732605288e-21
1.301878183733513602e-21
1.297413061260752821e-21
1.025817123989276465e-21
8.147627269642756455e-22
1.347410934009765022e-21
8.430822256094067436e-22
1.258413901415465752e-21
4.796413702521668415e-22
1.214566757251979766e-21
1.044724763993794345e-21
1.005236843104271887e-21
1.000979940164745181e-21
8.314784761067730492e-22
1.004109078142570151e-21
8.814205765589959973e-22
8.458119063210662248e-22
7.997431633614789665e-22
9.555279984783967832e-22
7.499253778863284228e-22
7.666457633444428933e-22
7.015620686937183763e-22
9.535694164085830732e-22
5.863075624270920414e-22
6.868661448666484115e-22
8.103566531978694334e-22
4.541996434097753226e-22
7.386909048037519204e-22
7.800159741033158543e-22
6.763622125954503302e-22
7.021021576592768775e-22
7.522238525621738302e-22
7.142729631231780810e-22
4.868255342649237619e-22
6.575119143128598204e-22
6.973601930567012436e-22
4.258984943712067143e-22
8.267447534608903156e-22
5.810211405615995616e-22
4.118362654849421097e-22
5.374889077249957031e-22
6.028584940688987474e-22
4.565703195722036076e-22
3.902384678506270908e-22
3.967227444559307117e-22
4.901346408956357525e-22
5.781509829804714890e-22
5.159830250422603261e-22
4.430195338565586417e-22
5.318671038716275253e-22
5.922882014674095390e-22
4.324700548736217855e-22
4.341902194468264114e-22
4.372975158670630192e-22
4.095753922481707782e-22
3.712612694776637146e-22
3.795552844962654677e-22
4.083142505968793383e-22
3.646623186172065014e-22
1.991394728173414895e-22
3.766564120173365395e-22
3.305100667296171997e-22
3.193000328632223932e-22
4.568770915445580078e-22
3.521141838275879173e-22
3.634273883856817293e-22
3.719707534410215599e-22
3.744969265959740736e-22
3.963174275083011421e-22
3.222583502277080620e-22
2.482976587909931237e-22
2.846806833752509199e-22
3.248220215947247838e-22
3.891605275089206761e-22
3.097642772132925469e-22
2.872759017707204153e-22
3.184597197687566655e-22
3.644011034817305569e-22
3.372701702738634879e-22
1.759052822064121292e-22
3.075907739472255147e-22
3.415253203431288833e-22
2.921249464515499598e-22
1.552374469362355619e-22
2.044540259020590668e-22
2.253426786119171976e-22
2.882970996675489673e-22
3.002383537928318971e-22
2.366553372798969351e-22
2.387634030634247984e-22
2.752754903919089973e-22
2.458636290045636490e-22
1.325109179450165656e-22
2.257750832398427656e-22
2.175233072992962662e-22
1.915346239899151685e-22
1.867481053567944652e-22
2.920844432188624716e-22
1.780431363167732636e-22
2.598887174969228815e-22
2.073588842438088718e-22
2.359048320315408365e-22
1.843979851509706350e-22
1.789454905622099468e-22
1.904270231717490699e-22
2.035332342395187178e-22
1.557883985104205830e-22
2.376008318899009858e-22
1.446663926519502648e-22
1.840657029467307464e-22
1.759098838616207513e-22
2.139116125354221154e-22
2.409588287258332350e-22
1.590051697508192337e-22
1.898257685536858304e-22
1.770507691276196214e-22
2.064703467623720593e-22
1.802381466988060090e-22
1.487595034936915521e-22
1.621684851517294683e-22
1.779112292117652724e-22
1.404429879528742740e-22
1.970716785211308634e-22
1.875031146984446254e-22
1.238748109074421387e-22
1.355448874564065410e-22
1.449002540109013545e-22
1.535259868073823773e-22
1.696549988857425366e-22
1.490777518684517089e-22
1.095876996666123341e-22
1.437030520558795810e-22
1.342934710596608262e-22
1.158589887384109024e-22
1.522771679677908990e-22
1.444065944661151109e-22
1.464504865464638093e-22
1.551726519564352163e-22
1.329798828451181247e-22
1.330521107977762489e-22
1.294312494405702117e-22
1.450660089784067053e-22
1.372815226661968768e-22
9.821702693832036576e-23
1.259606909633686596e-22
1.006926688679646722e-22
1.201647078573851769e-22
9.449375358595825611e-23
1.555305402408520671e-22
1.370851110713144637e-22
1.017384168320765900e-22
7.213284093596713825e-23
1.045301017199688001e-22
8.642049058567687927e-23
8.389540653949461845e-23
1.065931037347509651e-22
1.188067840557174181e-22
1.084210956689977251e-22
1.024256313480841039e-22
9.326297357368083076e-23
9.894166374380171149e-23
1.198771904349887953e-22
1.151685407407352194e-22
9.636050576834819551e-23
9.730749525662062910e-23
1.192284989918100233e-22
9.624045438727651204e-23
1.059978381939519539e-22
8.497984341263512192e-23
5.570581057615582819e-23
7.329376359385774923e-23
1.011190560160783058e-22
7.523804748480788498e-23
8.808657198511635994e-23
9.789740654625213473e-23
6.911597509526392589e-23
8.053946424603054967e-23
7.177849031381580149e-23
7.579747081387539692e-23
9.128243160751455952e-23
8.926984154595842117e-23
7.601995620355676715e-23
9.462732559200898517e-23
6.926515447197960023e-23
7.492761223944484950e-23
5.636505911321844126e-23
6.686417703381539184e-23
8.689925501856527472e-23
7.083035247869654233e-23
6.661568204604593626e-23
6.545668434638564167e-23
7.283498341182214035e-23
7.934632538090779886e-23
6.914293060539428519e-23
5.155648379330516655e-23
3.811798480627280475e-23
5.997297656687369780e-23
6.290336972345794534e-23
5.988114245598398324e-23
7.107872988075011715e-23
8.940249471992692058e-23
7.086390854112493432e-23
5.395911905297677344e-23
5.290402846437223055e-23
4.312876194489244924e-23
5.257977902821302557e-23
5.830949199313966813e-23
4.213916671687083706e-23
6.983574627523233787e-23
6.905262392662642596e-23
5.363223895341028711e-23
5.231097940676083404e-23
5.459378066966524946e-23
5.720307601466535903e-23
4.046733391272027210e-23
5.516556599130952445e-23
5.552806680969753065e-23
5.812825959887408894e-23
4.978004655431633038e-23
5.817489617151941546e-23
6.161941431626778821e-23
6.060963868822174722e-23
5.381914715320988839e-23
6.399801229971008515e-23
5.080473503341524721e-23
4.248730376169262840e-23
6.778543836410683282e-23
6.322755115315182742e-23
4.220005967715819833e-23
6.166641706590328757e-23
4.417618219473112705e-23
4.508649040294169344e-23
4.550460238027755868e-23
3.154910986897544739e-23
4.555169652463174243e-23
4.180117759520391878e-23
5.529432711455918156e-23
4.080817754577334658e-23
3.202973839237531909e-23
4.255261249381037404e-23
4.888970332451221919e-23
5.177496996062114109e-23
3.824560457132611947e-23
4.386467999642391990e-23
3.501707040922343000e-23
4.657701434434922195e-23
2.839525797800996467e-23
3.746343387427076010e-23
5.005988247019202505e-23
4.391730833609005628e-23
3.703838634352040268e-23
3.584712681394243072e-23
4.624886664231351858e-23
4.777939100876832113e-23
3.759340783153126646e-23
2.691136755645866913e-23
3.992760180300136313e-23
3.120188924313824144e-23
4.173625245860710805e-23
3.300947652092871428e-23
3.176077999282491199e-23
3.743972732010903865e-23
3.056079807847372724e-23
3.345697321387311765e-23
3.567413454733855161e-23
2.910201069349414065e-23
3.822183063986363025e-23
3.952356541914746294e-23
3.528398462556174719e-23
3.845364014179465219e-23
2.680839989280990657e-23
3.181131338521430150e-23
2.948612384163910044e-23
3.186539015318952071e-23
2.925054757798729911e-23
3.266873089515312459e-23
4.147798674409597417e-23
2.954061291009454582e-23
3.289781287469034690e-23
2.736456025850466175e-23
2.749025969728301018e-23
2.635476942625149474e-23
3.224078025881479080e-23
3.104285648235490830e-23
2.973098868952947435e-23
3.344943808920600335e-23
3.019113743734770634e-23
2.446909000280677445e-23
2.254279387727001418e-23
2.567895017292424458e-23
2.674674290645960092e-23
2.958683422474233752e-23
2.277810459133978267e-23
2.392201115580118190e-23
2.704362632583944219e-23
2.656933697251449002e-23
3.090542320643334495e-23
2.704096072992279939e-23
2.575255001213431425e-23
1.896526971037514078e-23
2.647737814547465576e-23
1.539676492781632700e-23
2.913971319948345281e-23
2.288795760495844058e-23
2.968997043076646014e-23
2.690129023413429277e-23
2.648847788414999406e-23
2.340986805727633880e-23
2.870453528706981360e-23
2.500239344180038763e-23
2.808891472099831949e-23
1.845657584976873117e-23
1.924021027279206797e-23
2.875581480917303865e-23
2.159154189638426513e-23
1.871078161027332675e-23
2.202574181219550524e-23
2.306108150006821993e-23
1.715560630511673441e-23
1.988777662804417420e-23
1.551855864863932280e-23
2.126542079117261707e-23
1.909648680815357849e-23
1.870530333208638761e-23
2.123750985941802903e-23
1.809671671647857742e-23
1.849852411944930940e-23
1.942311135799671344e-23
1.954249179070801935e-23
2.185036620672594982e-23
2.160470682785663801e-23
2.063332154131113736e-23
2.357377378639582220e-23
1.738477730694951410e-23
1.883072289601719176e-23
1.598463760688871372e-23
1.523208914877469502e-23
1.312754810134730732e-23
1.926522200775078967e-23
1.299474479514161541e-23
1.651724077142085483e-23
1.830396664163011046e-23
1.479655027135295847e-23
2.154436594252940434e-23
1.534476595333997067e-23
1.716269087048089010e-23
1.403466846140574323e-23
1.473619552597936778e-23
1.301377239936124090e-23
1.622469528931903586e-23
1.433163396859692998e-23
1.741667288046245699e-23
1.417783142433308963e-23
1.549092462728482285e-23
1.761125201417229076e-23
1.548906280522435094e-23
1.593256358492143367e-23
1.281438958522237895e-23
1.841552161125459796e-23
1.238576843321126417e-23
1.432516204796244209e-23
1.541257465103773900e-23
1.368391734745256292e-23
1.438754753647875212e-23
1.386856383965411281e-23
9.977613562310602945e-24
1.207428721128866104e-23
1.551332728384485315e-23
1.433996080845668484e-23
1.124098977455017798e-23
1.287182303493473292e-23
1.192540533074365816e-23
1.088274346324023578e-23
1.558879524334591838e-23
1.318157285639328001e-23
1.376015845912117824e-23
1.136663915969195065e-23
1.300267901420418967e-23
1.339021213002732741e-23
1.509861937778795646e-23
1.218887931317594845e-23
1.268804091464748454e-23
1.051166097835785763e-23
1.212472163528014551e-23
1.195546469097238121e-23
1.181569912168527036e-23
1.267535292969528856e-23
9.720013902385290902e-24
1.080497117577957727e-23
1.155461259520558973e-23
1.117404209053708163e-23
1.266158370436942524e-23
1.024879631122941079e-23
1.155557943124243304e-23
8.608402664034998445e-24
1.297172409967093575e-23
1.140342808633453095e-23
1.302770850500322472e-23
1.135696850146527687e-23
1.491615695806099259e-23
9.046910173274171210e-24
9.393998473384159966e-24
1.062447625415583734e-23
1.165920479497055499e-23
1.016906673000972172e-23
1.272675689345936475e-23
9.419875994192932630e-24
1.398917728185102477e-23
7.395338847817810532e-24
8.438143605875521605e-24
1.239600194439249172e-23
7.742872908014143235e-24
7.984140836976561417e-24
1.072674360145371662e-23
9.931869519683950785e-24
1.048081493209716721e-23
9.115920241949218195e-24
1.017624371576186598e-23
9.866987029724809853e-24
1.071309705125322410e-23
6.461626351636257743e-24
9.498152458507823673e-24
9.270882525942928796e-24
9.016434329591796486e-24
9.394755218001230675e-24
8.030878717846848089e-24
9.546901256981232832e-24
8.674798068462932916e-24
8.730234344918660571e-24
1.087973624081330422e-23
7.866692205153770936e-24
7.298881185795821038e-24
6.218788839140704728e-24
7.763042105396388456e-24
7.697286984563606072e-24
8.289804638805412131e-24
7.964609902085695780e-24
1.026149735171482379e-23
6.967897768259779397e-24
7.638126478501915780e-24
1.009157939292997005e-23
8.303123390496110230e-24
7.291793133950488740e-24
7.683556817012568882e-24
7.134601183871738885e-24
6.034456818382628472e-24
7.628751592603954476e-24
7.424738589467018258e-24
8.848293527958955869e-24
8.594727987344977240e-24
7.352850568013724507e-24
8.500726611148680259e-24
6.078590980500679287e-24
7.505762184198382490e-24
6.791872376583542943e-24
7.251159402925219173e-24
6.316024286977899989e-24
6.734565872810252392e-24
5.966074825118114459e-24
6.622565468706720268e-24
6.130332854667831745e-24
2.981035874415237189e-24
7.139770338154721997e-24
5.422101248418737948e-24
6.342073836892692569e-24
6.579873546731852588e-24
6.142164666675910880e-24
4.718067102395385461e-24
6.785766507240313826e-24
6.120216870042870895e-24
6.764202188656806653e-24
5.761694505734054597e-24
5.742314479293226075e-24
7.040715421371605422e-24
6.244622590190582685e-24
4.890279347805163379e-24
6.602457141981179726e-24
6.910055893175555395e-24
5.129249148070470160e-24
6.548087933945158385e-24
4.324889553367539504e-24
6.592858488527520506e-24
5.991181113803004475e-24
6.299477034118484998e-24
6.490884612333475131e-24
7.093126934768486004e-24
6.846593202309810483e-24
6.271021413965670130e-24
5.359064151376602468e-24
5.341957060558207923e-24
5.218341848541646957e-24
6.983902272085678024e-24
5.612496869485414377e-24
4.963941739676554740e-24
5.145490266159037023e-24
6.362445929176784236e-24
4.827571590146783826e-24
6.306155714053836385e-24
4.814736434003433714e-24
4.969602847355774644e-24
4.524997246685157316e-24
5.255565077713315073e-24
5.626721241931740257e-24
5.188431202422903809e-24
4.011181737171999692e-24
4.920103130390851000e-24
6.074139038476998179e-24
5.178669600496773833e-24
5.508617684605564732e-24
5.648405565671581281e-24
4.470253011162401994e-24
5.388549724568231215e-24
4.983304427624975070e-24
5.534056263797224590e-24
5.245426256894809832e-24
4.744851868925233729e-24
4.964431687288788012e-24
4.399886351539332849e-24
5.628787340151447154e-24
4.011204885623144180e-24
4.820991515731817943e-24
4.641036234845342297e-24
4.534416407703318281e-24
4.429717601336907592e-24
4.850602920627214339e-24
4.335805828163281587e-24
5.340021782563172976e-24
5.090727391644524236e-24
5.365148151196552763e-24
4.476003497178665781e-24
5.024446980866095682e-24
4.649421992846022776e-24
3.888206777662127148e-24
4.992288143856617235e-24
4.421758272648046889e-24
4.331618951014677319e-24
4.237213929690937803e-24
4.218042129312965229e-24
4.635555048017183490e-24
4.156710781883258563e-24
4.744603975129123956e-24
4.600064248985172651e-24
5.394360750041311866e-24
4.625291775511605997e-24
4.174542469174573750e-24
4.564815711723054384e-24
3.112761675662222077e-24
5.210772460442597448e-24
4.083719868560855131e-24
4.360742556785414500e-24
3.627355304452618122e-24
4.351206372602665778e-24
4.963380323308299647e-24
3.008029736980832386e-24
4.308704264782516720e-24
3.018108175201666840e-24
4.368280331081884872e-24
3.077712196816206628e-24
5.360738961235025614e-24
3.728776619480784201e-24
4.478285143768282899e-24
4.529759925684822599e-24
3.669284906719819257e-24
4.505861877266151770e-24
3.732989379307875292e-24
3.159340531440190131e-24
3.392668410411606275e-24
3.786835353416073486e-24
3.514020303333480822e-24
3.817202778216965080e-24
3.523964238733719862e-24
3.473069047282678257e-24
3.542022683461227528e-24
4.199780120450074098e-24
3.698175561583489109e-24
3.933784165260574670e-24
3.571636072757178117e-24
3.065456313325775594e-24
3.554988140193935834e-24
2.998950178692140722e-24
3.566747659558020238e-24
3.130044029968306337e-24
3.548995842465193956e-24
4.114476231010797756e-24
3.758564366078083834e-24
2.513929442327328261e-24
3.745146985679275075e-24
2.669351221186455892e-24
2.708650372990255282e-24
4.241608425405121211e-24
3.029213889112570604e-24
2.855914961816732264e-24
3.386436105326202053e-24
3.369725386482057758e-24
3.316927246318530559e-24
2.977924945427104872e-24
2.174488477687500629e-24
3.854717843021192795e-24
2.869090563795489977e-24
3.381518928815498490e-24
2.773205503019923269e-24
2.915570072836030025e-24
3.114497176428537384e-24
2.695326870611904007e-24
2.763711168725878328e-24
2.498970191324803272e-24
3.708343277897023144e-24
2.042704945999026425e-24
2.108623640619185830e-24
2.896494765906269254e-24
3.492773973253579070e-24
2.192419963970656144e-24
2.097236395329274384e-24
2.922568505916750916e-24
2.769768820127768856e-24
2.297516071099292447e-24
3.411174368316245099e-24
2.336262142708461954e-24
2.775067737130355022e-24
1.633649241018611924e-24
2.938135602182233455e-24
2.542123292567219766e-24
2.284314369925887253e-24
2.436883720421660936e-24
2.629349538844691781e-24
2.400525274687559602e-24
2.334225839345616846e-24
2.336927933422452325e-24
3.119286761516811064e-24
1.899350403112015164e-24
2.195640825651448573e-24
1.783191165890343015e-24
2.334014247583678433e-24
3.191944826537444232e-24
2.103356529842496876e-24
2.486436008258151094e-24
2.687218505799251785e-24
2.426132823931645388e-24
1.985110027408555007e-24
2.487095718335758223e-24
2.205656811244871576e-24
2.056095587508464555e-24
2.637249788524188047e-24
1.929264882472948991e-24
2.601613949007095764e-24
2.051192652924155024e-24
2.655974348559147242e-24
2.167226872961791351e-24
2.630211801179936945e-24
1.727829726823781830e-24
1.834656614011822705e-24
2.498181467313397230e-24
2.605849839451979648e-24
2.843009428117290805e-24
2.390231603342418807e-24
2.157380276449959423e-24
1.873036409432450878e-24
2.819727281930191733e-24
1.872725572883040208e-24
1.912823776820594224e-24
1.873499318867139125e-24
2.226359839653802660e-24
1.876930302803292534e-24
2.486481393388190284e-24
1.967020909412738011e-24
1.759066136853019324e-24
1.468259410096458862e-24
1.551366378198119276e-24
1.886359310661410471e-24
2.046644778653927816e-24
1.736092536566141388e-24
1.723041463757624872e-24
1.633681496451113846e-24
1.826807536335169068e-24
1.709816301191921088e-24
1.914771751106495541e-24
1.703484618267844265e-24
1.750994503322869257e-24
2.350157880880695820e-24
1.774440534639612241e-24
1.876271839674463090e-24
1.537025671008237583e-24
1.654192332903110691e-24
1.274742142934048975e-24
2.247171735529422761e-24
1.725754354231305323e-24
1.497563419965983104e-24
1.593316374378406605e-24
1.864939524632073014e-24
1.524974565004153653e-24
1.723523328729735951e-24
1.936820803124917809e-24
1.816313063748292537e-24
1.653706533535889415e-24
1.271216993803866404e-24
1.546021309239587362e-24
1.566316701430976675e-24
1.532029570220156271e-24
1.442438065963137115e-24
1.629146660013096456e-24
1.884530110610553165e-24
1.228112325509806897e-24
1.513491351031531012e-24
1.922599494658742250e-24
1.380026955784784285e-24
1.926482212278955726e-24
1.661844954618795354e-24
1.390859634411999226e-24
1.760757870610331897e-24
1.960381250058539630e-24
1.827500253475151720e-24
1.631796218651158110e-24
1.538742829161673281e-24
1.513252128605478222e-24
1.543668231555245690e-24
1.263409586178466428e-24
1.787104191985187271e-24
1.162733541259049614e-24
1.513591097963946844e-24
1.440674870306037541e-24
1.350101696761864507e-24
1.618433949672529608e-24
1.395682849399300546e-24
1.623041018806377401e-24
1.483160477632059491e-24
1.750641925649804360e-24
1.367270355944418309e-24
1.346140348126192502e-24
1.677212175310918981e-24
1.462595771631895766e-24
1.280107164929310169e-24
1.026512549867443901e-24
1.580425789997567348e-24
1.489047102132180425e-24
1.392821458683830669e-24
1.624315528260427777e-24
1.173480860383780222e-24
1.627290223958438876e-24
1.320694374747047947e-24
9.795449323971101916e-25
1.388242167032053769e-24
1.482381646995954967e-24
1.322749575577104621e-24
1.201490526117043113e-24
1.024516693384523033e-24
1.436707639263717163e-24
1.190084254538942073e-24
1.038849181383936359e-24
1.340648936918293440e-24
1.229711670833196836e-24
1.451866940387606886e-24
1.340298685225887009e-24
1.261895137510728865e-24
8.165080916417756134e-25
1.455273439304968906e-24
1.262066245864679264e-24
1.105811152687701943e-24
1.488194022957330738e-24
1.278623477375351150e-24
8.700224206888881254e-25
1.162060321689723235e-24
1.066040192796944209e-24
1.113972694220488783e-24
1.184436931371661491e-24
1.386071487588675522e-24
9.617175390126143132e-25
1.179866691019213753e-24
1.045788662130081908e-24
1.370617562178084827e-24
1.499815224355138849e-24
1.284504282582505979e-24
8.862072873168817394e-25
1.057850222208369532e-24
8.880498748104429773e-25
1.122756857644625088e-24
1.096586770658344045e-24
9.075986741401787306e-25
1.064116454923896871e-24
1.164784756003263931e-24
1.012159613483046586e-24
1.109612404271377619e-24
1.173637482307704752e-24
1.443827292540638806e-24
1.112944716004696386e-24
1.208416387415282067e-24
1.105862145886671739e-24
1.063626294823742819e-24
1.092889817503791780e-24
1.197251532281887554e-24
1.462166642312062056e-24
1.011803821213614199e-24
9.347045671636452420e-25
1.453192293484823526e-24
1.047384040756380984e-24
1.047304670224521629e-24
1.119245829394861195e-24
1.280436962210842573e-24
9.427450258903883207e-25
1.306442848686869930e-24
8.431160714676149443e-25
1.009394119245621608e-24
9.687285915557098818e-25
9.545718473233895322e-25
9.756396829969798213e-25
1.007864436529710408e-24
8.866707669351635938e-25
8.031040772978194161e-25
1.118614283398234352e-24
8.820600225107866688e-25
1.062044508777959602e-24
1.128831388526913133e-24
8.957156033740646394e-25
1.176070093063607550e-24
1.070290593447801819e-24
8.896692779980934044e-25
1.003715247373996372e-24
9.940948664075579476e-25
9.502820269154368780e-25
6.506110967635247773e-25
7.824131285121557126e-25
1.044847526235361582e-24
6.360123080110984463e-25
1.094787235183775879e-24
7.217738325891300834e-25
8.733845910065757323e-25
8.659823498341096681e-25
9.861301528082636518e-25
6.519892785104237943e-25
8.684480870497516190e-25
7.434151591091787339e-25
9.371896888699649234e-25
8.968464238055299198e-25
1.055698025413970342e-24
8.207308428217680143e-25
7.568236749830307623e-25
9.707819275656526256e-25
8.846959488116188036e-25
8.200626872128590852e-25
1.022081258045503765e-24
7.681293290605065278e-25
8.302768430341206174e-25
8.946101602254894870e-25
8.198501806080425224e-25
7.664898307053431820e-25
8.651099669870514794e-25
7.469960209263035093e-25
6.599306616449017717e-25
8.129064518473677499e-25
7.938027355070286972e-25
6.143147873071790765e-25
9.366350710103208430e-25
6.346772532332660771e-25
9.071146326053296178e-25
1.032233090431239372e-24
7.150997270435263861e-25
8.336269793731295659e-25
7.107075296467120439e-25
8.573183584974562294e-25
1.072905399754074458e-24
8.243207545901980919e-25
7.629217394338875153e-25
9.025427314419519353e-25
8.591454452961929306e-25
7.159319306444214122e-25
7.989863727724860419e-25
7.206063287232698972e-25
5.633097182946213148e-25
8.094408338644689781e-25
5.875527289775043363e-25
7.499316831255454493e-25
6.939836871613106289e-25
8.894923551234832125e-25
7.962228534817732040e-25
8.970198787460806996e-25
7.600471589189541262e-25
7.501762357050255953e-25
8.429458565129503012e-25
8.110228544812883863e-25
7.422353265209693569e-25
8.416777989880885161e-25
6.472185766433505836e-25
7.435790473036948518e-25
6.064799118169157402e-25
8.425110679030917346e-25
6.486366978162990267e-25
6.346467884855362459e-25
5.621247252014339814e-25
4.233052515166941889e-25
6.261751395503038582e-25
5.936678841188399761e-25
5.727864969763434893e-25
5.572082800923258471e-25
8.271096704991199050e-25
5.593086585871524587e-25
3.637877319701176147e-25
5.160699177345441709e-25
6.598838312038128569e-25
5.254276247334852803e-25
5.890383994406947729e-25
5.396916547576493333e-25
4.721958542844162376e-25
6.329781707541434310e-25
5.910746708111083866e-25
5.699203815542128497e-25
5.745382832242737234e-25
5.516868988261369459e-25
4.642750509746378481e-25
5.662135485135271148e-25
6.711031895858827093e-25
5.364763220619615917e-25
6.157946512043909296e-25
5.665580842408855156e-25
5.602936682368248002e-25
3.956552394965660751e-25
5.317028651149382117e-25
5.966288605437350856e-25
5.101497471060297157e-25
5.148226456331708981e-25
5.206539819289304302e-25
6.028519523324012015e-25
6.990752261859575699e-25
6.309584669805643048e-25
6.926871583403561793e-25
6.245907679138506817e-25
5.898752824549180099e-25
6.992987268395881224e-25
5.396209950599625363e-25
3.850229920003232840e-25
4.961965813616089506e-25
5.531801021595148327e-25
4.397360344122940193e-25
6.022804311471417025e-25
4.983944767209105288e-25
5.212285046632639694e-25
4.552505986887495131e-25
6.277661545202006471e-25
3.736159938878724325e-25
3.689300340126964241e-25
5.610943346517962691e-25
4.359374961209153346e-25
3.831611337307940841e-25
4.837284671403478413e-25
4.911756088892351006e-25
4.145097877116569949e-25
5.233222830039917850e-25
4.511777071826760172e-25
4.904568562658211369e-25
4.921730405490753267e-25
5.325352686864031485e-25
3.277920910712825450e-25
4.393019995816900971e-25
4.116511610603581417e-25
4.936462788379229574e-25
4.975212657607582984e-25
3.547247981770143047e-25
3.941421090152296119e-25
4.293474902409553440e-25
4.682743383443934114e-25
5.033128259694719882e-25
5.096996281992208644e-25
4.834079795092099097e-25
5.336782907031714324e-25
2.655267513341454961e-25
3.754401987338806671e-25
4.678840193076914326e-25
4.029314139983482962e-25
2.578748132633858977e-25
4.747985887985451167e-25
3.696560105289657418e-25
3.948705154158420613e-25
4.856972153869557525e-25
3.877247959555376660e-25
4.776703760117993533e-25
2.945296510402223946e-25
4.951730102629030776e-25
5.014027559953803118e-25
3.504365747914958107e-25
3.691105158725589472e-25
3.086961819059211385e-25
3.642252636076778671e-25
2.744369347524681047e-25
4.189561041610580305e-25
2.994878070355612305e-25
2.949141324170118054e-25
5.254074471288947073e-25
1.974908341620502051e-25
4.669249279684471823e-25
2.361721293026254856e-25
3.267954937545091618e-25
3.631594943070353396e-25
4.266582712318142494e-25
2.564016347273171125e-25
3.457150138692475052e-25
3.271876004206539265e-25
2.259676175815533355e-25
3.425733081904454907e-25
4.545734666295534621e-25
3.222262077314991933e-25
5.088807182783409300e-25
4.235598274784826810e-25
2.802428894990383062e-25
2.053126642023832501e-25
3.587761899138381320e-25
3.255599358702055153e-25
3.173838891362575230e-25
4.204174097797074037e-25
3.084987994451944699e-25
4.314249687604876935e-25
2.643746007677123012e-25
3.766322932009872728e-25
3.779810724521014080e-25
2.773589187132829484e-25
4.341582083942841433e-25
3.519221563318541445e-25
2.070472709320936280e-25
3.117037246793891426e-25
2.645903224236888737e-25
2.630087751137560314e-25
2.468416779355939668e-25
2.216092663925990150e-25
3.358988755480137029e-25
1.070962453389204063e-25
2.586399553531412866e-25
1.941128049600318597e-25
2.090167434721629395e-25
2.145778131810018744e-25
2.144171186508886162e-25
3.160652281820578238e-25
2.973298090884910176e-25
1.304609892079013944e-25
2.380966428546760922e-25
3.846754612207538968e-25
1.875237648142283794e-25
2.055419867647451989e-25
3.614407221679223265e-25
2.799005958098551061e-25
1.557365899888979207e-25
3.480510054019926737e-25
3.508498430045376005e-25
3.085832426599605981e-25
2.337319669768655569e-25
3.065628250051080919e-25
3.120491076088673202e-25
1.696153654581979711e-25
2.480373438066999087e-25
3.124989225902011732e-25
2.527075761653533311e-25
2.895786864547028205e-25
2.044115280235167317e-25
1.806743013471140656e-25
2.610238853771785252e-25
2.487657199276346320e-25
2.513149273465528003e-25
2.290071744130932932e-25
2.099623480874156700e-25
2.308237188985781138e-25
2.262288422619578643e-25
2.361858725937898323e-25
2.352507650874777662e-25
2.663973188692724162e-25
2.206327879635381286e-25
2.887968078699375073e-25
2.533920758965184860e-25
2.532267018165777864e-25
2.738793941433734652e-25
1.879211426251249155e-25
2.055126722097569344e-25
2.176826811037640370e-25
1.840913828596911871e-25
3.695481743043801223e-25
1.302860441194471411e-25
2.355210282965125824e-25
2.005160975934196130e-25
2.926247641506405392e-25
2.286492189738513613e-25
2.409186776212248539e-25
1.571559179026686899e-25
3.053685475303046733e-25
2.277583543144417301e-25
1.541078338804423589e-25
2.927016350419625468e-25
2.437145714747714719e-25
1.678403673868528863e-25
2.262566241062933445e-25
2.364393377184878157e-25
2.434751115649393653e-25
2.327265500661076255e-25
1.864171681486311767e-25
2.708703156674750968e-25
2.746614214882596429e-25
1.621381881924390777e-25
2.334762960473557640e-25
1.739282742711319794e-25
1.771889444001372190e-25
1.960922569178115616e-25
2.548365478102491670e-25
1.705789643209746838e-25
1.146254433290016747e-25
2.224521249851407429e-25
1.860169809823296441e-25
1.263671777059246159e-25
2.271612872542901034e-25
3.840309589840935631e-26
1.738268779411540328e-25
1.572039848358789385e-25
2.818066343736266458e-25
1.722902775535226116e-25
1.308299212096612819e-25
1.371766257648709059e-25
2.022437121118269704e-25
2.546763222662080228e-25
1.632334823320893975e-25
2.619678059637457163e-25
2.507868357041573196e-25
9.023765659175313605e-26
9.373110106810155594e-26
2.151229153691128561e-25
1.170134790599465723e-25
2.003240772950735517e-25
1.970843538438694594e-25
2.137666706551445669e-25
1.869724559903186134e-25
1.332079997807317219e-25
1.947115776173762451e-25
2.425755925018456134e-25
1.719871325613633134e-25
1.819397732619704786e-25
1.382964458110995429e-25
1.430683291222678910e-25
1.721193784926021564e-25
1.182295598136706457e-25
1.578603526619055724e-25
1.603105596647039093e-25
1.101617696915111606e-25
1.146943422980583201e-25
1.306836785785121515e-25
3.522838483392279812e-26
1.607076901038496813e-25
1.293853108874669149e-25
9.535474319385194594e-26
1.251162204368881793e-25
6.295397406025675486e-26
1.582217861790838971e-25
1.889326433080694838e-25
1.038892421068376768e-25
1.130764617478679857e-25
1.134846739975800218e-25
1.188365376543103922e-25
1.288949482482434852e-25
1.510784498973653172e-25
1.367299376454695176e-25
1.475979933308492520e-25
1.420483158866042161e-25
6.045269008307529274e-26
1.262268343088883012e-25
1.033679536278549924e-25
7.174596962955604530e-26
3.325483874991913304e-26
1.171179919365849369e-25
1.298884652118390146e-25
1.537461715369978332e-25
1.011137597841292907e-25
1.380114275458714948e-25
1.743383187781128815e-25
1.448037837070667906e-25
1.762649850455050979e-25
1.106244476500994707e-25
6.229928008950440708e-26
1.768441509604656368e-25
1.613872322542731449e-25
1.424923628865200908e-25
1.386450936736969914e-25
1.099091919054547386e-25
8.986040197445179738e-26
1.046585456946304376e-25
1.173793593606665371e-25
1.348527836414142397e-25
7.193400966464241424e-26
9.578851919698230539e-26
1.281630236462164375e-25
4.823347907757951290e-26
8.535488681336375932e-26
4.077618532415801061e-26
1.377248532232070688e-25
4.953129931612492236e-26
4.879060551934962293e-26
1.001612668614232342e-25
1.444987120205634882e-25
5.794898051920722340e-26
1.470280418549957616e-25
1.551213626361086142e-25
1.028933998239927400e-25
1.026685524710758216e-25
8.248364936417270565e-26
1.035723189614262620e-25
9.702020872773600631e-26
9.294974272929730622e-26
1.110746639094985858e-26
1.070587723669486095e-25
1.251959847812265554e-25
6.330785073301254107e-26
7.901750447373489907e-26
2.691412554162687556e-26
7.464806347600077261e-26
5.682361532101765179e-26
1.656830284350509582e-26
1.172188126410724759e-25
2.318247099648511523e-26
1.039404380489945569e-25
1.432634072135538444e-25
9.814417764749786816e-26
8.833022997245838672e-26
2.852136247542225262e-26
1.015988702686560980e-25
6.180356856948823815e-26
2.949082400926683357e-26
4.543424168594767386e-26
7.939903668524186910e-26
1.332680232500498154e-25
1.430692992424300482e-25
8.581090601762919023e-26
8.339353595351456309e-26
1.431084922671132544e-25
8.277275478891590988e-26
6.331650038654510076e-26
9.361689629246160424e-26
9.276429461846476609e-26
1.711025397232899514e-25
3.543293311046596362e-26
1.198112190613794711e-25
5.090781863054670023e-26
3.270299854140037783e-26
6.400704984488066694e-26
8.196451899011986162e-26
1.689523702958575852e-26
1.046565593306054418e-25
6.456289413379392858e-26
8.469948966828543891e-26
5.073889922070131380e-26
6.266148370899071795e-26
5.094851688447786488e-26
4.434407135129176832e-26
4.751462351609894257e-26
8.654277688989641197e-26
7.174450904883895025e-26
1.278280006569946429e-25
1.320651703299030707e-25
7.943665153811187446e-26
8.544617665955305111e-26
5.174422768641740540e-26
1.936752113604047040e-26
8.476881812392592063e-26
9.270176339471469581e-26
4.945336429395911940e-26
4.170512989094337138e-27
4.167490137682781612e-26
8.912417275480090795e-26
4.298136776420864372e-26
7.010787565975022333e-26
9.059698301346080822e-26
3.443587401255247221e-26
5.865946556893091363e-26
3.814437029775033594e-26
6.139114465836306453e-26
5.537586994240219694e-26
-7.530600157997381074e-27
9.409073510956600951e-26
1.851168299249588837e-26
5.425574079159635840e-26
5.781585502683625117e-27
1.203333506904294553e-26
2.346046978347423544e-26
2.879193838226072696e-26
6.855979383655318633e-26
4.083696244004212270e-26
-8.476690977375594317e-27
6.130278831021910221e-26
2.875313947715971598e-26
3.848822865834613995e-26
5.507002149740226866e-26
-5.558721082585502987e-26
2.801143203719092750e-26
9.094589145996965574e-26
2.674622522922687177e-26
2.160574609584796724e-26
2.168967682394710600e-26
-5.687865476532533393e-26
7.278626683796921477e-26
3.747736683323910555e-26
4.538258180141366556e-27
1.839010209799018512e-26
6.638104801529926954e-26
4.157171143615263793e-26
3.460067418688523422e-27
4.611501121407853986e-26
8.958215613190892774e-27
-1.737794468740510563e-26
-9.042038057992152185e-27
3.453482311527591311e-26
1.691792756976718479e-26
-1.624845452201114351e-26
-2.619008512891286023e-26
6.059133976407578239e-26
4.923146359822617826e-27
-1.688255953250018256e-26
1.464897152634321528e-26
2.705096530223022388e-26
3.071310579412101829e-26
1.308877306001925372e-26
3.060167557226693940e-26
1.579822307090390896e-26
-3.674393545687079768e-26
-2.669768653895965426e-26
2.565700402026579955e-26
-4.055973763645190062e-26
3.392291347971692821e-26
6.339390781055353527e-27
2.248563716272943215e-26
2.996804212230576526e-26
2.010918582793659991e-26
-4.000243093430262260e-27
-2.712312753513304120e-26
6.275884183977791477e-26
-6.068502661562550716e-27
1.319945240402253508e-26
-4.243722639772622156e-26
-1.818644081523322652e-26
2.073199344568319983e-26
2.242717725676408945e-26
-5.174939517618599704e-26
1.584696231446318662e-27
-3.868328856077407463e-26
4.029800114059349399e-26
-5.374639115833282663e-26
1.538423035099617389e-26
2.839213838542769410e-26
-2.374788622426484306e-26
2.818787032398197906e-27
-2.564586625490304649e-26
-6.006929559287294923e-26
1.302203059615331879e-26
-2.221105042041244449e-26
-5.319768301274732668e-26
-4.613571672496545355e-26
-1.516792950733990919e-26
2.971676774135629274e-26
-4.915053145496134889e-26
2.072414501326061853e-26
1.424249866786577437e-26
3.119831720430876388e-28
-1.120381607292352419e-26
2.371375715766626982e-26
5.553021041927679825e-27
-2.561127547278164496e-26
-8.966226720411651807e-28
-4.850766154414209563e-26
-3.021413879743378999e-26
-5.862188966739983488e-26
1.247791853528969017e-26
1.859830344774741522e-26
-2.186981128985984283e-26
-5.977207588188159493e-26
2.860125333963001469e-26
7.330251623774467505e-27
-6.368745317420602527e-26
-2.747809614047554100e-26
5.637807073417724500e-27
-5.783048443231521893e-26
3.576839379860982090e-27
-3.513857177978971269e-26
-4.426434137549917744e-26
-2.424733496193360323e-26
-2.993200954216808119e-26
-3.726831342346870585e-26
1.289562291126899284e-26
-2.909266026921396554e-26
-6.507661192883762053e-27
-4.504067090728370133e-26
-1.269485888037889729e-26
-5.515247957096007792e-26
-5.321102692775852941e-26
-2.102793635937276047e-26
5.893362324085119192e-27
-1.448396806591339950e-26
-3.050836218336058947e-26
-6.246934023741997047e-26
-9.520157718227518040e-27
-8.979565024799209178e-27
-8.974643145318444917e-27
-2.443642324767288274e-26
-7.453396086052678443e-27
3.788925077307100663e-26
-1.413301844324772619e-26
7.391811205581100506e-27
5.280159819002362694e-27
-7.554906975042183930e-26
-2.759710914988179075e-26
-8.967175900714216956e-26
1.093266821858801964e-27
-4.908333247529846137e-26
-2.162086489576104096e-26
-2.477411237806221522e-26
-5.426983889709831999e-26
-1.858706491072106322e-26
-2.936773777195499361e-26
-4.809110970001739438e-26
-8.698137179329221549e-26
-1.126125944134958376e-25
-8.369426534408843058e-27
-2.880702487744462673e-26
-2.345002551511665022e-26
-5.698939835969885451e-26
-4.505736726769527813e-26
-4.160850786002124102e-26
-5.438388819261926058e-26
-3.850467836997393519e-26
-4.937527119158104550e-26
-4.570170371476325382e-26
-5.208386190604787814e-26
-2.872408977638053032e-26
-3.434479260096069774e-26
-1.507209530643636268e-26
-4.763007899443844629e-26
-6.268472471853663849e-26
-4.500247629232575624e-26
-6.326725652826006633e-26
-4.122617540424965476e-26
-6.012549032047460710e-26
-5.097221258858930892e-26
-3.078381045056524096e-26
-8.559312480285711622e-26
-3.872881204983378673e-26
-4.744009966485251231e-26
-5.114656172519107990e-26
-6.298489241971533756e-26
-4.320314661056858924e-26
-4.065836213247001237e-26
-7.281035400146234939e-26
-5.665188770915219518e-26
-4.742052432734534006e-26
-3.384771008652278265e-26
-3.728758792449977496e-26
-5.212512438615778757e-26
-6.629879214735944622e-26
-8.099601214264002774e-26
-4.596252422542545625e-26
-5.977915364195991482e-26
-6.654258868739014425e-26
-5.965614081178935351e-26
-5.668025998785912887e-26
-8.050221685684102496e-26
-3.966281107500811591e-26
-7.218990511575067976e-26
-1.012813331704775282e-25
-4.181795959783622541e-26
-6.498773420660808916e-26
-2.358268191286781462e-26
-5.862975243476905020e-26
-7.308308704968999246e-26
-5.331918752361291731e-26
-7.819158624019840966e-26
-7.704995146374684374e-26
-6.649009455463064823e-26
-3.001928948492942098e-26
-7.166419208314718996e-26
-7.589648548375932242e-26
-6.700405912272658610e-26
-6.929981438410808369e-26
-4.923734282079659957e-26
-7.076677144409041256e-26
-3.364657818186125544e-26
-6.143520206426681348e-26
-7.424730256864989876e-26
-6.525356950631731199e-26
-3.725966244157133214e-26
-6.649170653442959417e-26
-8.600683173101111115e-26
-2.319980005953209498e-26
-6.676867063091660361e-26
-5.138490350831270966e-26
-9.517532201416307109e-26
-8.581993966959811519e-26
-7.151044089395826266e-26
-7.222957762779914376e-26
-6.776664071992884963e-26
-7.932608000786346181e-26
-5.938972081267049862e-26
-6.757085534912629319e-26
-1.254391236193902787e-26
-5.893280842403625260e-26
-4.159579546603302114e-26
-8.074340548398403958e-26
-4.643797718636555020e-26
-5.155322353431565622e-26
-4.526329268916485476e-26
-2.723463231170523514e-26
-7.890923480704453928e-26
-3.330862418076251952e-26
-7.937915086811052894e-26
-2.976150197511034843e-26
-7.359264487994649727e-26
-6.294660321338409920e-26
-4.331579382545834105e-26
-3.925124109348173932e-26
-4.752459796387995539e-26
-6.812909250391045264e-26
-6.003170727527060761e-26
-7.477628231344443265e-26
-5.062183967185676718e-26
-3.468328180480232255e-26
-6.163872931178020842e-26
-8.056337879816796564e-26
-7.202654766617693683e-26
-5.681996900489822607e-26
-7.763319252066103408e-26
-5.864632883439744670e-26
-7.900506170140037335e-26
-6.118352892841635362e-26
-9.847281595402605636e-26
-5.428176615812193626e-26
-7.251136821604481694e-26
-8.631759203883907019e-26
-4.846265422857923360e-26
-4.556426417043441666e-26
-8.169047080807346256e-26
-6.562553839316399702e-26
-7.675544309945462234e-26
-7.926513393963913643e-26
-7.577812936230822662e-26
-6.265333972787410779e-26
-6.918101774948861505e-26
-6.856919758920227545e-26
-6.526274319486975119e-26
-5.442663310165483453e-26
-9.942335012573016268e-26
-4.174202037664325185e-26
-6.028575428184751119e-26
-6.921757059616013228e-26
-5.901896999032610573e-26
-7.107940240807021054e-26
-8.100027143558878187e-26
-9.554014198831666207e-26
-9.044977316571700588e-26
-6.948064125406540040e-26
-1.011436517193336064e-25
-6.780799461633874271e-26
-9.383804471101279590e-26
-5.868268941654296906e-26
-7.543854371290251316e-26
-7.438065952586409982e-26
-6.748210755308985205e-26
-7.002715707956876401e-26
-7.864776064436299821e-26
-8.336512569540576189e-26
-6.463853772924197939e-26
-6.813993172955079074e-26
-7.623700641183562229e-26
-7.741874263621899329e-26
-7.514609255908030954e-26
-6.634555136678270688e-26
-9.090160674784764831e-26
-8.144961092884022537e-26
-7.296926608216040525e-26
-8.985973788269090252e-26
-7.512954330406520964e-26
-8.874164682159390343e-26
-5.272504130667425964e-26
-6.594165836826858731e-26
-6.990027813158652201e-26
-1.056199077154660188e-25
-8.136735084224225217e-26
-8.403989797460552131e-26
-9.431185022924584252e-26
-9.252815681968794390e-26
-1.043834431549201500e-25
-8.874074694036095762e-26
-9.823940171015352005e-26
-8.020373949071613619e-26
-1.001444619803480463e-25
-8.498491764434310470e-26
-6.658731973204352914e-26
-7.396702191865146705e-26
-7.746312501429895371e-26
-9.175443172271680242e-26
-9.586358357855523731e-26
-7.766662350675367688e-26
-8.078416134729023464e-26
-9.800696157364692375e-26
-8.886962614297356826e-26
-9.848817225157804472e-26
-9.718827624585155531e-26
-9.765794715686004643e-26
-8.797806391013448300e-26
-7.570889537709191040e-26
-8.803380583671011913e-26
-6.702911342941085449e-26
-8.550516620051882753e-26
-1.023591446302925604e-25
-1.207396751628747942e-25
-8.703621055137244982e-26
-1.081099136763082976e-25
-7.966241194615606050e-26
-7.935363438491383911e-26
-9.494872858566281707e-26
-7.315068333109990465e-26
-9.392568760335532643e-26
-9.854573380180653931e-26
-9.889826778766152918e-26
-1.316726746057850306e-25
-9.858084922120010530e-26
-1.107618521796259310e-25
-1.177336591785791945e-25
-1.086494484485325246e-25
-1.159481504807514200e-25
-7.754430501504127958e-26
-1.145204498525239626e-25
-7.843047392472974703e-26
-7.800072118920887893e-26
-9.622407302883387781e-26
-1.020825459231477493e-25
-9.727773259188792817e-26
-9.064673389752734492e-26
-9.980441002539860249e-26
-8.886175315236483540e-26
-9.586127605162534518e-26
-1.133363263582807247e-25
-1.114886717220790356e-25
-8.216723315203150247e-26
-8.300885942417003146e-26
-1.075966678165219091e-25
-1.195847956959845935e-25
-8.913160444325498131e-26
-9.772558885242932414e-26
-1.242799238349643970e-25
-1.118023039693825467e-25
-1.254756666737974313e-25
-1.154831861880260397e-25
-9.862724251006091957e-26
-1.185670693486512519e-25
-1.236821271152214264e-25
-1.204771330295647142e-25
-9.556423999538728862e-26
-9.201597615731496838e-26
-1.152065923963314595e-25
-1.124022240421459959e-25
-1.118861319556196246e-25
-1.012043851039066209e-25
-1.057939241582573931e-25
-9.206973499725191470e-26
-1.030653335998330585e-25
-1.211267334535128652e-25
-1.122646887931724197e-25
-9.972457708495772391e-26
-1.060352448764401494e-25
-1.152206263058703237e-25
-8.722848795030772701e-26
-1.312290936370400265e-25
-1.247604231421008571e-25
-1.175336905130534636e-25
-1.374773344786716927e-25
-1.069644929497741411e-25
-1.152925637511014246e-25
-1.000177192387313483e-25
-1.063066637132966814e-25
-1.084721319241122604e-25
-1.126489538316455709e-25
-1.419552679536238605e-25
-1.187288392224204827e-25
-1.170178704453564749e-25
-1.142452349449335614e-25
-1.236492640806348634e-25
-1.262444714877150577e-25
-1.204902023630501637e-25
-1.125048227081786759e-25
-1.152503166710831258e-25
-1.105941340393895579e-25
-1.375462156939880769e-25
-1.270217770329090059e-25
-1.278201789660002894e-25
-1.152705655037864459e-25
-9.707137099907889473e-26
-1.144235535879093917e-25
-1.266546738426670344e-25
-1.065707341349001060e-25
-1.377973130681457568e-25
-1.192199901702075494e-25
-1.417984241304948362e-25
-1.336440170752578662e-25
-9.568771450540171838e-26
-1.182067301761817399e-25
-1.128137128107511487e-25
-1.034217916547200650e-25
-1.273067758358765718e-25
-1.264187275661865513e-25
-1.192714737021949114e-25
-1.146132071313972519e-25
-1.165969643214253164e-25
-1.225119390158846997e-25
-1.072244062628376328e-25
-1.141836175205507051e-25
-1.133837574615798240e-25
-1.376751654970293322e-25
-1.328711397090269426e-25
-1.278944289853815372e-25
-1.119358183654329383e-25
-1.237592860151682985e-25
-1.429918368857606111e-25
-1.107532826353624871e-25
-1.175260378431004076e-25
-1.429432080982547659e-25
-1.300800888461336347e-25
-1.207365386634270810e-25
-1.419078727953888644e-25
-1.213332876079651683e-25
-1.139413659866969478e-25
-1.369052932461427937e-25
-1.259751194913964384e-25
-1.222718805653010985e-25
-1.092667383124543795e-25
-1.214265733416312759e-25
-1.437457610440162858e-25
-1.334206792634623117e-25
-1.353003009100627110e-25
-1.497892103052553892e-25
-1.295434004834357773e-25
-1.240890669833975810e-25
-1.343931767631491755e-25
-1.276076046247191523e-25
-1.480508479743708408e-25
-1.353246131147011137e-25
-1.172979375557612887e-25
-1.199871670573459258e-25
-1.396466829777370692e-25
-1.322284983422215796e-25
-1.240684474204648957e-25
-1.423759382124340866e-25
-1.466486103113179121e-25
-1.295387251243285551e-25
-1.220826382930217343e-25
-1.232546603163315404e-25
-1.338736994956327542e-25
-1.380919634571905681e-25
-1.118796516801096901e-25
-1.362857210238962158e-25
-1.540582278600093846e-25
-1.243184943603177099e-25
-1.261635019537922843e-25
-1.404530839971982575e-25
-1.304384230409755958e-25
-1.328524404593347231e-25
-1.597222142173365133e-25
-1.241678191487688126e-25
-1.503536934151169096e-25
-1.315007420278744861e-25
-1.457303851769438072e-25
-1.431794524691298369e-25
-1.073272590064296290e-25
-1.218800014606575844e-25
-1.524767145457521272e-25
-1.463329395516258832e-25
-1.186554209596007004e-25
-1.483308301734265734e-25
-1.460091151794718142e-25
-1.529389349081300793e-25
-1.336563479648496679e-25
-1.280922398316583134e-25
-1.415903144819806949e-25
-1.577993818708607750e-25
-1.453977343312868810e-25
-1.154430332711262579e-25
-1.286283945933350426e-25
-1.430056883182713045e-25
-1.374165250094091179e-25
-1.385049653327401450e-25
-1.564451178035449587e-25
-1.255175760272041125e-25
-1.275187727364782460e-25
-1.441828376561572185e-25
-1.297914197165949068e-25
-1.240821421661706223e-25
-1.595696210725452847e-25
-1.352306682725109458e-25
-1.281848965783036129e-25
-1.279204016033125873e-25
-1.225994223748072499e-25
-1.406128237659560032e-25
-1.462822522924764805e-25
-1.197336525098660930e-25
-1.363640024352918702e-25
-1.443179925777743936e-25
-1.649390794767720606e-25
-1.294326874653176094e-25
-1.505160111191398361e-25
-1.343196122073252125e-25
-1.274062543343607051e-25
-1.405815740345031462e-25
-1.339753141445623456e-25
-1.378221718143321025e-25
-1.501817933869541954e-25
-1.286122310039211108e-25
-1.418504544042724125e-25
-1.460769458035987570e-25
-1.422154993682421168e-25
-1.425645456586561100e-25
-1.212952086274515987e-25
-1.446656035033199003e-25
-1.319511410806201702e-25
-1.456637758866751831e-25
-1.327815998744495309e-25
-1.090516023050641381e-25
-1.276841669312565860e-25
-1.117472542578377643e-25
-1.165155713669113430e-25
-1.341588575227843906e-25
-1.432763251235903864e-25
-1.495137805795416448e-25
-1.223221854603127481e-25
-1.285537611771925599e-25
-1.408457203296346191e-25
-1.382365881509744869e-25
-1.598137123296460423e-25
-1.436353201679148544e-25
-1.461142900185407499e-25
-1.324705139338942752e-25
-1.437246603780817481e-25
-1.515456226132316389e-25
-1.366227082969233974e-25
-1.392608330818440570e-25
-1.178433528051152432e-25
-1.476135007911555539e-25
-1.516077658436609797e-25
-1.496766080019511233e-25
-1.390239477387520275e-25
-1.512482083950953880e-25
-1.362972697126488917e-25
-1.615303861899437895e-25
-1.632036947871770221e-25
-1.463832811030179715e-25
-1.432647703866106854e-25
-1.462143332257566750e-25
-1.236757031643455606e-25
-1.577330235388482013e-25
-1.544259234646799296e-25
-1.425854972739507395e-25
-1.493079078069170955e-25
-1.487818948416164146e-25
-1.685368056118046546e-25
-1.314508993291287861e-25
-1.303038348500746215e-25
-1.455108184852307097e-25
-1.388962716471637459e-25
-1.414970407676672744e-25
-1.442612179227728903e-25
-1.844985690742195062e-25
-1.521817645688742467e-25
-1.505954814013542763e-25
-1.585290361973003938e-25
-1.260563393318052921e-25
-1.547540123808994019e-25
-1.412615621542957346e-25
-1.567726168874759722e-25
-1.633514048456801097e-25
-1.706817766832933341e-25
-1.412089072703346231e-25
-1.454175820620852027e-25
-1.455838559160240660e-25
-1.451678070035263837e-25
-1.468528040118574678e-25
-1.453359521082303537e-25
-1.479761270715677283e-25
-1.457936169456842685e-25
-1.552533023805447037e-25
-1.447761670474058955e-25
-1.324586385285337458e-25
-1.501727331208654801e-25
-1.552688135252218446e-25
-1.441863062110263066e-25
-1.360111851432052619e-25
-1.534766760227534899e-25
-1.346022069190247332e-25
-1.246485438718775890e-25
-1.528100483265099943e-25
-1.554992050530759278e-25
-1.576176369697742827e-25
-1.672290091429130713e-25
-1.525023114520527922e-25
-1.633741018065550525e-25
-1.330172303556917906e-25
-1.479514482042917383e-25
-1.689754950940952245e-25
-1.465626649428750855e-25
-1.478891181971454514e-25
-1.500991515305597546e-25
-1.572595517255226780e-25
-1.465694392057905860e-25
-1.537209312390526915e-25
-1.640612168856484030e-25
-1.690893387697203673e-25
-1.517609431800879767e-25
-1.448009728717911119e-25
-1.657627177631269483e-25
-1.575362267688002960e-25
-1.553282134787832221e-25
-1.504848171896646910e-25
-1.514326417596015116e-25
-1.663894216990399850e-25
-1.598675289719996643e-25
-1.525597476251782848e-25
-1.710022977140233539e-25
-1.598867262291225690e-25
-1.575768837969102738e-25
-1.695171032557566371e-25
-1.695300466138638190e-25
-1.658492912561946168e-25
-1.635015039308674818e-25
-1.589225965349342892e-25
-1.518318076786094800e-25
-1.505515111856290626e-25
-1.641720020737997041e-25
-1.455554179262536839e-25
-1.427383768136071372e-25
-1.567470168216087885e-25
-1.560798190445808798e-25
-1.577621041701078890e-25
-1.644214360219927214e-25
-1.593498118543390522e-25
-1.555217316584227236e-25
-1.642469303195963657e-25
-1.668787977962020421e-25
-1.674157437607269893e-25
-1.607006149539012250e-25
-1.658291060726314001e-25
-1.418620276888906093e-25
-1.598819521553996296e-25
-1.669868925847184674e-25
-1.893330723648158213e-25
-1.633450921830287498e-25
-1.781785938260262312e-25
-1.568456591259870174e-25
-1.658882019661298061e-25
-1.525980353634530529e-25
-1.662874882223921111e-25
-1.872769049762846748e-25
-1.756804132250801921e-25
-1.603571020609249434e-25
-1.522432120313167679e-25
-1.622118392646887938e-25
-1.750410798597590255e-25
-1.827106267417003166e-25
-1.740105738618383478e-25
-1.755967127496600464e-25
-1.741954445870411227e-25
-1.600148213465494401e-25
-1.831027364608121244e-25
-1.784594646110281143e-25
-1.693746182296678355e-25
-1.796741275658504261e-25
-1.678291360661719387e-25
-1.526696342467502940e-25
-1.692692977429080799e-25
-1.667601443999896538e-25
-1.613716054267997806e-25
-1.673443480137299695e-25
-1.846684430819716407e-25
-1.669988286257641876e-25
-1.693380456064364155e-25
-1.814279385480621617e-25
-1.738096291213197438e-25
-1.783573156686834648e-25
-1.725047684155145332e-25
-1.728726723455581974e-25
-1.804396933975319414e-25
-1.628254202863840644e-25
-1.639168211561417576e-25
-1.539445406388751580e-25
-1.856424712762994930e-25
-1.631529028860818307e-25
-1.647859649645038773e-25
-1.793149110332877190e-25
-1.860255424342658524e-25
-1.621288561391429810e-25
-1.868094593717436761e-25
-1.765330984874245534e-25
-1.819976225034233273e-25
-1.709025625676370233e-25
-1.807192975478400175e-25
-1.583785175320383967e-25
-1.641137308346425958e-25
-1.533006683128911781e-25
-1.752529302160984816e-25
-1.841382760732319496e-25
-1.704731404969001624e-25
-1.820432510318411406e-25
-1.746218673587890824e-25
-1.902877751848883273e-25
-1.610954453958715474e-25
-1.787808243255596502e-25
-1.770661760368896321e-25
-1.916814425634894986e-25
-1.777431030024623795e-25
-1.816304801573813959e-25
-1.647008017648215556e-25
-1.809922170858339345e-25
-1.786061584820320776e-25
-1.754132743806817856e-25
-1.873257807440967520e-25
-1.699872051761109673e-25
-1.709030567312687953e-25
-1.940560012209789749e-25
-1.705062426793015620e-25
-1.536094776864575092e-25
-1.805766604372344306e-25
-1.653081270637919411e-25
-1.537893381200637359e-25
-1.819078534443691106e-25
-1.941806439779702401e-25
-1.828292902515020863e-25
-1.750327391288984076e-25
-1.901569891296639608e-25
-1.561292650698786224e-25
-1.982038644171583882e-25
-1.760563371272585709e-25
-1.833762420072342210e-25
-1.819909720663872722e-25
-1.685624472776611766e-25
-1.749218522963265601e-25
-1.647622213398187179e-25
-1.898588274126895436e-25
-1.830514957909660978e-25
-1.860780579272868672e-25
-1.834328940031837696e-25
-1.904140220218488113e-25
-1.882173928358494284e-25
-1.931122190275566433e-25
-1.905143980392240141e-25
-1.829855008921979553e-25
-1.793927695024484186e-25
-1.841406806032446058e-25
-1.883280236522536429e-25
-1.861728075374612999e-25
-1.728631482990858787e-25
-1.894619460042322442e-25
-1.677292781379447736e-25
-2.117864172977817719e-25
-1.720887685331526614e-25
-1.792501444520631642e-25
-1.598921044629100627e-25
-1.925198105016652689e-25
-1.927245578410130609e-25
-1.959572681514013723e-25
-1.649035303046815031e-25
-2.023379455005228940e-25
-1.781304455639664613e-25
-1.877974306708958636e-25
-1.746176693144284457e-25
-1.784961933684809306e-25
-1.831056730424078409e-25
-1.811900546533030099e-25
-1.964136285812203065e-25
-1.911140407554674320e-25
-1.742209863138463975e-25
-1.756098366481446479e-25
-1.732612214989479558e-25
-1.808027055553111536e-25
-1.999970546004240513e-25
-2.094224365351814486e-25
-1.924584968513600981e-25
-1.769055358003391867e-25
-1.918724030190111124e-25
-1.851554000524000350e-25
-1.834613678160454943e-25
-1.750562171413060505e-25
-2.009812665305672274e-25
-1.900509018917104146e-25
-1.787032960299949062e-25
-1.823927118283063501e-25
-1.849853772680903646e-25
-1.841468015650888363e-25
-2.026624782201405612e-25
-1.878056710847501427e-25
-1.709594382496194842e-25
-1.952898798027367027e-25
-1.625734147172071425e-25
-1.830916680400716412e-25
-1.896371424912100209e-25
-1.808291328418000123e-25
-2.004655779822216765e-25
-1.940708608252904496e-25
-1.888278234663912287e-25
-1.780723548123400363e-25
-1.966010974679606778e-25
-1.920229708157596297e-25
-1.961279519178599568e-25
-1.924093239300456517e-25
-1.859007814612878311e-25
-1.922828291892432812e-25
-1.891194822967781012e-25
-2.129316266794520085e-25
-1.895915344047872369e-25
-1.697597425563419718e-25
-1.604194087915673443e-25
-1.791260358070787914e-25
-1.813163545848113240e-25
-1.728487573998921182e-25
-1.942746617412789626e-25
-1.825380335636065433e-25
-1.666216592059506845e-25
-2.014384453127189869e-25
-1.791569560067508559e-25
-1.899381323217074719e-25
-1.959071592311065081e-25
-1.754991305313504846e-25
-1.765423231605373849e-25
-1.718569353906383869e-25
-1.836202302978164208e-25
-1.771911052848061561e-25
-1.717372046929147571e-25
-1.786085983869917121e-25
-1.832536980034071331e-25
-2.024101354067122256e-25
-1.854590133427974939e-25
-1.751689551717887222e-25
-1.652354762582039019e-25
-1.958013236994322711e-25
-2.029864366786759835e-25
-1.868192295077169499e-25
-1.887258877461858828e-25
-1.912827854937213116e-25
-2.053769147065188027e-25
-1.885916990141766573e-25
-1.901166771844302784e-25
-1.779247452248800442e-25
-1.849314818792153234e-25
-1.903974777843487763e-25
-1.849745776668431771e-25
-1.768425904337655742e-25
-1.903887141233239924e-25
-1.922244417553242547e-25
-1.907135002289806540e-25
-1.947395900464311497e-25
-1.965189609354955904e-25
-1.913110782206205998e-25
-1.919123482729546704e-25
-1.911730772533949303e-25
-1.983659282213709329e-25
-1.977831186796675183e-25
-1.861899761327808806e-25
-1.899090570853700386e-25
-1.767220669074346443e-25
-1.834743395818512635e-25
-1.890661347006315550e-25
-1.767318381671450230e-25
-1.852525471203686713e-25
-1.878804520896876671e-25
-1.823827474282514145e-25
-1.850917751414145312e-25
-1.842058694387681101e-25
-1.915111665047149006e-25
-1.940663854574487263e-25
-1.932889002694601182e-25
-1.811739607830724405e-25
-1.795907892583779418e-25
-1.888853976935861257e-25
-2.030733269414436644e-25
-1.945981453962162518e-25
-1.939852784996700874e-25
-1.760711090764898198e-25
-1.745306934723297179e-25
-1.693257218339375630e-25
-1.947319247126335373e-25
-1.936822048571977997e-25
-1.790146748192414243e-25
-1.846850457345264245e-25
-1.902714926108155826e-25
-1.991326429889554321e-25
-1.878227199146651493e-25
-1.640754451616999686e-25
-1.959180018884028153e-25
-1.889062583187440687e-25
-1.856204340124593520e-25
-1.858410465578949814e-25
-1.921503654003405162e-25
-1.796435249949180514e-25
-1.787342309558964144e-25
-1.847597228324841563e-25
-1.695409756594486840e-25
-1.742402667354171009e-25
-1.839204685649585572e-25
-2.082693392935918172e-25
-1.958605565504392810e-25
-1.901684714033014308e-25
-1.842406501738438884e-25
-1.936986052615250052e-25
-1.835537599073569405e-25
-1.794777589992357910e-25
-1.915477065804614547e-25
-1.825548866482203031e-25
-1.781150579864053806e-25
-1.630761886348748429e-25
-1.753238350801270818e-25
-1.881729797656139770e-25
-1.843906358615330966e-25
-1.901604968039591729e-25
-1.852641319147497595e-25
-1.915702405587905702e-25
-1.849349047178793848e-25
-1.970726635043636434e-25
-2.035034506030121317e-25
-1.897583581462525683e-25
-1.888571842782536515e-25
-1.756836953275401823e-25
-2.126054738549407956e-25
-1.963438241177945225e-25
-1.876929027356694943e-25
-1.834951993120525289e-25
-1.925681659865991136e-25
-1.857735797861654011e-25
-2.006771234773856286e-25
-1.969605356492552655e-25
-1.797807189450962166e-25
-1.898437837671069380e-25
-1.780005705736084923e-25
-1.780740737390153310e-25
-1.797143120375485305e-25
-1.972658381618647700e-25
-1.938445009015044437e-25
-1.862893099591539655e-25
-1.963004350985806672e-25
-1.769667394977938090e-25
-1.961278950653914327e-25
-1.934899621867220807e-25
-1.847245076821427788e-25
-1.920210751066855117e-25
-1.931618687697651773e-25
-2.007824578667276095e-25
-1.822920488768721378e-25
-1.954339500103792540e-25
-2.088400644540021196e-25
-1.840317457757037502e-25
-1.880077709789307552e-25
-2.003039012310988925e-25
-1.823949462651149362e-25
-1.878416985831848929e-25
-1.929071652326445362e-25
-1.999721507349100016e-25
-1.876076493548777232e-25
-2.025040421714593725e-25
-1.842552541519013644e-25
-1.804970325724135053e-25
-1.901675948359102615e-25
-1.943917227629776495e-25
-1.967927122815474518e-25
-1.832195570001539321e-25
-1.907219427242399348e-25
-2.007391706192396270e-25
-1.795577539777170679e-25
-1.940871014961091244e-25
-1.903196509433990751e-25
-1.908352059685780188e-25
-1.918786196165371630e-25
-1.990745891714828246e-25
-1.734806640656672668e-25
-1.939478410621222917e-25
-1.866485057844899627e-25
-2.013072843864329474e-25
-1.874205831766265940e-25
-2.017155247671473305e-25
-1.889067268551400711e-25
-1.900302996487856234e-25
-1.880594303389581481e-25
-1.991245170402101712e-25
-1.919176371033364710e-25
-1.830372054105190599e-25
-1.899335187801173588e-25
-1.903440292981130080e-25
-1.890829210175572696e-25
-1.908011302586545378e-25
-2.028399945023144175e-25
-1.895074330509579153e-25
-1.876383239230266893e-25
-1.962641467380087462e-25
-1.930639969618565576e-25
-1.866684442814625092e-25
-1.796009508043531378e-25
-1.941753537930969950e-25
-1.889736196141540723e-25
-1.836193736977391774e-25
-1.930987161071738005e-25
-1.956468165150069934e-25
-1.972005175514384811e-25
-1.945634774650098806e-25
-1.837681355141525530e-25
-1.829682268176697908e-25
-2.027924945464360998e-25
-1.886332015382759344e-25
-2.002424270898390135e-25
-1.917632205789625917e-25
-1.859268974956017527e-25
-1.861770015210337915e-25
-2.027711091085915995e-25
-2.011788832503451623e-25
-1.811463654624693158e-25
-1.907292571353064649e-25
-1.756122512134111910e-25
-1.853749246937048023e-25
-1.940159608323782631e-25
-1.902454976593625592e-25
-1.854274054755561852e-25
-1.879000857927787994e-25
-1.830530401605954677e-25
-1.945291799953938674e-25
-1.888097841571628037e-25
-2.081011881999392572e-25
-1.923198521771958467e-25
-1.915294900776722030e-25
-1.873507411787711594e-25
-1.984946336267563090e-25
-1.797386727615746038e-25
-1.926079074148509442e-25
-2.018285040062163141e-25
-1.830960518203522453e-25
-1.733644162906602750e-25
-1.846224810916693723e-25
-1.916393262365545585e-25
-1.766775583374834981e-25
-1.812517445633949767e-25
-1.957085858787984697e-25
-1.896147330512027961e-25
-1.857703157709858576e-25
-1.817837750772826462e-25
-1.835318406187150861e-25
-1.754546162414657071e-25
-1.912178936522951527e-25
-1.900099016823067280e-25
-1.930461432423590537e-25
-1.802922616807178665e-25
-1.790022574871799588e-25
-1.867388169279613763e-25
-1.719850731499589963e-25
-1.729166626075636037e-25
-1.865823145426771503e-25
-1.941587784139376982e-25
-1.882954555291458824e-25
-1.872263422381472048e-25
-1.840843330164887819e-25
-2.011206913671507412e-25
-1.904483162411771874e-25
-1.807529853313537787e-25
-1.880541643477069789e-25
-1.831009505566230888e-25
-1.853007145044528742e-25
-1.804271867096329755e-25
-1.747943539357472906e-25
-1.891463008334626980e-25
-1.795880552848353514e-25
-1.885495041481634136e-25
-1.852396699846590341e-25
-1.692416594424466039e-25
-1.898813835671620738e-25
-1.864449195764571180e-25
-1.745341832167662735e-25
-1.695383508734886058e-25
-1.778585950942283923e-25
-1.735245312935605342e-25
-1.778412144808967200e-25
-1.976428518010472307e-25
-1.710302242984267492e-25
-1.824378948352021085e-25
-1.709626640857468260e-25
-1.792419056749090873e-25
-1.797379954466993608e-25
-1.810597181960661038e-25
-1.901005526028323355e-25
-1.806529221005977142e-25
-1.733534743579042838e-25
-1.879961102676082705e-25
-1.797601709915841461e-25
-1.800432972380258302e-25
-1.813986080407209641e-25
-1.757924467118063370e-25
-1.736427130626763016e-25
-1.757639477969527794e-25
-1.844118472409444630e-25
-1.835179154017714021e-25
-1.786930137913200807e-25
-1.889378577171833008e-25
-1.914685161124964200e-25
-1.795502067183126594e-25
-1.791993684741919723e-25
-1.908938111690976241e-25
-1.811109274141678823e-25
-1.831162732430765429e-25
-1.693827268808867615e-25
-1.704115089764598916e-25
-1.727324829011832617e-25
-1.681283917815618567e-25
-1.891470454338265641e-25
-1.570169390290923739e-25
-1.747575171742228171e-25
-1.742420802618719084e-25
-1.728116731487772913e-25
-1.749322436152744190e-25
-1.846936248511774723e-25
-1.750435657767758931e-25
-1.779827458439524441e-25
-1.773733042372216765e-25
-1.733182804591694300e-25
-1.769824706496088754e-25
-1.678414247444408866e-25
-1.731126786485639981e-25
-1.681230606116629081e-25
-1.794272696653188119e-25
-1.650037986725175887e-25
-1.716284625420695303e-25
-1.706381810490571604e-25
-1.859425653123448832e-25
-1.731198203153786119e-25
-1.790698979276167275e-25
-1.690316749840227337e-25
-1.799679412714505268e-25
-1.718594941572354041e-25
-1.700950338384961813e-25
-1.748548819683742431e-25
-1.711318436214034470e-25
-1.721706348914714700e-25
-1.776993912445238164e-25
-1.685164738430064459e-25
-1.732132979059365142e-25
-1.735271810670551802e-25
-1.731566769554870013e-25
-1.707505491170190317e-25
-1.650212519695589843e-25
-1.662571984288221321e-25
-1.805513383779094122e-25
-1.653466867929213466e-25
-1.650879765646734010e-25
-1.619881449278454598e-25
-1.670138263537207176e-25
-1.696456176494830948e-25
-1.661982545542209270e-25
-1.756259626659729074e-25
-1.650388414450185343e-25
-1.664973161126451415e-25
-1.628744371528670413e-25
-1.751693747311649350e-25
-1.709941187374289143e-25
-1.641223998369978499e-25
-1.589980680703184962e-25
-1.747613345676839702e-25
-1.627656164718086668e-25
-1.693962695888971810e-25
-1.529889884715563410e-25
-1.509324350185375245e-25
-1.562049108325054928e-25
-1.775085749384288385e-25
-1.645403597344224392e-25
-1.705894909911852479e-25
-1.610271397597740266e-25
-1.575963967963188481e-25
-1.702873281339687179e-25
-1.653701360074065017e-25
-1.559496157917044367e-25
-1.692258885335171080e-25
-1.693852887990706883e-25
-1.592833406492425406e-25
-1.655828189499746881e-25
-1.645472585765836789e-25
-1.569071701543927637e-25
-1.489168209247406862e-25
-1.610831882457016113e-25
-1.624731088403167249e-25
-1.524287803506595657e-25
-1.612934202134823923e-25
-1.595867488110599276e-25
-1.596046306478885496e-25
-1.558490926489373915e-25
-1.676021049265506854e-25
-1.580882899556609950e-25
-1.672330465896786574e-25
-1.589552108523189528e-25
-1.431288229012584008e-25
-1.515077540352246957e-25
-1.644710574808900595e-25
-1.628533136431774268e-25
-1.601712987555487399e-25
-1.486088537565469184e-25
-1.504783532028008277e-25
-1.490224738031647666e-25
-1.463701715367627754e-25
-1.578141668654066066e-25
-1.606982907200073446e-25
-1.557691344384238443e-25
-1.520456209682688349e-25
-1.576573988286663951e-25
-1.592448314470009663e-25
-1.429012168109182187e-25
-1.507751620704080923e-25
-1.618122383634678492e-25
-1.661872960831668233e-25
-1.493754206773564623e-25
-1.508808755052552487e-25
-1.429111750429054443e-25
-1.396453957064534543e-25
-1.521198064407357198e-25
-1.504758809024648601e-25
-1.440530271396792990e-25
-1.395253402153016947e-25
-1.542158717405025171e-25
-1.447458665552728605e-25
-1.501891880951704924e-25
-1.466228767839232798e-25
-1.472363699142913959e-25
-1.537015685533349581e-25
-1.587448212786048279e-25
-1.485197868021203992e-25
-1.480074455576865883e-25
-1.431741469515334091e-25
-1.390190838023260690e-25
-1.479783748373282478e-25
-1.464154364167258941e-25
-1.484100233604252951e-25
-1.443611913848767566e-25
-1.507412750309210279e-25
-1.517027096025182428e-25
-1.486067201753397670e-25
-1.432953280245702637e-25
-1.496572529990664237e-25
-1.509928289855749786e-25
-1.469482297097077782e-25
-1.486298221677210997e-25
-1.470430563054279610e-25
-1.464343780698901857e-25
-1.487202748957112075e-25
-1.462812621498386031e-25
-1.477933778960933209e-25
-1.464866962214879772e-25
-1.404829493763797659e-25
-1.411671350483211114e-25
-1.455189213813750830e-25
-1.368791755878025424e-25
-1.392880207708683271e-25
-1.445758988475977508e-25
-1.411445219904215735e-25
-1.429228090178424572e-25
-1.412896828989434752e-25
-1.438355796544868824e-25
-1.406865068722760017e-25
-1.481256203174560222e-25
-1.456270015306578531e-25
-1.373178420119714419e-25
-1.440836839362647544e-25
-1.436586928546353584e-25
-1.359467829950317105e-25
-1.470329506288451239e-25
-1.432068646199554116e-25
-1.342667722214578713e-25
-1.429647851353174646e-25
-1.410683839268552742e-25
-1.394967080723170662e-25
-1.382029284915761223e-25
-1.389126460432928681e-25
-1.444146721909219741e-25
-1.532086721218729124e-25
-1.384771583117905220e-25
-1.386655973816918794e-25
-1.335412965904747023e-25
-1.376848609366713778e-25
-1.385237653439600883e-25
-1.375860276595919730e-25
-1.362133783076622204e-25
-1.326250940342473128e-25
-1.419796918662355291e-25
-1.389077572266913658e-25
-1.294397327597779886e-25
-1.346965552254385530e-25
-1.371568000174958812e-25
-1.357251248978414026e-25
-1.375494375412722574e-25
-1.337267630829400726e-25
-1.342565651928233969e-25
-1.343399570291674074e-25
-1.345798518491542501e-25
-1.278250840835463807e-25
-1.316438899067618841e-25
-1.369963133746356356e-25
-1.341868235111444985e-25
-1.420792526649919066e-25
-1.310952002976866447e-25
-1.352149274730300764e-25
-1.395298165757268988e-25
-1.323265418506955790e-25
-1.410506018870499654e-25
-1.327284431024936737e-25
-1.265528806706633019e-25
-1.400670267261092810e-25
-1.387012092513364683e-25
-1.405040247860138580e-25
-1.354627160016566702e-25
-1.320715956023582610e-25
-1.371901631740532776e-25
-1.342217344342914621e-25
-1.344470651639133034e-25
-1.333766789902554236e-25
-1.344345511875560310e-25
-1.238037514461533183e-25
-1.340215034817206191e-25
-1.302917220827352984e-25
-1.320444144680640372e-25
-1.316583344906936580e-25
-1.262578925350192445e-25
-1.316502182953443608e-25
-1.217510972565406773e-25
-1.238315034931210651e-25
-1.238167137142881545e-25
-1.269241421611567415e-25
-1.285085221869263982e-25
-1.247390777251061911e-25
-1.234808492162806828e-25
-1.236281909158672435e-25
-1.307043246476135740e-25
-1.247195278191233532e-25
-1.344689746111577839e-25
-1.232896171000253978e-25
-1.213163353383624992e-25
-1.209325615573236612e-25
-1.293715947512633260e-25
-1.338139660139388379e-25
-1.272908479488502927e-25
-1.295660306912776687e-25
-1.230116055587340874e-25
-1.248616087650312768e-25
-1.245277856672966128e-25
-1.277071831713950967e-25
-1.183355543038755410e-25
-1.205896966851708054e-25
-1.224951122881162853e-25
-1.272226949040283402e-25
-1.192891968101085232e-25
-1.250564830669572781e-25
-1.225175964318989925e-25
-1.228950047801101307e-25
-1.182055685173324787e-25
-1.191473457128121914e-25
-1.216493204161955022e-25
-1.142713291871790773e-25
-1.241148531594353174e-25
-1.196292948547601147e-25
-1.205067963989049956e-25
-1.258630190428058951e-25
-1.134525907913596116e-25
-1.254169355034984933e-25
-1.190828416683551818e-25
-1.205811267620763201e-25
-1.249814600570073435e-25
-1.159552422590597511e-25
-1.197368523940704446e-25
-1.187477306527481078e-25
-1.151743179122837282e-25
-1.178962316521216740e-25
-1.173475851932670011e-25
-1.131854700261690591e-25
-1.134658559917998252e-25
-1.175473439318572556e-25
-1.125396888793765854e-25
-1.078085126667102768e-25
-1.084833948559996016e-25
-1.099293808078169804e-25
-1.168754044311013578e-25
-1.098800913517864327e-25
-1.135189356033860501e-25
-1.044214210825902103e-25
-1.112778757003926724e-25
-1.138777025128381125e-25
-1.172458122961591585e-25
-1.160187117867219588e-25
-1.155346295600298748e-25
-1.148117391430303271e-25
-1.111538298347952656e-25
-1.085056901863625934e-25
-1.129857729507540794e-25
-1.060881299923759529e-25
-1.140440271314345979e-25
-1.142965336252946830e-25
-1.088217219980213522e-25
-1.107863325006638674e-25
-1.125981173366761349e-25
-1.096842055853553555e-25
-1.111220420397094704e-25
-1.044012931969167299e-25
-1.052820514130859248e-25
-1.097505092734682187e-25
-1.033944602463071795e-25
-1.077785400846125768e-25
-1.044979678579574132e-25
-1.072876621304830825e-25
-1.030018594562070554e-25
-1.052719390058844415e-25
-1.092826109561219690e-25
-1.040209192060082761e-25
-1.011222320923242237e-25
-1.096340552773423360e-25
-1.064291795677937664e-25
-1.134414497601833632e-25
-9.538702489665807934e-26
-1.020254794232689124e-25
-1.086670545179669490e-25
-1.004088316378080344e-25
-1.099829488758899440e-25
-1.053197053615008647e-25
-9.616363634638912846e-26
-1.057113965129287461e-25
-9.546529585469907474e-26
-1.068294495735122746e-25
-9.851692234666416035e-26
-9.463374017829433484e-26
-1.013265821479670844e-25
-1.103196185434967412e-25
-9.813201657026119837e-26
-1.022425334638589701e-25
-1.055414004293546967e-25
-1.017790004516897523e-25
-1.020238408112649659e-25
-9.736062558780111770e-26
-9.616777599366915149e-26
-1.006713818586569668e-25
-1.104103705146139139e-25
-9.753200300938862779e-26
-9.634562439763516992e-26
-9.940896884749104753e-26
-9.695322178772183687e-26
-9.909912241533409732e-26
-1.043475825009791764e-25
-9.942149184324888548e-26
-9.932027191253459768e-26
-9.543102480976382132e-26
-9.693529444709913346e-26
-9.826371518226002802e-26
-8.991338315129780993e-26
-9.558479589936528467e-26
-9.332027045246772928e-26
-9.387737016644206290e-26
-9.724766447950468936e-26
-9.773414290392504228e-26
-9.721311709042581127e-26
-9.621687197796653634e-26
-9.152484835371313844e-26
-9.472803140973910958e-26
-9.416619930286351588e-26
-1.001438049463266588e-25
-9.254877677641729779e-26
-9.498011092756023350e-26
-9.542438160350481750e-26
-9.766907676219123338e-26
-8.952214327767375978e-26
-9.063432952035767138e-26
-8.709108612576357182e-26
-9.459727914540492023e-26
-9.180838087508111389e-26
-8.979855539140074078e-26
-8.880563144122909811e-26
-9.015193338220394880e-26
-9.681671306042086440e-26
-9.331654483354579862e-26
-9.277397811494687884e-26
-8.728391841106528951e-26
-8.743620068053795269e-26
-8.712180664538254222e-26
-8.482097215893827214e-26
-8.927282166961016649e-26
-8.284591251557316079e-26
-9.336376210943992560e-26
-9.046286854421114419e-26
-8.688399437190082862e-26
-8.415874238228547719e-26
-8.446858421622969868e-26
-8.700465342761963669e-26
-9.924806708185982651e-26
-8.652411207180975674e-26
-8.151411087649780906e-26
-8.365090259849366094e-26
-8.905374758502559295e-26
-8.795210342958966597e-26
-8.481652595803641075e-26
-8.361599883552006817e-26
-8.147906472939161854e-26
-8.900426787789036196e-26
-8.483941706922765057e-26
-8.910721016269619010e-26
-8.896057396598502335e-26
-8.560768708504968463e-26
-8.171893726817514723e-26
-8.819911702995247986e-26
-8.298386718781266547e-26
-8.730039164797035855e-26
-7.902241183582801275e-26
-8.132599040371033916e-26
-8.138151788083287939e-26
-8.131383904753413681e-26
-7.557880180147112422e-26
-8.179361771507603760e-26
-7.973963557560154103e-26
-8.458575611052147264e-26
-8.187810101146012192e-26
-8.532580372475324320e-26
-8.636108222312462275e-26
-8.211486305964487032e-26
-8.671587937998902039e-26
-7.627637705367535822e-26
-7.612702234593748611e-26
-8.094210732552611970e-26
-7.820361647416409781e-26
-7.887385135464732452e-26
-7.566218243161654221e-26
-8.003609707633251094e-26
-7.902713492924047701e-26
-7.463439105518700815e-26
-8.437358605223087248e-26
-8.491282581428879378e-26
-8.120496820255413801e-26
-8.076233885502007241e-26
-7.917113540966602292e-26
