0.000000000000000000e+00
0.000000000000000000e+00
3.438735131379604079e-14
3.084488451707149783e-14
1.974890125192669028e-14
1.092090709201277380e-15
2.556664733019738987e-15
1.041923962386112007e-16
7.087880585827583134e-17
3.226378494924785420e-16
-2.708490851943868472e-17
1.745624363198685729e-16
8.578648388785896692e-17
3.134626358746896751e-17
-2.079898790676878641e-17
7.607777522207304887e-17
3.455880135014727970e-17
2.674735729513578253e-17
3.328223950017474035e-17
2.743210533963691029e-17
2.228377025444577306e-17
2.085307698031511863e-17
1.763839571702750025e-17
1.875423181958935189e-17
1.132536105632056294e-17
7.201163201890804326e-18
6.487719015434418489e-18
6.197926516368617393e-18
-1.319449382585623346e-19
7.412028653902583605e-18
4.402443636227182662e-18
4.045501492354195060e-18
3.567015917720590647e-18
1.804920164173642637e-18
1.498321678901289463e-18
8.091821925199864039e-19
2.829407583811847734e-18
1.546638422964880880e-18
5.132411491039960014e-19
1.739982347169498714e-18
9.820493420206204395e-19
1.082636449881992305e-18
3.363310450199270203e-19
6.944373147011881110e-19
1.110821447643657627e-18
1.419204088292849577e-18
9.112720708063977415e-19
2.074936647306468211e-19
5.218159640131490543e-19
6.185205635180847963e-19
4.284329823823992931e-19
6.520322091438548986e-19
5.989190120056878044e-19
3.788816906397312547e-19
5.902803931475602347e-19
1.863307791088165382e-19
2.444630450282832056e-19
3.060212203098871618e-19
2.066006863455929439e-19
2.043585489270647653e-19
1.425453545424197905e-19
2.829701926330327554e-19
2.242885290024823149e-19
9.635593610319512440e-20
1.487149417424096441e-19
2.048673950443231537e-19
2.107545453584321568e-19
2.659980312342014216e-19
1.706701177921264678e-19
2.144673992044701693e-19
2.275038656809314979e-19
1.418711011447785350e-19
1.260626697943262273e-19
9.226244900185458651e-20
1.558308920866761396e-19
1.127653375902282352e-19
7.950413205413147260e-20
1.182236867634134953e-19
1.025778950234677280e-19
9.719509292749754100e-20
1.145932499929710517e-19
5.479567996526343476e-20
7.798061990272185146e-20
5.656223368408426951e-20
4.146807013608464779e-20
6.186065301849854549e-20
5.641591879441267550e-20
5.347146023994635631e-20
5.227458796180730015e-20
3.446317292797875246e-20
2.775481103898342155e-20
4.357336646638550900e-20
3.109908446743998269e-20
4.732758484000855206e-20
3.797787599338797428e-20
3.349739048325755922e-20
4.770448547092286613e-20
3.528405011484270236e-20
2.458906021963404430e-20
5.018928618468925387e-20
2.110790823306792285e-20
3.347956130653416227e-20
2.252819433781078819e-20
1.929426342518669747e-20
2.548775571153712270e-20
1.366475054425146410e-20
1.606705085527589776e-20
1.785408830222471706e-20
2.007548623162511124e-20
1.635932779022422857e-20
3.098455618140233500e-20
1.537527649662701050e-20
1.947720808128470558e-20
1.574440686199242226e-20
1.343273854758094099e-20
2.017348428586926351e-20
2.049496673289042434e-20
1.428348608870733350e-20
1.755010865450166895e-20
2.197732585854659199e-20
1.909506704642479546e-20
9.986451118525941069e-21
5.353837125395343678e-21
1.176235727109679109e-20
1.030898378793896151e-20
1.434913642726843039e-20
9.953902093812845289e-21
1.066740030345386623e-20
1.261448381728168419e-20
1.008283651630414508e-20
1.043526310466867375e-20
9.013311748682568592e-21
6.669236634017512779e-21
8.530478120950773625e-21
7.153312666318212283e-21
7.654622734436292936e-21
5.178484533136707892e-21
5.508848693873817500e-21
6.457521091006615608e-21
8.182135027466085186e-21
5.889577006935206418e-21
1.049881266641373837e-20
5.518112222386250696e-21
5.609929063667833472e-21
6.658446238557228746e-21
4.397356729283212926e-21
5.202850194467077334e-21
5.536014280579858325e-21
6.198691069450069014e-21
6.137146140238604875e-21
5.822413671053268097e-21
6.171256206023989924e-21
2.649918367530041384e-21
4.575685783845361757e-21
3.625215692871444270e-21
4.448943337336002133e-21
3.945375278443495557e-21
3.600294587846239750e-21
3.097689247881563042e-21
2.416703374501910909e-21
4.514224148820168215e-21
2.708251822618429095e-21
3.911125335217843981e-21
4.203923440109768952e-21
3.949207396042383556e-21
3.656229446204555354e-21
4.084336379561533795e-21
3.701838832196711251e-21
1.846805446974050596e-21
2.719246939331934109e-21
2.678039415972938754e-21
2.261879530123039843e-21
3.638167645134607225e-21
2.048020833508233055e-21
3.092238568113153429e-21
1.183483327990796944e-21
2.085979689002136109e-21
2.274913708051414551e-21
4.259708239611335367e-22
2.326545603984188902e-21
2.504597154449575401e-21
2.128591309903893797e-21
1.237539641828732506e-21
2.075161818146424948e-21
1.702921909844077248e-21
2.842233030007495953e-21
1.793224243046563150e-21
1.463457627628468567e-21
2.365519088148433497e-21
1.233114556359233024e-21
1.684520173366820248e-21
1.904682245476561132e-21
1.829707204206527995e-21
1.449011484243235966e-21
1.893877325337592010e-21
1.923757029974688858e-21
9.724308038383070067e-22
1.884902583754307359e-21
1.658265830671727109e-21
1.190900420397362197e-21
1.344909576170306190e-21
1.284154797930543335e-21
1.629882933277053998e-21
9.548482250207529085e-22
5.941524723796534759e-22
1.150215051223708578e-21
1.470279589762486316e-21
1.099754745663938972e-21
1.341945022994384271e-21
9.752877279318321021e-22
9.689625591163415552e-22
8.313966588705788135e-22
1.013191066095485937e-21
7.647681089969485424e-22
1.141713973028653621e-21
1.113055607379776474e-21
9.599630801169072511e-22
9.660958792405267613e-22
7.921132832783040247e-22
5.648041229240071255e-22
8.962985390782365743e-22
6.557208263612006909e-22
4.402575284491937388e-22
9.724464784898563045e-22
8.678318693744123187e-22
5.139294336380575215e-22
7.824896109221196729e-22
5.318924900741156462e-22
5.663593123219979173e-22
8.537100063372570371e-22
7.943906802193683453e-22
7.950219222275608737e-22
6.563994793191501205e-22
6.311661399189480683e-22
6.522042865709557058e-22
6.344926202885282078e-22
5.135201888608285576e-22
5.736680189812456637e-22
6.479487536387235724e-22
6.768568354227408716e-22
7.867915718541442220e-22
6.504569747535937173e-22
5.527325879921295355e-22
5.627189670395482648e-22
4.894690155623953928e-22
5.978619751429760520e-22
5.525866028359409698e-22
5.003924188421966675e-22
4.720996420209747368e-22
5.883205313778721810e-22
6.633339264397091239e-22
5.215622490939623469e-22
2.415739922161169492e-22
5.096579884321822872e-22
3.761078906666708232e-22
2.720408712970335289e-22
2.772942687478100414e-22
5.036659159053653380e-22
3.451249046406402870e-22
5.041171449275883639e-22
4.029475764441181242e-22
2.970794399297468299e-22
5.582855639829635090e-22
4.704767744453633494e-22
2.436393797333368841e-22
3.389803095570337799e-22
3.703499676801112809e-22
2.825898091759162135e-22
2.366950145001133824e-22
2.800377624116805787e-22
4.368656005077293048e-22
3.814841951703466981e-22
2.061080258011601324e-22
2.230273393678395923e-22
2.077321906757252872e-22
2.918383640727821477e-22
2.570386741585602775e-22
3.795854444594491741e-22
4.087186614565374449e-22
3.044580038488595255e-22
2.867086073007254679e-22
3.849900785067952086e-22
2.419129883764893306e-22
2.834013988294725305e-22
3.471920866573721107e-22
4.128579241879156608e-22
3.159013117186160254e-22
3.299475955358169819e-22
2.711378960336804366e-22
3.499226592229919898e-22
1.906213342206026902e-22
3.169980847242469653e-22
2.170927118776181411e-22
3.865283799036360871e-22
2.964535296400059412e-22
2.627955024485075838e-22
1.964634853180145682e-22
2.918519869319464870e-22
2.284852911749378486e-22
2.708744177214077145e-22
1.814006385395229522e-22
2.953225791866308514e-22
2.281112443401020820e-22
2.686310740199405792e-22
2.111798948423322534e-22
2.031743584245287355e-22
2.349313950715518947e-22
1.253036163121391490e-22
1.450508899391536507e-22
1.928559274775126916e-22
2.185227594881507367e-22
2.049137162481761897e-22
1.900511762898699538e-22
2.474141867598296616e-22
2.482612723103727959e-22
2.122358495146358623e-22
2.338903104051179217e-22
1.466890693320940935e-22
1.761876547040857357e-22
2.035876064968243417e-22
1.140670836322203639e-22
1.875521938700135486e-22
7.322509576280838726e-23
1.601282249981739886e-22
1.489005642286672215e-22
1.571799975201765189e-22
1.862215659629375128e-22
1.728764831188016991e-22
1.686027773036286498e-22
1.017226767255134179e-22
1.471001887425363505e-22
1.350248542104367355e-22
1.468695114281590302e-22
2.095622446511059125e-22
1.632456892665151557e-22
1.910750287873729448e-22
1.279658300606001578e-22
1.789373979774000621e-22
1.513089685570277685e-22
1.863279010458314643e-22
1.778868292852189489e-22
1.102347242360527681e-22
1.190394109209081843e-22
1.621802820715943777e-22
1.765066924647501183e-22
1.700042325995458585e-22
1.485100522042151920e-22
1.105406229570212655e-22
1.452656781276475831e-22
1.511867419415731292e-22
1.471295387240201471e-22
1.366181475024714656e-22
1.870595256191985450e-22
1.144965686830778941e-22
1.343268179394153933e-22
1.475916868243564367e-22
1.188261318488913666e-22
1.038815854599278421e-22
1.424025525059304780e-22
1.273481329504391365e-22
1.014078695563866757e-22
1.144281621967141728e-22
9.759150883077158871e-23
1.597282719319509453e-22
1.347559867910295316e-22
1.273277154727811472e-22
1.016654967433861138e-22
9.704351651156053445e-23
1.277950560942115743e-22
9.525970507317506303e-23
1.211813109825446249e-22
1.097717955574918133e-22
8.704450132872073275e-23
1.168808537266084901e-22
8.605742705639709040e-23
9.068621443404521591e-23
1.195734232192468162e-22
1.159845668382151288e-22
1.066382881120226218e-22
1.150926767787457052e-22
7.207443985612153674e-23
1.235390370427089279e-22
1.034562274891442738e-22
1.110080795302165902e-22
1.021210536161131129e-22
1.020087790505592634e-22
8.366926588783521869e-23
1.033222874398769620e-22
9.068135881587338189e-23
6.918505134567333154e-23
1.102187980982725077e-22
8.067958502319598582e-23
9.634926601263305840e-23
9.743388863910848765e-23
1.034684164759835704e-22
6.251882443405284742e-23
8.288216371601270546e-23
8.055194084859731863e-23
9.307074551332683115e-23
7.909984707617833001e-23
8.452791583408110860e-23
6.149015926577458677e-23
6.300688170560076326e-23
7.105451169709642602e-23
6.553198848280863081e-23
6.679483053145346769e-23
5.439211592583883802e-23
8.507988430760432080e-23
6.465713884730798509e-23
7.956037470288365977e-23
7.099786768631991005e-23
4.919769607219901420e-23
7.312704342459200190e-23
6.352468281115709716e-23
5.874529104934593621e-23
9.330901898319546606e-23
6.302810583502977365e-23
4.304587687478462017e-23
7.101208006032621773e-23
6.155039535872121411e-23
4.651801118977084534e-23
6.322997774650213126e-23
7.543570201983008573e-23
7.447132847212242901e-23
4.879820976027796187e-23
4.012495089122320073e-23
6.752537868196902543e-23
6.205006554844356518e-23
4.070692680483975880e-23
4.203707716549139883e-23
5.388115357442969354e-23
5.506182575151996797e-23
6.710968305249390327e-23
3.751867526271413327e-23
6.058649163005553303e-23
5.305132986514745754e-23
4.719417944235538465e-23
4.828055262443560784e-23
5.675477710040950751e-23
5.762617244249535192e-23
5.859619063378279859e-23
4.159194572177764103e-23
4.931505629194657073e-23
2.851729863514307648e-23
6.366931456829244943e-23
4.429866628031591370e-23
4.686937358800644728e-23
3.405496654560405118e-23
3.656051302141650595e-23
5.684563305327423885e-23
2.145663195375199177e-23
5.173464256523406731e-23
3.638686009879741159e-23
4.352285594571043367e-23
6.003316497719150480e-23
5.301182020901054788e-23
3.090732344189787678e-23
4.555578892130589497e-23
2.460113353109049408e-23
4.100369041453301272e-23
3.775437892810035381e-23
3.175277233927641326e-23
3.460185106727219137e-23
5.625165204752650038e-23
3.897137093811781457e-23
3.198943207134363695e-23
2.753012220360457221e-23
3.790640768307673385e-23
4.895685137708425513e-23
3.490338283591439540e-23
3.136907067007180224e-23
4.260361091749969208e-23
3.815291771244565340e-23
4.634930881960934394e-23
3.021878110294666919e-23
4.349760105465811919e-23
2.900796979205325871e-23
3.138854284515096378e-23
4.245072370565458493e-23
2.886001054693134534e-23
2.896166221113626941e-23
4.705851448394247964e-23
2.682983979949313201e-23
3.118778246285513232e-23
2.432957236330875580e-23
3.415640000110951816e-23
1.743562847530660787e-23
2.742016030909458205e-23
2.356798268636712499e-23
2.195456561435953186e-23
3.019723173036143698e-23
2.951718380734944137e-23
2.690239431291745020e-23
3.111778555889436945e-23
2.315361444474498244e-23
1.619283132178107579e-23
1.720815039026470276e-23
3.852037770396611897e-23
2.174058716897174465e-23
2.735394349477083778e-23
1.600726165262758003e-23
3.585084660525770652e-23
2.125929908205897678e-23
2.318481784452553583e-23
2.105831836777383180e-23
1.434682309021911464e-23
2.657429647648082427e-23
3.337693398365137059e-23
1.965566283093389586e-23
2.479549770463369660e-23
2.481921755150683278e-23
3.035604748256967355e-23
2.202164401963864914e-23
1.418783102354863636e-23
1.973207830560516946e-23
1.319481653738411303e-23
1.947840924503660798e-23
2.263406499732356968e-23
1.586597196391448377e-23
1.871578215624707787e-23
3.067219529577622483e-23
2.288983706014393831e-23
1.444684831035650174e-23
1.740714426347083854e-23
1.532518278437664241e-23
2.632410028528660087e-23
1.926985261842044891e-23
1.068671661984105170e-23
1.103086996763674954e-23
2.289835073439627506e-23
1.015478566475841212e-23
1.758430855052198298e-23
1.870896066102299734e-23
2.276767938157103719e-23
1.411648791776236006e-23
1.534425734670092254e-23
1.861787095560290517e-23
1.514582181753233762e-23
1.610652323519004285e-23
1.839171237076686680e-23
1.623186700543636558e-23
1.824718940109549618e-23
1.639098263803492725e-23
1.641361111746584070e-23
1.372289973052885676e-23
2.242607998609935419e-23
1.912732926747728319e-23
1.894535095007888421e-23
1.927243358175552838e-23
1.178344652840263947e-23
2.241050417954880952e-23
1.430152848680042777e-23
1.900629538084832035e-23
1.527143647381919214e-23
1.562778200864856585e-23
1.272451615415268138e-23
1.298350861955971301e-23
1.961865905613105815e-23
1.277395164785779583e-23
1.967853465496184287e-23
1.745816383465492133e-23
1.128735240533100390e-23
1.218211461206193120e-23
1.711737048977150971e-23
1.116310538842476744e-23
1.575127256894620347e-23
1.314173929850501658e-23
7.422105728674858381e-24
1.497105657836039073e-23
1.307881731138165438e-23
1.225226849410502124e-23
1.106281821592384452e-23
1.068001951808168847e-23
1.496421227544671633e-23
1.422689368734886012e-23
1.689752725486786821e-23
1.262895795997686627e-23
8.262601579817829575e-24
1.725877738326673994e-23
8.517525221256567877e-24
8.550527918609941888e-24
1.266168754248571003e-23
1.313001554731642678e-23
1.256631385411167391e-23
1.550603186492527750e-23
1.502022135897788609e-23
7.050602950865026758e-24
1.287965055581256129e-23
1.174839896061066683e-23
1.377432438877038918e-23
1.076565632490991615e-23
9.557094936692403196e-24
1.310441552516393753e-23
1.003799675125026372e-23
1.572779601633100407e-23
7.678886886485393750e-24
1.113696320410448545e-23
6.750545402026191360e-24
8.386971278644716951e-24
1.219784660774080749e-23
1.460265424705924972e-23
1.333322910333806859e-23
8.125106660605305232e-24
1.076535107981882940e-23
1.040003300217545533e-23
7.300323032022153696e-24
1.324119902471690383e-23
8.706981714352477315e-24
8.275994381772064705e-24
8.266217455186334569e-24
8.867671906973687727e-24
1.270313000272539240e-23
8.153037630862886241e-24
1.055610609154040876e-23
1.100428737029722251e-23
1.059984340534808819e-23
1.566896244164357258e-23
1.364270755343357954e-23
1.670328698284465482e-23
9.744013131472440211e-24
9.001218008957498014e-24
7.722512192767037147e-24
1.397990461823237447e-23
1.228565747356890802e-23
6.974706379771151948e-24
1.173904914099169665e-23
9.760922152986406444e-24
8.478275631442873144e-24
1.103023920486186156e-23
9.831160163147642994e-24
1.073025754615485159e-23
8.297457521195309956e-24
6.958935952597899876e-24
1.086602003551356583e-23
5.617465733614410212e-24
1.409280174634783400e-23
7.471750139273129150e-24
9.985199169270948997e-24
1.032044965544621096e-23
1.056333825830011713e-23
9.786820360394511878e-24
7.219975325035691147e-24
5.873348796280161001e-24
1.237925104317801342e-23
1.061292537347883409e-23
6.494249263205438369e-24
7.475310085607543401e-24
1.059241419800555825e-23
9.049000430924852707e-24
1.107519905196016300e-23
1.085791451850326381e-23
7.979304243949771144e-24
9.518279406158879208e-24
9.822738243613477564e-24
7.349808549395451505e-24
8.761301197794223157e-24
6.496788080695635335e-24
1.126124144418361546e-23
8.077465457266038209e-24
7.612137498219551549e-24
6.594163056694699122e-24
4.760788312871349837e-24
7.036827160939564252e-24
9.167792501236872088e-24
9.597407381301877080e-24
4.005565833695870552e-24
4.062085779556682828e-24
4.832657020826264382e-24
6.686115451190685884e-24
5.311495866508144762e-24
6.597301059650842880e-24
7.062167181430384809e-24
6.766268564519745125e-24
7.775596706235855657e-24
6.692368493429649078e-24
4.332062742711841095e-24
9.222706714422472158e-24
8.725908590528502880e-24
5.911765452285765987e-24
3.137022100239842247e-24
5.020564107147138078e-24
3.128211325454598692e-24
5.792918149465150687e-24
4.396815296955246650e-24
5.879028330871633919e-24
3.673097003123763662e-24
5.999161109740049050e-24
5.329845594202232883e-24
4.342789972047798316e-24
6.301211169442058357e-24
3.455701535229357985e-24
4.197546503000927539e-24
6.917317692823117295e-24
6.069452519139822170e-24
3.784490889492193889e-24
7.262361498518749163e-24
6.456706802582694245e-24
9.119510824247622676e-24
6.680412361457837943e-24
4.624793615226163157e-24
5.564120954502976647e-24
4.829449228999509624e-24
5.666831290107899241e-24
3.981406644075881919e-24
5.872158849313968130e-24
5.564193595860258593e-24
4.545586393163803121e-24
5.746492648155744104e-24
5.735055498189406035e-24
5.784628381115422616e-24
2.584595284308052537e-24
3.829129198032787247e-24
3.158680134582215525e-24
5.042121901501944134e-24
2.178634963752695281e-24
3.877515647620364634e-24
4.349108866247541206e-24
4.817394437434334443e-25
5.346746143141492740e-24
6.242880029426493726e-24
5.576572692811867492e-24
5.732846903298043019e-24
5.032660646740181761e-24
2.345217305744579938e-24
3.931544340294913625e-24
3.666831361313161495e-24
2.785702809869418886e-24
5.825375258351925913e-24
2.945056184020970126e-24
3.388720035993029174e-24
4.830512729069428269e-24
5.546208369533036972e-24
5.543093090947880961e-24
4.313697412630646376e-24
5.684040510726783344e-24
3.667116009041167350e-24
3.454779646672782746e-24
5.854573705348674717e-24
4.143820484129674473e-24
4.257329032341408319e-24
3.084742189383751428e-24
4.038770211410791758e-24
4.534602980808601314e-24
6.301724490174073642e-24
4.488863215204106280e-24
1.719503620817537758e-24
3.995596485421882726e-24
3.271391160872567963e-24
4.612195606347112812e-24
2.645868734736518312e-24
4.056191247738100436e-24
3.503553281335680570e-24
3.464940356285220058e-24
6.439285791008246186e-24
4.445320268377903051e-24
3.764011763630170862e-24
3.301328740588923163e-24
4.586739560822633450e-24
5.145804410207348338e-24
5.418830908486441931e-24
4.195271865887697143e-24
3.767163997369664688e-24
5.112979839901304061e-24
2.153649277978732501e-24
2.791244809238375048e-24
3.455959574466036685e-24
4.925956003088039530e-24
4.319665659295307107e-24
3.923351131085287528e-24
3.670055007076979801e-24
5.503773990104718910e-24
2.555262722889350074e-24
2.835630687891313273e-24
5.705316636441422925e-24
3.373410760209604949e-24
2.847296686445491094e-24
4.715397873872656032e-24
4.624355779967821323e-24
2.475407016044972166e-24
3.225234575569026623e-24
3.416005028168468413e-24
2.705680448838500582e-24
4.594881059891510943e-24
2.390850724837409315e-24
2.593182051509061025e-24
3.512098303313994193e-24
2.483704792507712476e-24
1.818720249692757566e-24
3.587778191059399668e-24
3.564107796030735377e-24
2.652737477559104248e-24
4.208216645187690769e-24
3.006167170445762315e-24
2.489944950668494744e-24
3.473508224899394794e-24
1.579028725625981010e-24
1.148119918171736143e-24
1.996239860113305300e-24
3.724773859471673255e-24
3.200638834127450686e-24
2.165507129051863113e-24
3.024644454985642227e-24
3.583617851015667185e-24
2.330596451438428961e-24
3.039771405881748563e-24
2.534093120971412385e-24
2.830983589615625492e-24
3.593356758882343312e-24
2.730363304522387192e-24
2.772159016194684726e-24
2.165852777652267458e-24
2.789324623102477098e-24
-1.252118292501814078e-25
2.885964268203542837e-24
2.953909345331748740e-24
2.302557066991777375e-24
3.198348904951373454e-24
1.767486884440830735e-24
2.279736699010701270e-24
3.095480966481120903e-24
2.397284283321700090e-24
2.689393632083013849e-24
1.473614077272856290e-24
2.066928532684099293e-24
6.454906357050408455e-25
2.431035721679497999e-24
2.840983702870664503e-24
3.046207553984871849e-24
1.579275054116477625e-24
2.407286558059547570e-24
2.586873742342369779e-24
1.608322849131834315e-24
3.066171522086759661e-24
1.058645919132234004e-24
2.490755274167342659e-24
2.390923651057957178e-24
2.416932325129229024e-24
1.792585226744277400e-24
1.367208112845771220e-24
2.241203700973283559e-24
1.691067181736672223e-24
2.202177684376030793e-24
2.945344380353514842e-24
1.412805685473804505e-24
2.112957626690476006e-24
1.170856972718231169e-24
2.628214528384761056e-24
2.428364740969611049e-24
2.222275751770351534e-24
1.456548322096155142e-24
1.704317247775135790e-24
1.063902159959664071e-24
2.647993017906573665e-24
1.122831883392183679e-24
1.656540244595680496e-24
1.415149207654331111e-24
1.459238154545711035e-24
2.255779139332647568e-24
8.733303381161408033e-25
-1.606400475134195103e-25
1.153392955141287726e-24
1.320439883812417596e-25
1.093098188963603490e-24
9.837430118356271869e-25
1.466942080286639955e-24
1.236620143974729967e-24
1.103222030882418942e-24
1.275259817155554377e-24
1.572681750752992141e-24
1.871555450288000045e-25
1.809269467205534776e-24
1.555520399991110053e-24
7.349484506015107559e-25
3.486699682206155930e-25
1.693198587378576266e-24
1.856282883150254674e-24
2.005633017818924491e-24
1.377539674485335853e-24
1.346302915416473342e-24
1.823800345206631975e-24
5.516610797104997108e-25
1.040618136879620826e-24
9.712518980251707545e-25
1.129393774072992650e-24
2.170959134713307786e-24
1.802137168958758400e-24
1.885267992454472551e-24
3.768555170272391604e-25
2.109559938007028513e-24
5.775592989766067224e-25
5.857058672174289619e-25
1.744843913053584086e-24
9.778673219614934323e-25
1.715870965186081094e-24
1.524068407298351144e-25
1.236213421798882089e-24
1.372921531466316504e-24
2.264139027265272878e-25
1.276531733120437990e-24
1.580089092705838462e-24
6.144151158524974992e-25
1.861069812222786404e-24
-2.556336379346012846e-25
1.231710621175958544e-24
6.503046585689841902e-25
1.503471257541877156e-24
1.605760522841622570e-24
1.129606582975503531e-24
-2.869796021362892631e-25
1.129067511267332653e-24
2.151289806952063660e-24
3.468615382685403735e-25
9.835517989021158757e-25
1.322659483546859933e-24
7.259893761596072449e-25
1.511050737958499788e-24
3.323701423093455329e-25
-3.509336891946503665e-25
9.087945576995488841e-25
1.091548179071031548e-24
2.676637150094026220e-25
1.017733955859635346e-24
8.639882773382878616e-25
1.262264755260744501e-24
3.623267596642238583e-25
3.084715726892673674e-25
4.094033636037518813e-25
1.887936911030172680e-24
1.015676609229446800e-24
-1.073110617412235099e-25
1.597288804578685698e-24
8.790701908093158409e-25
-4.694711155461736262e-26
4.240906479070749815e-25
3.288631488254839296e-25
6.853548985636800903e-25
1.114375365548909600e-25
5.091305881840961189e-25
-1.885563288863625204e-25
6.546919201840313450e-25
9.312517931231511554e-25
3.892134453502638366e-25
4.398129551878564590e-25
-3.604088217473733740e-25
5.855686819518777687e-25
-6.586924065158068215e-26
8.418514859921211316e-25
1.298595058483464508e-24
9.969481754148706142e-26
7.143510607252251444e-26
-2.859601425572927520e-25
1.277951112264414375e-24
9.323133993551743599e-25
1.697936900808192628e-24
3.239144123615023902e-25
1.031564558246677249e-24
-2.346087155192967945e-25
7.220816223119924991e-27
-5.033737111604584673e-25
-7.163271691386999687e-25
6.567344410423310929e-25
9.999783284174818061e-25
9.010745313724599510e-27
1.394355036028271417e-24
-2.132957695491985448e-25
-1.519301098090981245e-25
-1.187115004875152227e-25
2.309654883799157786e-25
1.508761612847905660e-24
2.919756299138992285e-25
2.302173541382255020e-25
7.691927815563725844e-25
2.812669937319678453e-25
2.649535772721347568e-25
2.578762841550890999e-25
4.689332398780246523e-25
-5.108216965829979319e-25
5.769954866534660529e-25
3.748401097075001411e-25
4.508469167777955270e-25
2.777815942481919884e-25
2.342233220697485740e-25
2.956959964019536563e-25
1.295953409228586436e-25
1.207471390770101130e-25
1.522461248302213078e-25
-6.296621035620935793e-25
9.900989119696064175e-25
-2.026696783117399176e-25
-4.474970629482994534e-25
5.576105379962287935e-25
7.084368899327631310e-25
-2.992185992615332746e-25
3.835980423136406706e-25
6.619112652563079964e-25
4.818329563259659848e-25
-6.214004703308539605e-26
1.583092361617574498e-25
6.654907540780430778e-26
-4.537132768092328802e-26
-3.856475215489061526e-25
-3.155036793055992728e-25
7.572726834426452905e-26
1.555127192730960545e-25
3.515431315202693290e-25
2.176019215385453833e-25
1.154750349255918035e-25
4.605062843427605064e-25
9.933199613429424773e-26
-2.759763626152279245e-25
-1.886105994797812422e-25
-7.855388646577372378e-26
2.539388207764849438e-25
2.972282854704658869e-25
1.951740346189471596e-25
-8.560512118106770330e-25
5.205652553986050215e-25
-3.176672427700256459e-25
9.954185535327893539e-26
1.276535257938255359e-25
-5.283270392891724464e-25
3.799871233667303551e-26
-3.103004317167440299e-25
5.886534304807866586e-25
2.369013993501581288e-25
2.846309293352652508e-25
3.835849946003101953e-25
-1.631223944517992785e-25
1.891697954952685341e-25
-1.117820161220096923e-25
-1.248410015350942249e-25
-9.716795452576917624e-25
-1.195623213814497684e-25
1.022214569474383695e-24
5.756523206101246887e-25
3.978841451198008043e-25
-3.545542863464948796e-25
-7.368092811203536045e-25
4.630734213041440108e-26
-1.525799350575897542e-25
-2.932063595136892821e-25
-2.233804161993555824e-25
1.735445984055921640e-25
1.513520779767481532e-25
1.354910297475738663e-25
4.584268130920083151e-25
3.388002237573594579e-25
3.134753683610767122e-25
2.830389188838237813e-25
-8.720107785827707524e-27
1.750771279447134705e-25
1.407427221370708908e-25
-1.082320632681232921e-24
-2.474025796545196738e-25
4.680672291169100105e-26
1.552407417324270187e-25
4.748418147885123842e-25
2.350450257505183435e-25
6.669270648209459043e-25
-3.835644917874430056e-25
-4.973032227724138621e-26
2.851279474276890496e-25
4.364833367423968100e-25
-5.567537482920353905e-26
1.895347646468825257e-25
-4.058960078599144840e-26
6.425374070939001438e-25
3.425807307820700810e-25
-1.736783015631798993e-26
4.054109364976573145e-26
-5.476271751596199802e-25
-5.508319310221992236e-25
1.525796784868975155e-25
2.449049764056185047e-25
-3.877547370266332767e-26
4.612957277051015592e-25
-2.165586748359743717e-25
-1.486534725968756153e-26
-3.492035176887159857e-25
6.574798275100352809e-27
-4.573445140481677503e-26
-3.087750508678248360e-25
5.735777362640433205e-26
-9.453342478008185425e-27
6.503679281845539791e-26
2.507568179763316441e-26
-4.267661095569966107e-25
-1.131380992272486109e-25
-3.319464560766397554e-25
1.209071984876131181e-25
-6.289644366980469096e-26
1.952493198228017507e-25
-3.658875709538032511e-25
-4.580843284532101659e-26
4.848800083443758114e-26
-2.270724386395838953e-25
-5.267711027980075523e-25
1.295607549136624650e-25
-1.023808558233930900e-25
7.250822909209605255e-26
3.805933644299300941e-26
-9.418647225599666430e-26
-1.297109410353096304e-25
-4.823664392411836930e-26
-4.112322930898844539e-25
3.169595941858141632e-25
-8.293478535864382318e-25
-4.443625484974916019e-25
-5.493270810537001006e-25
-5.969195213426037391e-25
-9.352260647913045927e-26
-4.408715190431326727e-25
-6.142000865298840443e-25
-4.224124159150961447e-25
-2.911290625593871274e-25
1.467362078831199842e-25
1.614903876762437186e-25
9.249500047984333713e-26
4.011934264313937929e-26
-1.776878825230481183e-25
-3.632686179301042667e-26
-4.607513975598599918e-25
-4.173057588769414461e-25
-2.186432022419062931e-25
-1.929027637808171057e-25
-2.907144719415680110e-25
7.123153341089184907e-26
-5.269114390341682302e-25
-2.489975729007018018e-25
-2.900385101259382907e-25
-1.021762855561018858e-25
-2.163981287093598592e-25
-1.716704823845018988e-25
2.752141789873147824e-25
-1.916806582720484323e-25
-1.520115117597198640e-25
-3.379025277318680989e-25
-3.568328861142298130e-25
-4.356147629822429867e-26
3.401723533904038001e-25
-2.795941275675627466e-25
-4.517671344941926312e-25
1.800051774223117151e-25
-1.316296301346514256e-25
-4.287277410897897377e-25
-1.457907893156933054e-25
-3.781840777152107819e-25
4.356489385519286696e-26
-6.494307564165973401e-25
-1.248116413587885137e-25
-2.325587548681384859e-25
-5.592501294720515875e-25
-5.700704672700636978e-25
-4.384401146161176540e-25
-8.097449464676610074e-26
-1.038863880296012700e-24
-3.048338984562390435e-25
-4.609381368284750186e-25
-3.092476254210940313e-25
-4.240769583408762690e-25
-4.656397041586576039e-25
-4.689763988289244273e-25
2.952958438399113479e-26
-4.835683955085754498e-25
-6.480051875719499104e-25
-1.467567155694333412e-25
-3.868620360661368239e-25
-3.727066538414047604e-25
-8.341515987020230344e-26
-6.244536838047435624e-25
-3.136150395655036874e-25
-4.712014508062930960e-25
-3.396665915762933880e-25
1.156212230109562472e-25
-1.077231731124734663e-25
-3.826499222831627713e-25
-5.478027377349206943e-25
-4.317039527794690551e-25
-1.010586602904833085e-25
-3.212712949549340253e-25
-5.329136727545422191e-25
-4.861549994428088967e-25
-5.960016595594385647e-25
-6.474145962934396231e-25
-2.404578255461812896e-25
-1.714636579792614526e-25
-4.618472849120133618e-25
-4.887862355174276583e-25
-1.789897714070505032e-25
-1.476893615526489066e-25
-5.846164546180177922e-25
-7.809756342983315196e-26
-2.406814709319086887e-25
-3.998640377288003590e-25
-4.674488928499504324e-25
-2.359801278145236795e-25
-4.096112529988060108e-25
-6.022983605408456342e-25
-5.139277929004901310e-25
-3.703766787929590690e-25
-5.593885534162946535e-25
-6.108576313178777801e-25
-5.212413264525761562e-25
-4.867528683503049349e-25
-8.503430587009442111e-25
-3.948352471241527042e-25
-3.683509643533623140e-25
-4.957036479834093514e-25
-5.033032641835280343e-25
-7.361986868945940509e-25
-7.911765215780516045e-25
-3.600452581557630529e-25
-4.088275596527725588e-25
-7.179764171927571918e-25
-5.370441377434381127e-25
-4.032166917609542653e-25
-7.218895940709379139e-25
-6.268490133471853793e-25
-2.695290621894613204e-25
-3.184691260076525900e-25
-4.007020737586435360e-25
-6.813405424974399429e-25
-5.188812063473829345e-25
-6.890273698980412680e-25
-5.107335516232150720e-25
-5.669237557524387922e-25
-8.950081081772038051e-25
-5.523918883775932848e-25
-6.548147673252912937e-25
-6.660592364023111735e-25
-7.520293148868467872e-25
-9.435364352612478752e-25
-9.458937087510511822e-25
-5.543822950059056317e-25
-7.071725561561443217e-25
-8.778131372781222614e-25
-6.749298061153636526e-25
-6.517952883297631486e-25
-5.813874728232293864e-25
-1.043732554409866871e-24
-6.702582760276881660e-25
-7.005021213345531993e-25
-9.802766984074994900e-25
-3.348195086207738904e-25
-6.166812780492083782e-25
-7.373284805133866152e-25
-5.919358597606809798e-25
-3.996566764418986436e-25
-1.105458031169874975e-24
-9.328480005545349306e-25
-8.441691182615463956e-25
-4.944421216438189262e-25
-2.172238263611596685e-25
-8.365299564069693441e-25
-7.936188894028362115e-25
-9.651662542866556749e-25
-5.355236245753955769e-25
-9.244953691626641042e-25
-5.149929048644687020e-25
-9.976086228764137170e-25
-5.001385307725904241e-25
-4.062167650166037871e-25
-8.374676689310646626e-25
-8.824156820572839576e-25
-7.512536945399849434e-25
-5.605758901467637352e-25
-7.308826341927354161e-25
-8.140835901420860819e-25
-8.219940397382479726e-25
-8.489388271748267538e-25
-5.461359258430261476e-25
-9.083784028208890553e-25
-7.812883885286830715e-25
-5.803072611257471577e-25
-5.573783980290854083e-25
-6.172961113295112286e-25
-8.398423449592966310e-25
-8.876526466257451408e-25
-7.827541960936016910e-25
-8.851627189070860294e-25
-8.480122282271524512e-25
-7.661954595391807440e-25
-8.241055393414417657e-25
-1.116025313555109553e-24
-1.027856224069378953e-24
-8.850791547054178697e-25
-9.066206832153716160e-25
-8.516608060939328277e-25
-9.266654498793617899e-25
-1.073184488446961945e-24
-5.152803244525374325e-25
-7.487197613830164421e-25
-9.849590311973271067e-25
-3.897506563253438747e-25
-6.816598688024211570e-25
-8.142794297611669087e-25
-7.172258842604184379e-25
-6.957927344700427284e-25
-5.268304107893075070e-25
-8.500078291857111936e-25
-7.055667111662515474e-25
-5.144188600910598550e-25
-1.020971925579485865e-24
-4.782518702732510276e-25
-5.433845370858791008e-25
-7.660272733477436718e-25
-5.340924923024370172e-25
-6.708974090114449495e-25
-5.978128183560769290e-25
-8.272718304716497242e-25
-7.393060262084371070e-25
-7.715450556081193449e-25
-9.384776964783091852e-25
-1.086892716349397545e-24
-4.888407537479316806e-25
-8.423786377168525513e-25
-6.871412257580713215e-25
-5.363881834803788451e-25
-8.070458662564842215e-25
-7.781007859576068262e-25
-6.716288060572660907e-25
-1.031253596156060502e-24
-7.088648808546854646e-25
-8.921753553102890928e-25
-8.620536534621048596e-25
-9.493160258167241697e-25
-1.065378622351050946e-24
-9.547753877742468263e-25
-9.983894895711034437e-25
-6.759082758375971678e-25
-7.413916253555197214e-25
-7.671314800817139271e-25
-4.930772549892196637e-25
-9.708541380884434938e-25
-4.700605678998883948e-25
-7.540576131098312531e-25
-8.694106798908979884e-25
-5.928151280588747048e-25
-7.617102003163076698e-25
-5.849411968233386849e-25
-6.725198868262445461e-25
-9.503440043147883923e-25
-6.642352662279737985e-25
-1.011063975794539066e-24
-8.318433879961053901e-25
-5.740201466593541263e-25
-1.005974447155320343e-24
-6.622377045111749405e-25
-6.888643838990441331e-25
-9.225553541495332796e-25
-8.227218107855322893e-25
-8.139675095974816468e-25
-6.353220112103136559e-25
-6.295097259622451468e-25
-8.200089551861232622e-25
-8.516904659296978997e-25
-6.740673895574469990e-25
-9.668502895157820710e-25
-6.663059196432152362e-25
-9.083509922817316454e-25
-8.620780563403786457e-25
-7.892114791753337375e-25
-8.233327417186519847e-25
-7.530407110624628125e-25
-6.523951717246912979e-25
-7.351042572910224536e-25
-7.451271402163020296e-25
-7.305224726252691538e-25
-8.362186794640028209e-25
-7.912891850001448799e-25
-9.085306175934553395e-25
-7.911423381626658497e-25
-8.951835570703850561e-25
-8.954595406346901078e-25
-7.059507754937743087e-25
-7.105727705814129433e-25
-5.890470457903633147e-25
-1.007747155257210370e-24
-8.111327236134117867e-25
-9.008304682837056643e-25
-8.726372403374574976e-25
-9.061310442358914903e-25
-7.975626599133533839e-25
-9.039802517901869940e-25
-8.772655106962536843e-25
-7.458711147180976619e-25
-8.672180968909139296e-25
-8.736494253066689273e-25
-7.531290492270801453e-25
-7.451013174238521777e-25
-9.581556804045791119e-25
-7.355249683260700382e-25
-6.458540037303041033e-25
-6.438583824696211647e-25
-9.230467324863298543e-25
-6.491472913290696452e-25
-7.251284288628881710e-25
-7.452469976123753578e-25
-7.314224494415066039e-25
-9.724383527092535413e-25
-6.555127195890980786e-25
-8.242385599323969071e-25
-7.424719951046360765e-25
-9.592598748114003719e-25
-8.285131408402340444e-25
-5.782239318192037629e-25
-8.023234397817262383e-25
-8.912368246502223704e-25
-7.252722567251811061e-25
-7.675965051985481381e-25
-8.666160234173217735e-25
-8.059616870953913750e-25
-7.368071332885455106e-25
-8.557585518093522710e-25
-6.814124181506011603e-25
-5.821798810472350076e-25
-8.700960004355109274e-25
-9.492196112013896197e-25
-5.718653957264292382e-25
-8.347643974075857519e-25
-8.687923541857417445e-25
-7.327024334046748048e-25
-6.517351243425394684e-25
-7.974106235066297797e-25
-7.388252024178020720e-25
-6.992267631983201756e-25
-7.878353827587646156e-25
-7.440184581071247295e-25
-8.364220190816844398e-25
-7.374477386158252327e-25
-7.548035498714369644e-25
-7.785992390993842136e-25
-8.232258264677396177e-25
-7.081452502782856739e-25
-6.626518864586054979e-25
-6.447584573319478506e-25
-8.934205177123834377e-25
-6.632198326571030612e-25
-7.993002047460043561e-25
-9.544741839305302457e-25
-7.907679498391203493e-25
-7.820917052800396154e-25
-5.479157122337817775e-25
-8.319006715658861787e-25
-5.561930487798615739e-25
-6.115852206998336907e-25
-6.358854185502207590e-25
-7.697173991505624990e-25
-7.655826941080162931e-25
-6.575093728659520361e-25
-7.355229895244318969e-25
-7.894157097693019941e-25
-7.603535371097730329e-25
-1.063762260136129435e-24
-9.561677427477138521e-25
-8.610775172333380092e-25
-7.561650142220119222e-25
-7.370812528472499837e-25
-8.532962745694196949e-25
-8.922883579488020492e-25
-7.867400162508173493e-25
-8.160114380703044719e-25
-7.062208210521588039e-25
-8.226695185923538390e-25
-9.224537246383045286e-25
-8.789719677836335312e-25
-7.233755007468389218e-25
-8.316589002874625312e-25
-8.256485412089035157e-25
-8.214437614042451793e-25
-7.927945534551474035e-25
-9.209977348358400130e-25
-9.262389230574289791e-25
-8.241708372324580560e-25
-6.017212250183193216e-25
-4.689364522787152646e-25
-9.084085853770191935e-25
-6.320884561892832470e-25
-7.296213351816127975e-25
-7.809578656113508045e-25
-9.425038691085819004e-25
-6.858528142382383454e-25
-8.104673295255820364e-25
-5.175259734966055739e-25
-8.505595328459051658e-25
-7.240373634441645017e-25
-8.307055464481573311e-25
-9.251722682084494877e-25
-7.870575769756787570e-25
-8.835435094376600697e-25
-8.050116244793264948e-25
-9.077597771846236167e-25
-8.157361790620978040e-25
-7.316808923437042121e-25
-8.615798169905131660e-25
-8.635662434347292351e-25
-9.344281100744703653e-25
-8.865177335304842704e-25
-8.463273933373496889e-25
-7.424161294992315270e-25
-8.386662873668818265e-25
-6.038175145085840849e-25
-1.002805203577677800e-24
-9.152168196497027071e-25
-7.721125234887942232e-25
-8.014955235654979005e-25
-7.781310278164918943e-25
-9.079864256159847961e-25
-7.517335427829072876e-25
-9.714500908183066002e-25
-8.071945588839782899e-25
-8.811344929207045774e-25
-8.356223828615375023e-25
-1.001789961618220556e-24
-9.312653366701069569e-25
-8.502343457941850137e-25
-7.808032569481483894e-25
-9.559885924500732050e-25
-7.462040362681517896e-25
-8.684007463337278136e-25
-7.577614684027787275e-25
-8.416237328299371680e-25
-8.416967533515934463e-25
-8.188951502815238149e-25
-7.493335111753175893e-25
-8.940519328771465759e-25
-8.344822988829414286e-25
-9.601637963169651252e-25
-9.512805414047275664e-25
-9.288657419077657212e-25
-7.788705064135139245e-25
-1.047890122648460075e-24
-9.540386173964086758e-25
-8.136269717498284441e-25
-8.284134209430928666e-25
-8.268910573423633241e-25
-8.762210486351497680e-25
-8.041852553093986705e-25
-7.853309518765413923e-25
-9.044729123221673743e-25
-8.384234055309077114e-25
-9.177028123931883221e-25
-8.653248715032139072e-25
-8.235216378074028438e-25
-8.174697402832506709e-25
-9.565946460923307042e-25
-8.991395811966738108e-25
-1.125722021794501698e-24
-8.167861674334148298e-25
-1.101993855130983256e-24
-9.606859973856654791e-25
-8.096844079608828575e-25
-8.453307300834293859e-25
-8.787319818472201006e-25
-8.591480909663997317e-25
-9.867142411365976143e-25
-9.112621604626147117e-25
-7.931280345314178697e-25
-8.512904446123370700e-25
-1.062525651811685259e-24
-9.286030507676675957e-25
-1.055547386697694391e-24
-9.972548073560183472e-25
-9.791753113480365988e-25
-9.117415379735917580e-25
-9.616873553096902534e-25
-1.014372097704145817e-24
-9.374918240690281833e-25
-9.879822127994326600e-25
-8.709529040321262072e-25
-9.247712645574637199e-25
-9.069069293026990150e-25
-8.154972072592981463e-25
-8.807165910976871730e-25
-8.973899109269512935e-25
-9.734953660234633226e-25
-1.049392142583839402e-24
-1.002924186874889486e-24
-8.962442253491436659e-25
-8.167949539897453983e-25
-8.526172749146488079e-25
-9.160153840993697706e-25
-9.717408868904201922e-25
-7.624996434721018755e-25
-9.197355690119966818e-25
-9.853012799035355853e-25
-9.093373386761250612e-25
-9.173796251393761765e-25
-8.677961055838182941e-25
-9.370811219365530212e-25
-8.955107862275183913e-25
-9.857050281731540371e-25
-8.981447602033545637e-25
-9.938212717597268250e-25
-9.811830046066011656e-25
-8.600106760600836995e-25
-8.178802363567674209e-25
-8.853911935447852289e-25
-9.102370071487126496e-25
-8.721044371604110090e-25
-8.210858533077842098e-25
-8.330436455698993011e-25
-8.625208351468101417e-25
-9.259155852795525440e-25
-9.605864512279222532e-25
-8.706583890309478702e-25
-8.511876012808416022e-25
-8.224744278306001991e-25
-8.878611595382605220e-25
-9.543571441914462459e-25
-8.652122970859244556e-25
-8.366164635981687029e-25
-8.784887099792528105e-25
-8.839859020205667421e-25
-9.145660065222639974e-25
-8.702201391437757891e-25
-7.433791106567837189e-25
-8.365566131505041774e-25
-9.280741002679425919e-25
-9.436904249299310299e-25
-8.531349611153761632e-25
-9.844085285133949898e-25
-9.356044485099571007e-25
-9.122345564372421719e-25
-9.214960396849997309e-25
-9.558849017355020385e-25
-9.439521524736054575e-25
-8.519963855758026050e-25
-1.001741394209800184e-24
-8.425265186899678632e-25
-1.017261111060593764e-24
-9.659412114268834826e-25
-8.718678142402033693e-25
-1.079335803625996281e-24
-8.842821130559152734e-25
-9.676397921972010786e-25
-9.039376082120354806e-25
-9.024575636963674396e-25
-8.527811909702457600e-25
-8.537007021840243907e-25
-9.300914479389482559e-25
-1.046171076616618054e-24
-8.416502627560605440e-25
-8.750689853845196042e-25
-9.926043398331265848e-25
-8.592392391190017186e-25
-9.107596940386110965e-25
-9.284120320647445767e-25
-9.795131033909841441e-25
-9.296178997625223174e-25
-8.342529065551182135e-25
-9.343319215854182943e-25
-9.283012931656613774e-25
-1.063655937636868568e-24
-8.065046356771806610e-25
-8.445655272947050348e-25
-9.270119987043434740e-25
-9.504741484676935864e-25
-9.027089147508912542e-25
-9.094411542896391912e-25
-9.210849381944951485e-25
-8.067300777586197833e-25
-7.040704955073705787e-25
-8.656191880070937398e-25
-8.814373294969295371e-25
-9.933983809675599203e-25
-8.492961757453161263e-25
-7.905580331797478624e-25
-9.182031355983558450e-25
-8.113806158597881027e-25
-9.732330883049972756e-25
-8.786125806926594235e-25
-8.861698615905383172e-25
-7.811347051495018695e-25
-9.387543185062335197e-25
-8.262568609594217330e-25
-9.373240829154390028e-25
-1.002010983856611620e-24
-9.267823982940597182e-25
-9.400894320106367427e-25
-9.796318612161172832e-25
-7.498366583966548717e-25
-9.660619450769920199e-25
-7.727982973224227545e-25
-8.034607932277851870e-25
-9.103189044509115685e-25
-7.848361071143296409e-25
-9.575883944687667576e-25
-8.703940359591917302e-25
-8.904492217834065251e-25
-8.006404939106873378e-25
-8.496171997849604378e-25
-7.602232880966939804e-25
-7.681377897342743745e-25
-7.437950102753157465e-25
-8.267150166240509958e-25
-8.871710625530252127e-25
-9.185042922315733323e-25
-8.180065535194637121e-25
-7.961600015578015957e-25
-8.427699632584008922e-25
-9.283786559833879977e-25
-8.945390666183742357e-25
-7.446856801132608911e-25
-7.565396335956575172e-25
-8.793844927407941159e-25
-9.086833696076052581e-25
-9.360293921463694209e-25
-7.957388264575038847e-25
-8.008891690459567019e-25
-6.716894111583175736e-25
-9.146961278107334499e-25
-8.808052332299433844e-25
-8.270626278528081531e-25
-8.351354226744585174e-25
-8.362836826929131930e-25
-9.425560211182316855e-25
-8.436585745206223269e-25
-8.499767405717524062e-25
-8.303254845149708305e-25
-7.564907975380697212e-25
-8.158667678350240861e-25
-7.395711385642253962e-25
-8.192959447754762077e-25
-7.853728226329415773e-25
-8.246733800462126783e-25
-6.924122469605725299e-25
-8.766107766745207810e-25
-8.648179966555305733e-25
-8.368790190547193521e-25
-7.172766420895356729e-25
-7.211717732025533107e-25
-8.443182846916786858e-25
-7.078929106616632885e-25
-7.939068778304123201e-25
-6.477256919097364688e-25
-8.279288161594123957e-25
-8.744614090403548229e-25
-7.746555005496790234e-25
-8.247122343408445447e-25
-7.617655841823761068e-25
-8.023157658641927727e-25
-8.331304954303035914e-25
-8.266345665702480008e-25
-8.033017645672531918e-25
-8.071189644152329909e-25
-8.049381562615238595e-25
-7.779269004350176256e-25
-7.811592048480144749e-25
-7.488758719428451779e-25
-8.338214333084309250e-25
-6.875760073988702025e-25
-7.382463669401862097e-25
-7.269257611028987879e-25
-8.288752842416764606e-25
-7.872448466377739893e-25
-7.689663260480974225e-25
-7.621198538060553118e-25
-7.851954963594754821e-25
-8.437281554095093455e-25
-6.563129848198299400e-25
-8.202427507651689338e-25
-6.629475888802070922e-25
-8.156344074708963417e-25
-7.525104224197852140e-25
-7.888604656043042609e-25
-8.137011951087339489e-25
-6.771202360804598091e-25
-8.291756799237252009e-25
-7.436165438618766765e-25
-7.883379921986231672e-25
-7.682644956807177772e-25
-8.346029158442503176e-25
-7.853866968971792852e-25
-7.426774335137477724e-25
-7.860781668535442661e-25
-8.187994897347512523e-25
-7.767570313984324581e-25
-7.297115355347700921e-25
-7.887382649466393829e-25
-8.188061692350973666e-25
-7.442156631454280662e-25
-7.839455591091001285e-25
-7.424068949815054951e-25
-7.771644032370396432e-25
-7.148832887002581851e-25
-8.130942957742951000e-25
-8.665503892099254154e-25
-8.106575762903987281e-25
-8.066999729722330922e-25
-8.873943797949783295e-25
-7.878750602717535364e-25
-7.572421415226467707e-25
-7.855177207140495374e-25
-8.651000216016054968e-25
-7.338324322430774481e-25
-8.796415310139488834e-25
-7.902723381909288598e-25
-8.520767913560517753e-25
-7.321740361558133331e-25
-7.786802644796621821e-25
-8.479913598886884135e-25
-7.217779354585446683e-25
-7.849885708864330166e-25
-8.188908861527607724e-25
-7.903192494893811724e-25
-8.056474904193544644e-25
-7.603385139643413405e-25
-6.931655301740518761e-25
-6.281553223885569054e-25
-7.577646133419045657e-25
-7.662296299253400027e-25
-7.762600790857146871e-25
-7.374919863663016173e-25
-7.300065731315273313e-25
-7.415181399233336039e-25
-8.915119328026854261e-25
-8.444885295658228619e-25
-7.750150229437750033e-25
-7.365517862422986377e-25
-8.178756126054296185e-25
-8.549350295178813646e-25
-7.401989885336137822e-25
-7.357850518221672481e-25
-8.373654986185179791e-25
-8.026120664111229666e-25
-8.596275644639628097e-25
-8.007661176332864271e-25
-7.416485242024214170e-25
-7.872374959983063303e-25
-8.231527346552063114e-25
-7.870285523014961436e-25
-7.547741623850771483e-25
-7.007442252467966814e-25
-8.811401920383737074e-25
-7.679002413480269255e-25
-7.960567059365020597e-25
-8.560837378752802690e-25
-8.618550648191348927e-25
-8.259950144017846582e-25
-8.613335925644688042e-25
-8.626391139083934999e-25
-8.410288660608153755e-25
-7.585336667755416077e-25
-8.750565685533345366e-25
-8.483851726919408237e-25
-7.329907899629858263e-25
-7.661329156023066734e-25
-8.083115939750886552e-25
-7.255462077457652559e-25
-7.407477600693050857e-25
-7.861777740019722292e-25
-8.315131163055152285e-25
-7.570466535992524053e-25
-7.604824776596050838e-25
-8.060613361606161818e-25
-7.069404056097251645e-25
-8.217079860345184179e-25
-7.541623380441454141e-25
-8.719742456512819725e-25
-8.059252901321254159e-25
-7.962533923286708731e-25
-8.248733598006058826e-25
-8.105753679127595754e-25
-8.006025899082782797e-25
-7.201666100889578750e-25
-7.940841284116741129e-25
-7.763916788148421759e-25
-8.318071762229370555e-25
-8.680647811390952427e-25
-8.087653435851156468e-25
-7.151518072694920546e-25
-7.239021380092228937e-25
-8.367363591323152141e-25
-7.798165265323281659e-25
-7.577224091230262320e-25
-8.271105426331971064e-25
-8.040594979858196102e-25
-7.797761020024735532e-25
-7.970612291980344275e-25
-7.703863322294268032e-25
-8.420012939437970968e-25
-7.053822671036748126e-25
-8.034710566529446229e-25
-7.417129469504637791e-25
-8.468856127417796536e-25
-7.747326430654060034e-25
-7.300907470959365308e-25
-7.274653816944928551e-25
-7.709199892362350578e-25
-7.203985934577165652e-25
-7.611134346230132573e-25
-7.040727989487333870e-25
-7.877460600218677402e-25
-7.049445554617405241e-25
-7.833836233638053907e-25
-8.055316348350564475e-25
-7.088983133502254097e-25
-7.406659397030031452e-25
-7.657543099001386468e-25
-7.379057144525994411e-25
-7.364346384080131026e-25
-8.296249941428236767e-25
-8.136750944621468866e-25
-7.564897405759025232e-25
-7.705666327559467899e-25
-7.494039987562821625e-25
-7.915504431676585207e-25
-7.756706037442176949e-25
-7.797346779036277627e-25
-8.115610173424968741e-25
-7.364770932927589938e-25
-8.241933699777704408e-25
-7.313122756379736529e-25
-7.823522618181024590e-25
-7.294440329614491450e-25
-7.164984904539772526e-25
-7.817664850682345326e-25
-7.694264447079281424e-25
-8.003712644237110903e-25
-7.683100451767468940e-25
-7.839340168626646298e-25
-7.752795402691295761e-25
-7.158719423075644321e-25
-6.577292074391215826e-25
-7.352370631392473370e-25
-7.698089377451580600e-25
-7.365696182281782053e-25
-7.968536227667639749e-25
-8.137397115982773453e-25
-8.066048741746601124e-25
-7.844976777498618282e-25
-7.171644632292860973e-25
-7.231364926557424506e-25
-7.841273964358339549e-25
-7.219764804864575010e-25
-7.973269302614647154e-25
-7.161839202174693713e-25
-7.649110802721014055e-25
-7.457643806948527260e-25
-6.960379529100752818e-25
-7.683853031776282805e-25
-7.793042983993069027e-25
-6.924487319765753671e-25
-7.872165967032498079e-25
-7.464877712096544153e-25
-8.086517876465354444e-25
-8.046479844301548463e-25
-7.128850075570854964e-25
-8.182577019133813542e-25
-7.116485090884465910e-25
-7.732541930010586499e-25
-8.139490941351698362e-25
-7.428120925153560312e-25
-8.129734026237364552e-25
-7.159726180391577241e-25
-7.205056445930445159e-25
-7.301450498042286034e-25
-7.524126744492727848e-25
-7.232089408112078214e-25
-6.958148875952743142e-25
-7.149976718147492625e-25
-7.427397913447138348e-25
-7.712084279403512945e-25
-7.873712955634262543e-25
-7.236259379252726708e-25
-6.918285289894322390e-25
-7.892101049131363044e-25
-6.940364529010439281e-25
-6.364620202798632019e-25
-6.750810800558092391e-25
-7.434371060086123414e-25
-6.346561897933798897e-25
-7.064529790833353753e-25
-7.067354928266143276e-25
-6.917347631955501848e-25
-7.262807639875736954e-25
-7.554600982061220936e-25
-7.469028254133287305e-25
-7.503184086164640329e-25
-6.427089412155071172e-25
-7.386187719024720212e-25
-7.441157784496400105e-25
-6.895957936310699374e-25
-7.026300948593842248e-25
-6.597840337270248622e-25
-7.424779472083861970e-25
-6.716258813821412113e-25
-6.854761037437432448e-25
-6.908053287256143094e-25
-6.844578406125038462e-25
-6.370472129545388889e-25
-6.968061024037548568e-25
-7.092158299109487416e-25
-7.087805092877242039e-25
-6.788687956059602336e-25
-6.765632164407885590e-25
-7.049247116040887327e-25
-6.912833212454891075e-25
-7.176349672938910266e-25
-6.362287525803566807e-25
-7.176366274044074386e-25
-6.456661828169425041e-25
-6.424432599815715731e-25
-7.261094824177283557e-25
-6.546053206627611819e-25
-6.715294777146993701e-25
-6.572570652234180150e-25
-6.013958149469878230e-25
-6.460725742798248357e-25
-6.817306445001647992e-25
-6.874201899587808798e-25
-6.688448417793154807e-25
-6.861284910118841216e-25
-6.621213215845807522e-25
-6.393141869367933983e-25
-6.801649274105314477e-25
-6.885313488863462661e-25
-7.168475597412152480e-25
-7.076667773488066464e-25
-7.085329787581640059e-25
-6.694782256832884973e-25
-6.838783215213467361e-25
-7.007784531706183075e-25
-6.347482667829208978e-25
-6.234598555833137334e-25
-7.206783515271344498e-25
-7.168050644194388929e-25
-6.328203927414521015e-25
-6.290770604856776167e-25
-6.317032630457402399e-25
-6.039278245106398630e-25
-6.396453467279804905e-25
-6.286898331370655013e-25
-6.260299230760323239e-25
-6.690962830631993899e-25
-6.538260674568560579e-25
-6.480636129825262662e-25
-6.417768334113037146e-25
-5.994204409236610212e-25
-6.216910218777646358e-25
-6.752093570994941401e-25
-6.184427868683947433e-25
-6.680628646478554025e-25
-6.048678177780856158e-25
-6.210537650065398553e-25
-6.061234840050889383e-25
-6.124301904871276268e-25
-6.325212876595859356e-25
-6.679523684275415396e-25
-6.352087088831092967e-25
-6.630309819453301762e-25
-6.398023067032881172e-25
-6.106427701495471720e-25
-6.593084953481395392e-25
-5.937269284346965611e-25
-6.529330957056699144e-25
-6.176391077548549280e-25
-6.080862592382110641e-25
-6.027975429214766290e-25
-6.440072093766271858e-25
-6.355110593820246888e-25
-6.266699679572367559e-25
-6.070345000050594535e-25
-6.189495891228425724e-25
-6.495962853568274203e-25
-6.285103847510783684e-25
-6.393228529215405712e-25
-6.637871207514170091e-25
-7.079477521249024735e-25
-6.849874018346320903e-25
-6.580235056329178840e-25
-5.934521391856213210e-25
-6.085933196578818518e-25
-5.913036409698362710e-25
-5.978851127392560520e-25
-6.462390050359097029e-25
-6.245985133151230642e-25
-5.528246519629115220e-25
-6.774405088859331419e-25
-6.323902482122145039e-25
-5.506528087035888812e-25
-6.090543307180963809e-25
-6.417149978414566365e-25
-6.449666048030343049e-25
-6.013208773742463418e-25
-5.992836144522996680e-25
-6.229246264179937933e-25
-6.223673043913822138e-25
-6.349593342602854018e-25
-6.434091651860201067e-25
-6.671309505696287608e-25
-5.739911481079055872e-25
-6.311626273206436807e-25
-6.575693884938151305e-25
-5.922494945775711067e-25
-6.308957607058854029e-25
-6.081456553049083056e-25
-6.227785892616754579e-25
-6.377163991685485304e-25
-5.890367703476720141e-25
-5.778641347939515447e-25
-6.383729714395745982e-25
-6.060664025977377041e-25
-5.855706459196581806e-25
-6.143198920546225353e-25
-6.354281664593510650e-25
-5.686620345253916190e-25
-5.809968229679479184e-25
-5.899457775895389355e-25
-5.821149245289899392e-25
-6.553442414773110810e-25
-6.139156823448675741e-25
-6.258410239618960420e-25
-6.326165766499490917e-25
-6.575189290993514456e-25
-6.540861591951993336e-25
-6.255366235439683549e-25
-5.580551983528688145e-25
-6.363423636368599252e-25
-5.828049007400916867e-25
-6.505140042568282872e-25
-6.699858338491057398e-25
-6.533886632653540653e-25
-5.994076401693448100e-25
-6.087358254771811933e-25
-6.135790861767180522e-25
-6.017073861122710018e-25
-5.916605269493304817e-25
-6.382942289064263650e-25
-5.960029660205291295e-25
-6.600570851493310219e-25
-5.868840837397564004e-25
-6.164169815679975014e-25
-6.332710077174033680e-25
-6.391801594921102223e-25
-6.435933782646408039e-25
-6.595407639234995056e-25
-6.036804097873602154e-25
-6.105382700732578291e-25
-6.491371377950730644e-25
-5.930951222019255568e-25
-6.023223422206589788e-25
-5.949059762055008990e-25
-6.073286103135483159e-25
-5.998808691436782471e-25
-6.054965190576086261e-25
-6.184485926827767489e-25
-6.242146429417610884e-25
-6.031145382017506386e-25
-6.091329300626248852e-25
-5.637094791617833083e-25
-5.782564023792891197e-25
-6.656383170596583194e-25
-6.012585236504024399e-25
-5.676672120248058527e-25
-6.016754114904727638e-25
-5.525177817686631843e-25
-5.934287075756205116e-25
-6.675943580250122966e-25
-6.180199216530041127e-25
-5.980650870224891817e-25
-6.311239840357190604e-25
-6.112938616824522588e-25
-6.062744740896017879e-25
-6.079981641226534310e-25
-6.053177106596217585e-25
-6.066002677195473972e-25
-5.952056226873043016e-25
-5.531484085386557640e-25
-6.070061868519359999e-25
-5.842559053351330819e-25
-6.231064053210245385e-25
-5.641854571428945446e-25
-6.106005469343917656e-25
-6.053196036052085288e-25
-6.203858026694529651e-25
-6.002861089232265586e-25
-5.914431808164233548e-25
-5.885763932578059989e-25
-6.308018154699605094e-25
-6.321957663664008446e-25
-6.354015551944007233e-25
-5.978709609568372355e-25
-6.068413910196116636e-25
-5.683119985737805872e-25
-6.018548941294067008e-25
-6.196147999778985151e-25
-5.880261116991573477e-25
-6.413118736831910493e-25
-5.652994616812154354e-25
-6.013586226351117004e-25
-6.349106522862296865e-25
-5.921688429731832751e-25
-5.815701065576244507e-25
-5.927998251158676040e-25
-5.821775258945389491e-25
-5.683210262345586322e-25
-5.675494070298702935e-25
-5.782606369157541249e-25
-5.795687625304732493e-25
-6.084570698636165325e-25
-5.423169152259978177e-25
-6.090485252934202317e-25
-6.360021231035705344e-25
-6.296018192479731832e-25
-6.314572171369276287e-25
-5.549312775799058873e-25
-6.059191505530195980e-25
-5.800526038558800606e-25
-6.113682731345138178e-25
-5.964826596263048082e-25
-5.720456750472975508e-25
-5.844844833117289217e-25
-5.663538383873599442e-25
-6.328914993407461241e-25
-5.852364396453433250e-25
-6.041045549719256114e-25
-6.131360182253195681e-25
-6.079160067097103428e-25
-6.113561231311774214e-25
-5.649417541149723698e-25
-5.368099924915048319e-25
-5.313463905334912992e-25
-5.592534312411229366e-25
-6.154522768194057905e-25
-5.466370830621733853e-25
-5.554776610203053400e-25
-5.895973166174412581e-25
-5.447052287231783409e-25
-6.084253470849191998e-25
-5.745922337318036667e-25
-5.640633327497941071e-25
-5.620903562496532725e-25
-5.971998135809053614e-25
-5.563646064283763546e-25
-5.917598950530010575e-25
-5.460755421578119567e-25
-5.374607171029568294e-25
-5.455697610196501780e-25
-5.072425662709185661e-25
-6.040374125459239590e-25
-6.092448212249815179e-25
-5.825674817146253430e-25
-5.385917924331791623e-25
-5.717388377357374053e-25
-5.594402670800484083e-25
-5.214648782525412624e-25
-5.825924304798670048e-25
-5.534965277775448866e-25
-5.679103995750957287e-25
-5.579191750705611709e-25
-5.527607438396448559e-25
-5.889373990420204889e-25
-6.023976130427423812e-25
-5.698024160128377796e-25
-5.750644786802143866e-25
-5.571772072789323334e-25
-5.468403368977033815e-25
-5.345539079975055050e-25
-5.779609391048242257e-25
-5.639811199440976732e-25
-5.439729219900937742e-25
-5.444937620900048935e-25
-5.609226741422496585e-25
-5.525406498431624405e-25
-5.511446027112359760e-25
-5.384520525288943428e-25
-5.178331435073780292e-25
-5.562499968540813472e-25
-5.639772454914432177e-25
-5.382058966082200350e-25
-5.633663334192145025e-25
-5.461434982531559970e-25
-5.589498638283676409e-25
-5.429828740005652176e-25
-5.621279497792697651e-25
-5.536557475587641869e-25
-5.522045930090582312e-25
-5.294418022521716168e-25
-5.206623702526268192e-25
-5.268946337798121364e-25
-5.291718650349206259e-25
-5.399451042514715862e-25
-5.143575421189098379e-25
-5.353929130837352648e-25
-5.172410245910324055e-25
-5.392900972560501423e-25
-5.451300269464471474e-25
-5.432871819705076193e-25
-5.088004115283890792e-25
-5.207875238303991721e-25
-4.960563898301750650e-25
-5.216614200375597839e-25
-5.145039397158959408e-25
-5.309956308212890531e-25
-5.189735074250926229e-25
-5.193733846384039981e-25
-5.435294626291708666e-25
-4.897231218225364106e-25
-5.008695775811227412e-25
-5.111875032368142094e-25
-4.876784767132560264e-25
-5.113898682019672687e-25
-5.163446900593123029e-25
-4.925359221721301843e-25
-4.854155438898675325e-25
-5.156411516747239191e-25
-5.173010517515218942e-25
-4.855222899399662788e-25
-5.040483407653223846e-25
-4.662538677429913954e-25
-4.688374952686840412e-25
-5.097037726082373699e-25
-5.378488483317401262e-25
-4.787506327382685044e-25
-4.993928438849241138e-25
-4.935856203090613532e-25
-5.139454365632529702e-25
-5.047552411258376707e-25
-5.329703318077447306e-25
-5.348523638202285426e-25
-4.833793760299604283e-25
-4.840957240200451726e-25
-4.329811865240022903e-25
-4.785057443865199218e-25
-4.712452495978971738e-25
-4.900504496663180876e-25
-5.226954334550129411e-25
-4.512744401392099444e-25
-4.772657573604775975e-25
-5.006123598685347319e-25
-4.884460237718174930e-25
-4.633106390318608759e-25
-5.027787770406468238e-25
-5.020997644929900713e-25
-4.642381574112164312e-25
-4.961542218402034556e-25
-4.912953386099833579e-25
-4.698975182849919786e-25
-4.737275229610798335e-25
-4.708290213152351011e-25
-4.950116821553640677e-25
-4.460270051387981349e-25
-4.659149711147442361e-25
-4.366884876083384459e-25
-4.542988206413604560e-25
-4.770214117804744957e-25
-4.670799408010604148e-25
-4.704604706495699869e-25
-4.501741428762967887e-25
-4.811013326020928469e-25
-4.692621907139965097e-25
-4.525088793830963214e-25
-4.184482400408544518e-25
-4.127633350786523060e-25
-4.690803327161327187e-25
-5.058354554329200214e-25
-4.756190428294281035e-25
-4.673244742368486904e-25
-4.665674113913554407e-25
-4.620938387411618332e-25
-4.501172105822903492e-25
-4.578084959810972570e-25
-4.645032840693317305e-25
-4.608930173552939459e-25
-4.648098225080161442e-25
-4.509615330758173857e-25
-4.821225576998748078e-25
-4.265576415328382526e-25
-4.656745475450271649e-25
-4.833099905658261172e-25
-4.544917034476867447e-25
-4.511704734294325582e-25
-4.579258299671772325e-25
-4.589093449924866455e-25
-4.554321693408659590e-25
-4.252800373230746907e-25
-4.538120214706946436e-25
-4.384143989013786006e-25
-4.564759662925658885e-25
-4.554377784823421311e-25
-4.453854380219728872e-25
-4.360759006571591969e-25
-4.350716058527142208e-25
-4.503301677812006859e-25
-4.525058803338703529e-25
-4.359590974849046354e-25
-4.364494403122500787e-25
-4.223486081162873954e-25
-4.247367666225823094e-25
-4.260419420833973872e-25
-4.385216201858656677e-25
-4.484013151900814904e-25
-4.576247706170378019e-25
-4.176773015947773434e-25
-4.254401103048543140e-25
-4.149291229830455490e-25
-4.368185162524773120e-25
-4.129963568307519966e-25
-4.180481929268245076e-25
-4.232687944758890857e-25
-4.017091328516953412e-25
-4.404156618128686938e-25
-4.101832448491860661e-25
-4.503600554675092685e-25
-4.290226234382754920e-25
-4.422523542357323922e-25
-4.494506211903771132e-25
-4.361707856999213502e-25
-4.555706596459245421e-25
-4.463573348310522632e-25
-4.349584085026106939e-25
-4.211546086160290939e-25
-4.411564018776780586e-25
-4.026927677291294496e-25
-4.328703806534707172e-25
-4.253535106748583622e-25
-4.252229559382718258e-25
-4.721696924122548609e-25
-4.468994240329023907e-25
-4.286920523097228319e-25
-4.300448980873322711e-25
-4.403356233813255955e-25
-4.177312123100263825e-25
-4.494830217108711685e-25
-4.044418869972259322e-25
-4.082587419288542130e-25
-4.297646743828215848e-25
-4.339383921983849770e-25
-4.119868656496017806e-25
-4.431523979934951809e-25
-4.278947253780936310e-25
-4.424128683778532114e-25
-4.009948835906277095e-25
-4.366812983933504867e-25
-4.233788028282023167e-25
-4.317340578555386966e-25
-4.176072190793336043e-25
-4.099098979572046397e-25
-4.455368404938339479e-25
-4.242893941826976233e-25
-4.347136495655091433e-25
-4.142171516480211329e-25
-4.230340701735919616e-25
-4.119431911596857619e-25
-4.107343088512947063e-25
-4.217651148770900515e-25
-4.140650309082431792e-25
-4.020386669314810022e-25
-4.035345715848467992e-25
-4.344656214638249632e-25
-4.192514951727440447e-25
-4.136756444218632943e-25
-4.130258198216281923e-25
-4.504762493828810801e-25
-4.167208360141152887e-25
-4.051449986275142725e-25
-4.117049340388400226e-25
-3.992632115878399412e-25
-4.203309506264687440e-25
-4.131120081446593830e-25
-4.163150920343148749e-25
-3.966596790650404774e-25
-4.209614651550585018e-25
-3.957800548524654872e-25
-4.072421129834335578e-25
-4.466109506548821497e-25
-4.457496466384031977e-25
-4.168746181042170460e-25
-4.223646753785727684e-25
-4.077514870683750040e-25
-4.158940129034900182e-25
-3.977239670145912760e-25
-4.227730573626040437e-25
-4.314699021022844895e-25
-4.063228668117184781e-25
-4.008248687252369681e-25
-4.153002457600328195e-25
-4.101816932186091589e-25
-4.308102608497989588e-25
-4.195859739217528440e-25
-3.919281177446062899e-25
-4.205718280771602506e-25
-4.025420831372729728e-25
-3.935952588484409580e-25
-4.181984425598311422e-25
-3.814852034552971804e-25
-4.068706919489639345e-25
-3.932972561394054996e-25
-4.104037903620473630e-25
-3.953682975805520603e-25
-3.839334705626821610e-25
-4.229141348365258633e-25
-4.254037446268276625e-25
-4.163701727911476218e-25
-3.821430653414588675e-25
-4.096793210972380615e-25
-3.830679678050717627e-25
-3.713104097372606521e-25
-3.933371474447822197e-25
-4.089128440455312999e-25
-3.936087653091163864e-25
-3.995664951145389420e-25
-3.930202316348466813e-25
-3.737390979149406762e-25
-3.711690271035120679e-25
-3.927367936942970126e-25
-3.998153004681919321e-25
-3.665204211416533270e-25
-3.932873552591209479e-25
-4.088340581821971162e-25
-3.927591130060390448e-25
-3.886764902515857732e-25
-3.805127795492529518e-25
-3.846434582670165116e-25
-3.811309456665852361e-25
-3.958762538086676536e-25
-3.553430803147359508e-25
-3.782776339656628049e-25
-3.882601767584458374e-25
-3.664769663433507163e-25
-3.977048605356493755e-25
-3.793483074337402526e-25
-3.666701971206209858e-25
-3.608414049818121003e-25
-3.747165732759883553e-25
-3.465527172267782750e-25
-3.801046802565178192e-25
-3.750574708306426180e-25
-3.954073980823341419e-25
-3.725960060024316151e-25
-3.764312558807096402e-25
-3.913438335421865370e-25
-3.631816662348622481e-25
-4.080261415003874340e-25
-3.637146515414658515e-25
-3.710271194476147615e-25
-3.623139874842932849e-25
-3.664307540045943953e-25
-3.648602111390473075e-25
-3.518971396634683886e-25
-3.732503090944314449e-25
-3.500896532546303238e-25
-3.776466823010865362e-25
-3.824007510091120893e-25
-3.678293493046919245e-25
-3.462168321891983323e-25
-3.576321569103016098e-25
-3.707247112115658962e-25
-3.587750257251733615e-25
-3.758359082473151684e-25
-3.660161628609684824e-25
-3.734227934687246679e-25
-3.413236219690753125e-25
-3.477804426648508757e-25
-3.673912353515125901e-25
-3.660500037468589674e-25
-3.267941299098666154e-25
-3.660699186373603025e-25
-3.561012417273764679e-25
-3.453670596172046612e-25
-3.611281130314976852e-25
-3.709701694883778032e-25
-3.595462413715723042e-25
-3.328854192778981705e-25
-3.465136282626885549e-25
-3.345042370874498993e-25
-3.449581763739329820e-25
-3.282599378011191348e-25
-3.292825653021378527e-25
-3.330281306021863494e-25
-3.493285677941491663e-25
-3.283772716738338382e-25
-3.409104927895793246e-25
-3.517009167455256060e-25
-3.290526903679505602e-25
-3.456954435070136927e-25
-3.317305107262325802e-25
-3.716693304099789947e-25
-3.383275570292461507e-25
-3.215045196274507722e-25
-3.357036031171098767e-25
-3.427821722196083671e-25
-3.253686477745667273e-25
-3.425686771683557247e-25
-3.459436960178703207e-25
-3.473767693465902739e-25
-3.477594479292682430e-25
-3.351884320605173412e-25
-3.280686402264578281e-25
-3.210545914699041893e-25
-3.138376034991837622e-25
-3.411545587979146242e-25
-3.176915517942047938e-25
-3.343369795085864354e-25
-3.196174237587868394e-25
-3.237797805490555071e-25
-3.351402528995569718e-25
-3.247379231826593987e-25
-3.254731146312356568e-25
-3.300207330640684762e-25
-3.185500887923143182e-25
-3.222414334346895676e-25
-2.987783050189044269e-25
-3.294708801067054950e-25
-3.171618397088349824e-25
-3.102393305224698545e-25
-3.359343729895059665e-25
-3.032757604401624254e-25
-3.308354119501916287e-25
-3.060599396475989482e-25
-3.287392219157804150e-25
-3.249349251665884551e-25
-3.111206669460658348e-25
-3.160880367149564834e-25
-3.110543150340812516e-25
-3.032592660006542994e-25
-3.051486127046995652e-25
-3.200656168148265418e-25
-3.036417856751520510e-25
-3.100665522549561499e-25
-3.155320945831157767e-25
-3.088627548403239264e-25
-3.015211521269267237e-25
-3.088099831220502362e-25
-3.000164260729836308e-25
-2.972374280644262829e-25
-3.149105013182969270e-25
-3.191434785490437969e-25
-3.038615214223332777e-25
-2.984247904317640120e-25
-2.986485590642684318e-25
-3.099045022958806844e-25
-2.922152424292555481e-25
-2.836805178405499377e-25
-3.014236369068859775e-25
-2.869074374393114740e-25
-2.833498169052905077e-25
-2.959767193104326332e-25
-2.788835177431030850e-25
-2.811583339793653373e-25
-2.803211946193920474e-25
-2.887209481818053345e-25
-2.926970495449361812e-25
-2.943127141054881629e-25
-2.723544778907433837e-25
-2.985616648207605798e-25
-2.973764592467927226e-25
-3.090015899044253790e-25
-2.959692115307780810e-25
-2.895169322276483026e-25
-2.719648460369699633e-25
-3.041610914909561421e-25
-2.762306975170519881e-25
-3.038078925706293560e-25
-2.875666726852978100e-25
-2.759330206411457653e-25
-2.814519441507503459e-25
-2.795863615025296931e-25
-2.821996007155851145e-25
-2.893212004255269269e-25
-2.797300071562689871e-25
-2.760526925467243467e-25
-2.688715091456611008e-25
-2.740924572534456240e-25
-2.679692627567547062e-25
-2.853583858689968700e-25
-2.664880949013171101e-25
-2.706659392155220554e-25
-2.813306687875583411e-25
-2.627526826720002074e-25
-2.643201230613540322e-25
-2.545937212588982999e-25
-2.716011242913879878e-25
-2.842245332750080287e-25
-2.696659071329910799e-25
-2.714364851801981502e-25
-2.691936947924742021e-25
-2.751037689077910013e-25
-2.719056316658417762e-25
-2.601228947902263314e-25
-2.691147635946101689e-25
-2.527978501890205355e-25
-2.554529158101725395e-25
-2.560180593474448509e-25
-2.516725146220596521e-25
-2.604027364508112496e-25
-2.696906105010745871e-25
-2.349281574411813222e-25
-2.742421835017601416e-25
-2.640549137160236868e-25
-2.607843479058992388e-25
-2.539608161581120653e-25
-2.724826582142046116e-25
-2.505842209637113350e-25
-2.606012306654891792e-25
-2.574581237768977256e-25
-2.535529379793120565e-25
-2.477495037151478843e-25
-2.580582328832161076e-25
-2.464395668725280755e-25
-2.478192309699512558e-25
-2.563396514458986714e-25
-2.545819275696725023e-25
-2.642774289732293625e-25
-2.421339330640438924e-25
-2.581025559141009657e-25
-2.557688536244799670e-25
-2.546508831776414346e-25
-2.613578674387831862e-25
-2.355921602266699201e-25
-2.447339573349678929e-25
-2.456706237370902053e-25
-2.517946924880225473e-25
-2.462703004575710085e-25
-2.571073931724631942e-25
-2.381316282983073545e-25
-2.427485492849181473e-25
-2.383251727286363603e-25
-2.572023355075016162e-25
-2.428799543850032839e-25
-2.621209740094909990e-25
-2.430008816298085006e-25
-2.388862785791711714e-25
-2.410705732200045865e-25
-2.396771986172926390e-25
-2.258502167411289274e-25
-2.403231597684089836e-25
-2.527844099662291699e-25
-2.415381581845623973e-25
-2.511648638227067576e-25
-2.321889872467564360e-25
-2.360031609910801962e-25
-2.431049722192060411e-25
-2.550247515051761372e-25
-2.281387631535877376e-25
-2.571741136202220899e-25
-2.281316135540289810e-25
-2.408594410992457350e-25
-2.412357607116426357e-25
-2.513204636275557555e-25
-2.518208161474345695e-25
-2.350161737348697947e-25
-2.320398719007195337e-25
-2.325880556890631426e-25
-2.210668143624378413e-25
-2.405121340528836622e-25
-2.272143899795691038e-25
-2.328140027802357308e-25
-2.181954864916632561e-25
-2.325481263155774236e-25
-2.389217191859518781e-25
-2.254891967373787340e-25
-2.135498797237597360e-25
-2.250842419119676087e-25
-2.320595208912036182e-25
-2.237532935689560203e-25
-2.319195376913539389e-25
-2.202772770218144781e-25
-2.477500111160004187e-25
-2.178148786453036670e-25
-2.204601999742161016e-25
-2.108397869130080119e-25
-2.339747918564198176e-25
-2.358561139591455451e-25
-2.306978752256286571e-25
-2.218117214664924436e-25
-2.234026821644134093e-25
-2.199193355362300699e-25
-2.256260337943274373e-25
-2.226374109999539447e-25
-2.192306324795306174e-25
-2.114421083973958085e-25
-2.362552004291548107e-25
-2.076378455753111492e-25
-2.250062197365830227e-25
-2.213974931836165834e-25
-2.338259920100042837e-25
-2.305194211721576500e-25
-2.242563314755963211e-25
-2.239413352402641056e-25
-2.107351271435754665e-25
-2.061092581915581109e-25
-2.131775938251528197e-25
-2.094061601227477915e-25
-2.182106559463179435e-25
-2.192518074036894550e-25
-2.226898590585444751e-25
-2.189755008485322285e-25
-2.185517430104601438e-25
-2.034752946445024290e-25
-2.023778177393606726e-25
-2.054815441804892124e-25
-1.977766331718869445e-25
-2.110360104018496920e-25
-2.227728507263037545e-25
-1.979092908703971928e-25
-2.074694688374287570e-25
-2.080466366073675896e-25
-2.060830644860915657e-25
-2.084762008620383642e-25
-2.144065486122556122e-25
-2.068118159894875370e-25
-2.122269334018818607e-25
-1.951185095001313014e-25
-2.053505646677061130e-25
-1.986453830426403222e-25
-2.088270262742118462e-25
-2.010200709561123452e-25
-2.076939500988565485e-25
-1.904472440211354224e-25
-2.137234155174107721e-25
-1.998213143911031242e-25
-2.089192601989759606e-25
-2.001005067261579064e-25
-1.932335723943129368e-25
-2.033917583367283626e-25
-1.995654102805140296e-25
-1.942258046227154113e-25
-1.988808831961886113e-25
-1.929605167024154557e-25
-2.009165351243193274e-25
-1.907524781598475565e-25
-2.082014943996936394e-25
-1.875626154632674732e-25
-1.965756184445969621e-25
-1.990666572484360196e-25
-1.826467850313814926e-25
-2.019396036577688105e-25
-1.944363318119756991e-25
-1.987169352596663879e-25
-1.996230204887925416e-25
-1.904819492195574024e-25
-1.878217270678457494e-25
-1.959153478990238761e-25
-1.873621435502684256e-25
-1.898320050487879196e-25
-1.851213678535534526e-25
-1.968010164430471360e-25
-1.892544228442179228e-25
-1.920306862137268291e-25
-1.916642890264074325e-25
-1.906263282698578662e-25
-1.838596317490652458e-25
-1.866024249480365083e-25
-1.847053974057936071e-25
-1.817909425615022556e-25
-1.838628220254333772e-25
-1.883664072528454272e-25
-1.811097657988860234e-25
-1.847125553669139761e-25
-1.878545020956307689e-25
-1.863983847194946049e-25
-1.821552279620752901e-25
-1.786278410637870279e-25
-1.824801557259703966e-25
-1.750150688338229252e-25
-1.738407592546745305e-25
-1.680746808244593738e-25
-1.767630788457786873e-25
-1.808128058500287465e-25
-1.708562097940537758e-25
-1.869074405685220526e-25
-1.806202266448008461e-25
-1.759781532410827305e-25
-1.782348068776927661e-25
-1.783655970826157903e-25
-1.732322873488911835e-25
-1.735826799229160771e-25
-1.783836940841032376e-25
-1.731359113639481105e-25
-1.764544762119293705e-25
-1.787601778194993809e-25
-1.707775091941330653e-25
-1.779712927496317698e-25
-1.671271905404738002e-25
-1.779688450938873317e-25
-1.794445175229867991e-25
-1.745354885326335104e-25
-1.732995828602353610e-25
-1.702526033943144101e-25
-1.722887621440315162e-25
-1.630457797155655379e-25
-1.583368908098656299e-25
-1.693727486607387228e-25
-1.634063813361137045e-25
-1.624527627215084272e-25
-1.722981273937548800e-25
-1.625436025309727189e-25
-1.660690089709785393e-25
-1.491748976205546049e-25
-1.653223643741771783e-25
-1.565696644125346829e-25
-1.680812549417487148e-25
-1.656610540831228958e-25
-1.620876117369549991e-25
-1.666586484817006761e-25
-1.670497119520177801e-25
-1.604827338099497948e-25
-1.594173403576448216e-25
-1.488328917648150552e-25
-1.522471335118955648e-25
-1.635271363885497558e-25
-1.569771803923431888e-25
-1.561752047206202286e-25
-1.612287080355971518e-25
-1.571370183959127806e-25
-1.638298036162525845e-25
-1.578283107065587625e-25
-1.568259285253660624e-25
-1.632840713029890267e-25
-1.586444049363246312e-25
-1.580089113152201646e-25
-1.508839233719432609e-25
-1.551408299189621998e-25
-1.626925246297422817e-25
-1.540789904551547448e-25
-1.580688687111606808e-25
-1.515828292293514703e-25
-1.479182563061748985e-25
-1.484261529786434955e-25
-1.468344497287610456e-25
-1.474985695235459669e-25
-1.480828510295105472e-25
-1.471257656704335363e-25
-1.509923065366351166e-25
-1.479976101341459276e-25
-1.506394427693719164e-25
-1.428616342079425936e-25
-1.564818147193210662e-25
-1.568929787056086919e-25
-1.348788668296274604e-25
-1.400844331549301917e-25
-1.451392362189508800e-25
-1.404183401458270180e-25
-1.428775071851660723e-25
-1.415389701155479080e-25
-1.404009975636593608e-25
-1.426872680718230260e-25
-1.389322929986408967e-25
-1.408902371265879652e-25
-1.415356777390624066e-25
-1.458535040882475653e-25
-1.385787115341315127e-25
-1.376747348688128785e-25
-1.378440907285127468e-25
-1.382355527761690013e-25
-1.355737482342868966e-25
-1.335581226807795556e-25
-1.417606792784082579e-25
-1.406796953750006252e-25
-1.318682744082987160e-25
-1.323181346155980670e-25
-1.281726536314175967e-25
-1.341725360609799491e-25
-1.329466816289353808e-25
-1.336708527907259606e-25
-1.286232059089738713e-25
-1.309635349307949664e-25
-1.359196796665852555e-25
-1.343081805347356527e-25
-1.287580953866604381e-25
-1.311791043956000159e-25
-1.253674191216880218e-25
-1.276203574568523861e-25
-1.331561543914934242e-25
-1.304496680875320294e-25
-1.343651431701169710e-25
-1.272083477348781580e-25
-1.343096465395079995e-25
-1.209700876156476130e-25
-1.197424797028112117e-25
-1.310853600040044941e-25
-1.284515576674532065e-25
-1.264157627252648664e-25
-1.263341624077408562e-25
-1.272990422178005665e-25
-1.328705678630634808e-25
-1.217376389298104570e-25
-1.282900558351233001e-25
-1.246419629960145095e-25
-1.173113576632406376e-25
-1.241524405636224714e-25
-1.211858374581627861e-25
-1.195311470281285695e-25
-1.269492055287940495e-25
-1.240562536227141846e-25
-1.158341329490960972e-25
-1.305087951152667488e-25
-1.233872774484601791e-25
-1.276928487906371612e-25
-1.166043058876545735e-25
-1.223343712420072562e-25
-1.234414774949705255e-25
-1.194501395661461583e-25
-1.209072465341982264e-25
-1.111735731925363687e-25
-1.182052813639845618e-25
-1.108760872809623759e-25
-1.284061119356695955e-25
