0.000000000000000000e+00
0.000000000000000000e+00
5.339343157372305923e-13
2.812960594873046821e-13
4.826314132925941907e-14
-3.182214349986818389e-14
1.121901326111216081e-14
9.934897755346080561e-15
2.340091548675379719e-15
1.025529535240207836e-14
2.482739825338591940e-15
1.636119915598831871e-15
5.371509318063270860e-16
7.722243477404153789e-16
8.746498494250154091e-16
5.545699828888874819e-16
3.711636726224929702e-16
3.699117951536230211e-16
1.257786911231841346e-16
1.545315299558755476e-16
1.652538520915365448e-16
2.992616479511008934e-16
9.264937195540393429e-17
4.398790349494893959e-17
3.480338106108928609e-17
-2.637120531901249295e-17
6.151916659669624653e-17
1.424170428454526378e-16
5.410608045804048234e-17
5.642158033871594250e-17
4.872644258840894653e-17
4.838863648401452248e-17
1.832982740736133425e-17
1.458394481506661023e-17
1.970636415069927960e-17
4.829526074462363497e-18
7.552494560859425585e-18
2.715212720891456630e-17
8.162215204283443109e-18
1.099665103175677310e-17
1.019215177292126459e-17
6.702045346939343463e-18
1.025654725287415744e-17
1.453237960197493505e-17
6.780018234582895439e-18
-1.487320647195965818e-20
4.244303028714233326e-18
4.329054550912861158e-18
6.374212852280042509e-18
1.687083808494395789e-18
3.512118594492833973e-18
8.086284038277848382e-18
5.211903785484366437e-18
8.064826662584605998e-18
4.950174751403821560e-18
3.711615558781059481e-18
4.025411405133471813e-18
2.883707700618459795e-18
3.849271776902470607e-18
2.425322905815459502e-18
4.077671753849105614e-18
1.641169984081830968e-18
1.475904172729507615e-18
2.331487355765477719e-18
1.412058234151669578e-18
1.772774348418957308e-18
1.939187701830667718e-18
1.404125631566240818e-18
1.235385152020011466e-18
1.379382038634220242e-18
6.053621958289023875e-19
8.191477947451828124e-19
1.747094540472248471e-18
1.279465221102166930e-18
1.262185484632877924e-18
9.778195595640930289e-19
8.298240198772670381e-19
5.400870160717106175e-19
1.064555346609414409e-18
6.834815746037304422e-19
1.152788796605341493e-18
6.549374906653509053e-19
4.670626331277260148e-19
5.926165272868760556e-19
7.973060554453983596e-19
6.017839043252133412e-19
6.749807155875231671e-19
3.541135004188825535e-19
5.828633837836883283e-19
4.372907962767910564e-19
3.907863690102154311e-19
5.728700105234056883e-19
3.497607128381878541e-19
3.157565358471778523e-19
3.479540816449388175e-19
3.823764348213259012e-19
3.075253454591942167e-19
3.872640248280317026e-19
2.736788544536093697e-19
3.088659616123990980e-19
1.791564907745038417e-19
2.861373209413596581e-19
3.966382990698139180e-19
2.370813478087816883e-19
3.493763631552518445e-19
1.897372637348774482e-19
1.432799728237851047e-19
2.310268019050272170e-19
1.342377984915615964e-19
2.846659440330389115e-19
1.225116292889478404e-19
2.127981234652181571e-19
1.885947496622655194e-19
1.469832495752561654e-19
1.657814936928052423e-19
1.207424887263692457e-19
8.063358961470905194e-20
1.959498104150126777e-19
1.707919532951001479e-19
1.565541755391271778e-19
9.625908846105470834e-20
1.043294041763431522e-19
1.270514961685695523e-19
1.492167525222054163e-19
1.253645578465231111e-19
1.207793400221788941e-19
1.176700121655263179e-19
8.941283780774045190e-20
8.023950281880205856e-20
8.850144582241621115e-20
6.785530124919811743e-20
1.304353801123010261e-19
8.683889455283287897e-20
1.032118266685710054e-19
7.305267851075241993e-20
1.138024628669665662e-19
1.062812192421150023e-19
6.967602344610497858e-20
6.706594308299898600e-20
6.585330213226904680e-20
6.560983998990674521e-20
7.692973193739973879e-20
5.484947475218387696e-20
4.087861543177556525e-20
7.882589109412187101e-20
5.636009069956255790e-20
7.240868382189460186e-20
6.249471802226626430e-20
4.946990737275312688e-20
4.370521408111254513e-20
4.031016220080469931e-20
4.637414118802935420e-20
3.950325544228718097e-20
3.224229717009254321e-20
5.288717538937906628e-20
3.705228878953926516e-20
4.874165816480568695e-20
3.614325535707303635e-20
3.781111065099608821e-20
4.285173138797131929e-20
3.049899800901085021e-20
1.495639149097821019e-20
2.762031602704045030e-20
2.929990011195338639e-20
4.015844490926564269e-20
3.234741556834288016e-20
2.624509823178126324e-20
2.790500455669492801e-20
3.686684604910024285e-20
2.942357683700825117e-20
4.134310826392007346e-20
2.481487299112779844e-20
2.017295725121291449e-20
2.612392057782995465e-20
4.027180508112138352e-20
1.892949216825697170e-20
2.735947355286849412e-20
3.129652933762176545e-20
2.541798847718506364e-20
1.957787898453631051e-20
9.931923102432468636e-21
2.136561502257039782e-20
2.405274009580539907e-20
2.140767484258885190e-20
1.930112076762945092e-20
1.776820665632981388e-20
2.287454553493788710e-20
1.944896638410158791e-20
2.614600292346765635e-20
1.486886631696241909e-20
1.770724290530886387e-20
1.951008941784890495e-20
2.053925353668806372e-20
1.699022262122588276e-20
1.817874636322445904e-20
1.322048230970227165e-20
1.848507859012755777e-20
1.636563499055428886e-20
1.312667277736289791e-20
1.943002450095224586e-20
1.636492557224054415e-20
1.327963601185000690e-20
1.597315638333489058e-20
1.609292078618980864e-20
7.630123775871433355e-21
7.969768041521360345e-21
5.857740765852081902e-21
1.114466205804760669e-20
1.390967019457237889e-20
1.258374324637669114e-20
1.289145378392624758e-20
1.303038659247865505e-20
9.682862132641702161e-21
4.219338825156788082e-21
6.536502333856870480e-21
8.978510892606302868e-21
7.741425322260902567e-21
6.627982024846212860e-21
8.228139581911755205e-21
8.092619529309214164e-21
6.055692124731537218e-21
8.872692414045530909e-21
7.984252918003446919e-21
7.365345804219790879e-21
8.179992918888473845e-21
7.351010598470229405e-21
9.177033387435034294e-21
5.822548978471608918e-21
6.969241604099877270e-21
4.610661497829718525e-21
6.731414405567937189e-21
7.110453499182168658e-21
6.540280280839381655e-21
8.414505011049113101e-21
9.054586511983328582e-21
5.687300736181321834e-21
6.065720698853461586e-21
6.680047039329413196e-21
2.906492152695800072e-21
7.008034282189616879e-21
4.328398812298814146e-21
4.697420757083300737e-21
5.081957495345107365e-21
4.229184445955744409e-21
5.478197348013327801e-21
5.484421523188936066e-21
6.452360434047555459e-21
4.005975713400049234e-21
6.105359158306861184e-21
5.658667578601464076e-21
5.990339385781104115e-21
5.722062585123685460e-21
6.630424186013530969e-21
4.975974869403595688e-21
5.193968560404273334e-21
4.237988288835849205e-21
4.703044690039945760e-21
4.418042902400636693e-21
4.089614851505893381e-21
2.847243274705656165e-21
4.723999594466080843e-21
4.082172210739577627e-21
4.060339607687763898e-21
5.528950815824023285e-21
3.520172763697445691e-21
3.235089393967866276e-21
4.775555798272611955e-21
3.999322679467109138e-21
2.976437137672465472e-21
3.568447297157633273e-21
4.747808644278974604e-21
3.847085295152279491e-21
3.503143983198192935e-21
3.907931725997523365e-21
4.102775968203986721e-21
3.570535346080661002e-21
2.719661073468071107e-21
4.335712844702384686e-21
3.807255629174540237e-21
4.064292108551676729e-21
3.507192941863011688e-21
3.837564584111810438e-21
3.207267180389398195e-21
3.028722809446496342e-21
3.526433948880636552e-21
2.238027871610820535e-21
3.230726546164919926e-21
2.558984232082202841e-21
3.795710214563278743e-21
2.463769932136281762e-21
1.425754229071194347e-21
2.309407548764400164e-21
2.738461988615460373e-21
3.099899299695303841e-21
2.889868157518307920e-21
2.778294965344287443e-21
2.077464578320250904e-21
3.417036062827691314e-21
2.438149692064901632e-21
2.063617898748988548e-21
3.512309994964736756e-21
1.766874506345401004e-21
2.973240334709011653e-21
1.848856108065389109e-21
1.287442053232586744e-21
2.374683748469947048e-21
2.526241211022717495e-21
2.429305469821441036e-21
2.326902764292914313e-21
2.844856831528785035e-21
1.573329489384463882e-21
2.149415948033099698e-21
2.383346778743181513e-21
2.269930501031123347e-21
2.243028471750028368e-21
1.984862820849433108e-21
2.428996502616971733e-21
1.896892979968354181e-21
1.929318590923562902e-21
2.090335791496992401e-21
1.743852890671041491e-21
2.643001985832779793e-21
2.015968708318255937e-21
1.726062783107620618e-21
2.261392680997000812e-21
1.888859022608986708e-21
1.354387194642010788e-21
2.483391660700782161e-21
1.821526276038851494e-21
1.500671449986081138e-21
2.058151203393953083e-21
1.426627954659807495e-21
1.843815578610492917e-21
1.138901460397374806e-21
1.769394670720328560e-21
1.294791277345527375e-21
2.128088264043677656e-21
2.378440376843625232e-21
9.519587440494083345e-22
1.928126385333660156e-21
1.792802348941040758e-21
2.052756862549184465e-21
1.123819513104951740e-21
1.472364503212850050e-21
1.398751040680014309e-21
2.262926909991607007e-21
1.621485750381941886e-21
1.609131971664372013e-21
1.287242111077438024e-21
1.409483672029022300e-21
1.383060678033971682e-21
1.415362524808886897e-21
1.225680044175950626e-21
1.512898384715891079e-21
1.493967725496493751e-21
1.286560652861552259e-21
1.639571974741326022e-21
1.664886258919244399e-21
9.496811628687559587e-22
1.258632205109303016e-21
1.271405356078130340e-21
1.366710609934138988e-21
1.237449151777135132e-21
1.151482870407286349e-21
1.303006465934195730e-21
1.051460006500102039e-21
1.262855614215266421e-21
1.224044456555742965e-21
1.209200467875677798e-21
8.265192685023142188e-22
1.170138102730803364e-21
6.604270404106633965e-22
1.282817611327646500e-21
9.034038036241318517e-22
9.157115719442110849e-22
8.340838060267449688e-22
8.599523040115877838e-22
9.323716349938719160e-22
1.576693485270188172e-21
9.927769493632885863e-22
1.145817016080056519e-21
9.595832877455019265e-22
7.955629761356078474e-22
7.848423872201520835e-22
1.123225813476082393e-21
7.705764505919017961e-22
1.021964982787474291e-21
1.035489388389092868e-21
1.112887864546974238e-21
1.033138266358534584e-21
8.460121303758888069e-22
9.981192603507548376e-22
7.865360992145063354e-22
8.419278368280257685e-22
7.833507396372652160e-22
5.705039565790253228e-22
7.009305298219366056e-22
8.432649260175324358e-22
7.977550487648612716e-22
8.477107471308367448e-22
1.162637034608212745e-21
8.420220492319203510e-22
6.639702535939421053e-22
8.475292034458085014e-22
8.769987594327899731e-22
7.339874939962997585e-22
9.073439414236137783e-22
8.631221655133690681e-22
4.750634218590078518e-22
1.042351505475208005e-21
1.149743219702356665e-21
9.867143113521040647e-22
7.026066095960845075e-22
9.197451175133544026e-22
9.041044748528615265e-22
7.672893420326495917e-22
6.992746512350963175e-22
7.411192345279939158e-22
5.874424155502462342e-22
6.219447376912682713e-22
5.384844336213166130e-22
4.907968272010621323e-22
8.594954242431742485e-22
6.228713545291983653e-22
7.106248989241480632e-22
7.263993909275044745e-22
5.757174957761756660e-22
4.368660525198425617e-22
6.899110992530042427e-22
5.614004654749722703e-22
4.937230212762864574e-22
6.207497304542796350e-22
5.329459314344306892e-22
5.554702673925835388e-22
4.602781157157326317e-22
5.621289585261149520e-22
4.176225990062346909e-22
6.785652128319467825e-22
5.237551593637616599e-22
5.242293057746464495e-22
6.567329841915989224e-22
5.697003525956547999e-22
6.084966013766162508e-22
5.491834387898218144e-22
5.725724308115250655e-22
3.538454625410799202e-22
5.783346562317340250e-22
5.999768747567726353e-22
6.003853440091677152e-22
6.279352800883892996e-22
5.982292750637828662e-22
5.829929437557277069e-22
3.256650183358542135e-22
3.633994464186466606e-22
2.568230098220698158e-22
3.950947626332715119e-22
4.434955091880380049e-22
3.919460860047892279e-22
3.448673074334143774e-22
5.505653242721180334e-22
6.029249653129005717e-22
3.026917922132935386e-22
3.920158597508951271e-22
5.407239838205790928e-22
4.414367336432558742e-22
4.082907286475282698e-22
4.665737545302649371e-22
4.084147177293136177e-22
4.583155309699324682e-22
3.557582039280831682e-22
4.972367791421161232e-22
1.394576648740313284e-22
3.718933825153807933e-22
4.217697608447150050e-22
4.088325911889537692e-22
2.913373793426266982e-22
2.770307892449002503e-22
4.062252716501309460e-22
4.224627023628442739e-22
2.915398377173672932e-22
3.163318282600434374e-22
3.442369434923753122e-22
3.942146503573764549e-22
3.657525537779565254e-22
3.754445400130244369e-22
3.457028956791705699e-22
2.585493939250196892e-22
4.533523649268078782e-22
2.286030275660851584e-22
3.035932159512159093e-22
2.387912531675757251e-22
3.190148499122137005e-22
3.159515835307820157e-22
4.361888939005382320e-22
3.506389469082989596e-22
2.229908344603785538e-22
7.780582342983898414e-23
3.455033916897188535e-22
2.492215981121729134e-22
2.487393964832535178e-22
2.804987254070405248e-22
2.817063120439702533e-22
2.129039067552430832e-22
3.744576683970221432e-22
2.220877377730479634e-22
2.282592915774391634e-22
2.717320850027050275e-22
2.441638082751533166e-22
2.991338128157395675e-22
2.290279977166167338e-22
3.527862028686542293e-22
1.706679496562438521e-22
2.683740345029700100e-22
2.519337011644404646e-22
1.338555413089240230e-22
2.785137407980728084e-22
2.378413866167016332e-22
2.765289788450929106e-22
2.520332604018654685e-22
2.701410778697779327e-22
2.197661915131690523e-22
2.292290385787143417e-22
2.617392613122134659e-22
2.431440622628592423e-22
1.849408291717721187e-22
2.298563475112332342e-22
2.198274974421564774e-22
1.936201412773252570e-22
2.257019180667061612e-22
1.598001549723883923e-22
2.491941538709637361e-22
1.876620064270789752e-22
1.204864891997566214e-22
1.649906192490126292e-22
1.838903608438726961e-22
2.066031399371842318e-22
2.121152929951160031e-22
2.360587228053672418e-22
1.640240922608263295e-22
2.211114779338931929e-22
1.687137042936395840e-22
2.320349579696561130e-22
2.166207542176588706e-22
1.939143668000801928e-22
1.278810406531032493e-22
2.118785312146338110e-22
2.087925901570864264e-22
1.226487992591330791e-22
1.906679129405456915e-22
2.161701857471540012e-22
1.360278802927362887e-22
1.470864068741961388e-22
2.088318534308018117e-22
1.422706521900422550e-22
2.227121039731598468e-22
2.032430954178860976e-22
2.208276365391314568e-22
1.963738365989439860e-22
1.104481364125660010e-22
1.799003848725382378e-22
1.329285983211049523e-22
2.025216773553091306e-22
1.644350720789554443e-22
2.052752650867174022e-22
1.615559891740927050e-22
1.448963794925092736e-22
1.656987843142117807e-22
1.264619419778811973e-22
9.049026958638901132e-23
1.059823969703782246e-22
1.535465905598931648e-22
1.697281946794316376e-22
1.296241524591291816e-22
2.293349959186359402e-22
1.400000939635086485e-22
1.197459644906552914e-22
1.592844833798569057e-22
1.480137125897802384e-22
1.908339764251027306e-22
1.473101014635242471e-22
1.425346302357557507e-22
1.623258556758776853e-22
1.227627921922600914e-22
1.787415413610378139e-22
1.146657153582656478e-22
1.249777915426941656e-22
7.483397568912921398e-23
1.362696490400172626e-22
1.261830097115079919e-22
1.211529059803386371e-22
1.543266512089301359e-22
9.070156618250980130e-23
1.388881978047339089e-22
1.101309675426750852e-22
1.081620916041221412e-22
1.812173765674362205e-22
7.079483213055226046e-23
1.697612284762614913e-22
7.173380496422168370e-23
1.044797360623237009e-22
1.162604942128790744e-22
1.133275224928201115e-22
8.946518727820056328e-23
1.065772041629678141e-22
8.776160979411821159e-23
8.278170205661178019e-23
7.969900917272220022e-23
1.075354725337158116e-22
9.757257814064706430e-23
9.659510645712824003e-23
7.134891290717131600e-23
1.253814201930425379e-22
1.168075436922615267e-22
9.328498022305237424e-23
1.104981120297938639e-22
1.257529908523778920e-22
8.304548663816637838e-23
9.148769942010341691e-23
9.190017308993741922e-23
7.743082535208906675e-23
1.352840869357746291e-22
1.127933707388510825e-22
1.327726014836032391e-22
1.124464250614498727e-22
1.003539858489684725e-22
7.977225099867573431e-23
1.005429011246546320e-22
1.358004720996246567e-22
1.045161874143423082e-22
7.972874517876926929e-23
9.194592651866771054e-23
9.098322314476274176e-23
4.127126545612559367e-23
8.272588308571993514e-23
6.896668500914919311e-23
9.111401130539262334e-23
7.125804017037512304e-23
8.127624932957778901e-23
9.792149471023678353e-23
8.688978194899659808e-23
7.402701323666845603e-23
6.618097795639140422e-23
1.210501862601624777e-22
8.654110780969638946e-23
6.413917576577322265e-23
5.315609905969781522e-23
8.977184842505737088e-23
9.420301756005531522e-23
1.043934430099520320e-22
1.081542627976026339e-22
6.404783980555247703e-23
4.738976768489864727e-23
1.066491084406550469e-22
9.795779653554395873e-23
5.391156440706728456e-23
8.954731480989367957e-23
1.057657372490767989e-22
6.684919011291013997e-23
9.783107264181595082e-23
6.379644435949968844e-23
3.431727015315893846e-23
7.224392911933943389e-23
1.012794649584458960e-22
5.571077953065828954e-23
6.241465501683467051e-23
9.804310055584118520e-23
1.063876123547996600e-22
8.565518178343981686e-23
7.440300028373080973e-23
8.223951022119193747e-23
2.355174595986510292e-23
5.817056545546546726e-23
7.469465094991381048e-23
1.033050792061938910e-22
8.006506486935272509e-23
4.859348353749025577e-23
8.513756814439876914e-23
2.994864763865200250e-23
9.293133991875414022e-23
6.354536038634259833e-23
6.096761824347138615e-23
4.767217225321608036e-23
7.276346443948611449e-23
9.102956747990590260e-23
7.952584608472082124e-23
7.432668485764814816e-23
8.152667158860816295e-23
7.883663988417761854e-23
4.531873091294720099e-23
4.316513607781600386e-23
5.881402965936250101e-23
6.789380871300706815e-23
5.800273943071267546e-23
7.676882374294258146e-23
5.650669986595402552e-23
5.502066863691545499e-23
7.239772621050547552e-23
9.584935335194427266e-23
6.172737597255444385e-23
6.812643572151435248e-23
6.817977689726454125e-23
5.821530598693450237e-23
5.944828272642130933e-23
5.064762366978952203e-23
7.353739100767573750e-23
9.147808042265623948e-23
5.857074382820704019e-23
7.380312429321207939e-23
5.489862918003242283e-23
7.101571740738996251e-23
2.941799600002901110e-23
6.758920778416616169e-23
5.252409374747817467e-23
4.795936649320166274e-23
6.963283002069750659e-23
4.415163986234854329e-23
4.687473697783356118e-23
6.549124119162116372e-23
6.884510186205725887e-23
3.744360601383595943e-23
6.733357268962963255e-23
6.813894619798651449e-23
6.213608572907488448e-23
5.756284867838283041e-23
4.872836675682282870e-23
3.728952146729825370e-23
6.688771627892919184e-23
6.380995091459875958e-23
5.689262004585688673e-23
5.926259078275233546e-23
6.348526051107448140e-23
5.350324876996541245e-23
6.088579308680449009e-23
7.177079446256237335e-23
6.088155834662645787e-23
7.125951614633317406e-23
7.493828111354841860e-23
4.168998824742464110e-23
5.413457305819663152e-23
4.762420671831455480e-23
4.560322816960030518e-23
4.965762557238111659e-23
5.538143377505027538e-23
3.615262200777511885e-23
5.705097681132396110e-23
5.300657644898315104e-23
2.287554102135082251e-23
3.759346735587679538e-23
3.888879959944773821e-23
5.389971794788482390e-23
3.887534860567476538e-23
4.529037170192010677e-23
4.302396462722168837e-23
3.044904910521726390e-23
2.980656665019268823e-23
3.861878864338036878e-23
3.002033021447604258e-23
5.010176574593093912e-23
4.697946045052949314e-23
3.194420192507600515e-23
6.005326948776478847e-23
3.283020482879882059e-23
3.893597164250462541e-23
3.950605308534931303e-23
6.824504181671768454e-23
3.071321271285896453e-23
3.664933217514664377e-23
2.729205086882791513e-23
2.632827946931868271e-23
3.178963308181669383e-23
5.000323695763642888e-23
1.748424681621767495e-23
4.257291048515797387e-23
3.973557330728355219e-23
4.280119662649030054e-23
2.903908630637969784e-23
4.055827689465397921e-23
2.027887097102740471e-23
3.397773274178412471e-23
2.632834490758471303e-23
4.138790813111939359e-23
3.978243361065049347e-23
3.961260995780321996e-23
3.894045747381163715e-23
3.636893861378171314e-23
2.038791421480185550e-23
2.996442474834883073e-23
3.344329407206111334e-23
4.035199087995804496e-23
2.470306000003068593e-23
1.865752886160294018e-23
4.173728568129716206e-23
2.595697854266807368e-23
3.350946613607774711e-23
3.027068560683243077e-23
3.263141006855840232e-23
4.746773422584330972e-23
1.941490997305872924e-23
3.843297520174453257e-23
2.685090905092991823e-23
2.896873585226019886e-23
2.313831879626142085e-23
3.175946134621725437e-23
4.384466160526544802e-23
4.156034891025762450e-23
3.329795188349665276e-23
3.765617848037652604e-23
2.879618847810889040e-23
3.261945171219323854e-23
2.103808083768563887e-23
4.303352895896721831e-23
2.061911502318244693e-23
2.660560574571095560e-23
2.402475297819979866e-23
2.677947646899852603e-23
1.834060880399005134e-23
1.826868492177163650e-23
3.036564290988176412e-23
2.473816341699496939e-23
3.122533362936545829e-23
3.414840239683420083e-23
2.561382757225439943e-23
4.638595461489691837e-23
2.861423667850811535e-23
4.576359120521309245e-23
1.262768118895686675e-23
4.077737723655545190e-23
2.520547215807926468e-23
2.711701454978742062e-23
1.800638429153044069e-23
2.156585593859384641e-23
2.628456947888879429e-23
2.785767577982165221e-23
2.324513684748166289e-23
3.176699212308072140e-23
2.969957401555277754e-23
2.630035626566343233e-23
1.231676251526226356e-23
2.719129858887146464e-23
2.011593251843262432e-23
1.241427829079353212e-23
1.377678184365945574e-23
2.412284805471045002e-23
2.783657591965672575e-23
3.202997577038758843e-23
1.482638772104389704e-23
2.189225211126114886e-23
3.159648270142367521e-23
1.359663905226713136e-23
1.037149979809411550e-23
2.463160598256905747e-23
1.776491272560165980e-23
2.354679156807384475e-23
2.079106861363740846e-23
1.584795853573162653e-23
2.521221957702520571e-23
2.307298158610874003e-23
1.831381706221065083e-23
2.916016609362925801e-23
1.380615412340858602e-23
3.128179389413251228e-23
1.865252384156100335e-23
9.146888179080751586e-24
2.865201354286404213e-23
2.732466812225243586e-23
1.999090762244378908e-23
1.316994446057652774e-23
1.909307076619834525e-23
2.383419970451871064e-23
2.020670342272809282e-23
2.278171525424715414e-23
2.076988822894515506e-23
1.048325082426945125e-23
1.749072519144554031e-23
8.791973771858512009e-24
1.860654054359882152e-23
2.255890440348693897e-23
8.558367392212193811e-24
1.736967641753323735e-23
1.366825200916893824e-23
1.119981457916903919e-23
1.044391551751589587e-23
1.602898442549966198e-23
5.279012391536791946e-24
6.961109237720470812e-24
1.808403765716021602e-23
2.072812169206962214e-23
1.497873894684660553e-23
1.822468010915275317e-23
9.159103702633514102e-24
8.184867287124619608e-24
1.730305183316238618e-23
1.195872787849340104e-23
1.849271245111596470e-23
8.598061011866590239e-24
4.645976343382284420e-24
1.978731109561040293e-23
1.819643386440513099e-23
4.772225715826194273e-24
2.582185689285618914e-24
1.551874912328953604e-23
1.887999955040474599e-23
9.981554720874385046e-24
2.003680207391715763e-23
2.592877055703410116e-23
4.925957927354392720e-24
1.240414084161371322e-23
1.033198063755457321e-23
1.199901708449099488e-23
9.701848745543089128e-24
8.157162220074373642e-24
6.201068317903746213e-24
7.166121733680893595e-24
1.621236025336512988e-23
1.586725916827317088e-23
1.048777473500207428e-23
1.457420853945809164e-23
4.541177781511386669e-24
5.820760470389897595e-24
5.741141038950164532e-24
1.445912474963957982e-23
1.315910406249851314e-23
1.850446175140896201e-23
2.068627235631537287e-23
7.313292088911192715e-24
1.018189867388978035e-23
1.515335543011312885e-23
8.311659650700834237e-24
1.067071906465469292e-23
6.983156377333545682e-24
1.324379640661715773e-23
1.043556318734756879e-23
6.755980341805770637e-24
1.787019401178202101e-23
-1.146470083104552436e-24
5.763580384995332483e-24
1.312366839049737225e-24
6.233940341588112328e-24
1.262920458743435072e-23
2.085312655771145564e-23
1.162123453956519193e-23
2.675378248568956896e-24
1.761087748950321318e-23
9.443442506053126093e-24
1.586306332113863590e-23
1.711685913998653193e-24
3.715939849607366415e-24
1.091789364875029786e-23
4.460473766913368037e-24
6.958312842483461404e-24
1.137504848995834924e-23
8.153264054750039646e-24
1.657898857495752656e-24
9.021458149862894139e-24
1.110519495855161892e-23
5.640674244803602688e-24
1.348383938942877419e-23
8.631201645152496439e-24
9.139850614473973414e-24
7.326535798577920959e-24
5.849832599481369847e-24
9.826995249992865026e-24
8.069047940126672295e-24
4.209589887800461300e-25
7.580761484739621113e-24
3.849563497030132346e-24
1.596715730940085118e-23
8.826835364472679734e-24
1.177964030432957304e-23
4.819834431090561816e-24
5.332383670877480250e-24
9.071990779074554664e-24
6.202869669368546525e-24
1.820526176547724178e-24
8.248421676243229764e-24
-8.542046745207744899e-25
4.412600110299849727e-24
1.528383611594513783e-24
-3.749317449090896616e-24
4.847323885112272434e-24
4.725261504503190831e-24
8.802597070609660329e-24
5.246286071222467833e-24
6.006965357075132874e-24
8.740389759149601026e-24
1.341038205442750847e-23
4.266807902900331268e-24
4.039311424587999348e-24
4.021500544448923832e-25
3.036932663787609109e-24
6.302739379306055872e-24
1.385214733137280972e-23
1.015827838305547609e-23
8.575742119945243442e-24
-3.412222633140151997e-24
1.337061095494096832e-23
9.119002598020138837e-24
2.906763689758480649e-24
9.489464409646344200e-24
9.203213305543899032e-24
6.479917524160982271e-24
-1.476401511669999557e-24
5.888776508873415175e-24
6.926894026995931250e-24
7.018428578932830062e-24
4.337524277326854066e-24
1.924974083675129231e-24
1.646528878540591491e-24
5.442236446400057149e-24
1.124753773029565066e-23
9.641287256897410687e-24
8.080147445679443250e-24
-4.194978176889311665e-24
6.294641616803530370e-24
9.294277230475091996e-24
2.065195508858785960e-24
4.176182995397476604e-24
1.036215685172241394e-23
3.064952484755471043e-24
3.896371385640524120e-24
2.904508629211979312e-24
3.607130286613544283e-24
-8.419348221357104163e-25
2.484205113203183765e-24
2.120924018134251831e-24
-1.818766413554246751e-24
6.578552370888156272e-24
6.398734578781599893e-24
8.405256312690842365e-24
8.019455751904930454e-24
3.074064234086579901e-24
6.179029372773327707e-24
1.114078918352134423e-23
4.792106904377736491e-24
3.198347255657813731e-24
2.507827819730836496e-24
4.290427779177453860e-24
-4.680603246582637162e-25
3.357540848340783519e-24
6.263459023006667267e-24
4.726212862493139854e-24
3.651562108180692510e-24
5.487388818964704514e-24
3.501296483216038578e-24
9.112760148401853039e-24
3.641137401688600919e-24
9.382740695788853192e-24
-3.378606733674290790e-25
6.050601504916387137e-24
4.285696025791533926e-24
4.025694041483569017e-24
4.154047854126177529e-24
-9.161792893656403958e-25
9.160598958091885288e-24
3.850222038863823850e-24
4.108094637826706061e-24
2.175377434892391317e-24
1.679204017530986846e-24
2.559115095044987143e-25
-2.452145401088380178e-24
6.970347520371319696e-24
7.446680868559767399e-24
-2.433008152953967897e-24
4.943189860133260110e-24
4.210066785973641411e-24
-9.209156381825615736e-25
1.303369702535358044e-24
7.715125048536855690e-24
-8.673015992709518290e-26
6.861476723004086464e-24
8.285708999579210888e-25
1.101178586768038428e-24
9.989054920513214634e-24
1.744652987981509768e-24
3.701849527528121702e-24
1.738525759979047468e-24
-3.839646786908196964e-24
4.220233370873530334e-25
-2.729482734787566436e-24
-3.143966028177098536e-25
4.211037712886233279e-24
2.305292380229825302e-24
2.658063132975841004e-24
1.185625332140921617e-24
2.440153580172929344e-24
3.928352344113770531e-25
-9.146042373047448160e-25
-5.703722288714400380e-24
2.543279363709317839e-24
4.022766351344337624e-24
-3.595115845852436964e-24
4.444862835491355876e-24
1.983424681995769863e-24
1.290248865710455129e-24
3.542502157684652122e-24
4.555548641826863087e-24
1.546624116453078596e-24
7.339042646223638994e-25
6.532142104259847504e-24
2.371332718006045207e-24
2.194913745488778157e-24
3.677632596648059004e-24
-9.282266830923558120e-25
-6.333844361113297578e-25
2.142736662627863415e-24
2.445163542165069816e-24
-1.204184251569347868e-24
-3.628469226770815463e-24
-1.256675367762232404e-24
-3.033139104124480723e-25
4.779698024240439911e-24
-1.414374674502848645e-25
3.849416304033677031e-24
-6.030773768172985410e-24
-1.169319738890195426e-24
-1.582897747000287788e-25
3.328344460836511776e-24
-3.558450165372869696e-24
2.607337518265755776e-24
2.090783710393655434e-25
-2.621912486401225900e-25
2.458263542059657599e-24
-1.769619031943074279e-24
1.779816635865797119e-24
-1.171372626717352856e-24
1.849203953881214938e-24
8.090458166616740947e-25
2.343631987967382383e-24
1.613941482281282352e-24
4.667501332174133275e-24
2.099446981882456766e-24
7.500496916141413848e-25
1.785360698012111836e-24
1.422762172197564092e-24
-3.144776918263780901e-24
-6.967383228746068184e-26
3.281086592898863196e-26
4.413922728765873947e-25
1.992411254407043578e-24
-9.753042970881176127e-25
-1.168211482227565276e-24
6.758761799508641504e-25
-1.020443605302298369e-24
-2.429586932830662589e-24
8.150316288919050216e-25
-2.725260927039293051e-24
-1.455764701035210397e-25
-7.901016512626596644e-25
-2.220293785586604722e-24
-4.063710033548019282e-24
1.823236869024162611e-24
-1.465748946218927908e-24
-3.404546457199218977e-24
-2.381450817050298145e-24
1.047331550349820996e-24
3.061306756360614965e-24
1.626354428977775111e-24
1.167033609323313564e-24
-6.893747774213464767e-25
-1.331795825999899150e-24
2.668166490184837340e-24
-7.399715279834248243e-25
-5.476165153670885131e-24
-1.000641637531061492e-24
-7.286103744664346456e-25
3.269126906129794249e-24
-4.955190431559506048e-24
-1.514693459862602298e-24
-1.669830721485963031e-24
-3.002090375343264930e-24
4.070451595242792422e-25
-1.487579361120679220e-24
-6.341146022209851232e-24
-1.309842791381729702e-24
1.265724323954423739e-24
-3.468393902077759002e-24
-9.490863001512831730e-25
-3.666381173456153670e-25
-1.366135546673842823e-24
-4.612714575460558031e-24
1.519802097351050485e-24
-2.907889045697685390e-24
-2.387013587033431523e-24
-3.268440031989333188e-24
-4.836928696083682952e-24
-8.875028800416498040e-25
-1.189402168505948732e-24
-5.638660791499864688e-24
-1.515267780881616580e-24
-1.302542021894630596e-24
-2.705966372849956869e-24
-1.722109646995474158e-24
-1.350183382242468864e-24
-4.677699066056964026e-24
-3.060297092823685867e-24
-5.303087426835261906e-24
-1.507105369583932382e-24
-4.541140548478834489e-24
-4.152438613097366803e-24
-9.920509661071628087e-25
4.513106291536957946e-26
-4.322766454909767064e-24
1.273066726157898777e-25
-4.582914361993436766e-24
-2.261068270555194627e-24
-1.962782246344018114e-24
-3.978514374573120210e-24
-3.874736512213411641e-24
-5.389795903144071952e-24
-3.896295549408430302e-24
-3.529409020336130876e-24
8.312706116526358809e-25
-3.178766113716686158e-24
-1.488689001111371802e-24
-5.274176036345086936e-24
-1.700883740258055987e-25
-8.527647779243922552e-24
-2.745723937656507422e-24
-1.885368502832520061e-24
-2.826316219081381766e-24
-4.469236532128788523e-24
-4.596169450125019904e-24
-4.255987222852955350e-24
-4.574736440915853986e-24
-5.791258827737273179e-24
-3.829158005772933910e-24
-6.311024918164926034e-24
-1.841114905870722059e-24
-4.014182737904634668e-24
-4.175375848866268555e-24
-5.032597726707064163e-24
-3.830727439397567866e-24
-5.362110788606994858e-25
-2.052671578228946239e-24
-5.171532062022255097e-24
-2.847719222165851845e-24
-9.411977988034843403e-25
-2.427134440394717406e-24
-4.184131797068087983e-25
-3.767402257086670057e-24
-5.485814072352305107e-24
-2.465468663881430244e-24
-4.150631333408558724e-24
-7.255216989831938906e-24
-3.990983881666818246e-24
-2.741597014561259569e-24
-6.619241077120682454e-24
-2.370002964952293064e-24
-5.732372475084839397e-25
-4.758041406532149415e-24
-5.173434646937217562e-24
-3.856094066498687315e-24
-7.159826239202172247e-24
-4.011457028090102907e-24
-7.209267810098124451e-24
-5.956984937766968931e-24
-6.537913894450232469e-24
-5.671824040078676406e-24
-3.376414583317881778e-24
-6.053547569673296567e-24
-5.762962802492177604e-24
-8.695045939529936596e-24
-7.029708920741539889e-24
-7.754126114896739933e-24
-5.265050067223440491e-24
-3.435148857542095024e-24
-7.684843813690409530e-24
-5.866419222008768875e-24
-4.051077450302606799e-24
-3.917362922298946163e-24
-4.446168535586700460e-24
-7.958914057928158748e-24
-4.535251499089815318e-24
-4.616289862079461554e-24
-3.871700849732250065e-24
-2.691566094427808615e-24
-8.064631375310959466e-24
-4.462122449170830110e-24
-4.272687622834868339e-24
-2.829710429497696407e-24
-4.210330428484938783e-24
-5.927364230539123920e-24
-9.212700546006843960e-24
-3.946162925310373794e-24
-7.399014043667516628e-24
-5.110311068429914546e-24
-7.519005500239633716e-24
-3.460152018110421029e-24
-4.659344623053189809e-24
-5.773424259070950606e-24
-3.929055115873486870e-24
-5.839474266563629517e-24
-7.269331143861317063e-24
-5.549960172077891944e-24
-4.331423767371224876e-24
-4.893484185798936443e-24
-4.365413819797464187e-24
-7.104579818362673188e-24
-4.325601953117108583e-24
-3.892467835401139043e-24
-3.747755805306495157e-24
-4.728104072122900870e-24
-4.407446643011422199e-24
-3.400088051909089035e-24
-5.047269305307290920e-24
-5.397043694524533113e-24
-4.893959327872420860e-24
-2.357580217627938137e-24
-4.194776210871935814e-24
-5.170707311202457384e-24
-5.525085643612549458e-24
-6.128958034329281275e-24
-4.688079034946818099e-24
-6.419270824936750733e-24
-2.741182354702457926e-24
-4.384557153303957638e-24
-8.768076215729790013e-24
-4.248763757712911528e-24
-6.446423448239653843e-24
-5.762540985062867200e-24
-2.869544071085481968e-24
-6.338170580880954096e-24
-5.666975929393901931e-24
-5.795468495574986388e-24
-5.129035463711603148e-24
-6.265016537654917876e-24
-4.815064734148093299e-24
-4.691187386513302592e-24
-3.923667042689021836e-24
-5.585645002794935232e-24
-7.260448832302560187e-24
-5.963477397565829311e-24
-4.998335246230920818e-24
-7.395188068563833141e-24
-7.894346263395942128e-24
-4.275031163212571142e-24
-5.934702141556357577e-24
-7.975167922750325850e-24
-6.119055872501830838e-24
-4.377141882546185718e-24
-3.712533808564422697e-24
-6.659666691192695511e-24
-5.982170839295253193e-24
-5.271063140022275533e-24
-2.830474634114066286e-24
-7.188575228999781829e-24
-3.752609243898648891e-24
-4.166973730012123566e-24
-8.209411603513016281e-24
-5.728330805909174939e-24
-6.116855831881467343e-24
-5.797284655472134654e-24
-7.021744774387419055e-24
-7.348305455244400954e-24
-4.693823416348275377e-24
-5.817166270002331192e-24
-2.966048023894119936e-24
-5.034370660727208883e-24
-7.181779082202762182e-24
-5.609711874714576939e-24
-6.414021238797226230e-24
-7.173106038425679827e-24
-4.981157277769596266e-24
-6.380651442903556643e-24
-5.593842378208187536e-24
-5.941386759486115736e-24
-2.456643577283433381e-24
-6.563243395935746819e-24
-4.415429895133276688e-24
-5.150502644956690933e-24
-5.354814013439804019e-24
-6.115119264491359099e-24
-3.743559200475605433e-24
-7.092500480985536891e-24
-7.029216714270392019e-24
-6.647507707189541718e-24
-7.163055116728742056e-24
-4.791912535901412041e-24
-6.580353491531910932e-24
-5.897747777969477482e-24
-3.603276396525399650e-24
-8.169524794541936059e-24
-5.058466417901269411e-24
-5.999459713110098512e-24
-6.252486829126343522e-24
-5.401485687796484494e-24
-5.451506078054767225e-24
-2.237570376722531959e-24
-5.025091285881845850e-24
-5.258699450322273410e-24
-6.913603211393520702e-24
-4.556619739091918941e-24
-3.821310399407556348e-24
-5.001988964551183850e-24
-7.119222557809801747e-24
-3.857078372377644513e-24
-5.684604384828950914e-24
-6.750183380169860138e-24
-7.769163114871229791e-24
-6.268613677870532238e-24
-8.448196722209716831e-24
-4.562790570399638085e-24
-5.301696418216079692e-24
-6.810020433060571074e-24
-4.419583036399496350e-24
-4.876504554197731741e-24
-6.007340758445528242e-24
-4.438120903530485193e-24
-5.136376437991959817e-24
-6.692402429103201575e-24
-4.828269078821164343e-24
-6.258371002459121479e-24
-6.684160220993656358e-24
-6.359615815094157518e-24
-6.422074062247296208e-24
-5.042938827035998731e-24
-6.464406114660411952e-24
-5.851668655263473923e-24
-6.271766990872800750e-24
-6.480864679252192546e-24
-4.091867526055298316e-24
-4.921211105426738911e-24
-6.976934885526593249e-24
-6.958880380730135733e-24
-5.626892803727266130e-24
-7.896217358853668069e-24
-5.224157329466239741e-24
-5.860106366724972010e-24
-4.592573925049181879e-24
-6.440597364932169770e-24
-5.901454667931591865e-24
-7.615996936922225006e-24
-6.472782080687605382e-24
-4.069471193371059675e-24
-7.154976796523842387e-24
-7.439299490524639640e-24
-5.273548952954278066e-24
-7.880715898974109957e-24
-5.205319323905155638e-24
-6.863980016113072079e-24
-5.309531917172570542e-24
-5.606988674828856589e-24
-4.235919991130941684e-24
-7.732819971875635356e-24
-5.518796552259595294e-24
-6.788525552065349190e-24
-7.691969665818051162e-24
-5.625221431158608638e-24
-6.548866615717296210e-24
-9.121246107313427829e-24
-7.224945952481147307e-24
-7.756495551446610680e-24
-5.110182492897942696e-24
-6.037974575834606933e-24
-8.031576140848991598e-24
-4.568924698896417419e-24
-6.389734166678613709e-24
-5.614536696251877483e-24
-4.754248418454330121e-24
-5.397058610498327692e-24
-6.678733499467606656e-24
-7.101670270449504260e-24
-5.547991707369893630e-24
-6.866218056096986212e-24
-3.016589427958027121e-24
-4.189214986669636260e-24
-5.798415993676756333e-24
-5.752587679646081752e-24
-7.000990123619015018e-24
-8.032392874966620950e-24
-7.612266347565962693e-24
-8.065388323291828088e-24
-4.947608789175413850e-24
-7.469669356860899398e-24
-6.977975788203694926e-24
-6.816266890370581658e-24
-6.129833493810728532e-24
-7.729856639279086839e-24
-6.649703566330006989e-24
-8.851549169212985044e-24
-4.874318106150432940e-24
-6.578842680412850076e-24
-4.717011444741463558e-24
-7.051672463119765651e-24
-6.989742284999802135e-24
-7.426850407372231559e-24
-5.589020613926397801e-24
-7.395061063070650941e-24
-6.139458293419221620e-24
-7.471635962209448013e-24
-7.479002897840828940e-24
-6.345052801928823200e-24
-4.987718399957659812e-24
-7.417053782645333687e-24
-6.451766335776953614e-24
-8.284473817195380063e-24
-5.192853733656553956e-24
-7.794442728708819986e-24
-6.743220950867696326e-24
-7.883606350273345288e-24
-6.625205444740552549e-24
-6.489783041911556702e-24
-6.621021205984047096e-24
-7.194469880230367162e-24
-6.870906225567438537e-24
-5.907550398302372987e-24
-7.037180159212739273e-24
-7.311868802713718288e-24
-7.157258298624122767e-24
-7.126812324959198468e-24
-6.283356276000520185e-24
-7.321055210378561502e-24
-7.742181872211475169e-24
-5.967038397842520222e-24
-5.965876140321335941e-24
-6.856929835502140223e-24
-7.201461703015627100e-24
-8.059044313279938265e-24
-6.739981155332582268e-24
-6.293171022905993747e-24
-6.950191119762211449e-24
-7.005421610942467368e-24
-6.584228380133282700e-24
-6.259820411692797236e-24
-8.143043308255711105e-24
-6.714990539040628484e-24
-7.304643958401589393e-24
-7.995322729509842630e-24
-8.005910666515425405e-24
-7.342432043769075050e-24
-7.256535832662740861e-24
-7.278173031281369754e-24
-8.872881404935738670e-24
-8.771370086936724807e-24
-8.054048879275723622e-24
-8.140260553176979656e-24
-8.682121374117254381e-24
-7.868948238288445133e-24
-5.275795134425498956e-24
-6.320827302842485572e-24
-9.933079655910704418e-24
-7.198752963585349312e-24
-7.927835902419474730e-24
-7.985738164337371409e-24
-7.958495037801834869e-24
-7.290148135204626436e-24
-8.693013129138347257e-24
-8.054820984004509183e-24
-7.880402557781128679e-24
-8.246431934194576058e-24
-8.148623272920836291e-24
-8.263294763472054316e-24
-6.915375080222865852e-24
-6.729227236142349230e-24
-7.652475543833296760e-24
-6.457256826615565262e-24
-6.361299547470106985e-24
-7.322183307041772350e-24
-5.824917441875334296e-24
-6.348552227220127436e-24
-7.202721097632251680e-24
-5.463336897543406384e-24
-6.957520907719630073e-24
-7.422676758529226787e-24
-9.295751062605435745e-24
-7.209672031280243354e-24
-6.738366911649031000e-24
-7.992637308225400015e-24
-7.883963609535516358e-24
-8.521209590584289439e-24
-7.929454620215726212e-24
-7.189480012637473327e-24
-6.633872312273361606e-24
-7.642435724446532110e-24
-7.393774548624682855e-24
-8.370459764131000095e-24
-8.641622973035630408e-24
-7.076404465812248244e-24
-6.954361187358779543e-24
-7.489528896607524370e-24
-7.694244105413078197e-24
-8.534250289640724878e-24
-7.301079708331310861e-24
-8.359795448898891294e-24
-9.323253721277655168e-24
-8.216504314342620510e-24
-7.805109600967855786e-24
-7.146813566314147456e-24
-7.386902611440912161e-24
-8.049894455619246132e-24
-8.859249780648799825e-24
-7.326770938084202195e-24
-7.573183505089020744e-24
-6.996089217895698555e-24
-7.559828471057707362e-24
-7.412861418713265897e-24
-8.614670973266954864e-24
-8.297954896159428573e-24
-7.083437918088564918e-24
-8.201126105451437133e-24
-8.242354514627846446e-24
-7.874396929578128627e-24
-7.590981224712518352e-24
-6.797409032021184931e-24
-6.869704305167055212e-24
-8.431406223299478022e-24
-7.525854021878771293e-24
-7.558882774683702276e-24
-6.809313265084233029e-24
-6.852507605695548075e-24
-7.176142414870611987e-24
-7.884201977939760901e-24
-7.939648876709741001e-24
-7.497266382105288165e-24
-8.064083362924367519e-24
-6.347380794022749579e-24
-8.377559406111844517e-24
-7.854584673618545251e-24
-7.145904476491925272e-24
-6.218245432076740663e-24
-7.331178080399533907e-24
-7.533705256350424744e-24
-7.609402944978129263e-24
-8.006005284092101015e-24
-6.460260715422471887e-24
-6.367107087265759702e-24
-7.892885210330364054e-24
-7.888164164126924565e-24
-8.228978524662265813e-24
-6.806066390313251426e-24
-7.712265627874198873e-24
-8.032194088498821940e-24
-7.466993130588485504e-24
-7.944987037660583168e-24
-7.682137172075531227e-24
-7.615773288763423460e-24
-7.315508036338946725e-24
-7.738521927584424127e-24
-8.162932001867629676e-24
-7.724266760476441022e-24
-7.506416908762058643e-24
-8.494848133986360058e-24
-7.290531107319241704e-24
-6.186804253396436644e-24
-7.835431689088452734e-24
-6.001149365223447913e-24
-6.908151668348557378e-24
-7.858685156143984750e-24
-7.981842757116050485e-24
-8.238751078258635774e-24
-7.230967247879703920e-24
-8.172505092301083911e-24
-6.237023966412427119e-24
-7.690684749378941088e-24
-8.058109283548350895e-24
-7.119009741258022191e-24
-8.542737008945608734e-24
-8.228465992276010778e-24
-7.024806171921842397e-24
-6.977291471999840311e-24
-6.691335625953042040e-24
-6.138825772600588493e-24
-7.468239508693951781e-24
-8.202211937122234073e-24
-7.731521769237369831e-24
-7.318134869833156789e-24
-9.069632072484859456e-24
-6.971875161030749686e-24
-8.371174016398921665e-24
-7.179420227827642608e-24
-8.143166007714160272e-24
-8.189473927889145934e-24
-7.200143611884078076e-24
-6.887070294914826897e-24
-7.466547452734348454e-24
-7.559509818305735077e-24
-9.105269464012493467e-24
-6.299587946893548124e-24
-7.265387198093357789e-24
-7.081264067598688174e-24
-5.759343999136031007e-24
-7.604995600122794895e-24
-6.771827621397755520e-24
-6.357315336583041691e-24
-6.019085209676642238e-24
-7.448303540179126656e-24
-7.261774200903354555e-24
-7.688789872214276508e-24
-7.618492917207281434e-24
-7.380542039852630666e-24
-7.103780141229112742e-24
-7.682608782578357506e-24
-7.060004737778541203e-24
-7.267135511115437550e-24
-7.384102567696549187e-24
-7.591389132095013578e-24
-7.165639136356849312e-24
-7.275231651847875482e-24
-6.824181399249086765e-24
-7.710004964571728276e-24
-7.003216860971451940e-24
-6.692552769821368691e-24
-6.672088529193396527e-24
-7.179061951626681464e-24
-7.131449706610489375e-24
-6.692541461635814386e-24
-6.921005004116565905e-24
-6.965462700549695788e-24
-6.293555401933565839e-24
-6.827297604585228593e-24
-6.302981455382324876e-24
-6.961782226612954940e-24
-6.870380238230774439e-24
-7.884415128651423701e-24
-6.781839728029651826e-24
-7.272592727120166516e-24
-6.566943071908466270e-24
-7.540266087264559973e-24
-6.922114173119111349e-24
-7.034752105341274738e-24
-7.348712797697159328e-24
-6.596597398420984377e-24
-5.823953270381248389e-24
-6.852803950998210877e-24
-7.163667116499730441e-24
-7.231201642204675016e-24
-6.524189546941012816e-24
-6.893648309547608524e-24
-6.956407103493896980e-24
-5.931157198430665088e-24
-7.623965785498955782e-24
-7.269621075447347268e-24
-7.047664589158327418e-24
-7.247739977065308703e-24
-5.320753970996563523e-24
-7.150095018921409462e-24
-6.188686192176677023e-24
-6.638533204804704546e-24
-7.313260123498149354e-24
-6.635484506287490356e-24
-6.324720442339685989e-24
-7.263957533938313483e-24
-6.720697060779232608e-24
-7.126426740736405093e-24
-6.602215701676730778e-24
-6.776126393629353014e-24
-6.252595505537352918e-24
-7.522755060671659998e-24
-6.671900022092915756e-24
-6.790267994966155626e-24
-6.326254080957501886e-24
-6.036686016756901694e-24
-7.488885920193679409e-24
-6.232315658552232453e-24
-6.564592334291930874e-24
-6.555444749207081408e-24
-6.373440319592976396e-24
-6.747665964618060386e-24
-6.991133030255131379e-24
-7.298622950296228088e-24
-7.492844298919847596e-24
-6.359223051811663358e-24
-6.841329008480299784e-24
-4.739297820587963842e-24
-7.714042876788643835e-24
-5.655743760305230691e-24
-6.238781636325710384e-24
-6.077217029154168209e-24
-7.130539167455923107e-24
-7.472695442744587714e-24
-6.788270987245008010e-24
-6.652638162837816969e-24
-6.292816294957601272e-24
-6.932137821829017863e-24
-7.114165708756488026e-24
-7.817914090896807476e-24
-6.431469337090711926e-24
-7.421393953849688630e-24
-6.309018052631995948e-24
-6.786599619858555568e-24
-5.646650440420958134e-24
-6.893921530393248466e-24
-7.424750645719324606e-24
-6.695331939208928304e-24
-6.663504111635385955e-24
-6.788462079868648447e-24
-6.242977623008775102e-24
-6.218948089510613965e-24
-6.277775024283243391e-24
-6.970696860830605438e-24
-7.374651635585764248e-24
-6.660794287419546576e-24
-6.173750016411466488e-24
-5.992389096780642882e-24
-6.298516038715811143e-24
-6.342682383118727586e-24
-7.803004172174144714e-24
-7.200291042655785257e-24
-6.840299427032743025e-24
-7.255751170638638576e-24
-6.349217444168654607e-24
-6.782186248024603243e-24
-6.693612871303320629e-24
-6.484075101414253388e-24
-7.414367285584647323e-24
-6.241011694672050768e-24
-6.947623028730493261e-24
-7.468421993590976809e-24
-6.942731931636457831e-24
-7.699589258691768644e-24
-6.975074796419182751e-24
-6.925151336674891842e-24
-7.005950690115921365e-24
-6.993546009032905585e-24
-7.429818824996090357e-24
-6.658891871255461565e-24
-7.606477588822496365e-24
-7.025544589430967636e-24
-6.792219629406048008e-24
-6.624074282715764378e-24
-7.024424900926867086e-24
-6.847486628818045145e-24
-6.745264833062441646e-24
-6.586162816037580349e-24
-6.705900926099439443e-24
-8.022007493903462352e-24
-6.749649936463869710e-24
-6.785451310384837563e-24
-7.164955751150370101e-24
-7.021818139347958724e-24
-7.626019826122742778e-24
-6.257464631290928068e-24
-7.040501856353311703e-24
-7.041932752685958375e-24
-7.078126233757853036e-24
-6.030452321327971797e-24
-7.220605766920773731e-24
-7.530135370763312496e-24
-6.589191322824871324e-24
-5.607512010552733153e-24
-7.873766828831230928e-24
-5.862067981246034126e-24
-6.440453607635684979e-24
-6.889059753526570918e-24
-7.731382962844649886e-24
-6.404645565979980295e-24
-8.179470472102628825e-24
-6.438416013423280210e-24
-7.008675538880094710e-24
-6.557349456721247398e-24
-6.500979385372617380e-24
-7.073366987586410149e-24
-7.410621464356330047e-24
-6.472013303910521365e-24
-7.378790694989539467e-24
-7.088175115601740880e-24
-7.153403983571244261e-24
-6.904474390889582458e-24
-6.769158329843870689e-24
-6.107437201064439432e-24
-6.413609927865819611e-24
-7.302660022813987074e-24
-6.216083922358390660e-24
-7.495965206603279644e-24
-6.703754067598535299e-24
-6.834446137318595803e-24
-7.009357216758263738e-24
-7.223298905055643422e-24
-7.140105372260340195e-24
-7.288296632096581515e-24
-6.349995093815569700e-24
-7.069906477485053374e-24
-7.672419533101317816e-24
-6.945337176681633724e-24
-6.660071759842456094e-24
-6.962750028927873350e-24
-6.218143689313551749e-24
-7.221785188815190455e-24
-6.838718801993855933e-24
-6.606429401696862563e-24
-6.253373092236236223e-24
-6.617170760031078654e-24
-6.394123072208545983e-24
-8.150853540279536450e-24
-6.765462619508153563e-24
-5.961451248344006893e-24
-7.150373760075881441e-24
-6.915581428487165760e-24
-7.232354022575564492e-24
-6.180929757294805122e-24
-6.440027024401805639e-24
-6.975348804879340969e-24
-6.813920499218225799e-24
-6.784869744447045436e-24
-6.821382416884544227e-24
-6.656062479572093217e-24
-7.250258303922148460e-24
-6.520811374025624627e-24
-6.817092302786628942e-24
-7.489633172821020452e-24
-6.592797364140011962e-24
-6.890614063578445825e-24
-6.785558285994155449e-24
-5.511789944923033088e-24
-6.750555472956546961e-24
-7.553884332816314288e-24
-6.752481441184898535e-24
-7.193110581410030497e-24
-6.490443313620368026e-24
-6.781184710519349017e-24
-7.082514481554733271e-24
-6.393337393821890506e-24
-7.021568400647902178e-24
-6.777037318433097015e-24
-6.418034379113608051e-24
-7.271388284027947092e-24
-6.359585804966306484e-24
-6.342821277074237720e-24
-6.002530181866368231e-24
-6.667492719113051248e-24
-6.563994358513257843e-24
-7.023788575370905179e-24
-6.410835029447740875e-24
-6.602118541663142911e-24
-6.429252419194837607e-24
-6.387981088015664356e-24
-6.261532332682560414e-24
-6.461122435064302105e-24
-6.691197064246790141e-24
-6.172563277812023205e-24
-6.950163309190393901e-24
-6.468386858209700751e-24
-6.876112917983838853e-24
-6.616500322789610436e-24
-6.708218755005436653e-24
-6.985334060671090383e-24
-6.189043682241734563e-24
-6.652871673563491631e-24
-6.842936563057177391e-24
-6.208489852847953321e-24
-6.480550388586710170e-24
-6.346448658046873561e-24
-6.926889589324083414e-24
-6.338535354538518725e-24
-6.035359062970809213e-24
-6.339196399396238353e-24
-6.937467995473175310e-24
-6.353943595782092182e-24
-6.485026078556539270e-24
-6.007393393709127315e-24
-7.166830269862956529e-24
-6.179475731040931652e-24
-6.781096928055992812e-24
-6.374483562653406502e-24
-6.247964291892213025e-24
-6.591346569142321258e-24
-6.467726397806867221e-24
-6.261509017895670227e-24
-5.298996674140725661e-24
-6.068451619041490356e-24
-6.561630524737563294e-24
-6.167580285792005567e-24
-6.624113915211135887e-24
-6.527986285766096943e-24
-6.269573034101601208e-24
-6.243376016951003668e-24
-6.568535609807725559e-24
-6.092754679136831520e-24
-6.141225617962444212e-24
-6.809594144970813243e-24
-6.436063719827155596e-24
-6.529032408299461883e-24
-6.326329832426747834e-24
-5.950378115708619826e-24
-6.134353857018084753e-24
-7.135953421088652655e-24
-6.190075336886415473e-24
-5.926459675232391657e-24
-6.633285709738760165e-24
-6.218095699920898194e-24
-5.859062559204416515e-24
-5.483827233063143284e-24
-6.386996318765936064e-24
-6.565165085010193282e-24
-6.077251091334956857e-24
-5.899771511031652283e-24
-5.979692892627763484e-24
-6.054619924641597883e-24
-5.921369792363296609e-24
-6.040760737750863464e-24
-5.935026787275261863e-24
-5.766988893060478515e-24
-6.052223975317153671e-24
-5.896038779301799336e-24
-5.757058620449847319e-24
-6.009105228863659699e-24
-6.380685107576055414e-24
-6.077339834479982988e-24
-6.850913018248836296e-24
-7.022939198167790645e-24
-6.719432007436364221e-24
-6.186487943385702946e-24
-5.481145042089254801e-24
-5.839063160864018721e-24
-5.922907608828469435e-24
-5.612623940071898944e-24
-5.923439507431816851e-24
-5.823830968088703594e-24
-6.035732846104911639e-24
-6.248088379308490492e-24
-6.332060464697793700e-24
-5.826878302071803949e-24
-6.768151252329577623e-24
-5.576836915363088137e-24
-6.228750817629952628e-24
-5.988788043078697888e-24
-6.445029282365012813e-24
-5.811743915706709698e-24
-5.654135644111776447e-24
-6.050864498071061215e-24
-6.181380611612903378e-24
-5.430006776352071981e-24
-5.749481890824900200e-24
-5.992277409283390548e-24
-6.013592703112812570e-24
-6.216949645958704177e-24
-5.872154818398690587e-24
-5.796557795700110479e-24
-6.088673691578268431e-24
-5.779975754890424617e-24
-5.965093045284372380e-24
-5.910673637051820671e-24
-5.512206468191466745e-24
-5.771316331657958454e-24
-6.212271544831100472e-24
-6.122932476996537848e-24
-5.942235676049365447e-24
-5.792684341318868646e-24
-6.007976155335784197e-24
-5.628956168091316861e-24
-5.924952000011508263e-24
-5.777125826626364523e-24
-5.994589793600231510e-24
-5.095595318654183587e-24
-5.926027681326134081e-24
-5.872246694349207482e-24
-5.268640902703616568e-24
-6.072424364152522927e-24
-5.290474231351095168e-24
-5.531094492463396816e-24
-5.809389296209035551e-24
-5.714074188243641009e-24
-5.634530651111815179e-24
-5.457193905104320716e-24
-5.965750671129736836e-24
-5.491199083950568432e-24
-5.622731190200753974e-24
-5.427956417961519219e-24
-5.430916735720769428e-24
-5.540519657038585979e-24
-5.105126994277184907e-24
-5.597291010109927846e-24
-5.361231698659791166e-24
-5.260521538309282760e-24
-5.808937291043593828e-24
-5.560730112972075091e-24
-5.367408386146414851e-24
-5.523717510099369456e-24
-5.884558800867311795e-24
-6.084935674901003214e-24
-5.492272083662042853e-24
-5.499460510443182318e-24
-5.690391046902957242e-24
-5.788334571297780837e-24
-5.726745417542988033e-24
-5.784000779177998045e-24
-5.872477717583042913e-24
-6.072217778655048905e-24
-5.018328178201735139e-24
-5.670326839378647565e-24
-5.405743951348951099e-24
-5.801740561041399108e-24
-5.294432516248307306e-24
-5.880696449941390578e-24
-5.493522730141463216e-24
-5.371648334519619029e-24
-5.259550349012442752e-24
-5.163118860911180010e-24
-5.812582659986692659e-24
-5.631324175388314029e-24
-5.692773717583688188e-24
-5.633280527277177616e-24
-5.632677340930008064e-24
-5.515268457839346694e-24
-5.546093925876286171e-24
-5.426549983628600361e-24
-5.496320104687527822e-24
-5.571612110014392002e-24
-5.995830084171901241e-24
-6.150680143965288754e-24
-5.567412583013461562e-24
-5.902461707607994251e-24
-5.811695421405947608e-24
-5.353148290477689163e-24
-5.434871854199244534e-24
-5.160715697103508342e-24
-5.808630390261418523e-24
-5.213335778915112246e-24
-5.031206843474988064e-24
-5.394612468279253655e-24
-6.133269571702035816e-24
-5.690147054900576936e-24
-5.503033784293106074e-24
-5.559560853902613248e-24
-5.530026453441256004e-24
-5.281175390727941660e-24
-5.128892009183344881e-24
-6.166824801437527600e-24
-5.574242341605763882e-24
-5.836626459739958127e-24
-5.104266622179457251e-24
-5.391804437365201011e-24
-5.411550596356704564e-24
-5.599903162813046814e-24
-5.340233404568473595e-24
-5.290504133343112327e-24
-5.476960668462194152e-24
-5.916058495919665667e-24
-5.153818557615492942e-24
-5.695239478314969180e-24
-5.282980688323161249e-24
-5.886873442626762702e-24
-5.661227327326605440e-24
-5.344407312290009297e-24
-5.305252939735127237e-24
-5.061360336117565931e-24
-5.034730754296532648e-24
-5.174356158218123446e-24
-5.734013034937607805e-24
-5.251264934868299610e-24
-5.587055343167082707e-24
-5.559708229637048973e-24
-5.652832580639997222e-24
-5.597138897792664354e-24
-5.149540978496877631e-24
-4.889680978583771111e-24
-5.692431290288343429e-24
-5.570283690857479658e-24
-5.365801111252694532e-24
-5.589507005095737189e-24
-5.355393612065796221e-24
-5.716521644216633725e-24
-5.601929432000238345e-24
-5.710837289769242057e-24
-5.306826262670560560e-24
-5.219091051915698023e-24
-5.234940938299636385e-24
-5.353009427304091400e-24
-5.534799817542971682e-24
-5.291866740377852478e-24
-5.333370035831250345e-24
-5.183235351707502820e-24
-5.564575605902921051e-24
-5.344259668086352476e-24
-5.159999059776492780e-24
-5.011378872308875217e-24
-5.428280218059267452e-24
-5.524697434571245556e-24
-5.630382253346968673e-24
-5.359388976350013979e-24
-5.089860547395944544e-24
-5.331754068057660093e-24
-5.497698036372914539e-24
-5.495835811278834862e-24
-5.728825184657878472e-24
-5.590173708681061258e-24
-5.451420833906348745e-24
-6.105088545939390921e-24
-5.052305852679688113e-24
-5.030672944171193222e-24
-5.030171453498617765e-24
-5.123273222192938675e-24
-5.628620910983343483e-24
-4.962161040208730023e-24
-5.497324999368617626e-24
-4.923952592900718855e-24
-5.476421019976276821e-24
-5.367608458953878507e-24
-5.583479644403999429e-24
-5.180934737212602647e-24
-5.262949481130211260e-24
-5.129639652062682233e-24
-5.364193495104350735e-24
-4.997081065755815103e-24
-5.150664552462437625e-24
-5.157309102680195686e-24
-5.269999743573099329e-24
-4.963828977412093457e-24
-5.713798020984744123e-24
-5.055474346074965941e-24
-4.821552863938265358e-24
-5.356772065015173502e-24
-5.112387405584638194e-24
-5.067059303414446374e-24
-5.387797365643951478e-24
-5.591015762396068548e-24
-5.651407032112194117e-24
-5.377087672343336008e-24
-5.113059065373379474e-24
-4.828906186026439750e-24
-4.775971415639899697e-24
-5.059545739137782624e-24
-5.572792932128875405e-24
-4.715110894127659610e-24
-4.830454288715754667e-24
-5.152343418040359221e-24
-5.002892113918998153e-24
-4.899433836586276207e-24
-5.633820451184980888e-24
-5.154275100281734284e-24
-5.494318429381017581e-24
-5.018655596861394592e-24
-5.170998858259067139e-24
-5.450199193452139331e-24
-5.009906023105061797e-24
-5.502439957883999343e-24
-5.189743771362755087e-24
-5.148464680524860339e-24
-4.951213586492060442e-24
-5.062074610513313482e-24
-5.022234537372855054e-24
-4.855879780364578270e-24
-4.530886610744097438e-24
-4.927354398835308178e-24
-5.127050831358710299e-24
-5.160447726456948404e-24
-5.325906157119646092e-24
-5.118126556864056373e-24
-4.950587283778249043e-24
-5.027996795163986274e-24
-5.250243858849711119e-24
-5.098443523349519544e-24
-5.337646941567370632e-24
-5.101735817505516890e-24
-4.884674751862990718e-24
-5.069063167361686046e-24
-5.146566278037885189e-24
-4.738708727435294475e-24
-4.764696795629889338e-24
-4.522878062226895933e-24
-4.832407117520157258e-24
-4.889823692848331529e-24
-4.793826804657312182e-24
-4.566398737267416212e-24
-4.815625238926239986e-24
-4.791207859191778971e-24
-4.843222262890544058e-24
-5.109397761733786335e-24
-4.703091401400894901e-24
-4.579344390265692944e-24
-4.729770805525621600e-24
-4.912255152190632582e-24
-4.782351266040630719e-24
-4.704502830318466729e-24
-4.702002764200028511e-24
-4.842878525585660651e-24
-4.849901258787496607e-24
-4.535942880896757174e-24
-4.405802398331669967e-24
-5.027055772081229391e-24
-4.990865424933785914e-24
-4.767332661006805549e-24
-4.607380060211660327e-24
-4.545195407510645807e-24
-5.011415345151127673e-24
-4.636861603949652799e-24
-4.953761489980825233e-24
-4.502122456469706581e-24
-4.746138723914659293e-24
-4.843990616249467875e-24
-4.559904136752801615e-24
-4.966135624227988026e-24
-4.447506347408939311e-24
-4.852792223861816971e-24
-4.659117941910389301e-24
-4.813737724670734999e-24
-4.658506495880022139e-24
-4.968337698453320570e-24
-4.739013987174301563e-24
-4.625294096303803947e-24
-4.518833299112181602e-24
-4.564310976475139951e-24
-4.628506417292485888e-24
-4.412368495925528322e-24
-4.646377171047661040e-24
-4.292480997699029004e-24
-4.387074880614435073e-24
-4.434832686592636275e-24
-4.821322048971221390e-24
-4.636772337302920976e-24
-4.496456149607885007e-24
-4.634762800504568809e-24
-4.434099034908427779e-24
-4.589320052001787812e-24
-4.764765343985092296e-24
-4.906134650226179054e-24
-4.611226380694422356e-24
-4.299913948843596864e-24
-4.299067573701616864e-24
-4.263823294206244225e-24
-4.673925198774495147e-24
-4.237105956582065145e-24
-4.084382378552320922e-24
-4.529133296332422031e-24
-4.247722908449376103e-24
-4.320794861593097714e-24
-4.670903308241870472e-24
-4.727530046902157847e-24
-4.387483274638051313e-24
-4.178763522673469780e-24
-4.502249902180328948e-24
-4.350778254906017402e-24
-4.351393484255190205e-24
-4.857286633059519639e-24
-4.732420435385634987e-24
-4.505872166673541380e-24
-4.266964833191237752e-24
-4.360545111768493860e-24
-4.621848973472719588e-24
-4.300870687433842098e-24
-4.335109709892440400e-24
-4.385460599468188146e-24
-4.414322726651499217e-24
-4.081574248332393849e-24
-4.350941645109469136e-24
-4.342283582353341165e-24
-4.306452698390812496e-24
-4.272965007378572687e-24
-4.277180385336828086e-24
-4.390782388213439964e-24
-3.999674167768406246e-24
-4.575384644020528810e-24
-4.111302860862726311e-24
-4.125133371556124837e-24
-4.396521065800274661e-24
-4.222798004116921811e-24
-4.222984054459073273e-24
-4.264414751811333741e-24
-4.554189236091285473e-24
-3.948574992574700193e-24
-4.006987583725919584e-24
-4.450581256232788555e-24
-4.371452067166586294e-24
-4.185215331463734219e-24
-4.326098361489834364e-24
-3.824957666062831961e-24
-4.323274314449029944e-24
-4.196282272319162733e-24
-4.274546550068805705e-24
-4.131069775427906536e-24
-4.381393140894233946e-24
-4.086821829506266081e-24
-4.118527368185666529e-24
-4.503817992713171561e-24
-4.306438503134108607e-24
-4.233200231816969419e-24
-4.143362361379684992e-24
-3.803324448210972609e-24
-4.041436853565801890e-24
-3.933315879832961627e-24
-4.014002149070638378e-24
-4.142143436512386857e-24
-4.062850689427532013e-24
-4.070686774039013756e-24
-4.043749794003510832e-24
-4.138961998550989994e-24
-4.018223007157169666e-24
-4.075176441891360804e-24
-4.301685366877313407e-24
-3.877852304524611061e-24
-4.032937383931072827e-24
-3.975129365880995196e-24
-4.092410891432542384e-24
-4.158202357488734841e-24
-4.166582754337154457e-24
-4.128165330405688768e-24
-4.169588680861512544e-24
-3.842036212695810319e-24
-4.056129765957334638e-24
-3.934021330675373406e-24
-3.913716751798803786e-24
-4.011456165895593227e-24
-4.029304966231166900e-24
-3.921951565234189807e-24
-4.135323393710828165e-24
-3.789209058666327957e-24
-3.937630965155268843e-24
-3.796900083915756513e-24
-4.103398168639637340e-24
-3.944771936294775687e-24
-4.047626258983119162e-24
-3.997130362106170397e-24
-3.924761530705222164e-24
-4.041772287587264924e-24
-3.857826354613272334e-24
-3.942482346384904546e-24
-3.831943777635700597e-24
-3.901797017763465444e-24
-3.740722253820427166e-24
-3.601908613383616582e-24
-3.803754512100946378e-24
-3.839578948539691042e-24
-3.514754237899442408e-24
-3.818116408957948297e-24
-3.768534010456552218e-24
-4.018771528087826990e-24
-3.841827045297577083e-24
-3.694267450818927420e-24
-4.151821419110338829e-24
-3.903211406107497898e-24
-3.787066974723627346e-24
-3.941415565723253068e-24
-4.072704011345574621e-24
-3.974435766582628269e-24
-3.800836295382352144e-24
-4.173867295228033698e-24
-3.883752681285845777e-24
-4.057037647347972574e-24
-3.852278094757224888e-24
-3.626887484685540721e-24
-3.998805200721626529e-24
-3.898992368647619574e-24
-3.664826532286099376e-24
-3.725836208613183402e-24
-3.707084420796927572e-24
-3.982527595690208805e-24
-4.058726692507360126e-24
-3.728689476192949249e-24
-3.909070721849376308e-24
-3.885864632567503648e-24
-3.789341614254100244e-24
-3.809637627957611170e-24
-3.875377047980611391e-24
-3.905634879116242143e-24
-3.957660912159970231e-24
-3.921137866420988939e-24
-3.614237105440790851e-24
-4.005683400732396706e-24
-3.865121081896960772e-24
-3.861974162498166887e-24
-3.650821451480250528e-24
-3.733986852496486361e-24
-3.728703753303100328e-24
-3.950769255357158685e-24
-3.988978361047148407e-24
-3.699485927519969149e-24
-3.890101157160310998e-24
-3.948458903868359943e-24
-3.953648646556646401e-24
-3.502630336187479665e-24
-3.766538896779332244e-24
-3.512803833435788692e-24
-3.817255543713348181e-24
-3.649148295173938652e-24
-3.734979835772578380e-24
-3.715323153527586127e-24
-3.679527479035065153e-24
-3.407923022156965396e-24
-3.946019322328737800e-24
-3.396112319479501147e-24
-3.730935462597177392e-24
-3.696314775889120125e-24
-3.776563397773139403e-24
-3.646114025607409382e-24
-3.678811983473730886e-24
-3.517155878991367184e-24
-3.665872080153715339e-24
-3.526999674740866057e-24
-3.321355424778608829e-24
-3.369132715338998330e-24
-3.586377757326209136e-24
-3.680723410209464067e-24
-3.770401965019409227e-24
-3.439196401633343088e-24
-3.536078552897092384e-24
-3.651828071002623061e-24
-3.728479114060736911e-24
-3.838002740243275356e-24
-3.605151358708899265e-24
-3.834712108333940593e-24
-3.615655321949924209e-24
-3.573575669078042864e-24
-3.570233890901473532e-24
-3.649218400506907735e-24
-3.480019675688174000e-24
-3.384973421152999238e-24
-3.566211816970055301e-24
-3.566260616375527751e-24
-3.640903865285729613e-24
-3.624870543186017731e-24
-3.449775469890932666e-24
-3.455171243494690536e-24
-3.597241506482530847e-24
-3.507402952854585958e-24
-3.527843430330013904e-24
-3.526778763340686995e-24
-3.610535385610926984e-24
-3.390263550227527498e-24
-3.385855976287157941e-24
-3.402104677848481121e-24
-3.562068303504203006e-24
-3.294151231657847798e-24
-3.727613031076256337e-24
-3.478954381359900817e-24
-3.571499075324968880e-24
-3.530127333319828004e-24
-3.482925828403271239e-24
-3.452648746761176476e-24
-3.481822206397872839e-24
-3.316334786080758848e-24
-3.555453230549040895e-24
-3.436598669741993335e-24
-3.381109613600394026e-24
-3.595300522062319302e-24
-3.529401196787021238e-24
-3.267641145497721617e-24
-3.493081575468536977e-24
-3.530502537456596907e-24
-3.208375936581962624e-24
-3.399713101025503745e-24
-3.232868669168671806e-24
-3.261098121710767864e-24
-3.449237486704441155e-24
-3.480867532416246933e-24
-3.322837474319808456e-24
-3.310799315471770775e-24
-3.204009622519647187e-24
-3.441154302075355396e-24
-3.594886851081985474e-24
-3.136639560299361010e-24
-3.467607706676772627e-24
-3.382791626076537794e-24
-2.968262969802124455e-24
-3.179983137193897643e-24
-3.412889335806360707e-24
-3.194181922682608634e-24
-3.381001961655103804e-24
-3.136794651033743705e-24
-3.273243328091889190e-24
-3.308808383414760439e-24
-3.219187399336390760e-24
-3.258964565675682649e-24
-3.392797201325503916e-24
-3.347964983211211340e-24
-3.261849498767420583e-24
-3.192937410627512879e-24
-3.369723144724340769e-24
-3.312989577509122877e-24
-3.248129155416907282e-24
-3.041876768412093334e-24
-3.182799211746473984e-24
-3.069434930580022141e-24
-3.167387265075932891e-24
-3.090282188298944632e-24
-3.044635798907694972e-24
-2.969326933149491331e-24
-3.239755569943683133e-24
-3.253988743602203314e-24
-3.101324882331272136e-24
-3.148878725779685905e-24
-2.957767581694523712e-24
-3.100885132687168428e-24
-3.220222885102174261e-24
-3.113178670474250402e-24
-2.830161630923693813e-24
-3.033573340495134206e-24
-3.029331149369499068e-24
-3.241724264145538876e-24
-3.062767014773092301e-24
-3.073608074146598528e-24
-2.845632090868751717e-24
-2.935698944078908868e-24
-2.942106438332027077e-24
-3.095923758870050015e-24
-2.995510424379550004e-24
-3.139795670537363078e-24
-2.964199465790283777e-24
-3.107794003335105869e-24
-2.914355248958110586e-24
-3.062622072477152061e-24
-3.038451596726567313e-24
-3.061142445005594796e-24
-3.103429802309730183e-24
-3.055205844998379738e-24
-2.979820404093896393e-24
-3.131620045657703938e-24
-3.094563223352254022e-24
-2.745371968158047258e-24
-3.006075462945500479e-24
-2.859764653675834642e-24
-3.000912574958387821e-24
-2.887340903401874944e-24
-2.971086799349799434e-24
-3.025198363829563217e-24
-2.884433765990956095e-24
-2.806535266175911608e-24
-2.814795071818301559e-24
-2.879007617648907638e-24
-2.763671417428223981e-24
-2.848433562536596362e-24
-2.953949966371450488e-24
-2.981451180377574814e-24
-2.689530735409434784e-24
-2.942836536146656413e-24
-2.862670103019357956e-24
-2.935264960479539946e-24
-2.904552598443666613e-24
-3.066871308807136730e-24
-2.892105174190839439e-24
-2.889983991658625453e-24
-2.710741924671084402e-24
-2.874923425671551146e-24
-2.840615114256637769e-24
-2.883612748853286100e-24
-2.745651955262279539e-24
-2.742215346951531899e-24
-2.654982161035351544e-24
-2.729313513306691469e-24
-2.737004945631601935e-24
-2.785722983201899687e-24
-2.845072304937853386e-24
-2.721363233619186940e-24
-2.631533183408303616e-24
-2.564513442443679790e-24
-2.567611316680637895e-24
-2.855629085232682063e-24
-2.772735647917087019e-24
-2.648059970001144858e-24
-2.698131571852275269e-24
-2.769480230950421206e-24
-2.653023745612602912e-24
-2.579801848950784300e-24
-2.592241327459588752e-24
-2.679775294788136281e-24
-2.788341651244727736e-24
-2.681788264866660137e-24
-2.731240433478718691e-24
-2.502623428881619448e-24
-2.508873208862972382e-24
-2.575078476925358613e-24
-2.483301205967949065e-24
-2.634780466227837313e-24
-2.469780690415211571e-24
-2.393556333951948843e-24
-2.679958725766012965e-24
-2.465776271311804957e-24
-2.523932846435661428e-24
-2.546817691734743766e-24
-2.474464970155159414e-24
-2.545847753577406966e-24
-2.407106403642325392e-24
-2.631544854485715182e-24
-2.612381050824140588e-24
-2.473473541931980621e-24
-2.569347016057191183e-24
-2.519981771999381563e-24
-2.610535008060944894e-24
-2.437531182472872480e-24
-2.515401829319595360e-24
-2.435712020803874066e-24
-2.565515353964996108e-24
-2.545827408069897218e-24
-2.471548447849454444e-24
-2.408237606869570296e-24
-2.584097415374908589e-24
-2.425591804941408454e-24
-2.533808704680074370e-24
-2.574255494070019193e-24
-2.463909509761931689e-24
-2.530635020533169496e-24
-2.352340717852389988e-24
-2.309814810180917729e-24
-2.539910747216422020e-24
-2.427919613954474844e-24
-2.638056567693726709e-24
-2.502336061734287304e-24
-2.394097117194502240e-24
-2.390441473779335518e-24
-2.434828029967259133e-24
-2.440582830468418317e-24
-2.489231257036558988e-24
-2.349901546207113861e-24
-2.265296680461683565e-24
-2.298670316507395334e-24
-2.315568775799053673e-24
-2.419938026138043743e-24
-2.356040772280977326e-24
-2.558310743208461572e-24
-2.354040862951260306e-24
-2.316715542777032039e-24
-2.339477741204160249e-24
-2.274322779260389074e-24
-2.251658415615892240e-24
-2.262654947395043766e-24
-2.283114607269907183e-24
-2.431532188796681525e-24
-2.456232739491940555e-24
-2.227270279761005543e-24
-2.366776620035693757e-24
-2.309269027688793621e-24
-2.236806785579425517e-24
-2.193351611134022920e-24
-2.448643199203491181e-24
-2.206171885952367286e-24
-2.260684403280620716e-24
-2.247591123271754066e-24
-2.135694080529363737e-24
-2.269724932101476450e-24
-2.254969376176880975e-24
-2.208909990609874719e-24
-2.223652345097196503e-24
-2.373143348493949760e-24
-2.263198085946500625e-24
-2.249008847670170991e-24
-2.180065361129425470e-24
-2.426490734897225327e-24
-2.155194148653057700e-24
-2.290520287001453864e-24
-2.121090936656948738e-24
-2.121673282826971313e-24
-2.295412512620283202e-24
-2.277395015970826735e-24
-2.192821366357103075e-24
-2.133240312067938806e-24
-2.164939454432517112e-24
-2.125687113069986343e-24
-2.104016334688422202e-24
-2.136725731811435059e-24
-2.165556040544584148e-24
-2.399722018431296530e-24
-2.140051042689713037e-24
-2.109240011469570597e-24
-2.111761382872187144e-24
-2.113386017883273969e-24
-2.066662270771349929e-24
-2.161006987214054741e-24
-2.158733592817916407e-24
-2.298506897796274475e-24
-1.961800566820459043e-24
-2.099657315379295377e-24
-2.069321423269852332e-24
-2.016962283761331769e-24
-2.153855115117749313e-24
-2.174121703798940242e-24
-2.012597997918811394e-24
-1.952154871573670503e-24
-2.046304717848158792e-24
-2.053780653883466005e-24
-2.074456012430605330e-24
-2.164178548519858454e-24
-2.114002302301378564e-24
-2.014910664780202035e-24
-2.101514393784986241e-24
-2.051137474480847711e-24
-2.022005350173321940e-24
-2.042941495126694204e-24
-2.104007697674680221e-24
-2.128442079862369569e-24
-2.040388857069061055e-24
-2.110774060666771313e-24
-2.091583491736583444e-24
-1.968132844300711244e-24
-2.053530898115567235e-24
-2.135708614889423303e-24
-2.209925094145299038e-24
-2.015039407009711399e-24
-2.074098766900947178e-24
-1.995565542358420171e-24
-1.928060641109359001e-24
-1.944937325425217694e-24
-2.068869560524631905e-24
-2.018613504724021037e-24
-1.856756711412244331e-24
-1.982453968981279470e-24
-2.038398519181233887e-24
-2.020037202586227073e-24
-2.004751213177068506e-24
-2.158137440496635511e-24
-1.926195985225248651e-24
-1.935592714355924323e-24
-1.902426368395417406e-24
-1.971279816167465522e-24
-2.028756799418240219e-24
-1.892466669083524897e-24
-2.002774489143135070e-24
-1.855984294012449432e-24
-2.034457671349724168e-24
-1.825049923671357180e-24
-1.934891698455895926e-24
-1.892951895186425236e-24
-1.830474154590341950e-24
-1.824826894418894818e-24
-1.925657891742360240e-24
-1.886612746068659804e-24
-1.871542180571827501e-24
-1.895833107130613466e-24
-1.942759010118656876e-24
-1.819821937390739214e-24
-1.808820504135117669e-24
-1.887680392523098434e-24
-1.829015073610419379e-24
-1.729646604096047734e-24
-1.844547450842011322e-24
-1.848117920146324148e-24
-1.772098249786028982e-24
-1.819308336150576420e-24
-1.859326319874263998e-24
-1.886149386579944704e-24
-1.835628093498567772e-24
-1.880940185282802638e-24
-1.800177366801968066e-24
-1.819791253726979755e-24
-1.803574495290624318e-24
-1.889291663051056806e-24
-1.846495332718258020e-24
-1.780552289815708626e-24
-1.647494404571255676e-24
-1.896549658754117151e-24
-1.670075263199975306e-24
-1.906887741727280273e-24
-1.742218641796326851e-24
-1.865544726619495119e-24
-1.726713457518929034e-24
-1.798787456200648211e-24
-1.692663093870112053e-24
-1.695118026066452441e-24
-1.883328051658394290e-24
-1.684602576123662009e-24
-1.745027967720918426e-24
-1.734382475680963491e-24
-1.637418546433095669e-24
-1.684006219450382935e-24
-1.760067747593505662e-24
-1.805458095899234594e-24
-1.753180216954576644e-24
-1.650152490037006432e-24
-1.655550534341751520e-24
-1.799324440761147286e-24
-1.758764434158410987e-24
-1.824828576951646017e-24
-1.624018415501724201e-24
-1.628846545485072066e-24
-1.610654290089784804e-24
-1.577503549509824012e-24
-1.605262504010595214e-24
-1.597595369662269063e-24
-1.604989208083199879e-24
-1.645528928573629766e-24
-1.635292260371648111e-24
-1.646742131787727266e-24
-1.648728321330728090e-24
-1.611477286259042502e-24
-1.667713159468078138e-24
-1.604984893236077001e-24
-1.565596564965210481e-24
-1.561618031151874183e-24
-1.551530348321144784e-24
-1.588810493173848798e-24
-1.635365224955751013e-24
-1.517460959367694536e-24
-1.629856963298433440e-24
-1.615730707104225745e-24
-1.622082630591161465e-24
-1.631575128913623922e-24
-1.532496291959723259e-24
-1.542531073625558122e-24
-1.548967771783365606e-24
-1.543727212218524815e-24
-1.469235710851387306e-24
-1.563459400444002627e-24
-1.556322710341701536e-24
-1.506467453411502018e-24
-1.531570443666384571e-24
-1.564753570214755858e-24
-1.624159804287643473e-24
-1.528992512527452855e-24
-1.548096695891389014e-24
-1.534071510961823106e-24
-1.511667205059355844e-24
-1.496590601503088617e-24
-1.459061956907315279e-24
-1.445715723117320516e-24
-1.444913812430588840e-24
-1.519072403596934354e-24
-1.446508784217018604e-24
-1.436990312068935678e-24
-1.602490116248397962e-24
-1.464256251473777435e-24
-1.414491697713437535e-24
-1.562984107766030454e-24
-1.444835455045761778e-24
-1.483029206818507636e-24
-1.424866656440534751e-24
-1.590766761958265904e-24
-1.429297001767450470e-24
-1.457803152972723039e-24
-1.375918297567539041e-24
-1.444866106507983440e-24
-1.444417927258142062e-24
-1.398572529231174262e-24
-1.427082448923755925e-24
-1.477601866170085112e-24
-1.363855103796427704e-24
-1.403221421801858761e-24
-1.290409686220929786e-24
-1.406235190881526569e-24
-1.340414741238751504e-24
-1.378181624264346893e-24
-1.408052411748484677e-24
-1.377557821281722557e-24
-1.352858173801555065e-24
-1.326735877271009431e-24
-1.354295186054953138e-24
-1.357568014709298508e-24
-1.424345197538500011e-24
-1.378212105931189433e-24
-1.351954111167995466e-24
-1.284708071831531662e-24
-1.365195406530579416e-24
-1.268615849648300593e-24
-1.379532221776378806e-24
-1.307568530125782648e-24
-1.345024446634613819e-24
-1.295424951377983206e-24
-1.303646868237422179e-24
-1.277545545918407525e-24
-1.295306826477999697e-24
-1.358986813389150423e-24
-1.278061262016304167e-24
-1.319161376682170584e-24
-1.295083663423642054e-24
-1.357105199569862695e-24
-1.312218897825316878e-24
-1.238585154111621608e-24
-1.243266452703335326e-24
-1.264327197755076157e-24
-1.251957003422465267e-24
-1.305047634619226968e-24
-1.278045718049828294e-24
-1.209017700334427840e-24
-1.235508393188143083e-24
-1.262925019662241395e-24
-1.154112509011677927e-24
-1.273482459455093452e-24
-1.258837427167408505e-24
-1.159976393121454199e-24
-1.212985903704927992e-24
-1.206184824274551708e-24
-1.246247915273095351e-24
-1.215978106703101215e-24
-1.280257821263650984e-24
-1.227549102964116175e-24
-1.218752242064035564e-24
-1.158933425278642178e-24
-1.171599031768648534e-24
-1.185318744263381112e-24
-1.216716526815365673e-24
-1.184336230405249200e-24
-1.162603591366067908e-24
-1.193912585447092461e-24
-1.157933724446632198e-24
-1.190400994572418020e-24
-1.279677710906508634e-24
-1.164653321311047117e-24
-1.082578579546484078e-24
-1.113962363942002176e-24
-1.139972863290214047e-24
-1.068121763542783640e-24
-1.112942881475496347e-24
-1.214689193411008626e-24
-1.184504822889994242e-24
-1.199829798545178547e-24
-1.158205505938956740e-24
-1.105851048928567192e-24
-1.199906710945832945e-24
-1.110074972714815753e-24
-1.167824285850943887e-24
-1.074179989145372600e-24
-1.142657855403660354e-24
-1.073890116635877478e-24
-1.144719122197789903e-24
-1.103169518745472388e-24
-1.097784578164785491e-24
-1.139306639077745934e-24
-1.103220758634328578e-24
-1.082556601641575879e-24
-1.180183248285309626e-24
-1.071310501172997393e-24
-1.095697673954280238e-24
-1.023173494048662331e-24
-1.040602090286400221e-24
