0.000000000000000000e+00
0.000000000000000000e+00
3.192815746782087371e-12
1.422348247247113934e-12
1.700246368500939143e-12
1.434601195820173215e-13
9.346808386848814899e-14
2.506581717067117670e-14
8.969944065034830130e-14
1.025308792863809624e-14
7.222418137513797438e-15
1.046062967513292287e-14
1.596459514438486244e-15
4.895773843908805365e-15
-1.708116949072987849e-16
1.974567929682743449e-15
2.963515404076755971e-15
1.677420687051357669e-15
1.903480911724367654e-15
1.159417037869863702e-15
8.098407981409997907e-16
1.444595809136882445e-15
5.495809848102637357e-16
3.736557387646285573e-16
5.650305420543777343e-16
2.385515320101060589e-16
3.871531291141741053e-16
2.727517091549739066e-16
5.253454433834538862e-16
3.031457441235405113e-16
2.486767811287002287e-16
2.957964725379192505e-16
7.876848914418401687e-17
1.081511539367855178e-16
1.296930204753953807e-16
8.245522973640791804e-17
2.014184193504363907e-16
4.990744506097918632e-17
7.833217903785420784e-17
1.211467469447484192e-16
1.829452190844982851e-17
6.038662550675987954e-17
6.971234994788437137e-17
8.372418756052645542e-17
4.803482387495617283e-17
5.831996621215899339e-17
3.147401545312129204e-17
3.525265927952510912e-17
4.776998682088624356e-18
3.229161342520794695e-17
4.754230898524417835e-17
3.001831541718542926e-17
2.612711865165035968e-17
1.038921620993284590e-17
7.001984606320826269e-18
8.514504612061460776e-18
1.390100917258046270e-17
1.733847656513061559e-17
1.655106806198634329e-17
9.970306604523425067e-18
1.607557719058182886e-17
1.560792314702604461e-17
9.270177986655504259e-18
5.236391875451389484e-18
1.006751849769631892e-17
7.348890927114282127e-18
5.079447138823793216e-18
7.856094131647889653e-18
7.681644057714600825e-18
2.226137220648042214e-18
6.042566076120962172e-18
6.429983290898179090e-18
3.778278496830523913e-18
4.575108785422343319e-18
4.537706665912537681e-18
5.177679308341145323e-18
5.060164111274051586e-18
5.289319009883381760e-18
3.517660003034483327e-18
4.174735007442436254e-18
2.881655142214213364e-18
2.393035198267773360e-18
3.547078501043776110e-18
3.800831753722055421e-18
3.682212733053198419e-18
2.078876846569914132e-18
2.027781156651192113e-18
1.897374168450110961e-18
2.193711423595361104e-18
3.239619589518668452e-18
1.731745296713842429e-18
2.456300210745682828e-18
2.327844396647188099e-18
2.622337957173604886e-18
2.464060054722859339e-18
1.832930203999810345e-18
1.295380073765616147e-18
1.626275819314083555e-18
1.935346172120920247e-18
1.414460601380473957e-18
1.357774296020176201e-18
1.737246856445081627e-18
1.007422920833688278e-18
1.275330732103198613e-18
1.238202231223664222e-18
1.244664689867301870e-18
1.290165482304925612e-18
8.731442762535670716e-19
1.070998147671970916e-18
1.365878148598929478e-18
1.195214023342616925e-18
5.388712872869561472e-19
1.185032682098365837e-18
1.199156699834954403e-18
1.009767707479977512e-18
1.005067608273075567e-18
6.738203355993222119e-19
9.648584956323142530e-19
8.410751039751865237e-19
6.884261590258789610e-19
2.699240101474656829e-19
6.900268135678161558e-19
5.262276089942704381e-19
4.768018770395522873e-19
6.473167609576142636e-19
5.023098332940016048e-19
6.192732819775896063e-19
3.145629547140527806e-19
6.885455335853825569e-19
3.334517580496243146e-19
3.404982371427505610e-19
5.478497911847517859e-19
4.400006019569485335e-19
2.472141972058141166e-19
3.770275823913553446e-19
5.770473397041229301e-19
4.476125901321474328e-19
2.713529737289499622e-19
2.515975182557130377e-19
4.095402342242236582e-19
3.032358729757426318e-19
3.189996491509900346e-19
3.931865699249557833e-19
3.279681095982921733e-19
2.240335694994567002e-19
2.440293665347185746e-19
2.945829592905371869e-19
2.181939586972889316e-19
2.873321728912766095e-19
2.629653443968689142e-19
2.942305531353236181e-19
2.013748458443382627e-19
1.748908944912103276e-19
1.853535487862505224e-19
2.047384856359122295e-19
2.941744801128729802e-19
2.105556665767439808e-19
2.323712950663750188e-19
1.788770308792525267e-19
2.746866767252931739e-19
1.631544499052004111e-19
2.669459738782798747e-19
1.738700104717980793e-19
2.135707003230042378e-19
1.996276629234501119e-19
1.731859066604501366e-19
1.656691060331004788e-19
1.171913351593951441e-19
1.491567613594329650e-19
1.780501186108311928e-19
1.577046073644457289e-19
1.637154680899579537e-19
1.488024495820694202e-19
1.832950576681902880e-19
1.192383142462906693e-19
1.591153722989660827e-19
1.511939832491588312e-19
1.382737400242352695e-19
1.503578791886933031e-19
1.317338301874165942e-19
1.097740937576037581e-19
1.302300740527767381e-19
1.297998855491538587e-19
1.024403151945318415e-19
8.152083208545325659e-20
1.348301986953617396e-19
8.433394671837157221e-20
1.258526622244689451e-19
4.791240004944688867e-20
1.214499139505908245e-19
1.045211661402014796e-19
1.004302863489564242e-19
1.000951666493617860e-19
8.312610965532727971e-20
1.003337151214955282e-19
8.804252527180293733e-20
8.459902215068139660e-20
7.992416855727126291e-20
9.551640809939540219e-20
7.492911645102550459e-20
7.673793341268614645e-20
7.015967822429040770e-20
9.533250930426189244e-20
5.864743500537516241e-20
6.864864336425057476e-20
8.102760467741699869e-20
4.533659080159365306e-20
7.393823562364969393e-20
7.808106251531347161e-20
6.756966306698119981e-20
7.019345846896871012e-20
7.516048905383599533e-20
7.146490469209884340e-20
4.871679360036530635e-20
6.585212280501135213e-20
6.974564984855835538e-20
4.263013707621010551e-20
8.262287976464106160e-20
5.803377366648949783e-20
4.116439329637960439e-20
5.373593517168193222e-20
6.029914934487344781e-20
4.558634621558733667e-20
3.907231631661979759e-20
3.966947388578814899e-20
4.899457535357686182e-20
5.776598110843726287e-20
5.157025380576858014e-20
4.428743106701001162e-20
5.316363329879333482e-20
5.917658820772905299e-20
4.324521602505450054e-20
4.339885122771610058e-20
4.376502923950080503e-20
4.093575725748603900e-20
3.713892427081624687e-20
3.790602831241615303e-20
4.082923784144667457e-20
3.641956133139964768e-20
1.990336109664501307e-20
3.765127652084479866e-20
3.305365253909614766e-20
3.191152273838244828e-20
4.568135711849263730e-20
3.519481089241704865e-20
3.633286961785796719e-20
3.717961265839516710e-20
3.742494267811372153e-20
3.960881032299575068e-20
3.218697022233418141e-20
2.482515269124781532e-20
2.842913127455131248e-20
3.248332502282944062e-20
3.893166870000087478e-20
3.097270799512670049e-20
2.871533279502049571e-20
3.190120508452530882e-20
3.644256212220558185e-20
3.372664500018810768e-20
1.758711439660180701e-20
3.074628780031851697e-20
3.414381253291312720e-20
2.920983732595688450e-20
1.552208548287181743e-20
2.043853152622561804e-20
2.255383664061134947e-20
2.882408841961345802e-20
3.003002689782501852e-20
2.367372767317539034e-20
2.386357585937345874e-20
2.752573075944475350e-20
2.458510290425246911e-20
1.324285008511976666e-20
2.255940398928777130e-20
2.175313043858290589e-20
1.915274920471919126e-20
1.867954387346675580e-20
2.917618992394792695e-20
1.779367613624387828e-20
2.600338718003174817e-20
2.072463432633555206e-20
2.359569226768845070e-20
1.844378822847584538e-20
1.788690394490445650e-20
1.905991075810160131e-20
2.034808630784513388e-20
1.558592992246952202e-20
2.373230959476337052e-20
1.447826243714223157e-20
1.840886126754855821e-20
1.759972071201698686e-20
2.138876979639326291e-20
2.410507661635159192e-20
1.588263998162271611e-20
1.897426629166006785e-20
1.771374842481434924e-20
2.063810433943710636e-20
1.800760156101330660e-20
1.485971263779579039e-20
1.621325129312062804e-20
1.776555659441915729e-20
1.404381826618877082e-20
1.971226606099633154e-20
1.874529632861013236e-20
1.238938700592460926e-20
1.357126100570756774e-20
1.447765637600875665e-20
1.533655249801939998e-20
1.696147002754183864e-20
1.491679329279519739e-20
1.096829441067191006e-20
1.436988552791304155e-20
1.345520564619800196e-20
1.159062375188028254e-20
1.523369717691706402e-20
1.444230915384831502e-20
1.465515200642030006e-20
1.552471357291508888e-20
1.329144769183348845e-20
1.330426967972215899e-20
1.293950258322580020e-20
1.449125116744208727e-20
1.372252255297307836e-20
9.826498164898428591e-21
1.259571408136434268e-20
1.007608938388726571e-20
1.201768689030617566e-20
9.450802849722916671e-21
1.555440865746130012e-20
1.373300785228149228e-20
1.017266477064601694e-20
7.213427485355136738e-21
1.045004732183265970e-20
8.648001262167430156e-21
8.399041492190959321e-21
1.066096433966090811e-20
1.187628016305811494e-20
1.083789522058762087e-20
1.024676808728415706e-20
9.320554649121536679e-21
9.888743380669843895e-21
1.198792259386737583e-20
1.151380525168771329e-20
9.639841833645602034e-21
9.736078229444953616e-21
1.192574806757908604e-20
9.620249161433344422e-21
1.060602468649913958e-20
8.492722932811561019e-21
5.578102240573800893e-21
7.332019998130870786e-21
1.010424765651256061e-20
7.519150580955860291e-21
8.799030076104519321e-21
9.788606005432983506e-21
6.922919668705572564e-21
8.051679190212274456e-21
7.172427695697868336e-21
7.576272749937603640e-21
9.124820788249315593e-21
8.927057258098704925e-21
7.603836431039353855e-21
9.465554463467215837e-21
6.923832581691818720e-21
7.492138441259592652e-21
5.632669300669900847e-21
6.688120842011554076e-21
8.688103927040290272e-21
7.084620572901038590e-21
6.653224377084140167e-21
6.539218330664919329e-21
7.282101491078871651e-21
7.940065834515128682e-21
6.909471610162220560e-21
5.158655178466295895e-21
3.811947738477186311e-21
5.991862823280704949e-21
6.291503194126134304e-21
5.990729026462097420e-21
7.101927409517211115e-21
8.939127195838513147e-21
7.081593782354915445e-21
5.391643468063736847e-21
5.287496349736821626e-21
4.314303647483753595e-21
5.255434913596899317e-21
5.835774992417367479e-21
4.213690182751824823e-21
6.982228209787996716e-21
6.908368345216385568e-21
5.361748761974701932e-21
5.232067750364997372e-21
5.454688657048017779e-21
5.712233303321919134e-21
4.047666756847267661e-21
5.518076640464857240e-21
5.551771716506946016e-21
5.811284102800742521e-21
4.979207128708684239e-21
5.817867424757222715e-21
6.164492777249403907e-21
6.062754541774315945e-21
5.376151154036164897e-21
6.402396941866412478e-21
5.080645396940059770e-21
4.247747828153768538e-21
6.778527382030462173e-21
6.315485936437884641e-21
4.213619035964252721e-21
6.164731913501775945e-21
4.417581430958959915e-21
4.505683270502980704e-21
4.546779301008418617e-21
3.156754193423281404e-21
4.557912063179214394e-21
4.179460710304122017e-21
5.526518208553307769e-21
4.078594399581853914e-21
3.204647360544150606e-21
4.253239708834631971e-21
4.887211387446806075e-21
5.179292216622938587e-21
3.824328588442872652e-21
4.386345850482861308e-21
3.497363126903862094e-21
4.653253068011421777e-21
2.838881193220994484e-21
3.744935630883019869e-21
5.004134600279685895e-21
4.391375524932789011e-21
3.703025536544875794e-21
3.584464761660938169e-21
4.626016279666243708e-21
4.775115949121849255e-21
3.757298929109577196e-21
2.692570234066470955e-21
3.993317825212009963e-21
3.120874660194566502e-21
4.173269583920446591e-21
3.302678781176166848e-21
3.175594923797738054e-21
3.742250622873387560e-21
3.054861886659791886e-21
3.344074975165153644e-21
3.566293669533692368e-21
2.909192872627598651e-21
3.820517616517802185e-21
3.952084433213557316e-21
3.524774185537650968e-21
3.844465216652118607e-21
2.679416795656786274e-21
3.179716934299564769e-21
2.945795431905836746e-21
3.184234210286055197e-21
2.926496715670658724e-21
3.266322718965464199e-21
4.148188060155876681e-21
2.952375846442210116e-21
3.288712276236015502e-21
2.733991175966510117e-21
2.748719901672405432e-21
2.632192877696457205e-21
3.222062165178334032e-21
3.103290509589140139e-21
2.974973389521388440e-21
3.345281822916454748e-21
3.019044010384606318e-21
2.445125505153996309e-21
2.252461829612905465e-21
2.568291048999040672e-21
2.672730222196738434e-21
2.957933783327638102e-21
2.276263964064243760e-21
2.391474514080590587e-21
2.704795036490158291e-21
2.657027050352874785e-21
3.087823648783895200e-21
2.703697248245463047e-21
2.575896528079023741e-21
1.896667209593515822e-21
2.645789897974329462e-21
1.540090975390170666e-21
2.914495887588841308e-21
2.286941688329629763e-21
2.968701849548759915e-21
2.689755409115637295e-21
2.648499976192048475e-21
2.340575560841345047e-21
2.869816083498017437e-21
2.500424777865192271e-21
2.807179337697421036e-21
1.845527193543695197e-21
1.923461661586314175e-21
2.875041592316106552e-21
2.159247625451340096e-21
1.872250046712875033e-21
2.200035052961341719e-21
2.303631437163042612e-21
1.713676055066137817e-21
1.989474096338423269e-21
1.549692940313066957e-21
2.125254658572101007e-21
1.909356811338651148e-21
1.871379181494420584e-21
2.121787854869158871e-21
1.810524034053680495e-21
1.850096503919477627e-21
1.942919140067336174e-21
1.954689415915790467e-21
2.184549584891948018e-21
2.159958835418422725e-21
2.063827339489553982e-21
2.356873472238861928e-21
1.736472415585157938e-21
1.881957205569941308e-21
1.598010891158697072e-21
1.521960025149491505e-21
1.313116236270717217e-21
1.926492767268540524e-21
1.299396602358608902e-21
1.652755443311886663e-21
1.829212326348301677e-21
1.479358091638002518e-21
2.152980148574294215e-21
1.533402843371645598e-21
1.714969919626725051e-21
1.402905675624778966e-21
1.472792007687644606e-21
1.300342676395528288e-21
1.622855085906667602e-21
1.434465428506038060e-21
1.740020507385439008e-21
1.417715036962704968e-21
1.550496626945679914e-21
1.761472948208320291e-21
1.548745671604943657e-21
1.593106902135932185e-21
1.280913797979164348e-21
1.842840610854682724e-21
1.237131876678336927e-21
1.432477623959808961e-21
1.540082411306219607e-21
1.368872109188887346e-21
1.437990322044909287e-21
1.386328597096355678e-21
9.975703947301188257e-22
1.207800551384621136e-21
1.552001489134349669e-21
1.434106632639399226e-21
1.124318196084789842e-21
1.286780781870356890e-21
1.192234260673874202e-21
1.087413839025482884e-21
1.558477127297183931e-21
1.317435057327684264e-21
1.375171997026684404e-21
1.136695436812967860e-21
1.299289861431438453e-21
1.337833471542679571e-21
1.508546778604149049e-21
1.219427581794375641e-21
1.269177437491209876e-21
1.050732534070134526e-21
1.212196922636561980e-21
1.195551305067426039e-21
1.181123762865495818e-21
1.267503420376396900e-21
9.716808339177603163e-22
1.081098443503015577e-21
1.156407561022376263e-21
1.117380462779325219e-21
1.266530810911152314e-21
1.023972054129243705e-21
1.155627429278329101e-21
8.609397992828919736e-22
1.296134820418937389e-21
1.141071417192870989e-21
1.302254582541430906e-21
1.135610171241536559e-21
1.491301680382948818e-21
9.049430436873035020e-22
9.393198725982847076e-22
1.062477337424107159e-21
1.165524924613275232e-21
1.016101886411065245e-21
1.271906129908594755e-21
9.410122872767329649e-22
1.399480713546056577e-21
7.394855335527885244e-22
8.427487875237203756e-22
1.239703085775425133e-21
7.740661784776547456e-22
7.985208598777395425e-22
1.072243189044795360e-21
9.930466775060290919e-22
1.047725267941213356e-21
9.107358570079973149e-22
1.017412894657866779e-21
9.858206530466242336e-22
1.070520063976441310e-21
6.465835258169959981e-22
9.493946395893343924e-22
9.271869510869265847e-22
9.009293001855827539e-22
9.398421207760932325e-22
8.032224904635269458e-22
9.545392368670556789e-22
8.671554180433908166e-22
8.722736862391122662e-22
1.087704386441945997e-21
7.864077091250666004e-22
7.306208895854604249e-22
6.213913647542908390e-22
7.768220325430026632e-22
7.699668576501300605e-22
8.281771176285439540e-22
7.952574452343188372e-22
1.026057021711689353e-21
6.967488125197161324e-22
7.641702723837454790e-22
1.008202454022692616e-21
8.297327812733812228e-22
7.289240209633006494e-22
7.676028277370322248e-22
7.134256561978279191e-22
6.033591170929824021e-22
7.622705164697374939e-22
7.420789565592529881e-22
8.849332618578021570e-22
8.590431566120751473e-22
7.348431797825437570e-22
8.498634028223764015e-22
6.074769366884270557e-22
7.501801252948685918e-22
6.790790861695121922e-22
7.254236971258738427e-22
6.316312725170741596e-22
6.737077245942103132e-22
5.965427034658616171e-22
6.627147244840045808e-22
6.126038905816120789e-22
2.981316080360313440e-22
7.133679605997496987e-22
5.417668193106476810e-22
6.340964898170585101e-22
6.578070446486455165e-22
6.145247574120120293e-22
4.716708358605472526e-22
6.783771982555503725e-22
6.118151036466785661e-22
6.762501682656952759e-22
5.763300402568880994e-22
5.737971565361176086e-22
7.039465098357573042e-22
6.244113022580611971e-22
4.886660052998217367e-22
6.602988417706709587e-22
6.910000784297450945e-22
5.129467227943747907e-22
6.541898174677849592e-22
4.318185926026589836e-22
6.591837860287855908e-22
5.993503995467222182e-22
6.297795172232710616e-22
6.489077651709229500e-22
7.090422673386280845e-22
6.849064661087510937e-22
6.270958499196202707e-22
5.352559301829152149e-22
5.337873373484993040e-22
5.212335469057669189e-22
6.972066612556752725e-22
5.610312814519580533e-22
4.963070620677655711e-22
5.146724578006910459e-22
6.361875837003541235e-22
4.830704643452831429e-22
6.303343873655258699e-22
4.816710845003542603e-22
4.976763200950170379e-22
4.519550393940744272e-22
5.256683755492667931e-22
5.626321295418188291e-22
5.184921488426152448e-22
4.008652425961860258e-22
4.913055708996121722e-22
6.073762049927304991e-22
5.180161624446996331e-22
5.510928426995247007e-22
5.651739738522195562e-22
4.471267678823082399e-22
5.387136752927314477e-22
4.982957339111442421e-22
5.532399215508454432e-22
5.244279444989726403e-22
4.742645541603326286e-22
4.961006727559527569e-22
4.401564518665369852e-22
5.623224399499089065e-22
4.011809504369903198e-22
4.816312812654537023e-22
4.637171428718402850e-22
4.536059143919811648e-22
4.422788952896261975e-22
4.848900906696336329e-22
4.333263795219424502e-22
5.340264021974723948e-22
5.088896308488513486e-22
5.361048848248884431e-22
4.474328797864821570e-22
5.023513261343391435e-22
4.650400728057309614e-22
3.888202394922050768e-22
4.992562054388428147e-22
4.423401698903376839e-22
4.331766872659333491e-22
4.237245475487517865e-22
4.214717808327143751e-22
4.632005363118283532e-22
4.152517602991463211e-22
4.747156779990454190e-22
4.602796818849988160e-22
5.392195462533827909e-22
4.623907720467309813e-22
4.174661344751358981e-22
4.561925846309760232e-22
3.114130413290873386e-22
5.211104304059142252e-22
4.081265197952679510e-22
4.362639756246965223e-22
3.626967024406551121e-22
4.351322201481937556e-22
4.960072726422514661e-22
3.005779320088146241e-22
4.304446007765739432e-22
3.021682730854516242e-22
4.365518411643860093e-22
3.077934924811898069e-22
5.355728660703395593e-22
3.724893476933551369e-22
4.480165919344992923e-22
4.528544496942279487e-22
3.669803340264907382e-22
4.506617410896981380e-22
3.730841602610857558e-22
3.158286950202184702e-22
3.391049125399856979e-22
3.787463619308069446e-22
3.516277277407635890e-22
3.814149773638327318e-22
3.520455886915148006e-22
3.471991727437778993e-22
3.542740375828647324e-22
4.202109669208391180e-22
3.695311944226100203e-22
3.935565019280917773e-22
3.569596546815624648e-22
3.067230107093110485e-22
3.551633339034798441e-22
2.998916695118912000e-22
3.563680045555534825e-22
3.129778362249094754e-22
3.547875225631815553e-22
4.117079275781659452e-22
3.757519685202630085e-22
2.511637816356771331e-22
3.742268427178013288e-22
2.671119207807368017e-22
2.707794122348811697e-22
4.239662219627995856e-22
3.028853442865881226e-22
2.858658427874116227e-22
3.387261375192784200e-22
3.367946432908831329e-22
3.318499538878950588e-22
2.979214807578339492e-22
2.173170747302169020e-22
3.852643928975684681e-22
2.867211673714835540e-22
3.379576794388757894e-22
2.772943646744289825e-22
2.914823702290180086e-22
3.112175289303148171e-22
2.695097590263056318e-22
2.763603186376083467e-22
2.498769660923326799e-22
3.705311954712579675e-22
2.041783771683932839e-22
2.107878524484327555e-22
2.897191820942900979e-22
3.495056887321829896e-22
2.189587839839467965e-22
2.096201977699953607e-22
2.923511264600825386e-22
2.766761533483703133e-22
2.294082683483579100e-22
3.411630878365870951e-22
2.335157542711961279e-22
2.773939385913471297e-22
1.633707950797556844e-22
2.938379350031104922e-22
2.542659368867935953e-22
2.284889967206990398e-22
2.437770494803527569e-22
2.628168031922056434e-22
2.398871842411355784e-22
2.331187991742121932e-22
2.332712157580460605e-22
3.116949390497799870e-22
1.897482736786308004e-22
2.194319319248902301e-22
1.783607092625307374e-22
2.332235835662696882e-22
3.190085849589124931e-22
2.103761383662989882e-22
2.484446495698890908e-22
2.686397307422551398e-22
2.424593328376025767e-22
1.987795770269449513e-22
2.487962207289250797e-22
2.203667764301895547e-22
2.055710221536020551e-22
2.635865050918207175e-22
1.928994224218057256e-22
2.602167898766570036e-22
2.051179619819968551e-22
2.653793261535440574e-22
2.165695799992205995e-22
2.630368458517279833e-22
1.726517099848777221e-22
1.834890854702717906e-22
2.497205772122031952e-22
2.607015981923507336e-22
2.843518395110269271e-22
2.388696323120331656e-22
2.158839502108900895e-22
1.873056342062069624e-22
2.819457654919709003e-22
1.872258470914402307e-22
1.912153014243014700e-22
1.873405716648863720e-22
2.227478822557493901e-22
1.875757684968365477e-22
2.485925644118272579e-22
1.967895817780624487e-22
1.759164213383130445e-22
1.468095763104069823e-22
1.549395777362227208e-22
1.888251463371265141e-22
2.046568136894292209e-22
1.736076741607683994e-22
1.723464188037664752e-22
1.634379913798163122e-22
1.826904952385176258e-22
1.710882474578114232e-22
1.914360732944310279e-22
1.705485236774441396e-22
1.752939051922773932e-22
2.350745271282092184e-22
1.775789576620475584e-22
1.876812806152314158e-22
1.537298810095185937e-22
1.655589706925387251e-22
1.273264198942904802e-22
2.247054808935468601e-22
1.725819204279317353e-22
1.497320430814584683e-22
1.592135964308122483e-22
1.862125571227196585e-22
1.522800465335871090e-22
1.722899507928741669e-22
1.938591969376771086e-22
1.814606160135684113e-22
1.651678417104457468e-22
1.269666249952947825e-22
1.546391928979495438e-22
1.569414940448075221e-22
1.533072505898617626e-22
1.442576020155491503e-22
1.628700968171275713e-22
1.884060638370298185e-22
1.227986904495512609e-22
1.516003585845388142e-22
1.922215678692543846e-22
1.377817769049305543e-22
1.925012185863782067e-22
1.660973996333738552e-22
1.391443771872575468e-22
1.759310174183229205e-22
1.959148995579651090e-22
1.827880940517285504e-22
1.631179423192850282e-22
1.537020594101783505e-22
1.511867542493988150e-22
1.542226720652292671e-22
1.262991882383416002e-22
1.787831122008636185e-22
1.162224267053245566e-22
1.513596270342819752e-22
1.439901287142013116e-22
1.349628863336559228e-22
1.616725466261102385e-22
1.394714972211587293e-22
1.623306151419732303e-22
1.482646201736461904e-22
1.751417656451264814e-22
1.366824170747299930e-22
1.344004027079727418e-22
1.676226102130867719e-22
1.462985213466620617e-22
1.281159435029771594e-22
1.025760771054453441e-22
1.580782544831013641e-22
1.489338736609502334e-22
1.393127701085525177e-22
1.626315655645062016e-22
1.173215866294653138e-22
1.627756010416158447e-22
1.319564587379385203e-22
9.794427388027201770e-23
1.387542975239707791e-22
1.481542735371110914e-22
1.321320858836705980e-22
1.200884399759297095e-22
1.025713379064847506e-22
1.437198293299842202e-22
1.189741884782198490e-22
1.039928616900380484e-22
1.339824065491692049e-22
1.231050632129681273e-22
1.452466180289679624e-22
1.338979995831736459e-22
1.262948799952568664e-22
8.164634406888196300e-23
1.455427480881924196e-22
1.262153507355421551e-22
1.105187058412793593e-22
1.487030547475017769e-22
1.278432537261233641e-22
8.705389772204671103e-23
1.162639115082140577e-22
1.067605577468195692e-22
1.112790589268353049e-22
1.184132176936016756e-22
1.386184248626614310e-22
9.615507377416713420e-23
1.179620760792564458e-22
1.046305011896209603e-22
1.369712467924748544e-22
1.498749445161989466e-22
1.285165279273849478e-22
8.865121956526689388e-23
1.058671815399830401e-22
8.880056734639223107e-23
1.121891546224402246e-22
1.097531915639862231e-22
9.060484933659715199e-23
1.064531068556020071e-22
1.164084845259492439e-22
1.012341789782028692e-22
1.109259805219990446e-22
1.173562473143736573e-22
1.444540613209504095e-22
1.112384162737305754e-22
1.208214738576460983e-22
1.106316968205948795e-22
1.062515892234699246e-22
1.092931201197746047e-22
1.197751790320566616e-22
1.461905324356019662e-22
1.011431081219392409e-22
9.351547323750937998e-23
1.452237773150411610e-22
1.046498091961894420e-22
1.047119252040960962e-22
1.118783248924937220e-22
1.280322846960399013e-22
9.429685357069829638e-23
1.305399315250027268e-22
8.421287926861324446e-23
1.009409823484280311e-22
9.676233489410530307e-23
9.534229373409666049e-23
9.739041280420908698e-23
1.006674139759122824e-22
8.847824584952681391e-23
8.018181016689295897e-23
1.118462962671130474e-22
8.824382239940261197e-23
1.063507100596118592e-22
1.128458740372564300e-22
8.963381825348017341e-23
1.175763558862358547e-22
1.069604772034023957e-22
8.894046753742312491e-23
1.003102773437659103e-22
9.931494582223017221e-23
9.505782249502395611e-23
6.508107528724367258e-23
7.825731926092919151e-23
1.044601133654801134e-22
6.367383068064110090e-23
1.095112268959322887e-22
7.208655893712975763e-23
8.728495874131749811e-23
8.658542468815574190e-23
9.842263708805445367e-23
6.532502307596719138e-23
8.673989969223213305e-23
7.438771088997095968e-23
9.360786212647369240e-23
8.981111727244350845e-23
1.055639560658770443e-22
8.207994650549532204e-23
7.570157017865412479e-23
9.707368642220883225e-23
8.840282107956361685e-23
8.184210431282505602e-23
1.021514973939094480e-22
7.693981545791512621e-23
8.305461936204189453e-23
8.940507305544181327e-23
8.195678185769574450e-23
7.665279729657199644e-23
8.646942305372277327e-23
7.471173940342703950e-23
6.592592910627433496e-23
8.128197737377419272e-23
7.928377195085732089e-23
6.158739813080003151e-23
9.365136919248126997e-23
6.346655449283368632e-23
9.073080965660940410e-23
1.031541623323180733e-22
7.148834015509282624e-23
8.333713025252596050e-23
7.110026248118389279e-23
8.565914421781501114e-23
1.072842127632654169e-22
8.239365811523562492e-23
7.629157919074121603e-23
9.019308152980861218e-23
8.592274265141723332e-23
7.155292941465380292e-23
7.984708891137808953e-23
7.215110935776715568e-23
5.632052412793349112e-23
8.092160562204209212e-23
5.872960453813546200e-23
7.498844920307917694e-23
6.936735557860246610e-23
8.894494947880940411e-23
7.961329839281538117e-23
8.959542999977313653e-23
7.600893162695644152e-23
7.507338331449775368e-23
8.428417279132168552e-23
8.101507200096013225e-23
7.419205630741640507e-23
8.416709993286646042e-23
6.468037220159120854e-23
7.439433178859731565e-23
6.066006976496776961e-23
8.428562949280302666e-23
6.480810406527243972e-23
6.339478993844990358e-23
5.626364971135340256e-23
4.230997454966109836e-23
6.255852360585785216e-23
5.941339535252213150e-23
5.722044317203633463e-23
5.566757867628141985e-23
8.273284773846005974e-23
5.581821159699260460e-23
3.638713325854087134e-23
5.160680914590953703e-23
6.594422465851803519e-23
5.249571761373235686e-23
5.888657923428996083e-23
5.398376891217522217e-23
4.720364197649442842e-23
6.330573300737919377e-23
5.907207520791169597e-23
5.698633605922157962e-23
5.734183983633434043e-23
5.521417929232360680e-23
4.641127465795791495e-23
5.660243213926712593e-23
6.712421136907421151e-23
5.357993247649476880e-23
6.155693865065702377e-23
5.666922734190028773e-23
5.608605829291886272e-23
3.959388739893993266e-23
5.310852579729797651e-23
5.970536572963713384e-23
5.099720429103755273e-23
5.137546405996494414e-23
5.209269287257288398e-23
6.030494871079258099e-23
6.995015554687450137e-23
6.312837085899167382e-23
6.932862748406216363e-23
6.243686052127171823e-23
5.907560620258118811e-23
6.989760588400087190e-23
5.393696653534437020e-23
3.854406182368255582e-23
4.960239954824406145e-23
5.527757406186344631e-23
4.390378453130595705e-23
6.020291026056801406e-23
4.997513178515896684e-23
5.218934199646103193e-23
4.554669456197625913e-23
6.277868190699686491e-23
3.730873996619693876e-23
3.684961473002988474e-23
5.607227309906671734e-23
4.359520805321437104e-23
3.831884899136420160e-23
4.832496449596993648e-23
4.907106714649119027e-23
4.141686090787251595e-23
5.226992009984126564e-23
4.510575906383943373e-23
4.899743871057132617e-23
4.925215305291323220e-23
5.315864251971334136e-23
3.278556379458429314e-23
4.390189066899719471e-23
4.119058717291610680e-23
4.941302372196928905e-23
4.971984559796745915e-23
3.542811459092022002e-23
3.935200865257269787e-23
4.289567279476580049e-23
4.680240503022424919e-23
5.027573656923072063e-23
5.106473292925147146e-23
4.829250740018117318e-23
5.332060022458004291e-23
2.653055453122427118e-23
3.746172125975532915e-23
4.674787004547056191e-23
4.031794797662040160e-23
2.570676343867723307e-23
4.744785310753978672e-23
3.693555182371508977e-23
3.949630797488352018e-23
4.857845193867464503e-23
3.878508744967705191e-23
4.774436913410861276e-23
2.938515130678885637e-23
4.944056451261480439e-23
5.008081624085341537e-23
3.500763986992546046e-23
3.688342219422898287e-23
3.085520679183537612e-23
3.639451136403510438e-23
2.748079671105070223e-23
4.190101856180897234e-23
2.986280541638767101e-23
2.945514674181741883e-23
5.253235595712754866e-23
1.967073097957422583e-23
4.668949998774275485e-23
2.358909621112406389e-23
3.271540789562533640e-23
3.624803689849208523e-23
4.269727405143749953e-23
2.564465803282504223e-23
3.459885879092603978e-23
3.274390426562207199e-23
2.258208080411250051e-23
3.431248749101146338e-23
4.545666889715175306e-23
3.214059526017413311e-23
5.086844334676382832e-23
4.230901664288461901e-23
2.803363395446129060e-23
2.052301656526604925e-23
3.585967906021411720e-23
3.249776924590719557e-23
3.166522285948650161e-23
4.195217781478750452e-23
3.077381871677037968e-23
4.312279639693928232e-23
2.641495682657042607e-23
3.758004010676341544e-23
3.776539827337212103e-23
2.770547146613510286e-23
4.343988394244322384e-23
3.521038080102132006e-23
2.069600667847759237e-23
3.114708598450154920e-23
2.649241997328941064e-23
2.630025240078137039e-23
2.461303360842978460e-23
2.215702238141760732e-23
3.354027166414344771e-23
1.072459947877602137e-23
2.588456986840815900e-23
1.945571138712099777e-23
2.089469802484796672e-23
2.145809689652832382e-23
2.145882585728847873e-23
3.156986755142295762e-23
2.965527621470261991e-23
1.305308302861720073e-23
2.380162521623085178e-23
3.850422419690853134e-23
1.872030278201884878e-23
2.055600019479198862e-23
3.605874401063027079e-23
2.798148273785720146e-23
1.552610076209135568e-23
3.480295275160693507e-23
3.504445500892652619e-23
3.085853608920243369e-23
2.334056709303193221e-23
3.066840074877682065e-23
3.121404065153058611e-23
1.691675922695760188e-23
2.478368017913078298e-23
3.115933615105604633e-23
2.523256752269279225e-23
2.899051970469970027e-23
2.051961907113767259e-23
1.811108865627910275e-23
2.608433379824480153e-23
2.491979042030437599e-23
2.510715267651540131e-23
2.293600572010914646e-23
2.101478344107709251e-23
2.309403323115949688e-23
2.261921812729210309e-23
2.361253349008393426e-23
2.354981038147564430e-23
2.662373775594174004e-23
2.211261912234378764e-23
2.892912701147770385e-23
2.531181254510841225e-23
2.530024569904384525e-23
2.733173588106661735e-23
1.874548053644690762e-23
2.053521522543684043e-23
2.175045691537377705e-23
1.840028842840151654e-23
3.691113497942109074e-23
1.303310413921042885e-23
2.352829775651593893e-23
2.006793952299242451e-23
2.927118406208910845e-23
2.283834362141149247e-23
2.412128418656283413e-23
1.571866009617254255e-23
3.054068887069908559e-23
2.280765782370973831e-23
1.543874008887506802e-23
2.921567427991385196e-23
2.432556325251072268e-23
1.677081292357810077e-23
2.263163301794734689e-23
2.363683163840442613e-23
2.436476602306698084e-23
2.324317729634528877e-23
1.867627407024347202e-23
2.703459364750908328e-23
2.743385238468671673e-23
1.624063801632507980e-23
2.337539710168513613e-23
1.742735493484132682e-23
1.768701778026149619e-23
1.956441323043789857e-23
2.544755249473665087e-23
1.704720961221656421e-23
1.143952180259657613e-23
2.225019736734052632e-23
1.859558563886568819e-23
1.260274394515607475e-23
2.275524522823522810e-23
3.893645080192863954e-24
1.738668354627582838e-23
1.572366289616298851e-23
2.817544600417633175e-23
1.721394767996413153e-23
1.306519233671218609e-23
1.371100629112524136e-23
2.022741522835843718e-23
2.546884127575714414e-23
1.631507471245127102e-23
2.621042178638345436e-23
2.509293447286047577e-23
9.040409754181556478e-24
9.385397979081839951e-24
2.150922632675621562e-23
1.168125022421436722e-23
2.002515804944958481e-23
1.964699360757683781e-23
2.141412808995974179e-23
1.873725343666524762e-23
1.333783811716471919e-23
1.945325103152857144e-23
2.422474852655952884e-23
1.718977733742786093e-23
1.819602044232941795e-23
1.383231734425414780e-23
1.428727818225128358e-23
1.719846948824565283e-23
1.182574258385260785e-23
1.574149255101367797e-23
1.602306713042033209e-23
1.104718206701362868e-23
1.146274168523174893e-23
1.309457546325262795e-23
3.521396086170518455e-24
1.605099973865601946e-23
1.295583057297811400e-23
9.504510333552934851e-24
1.250875354529223601e-23
6.294756532231502238e-24
1.581645418668766687e-23
1.887217620717528466e-23
1.035987352957179682e-23
1.132847622864848662e-23
1.135427826745865350e-23
1.187128717510517142e-23
1.289134927313171617e-23
1.510266129146818121e-23
1.368509663861602846e-23
1.473465482808467843e-23
1.421873452950054564e-23
6.073218087170315980e-24
1.260777116563822204e-23
1.033491338334683129e-23
7.184299242700272615e-24
3.322754963399621623e-24
1.168689628324931241e-23
1.301042020644545861e-23
1.532846799543621440e-23
1.011245697322922374e-23
1.380096738309222378e-23
1.744961581818435640e-23
1.451166891036499062e-23
1.761817317425457676e-23
1.103927964249238166e-23
6.269547222385954653e-24
1.770559372181137274e-23
1.614032161604376529e-23
1.426503546511013785e-23
1.389855401711989101e-23
1.095959384820046326e-23
8.986360810659936410e-24
1.044300427146290088e-23
1.174504381471892345e-23
1.349200536163853496e-23
7.182950244717843647e-24
9.598091690611238392e-24
1.284427051310357425e-23
4.833183561489255536e-24
8.552919696699229711e-24
4.081738317745617284e-24
1.377263363912402366e-23
4.919862468376857994e-24
4.834294153595892831e-24
1.003544179231397097e-23
1.444011324636871514e-23
5.792910298220613909e-24
1.475188286473889647e-23
1.552183979518516310e-23
1.025563160450144040e-23
1.028988044599191576e-23
8.218348162075602740e-24
1.036180786964695397e-23
9.710570432929581153e-24
9.292519424456837530e-24
1.089024533638879613e-24
1.071283279711554234e-23
1.252235528267102406e-23
6.343154973813131283e-24
7.929227551445239635e-24
2.671507580370585274e-24
7.532233325729691543e-24
5.664972047860283029e-24
1.637150667908925611e-24
1.171304798595673214e-23
2.343521725158849264e-24
1.040630877690855860e-23
1.433978210794815062e-23
9.810509391597753423e-24
8.813319612784448483e-24
2.844644330924399109e-24
1.016273926197054836e-23
6.178887241173328471e-24
2.949355917558648390e-24
4.528713368315227123e-24
7.946231459446349357e-24
1.331023937230040773e-23
1.431780976548218862e-23
8.628005707117552137e-24
8.304825492132469985e-24
1.428367032182819782e-23
8.280327951803195994e-24
6.315094434125755976e-24
9.359211828289022593e-24
9.271029928337902597e-24
1.709347112099381891e-23
3.526848721972144766e-24
1.199479792645316281e-23
5.088675833664310265e-24
3.276005219178038929e-24
6.414489475452687485e-24
8.171490904562723424e-24
1.666672833823424989e-24
1.046345232419346642e-23
6.458019160969747421e-24
8.499024804629306461e-24
5.086201544071057197e-24
6.238281223032539911e-24
5.098296250610198780e-24
4.465154975621950941e-24
4.785653408528747279e-24
8.646145915322684296e-24
7.194388783804038344e-24
1.280565737916773086e-23
1.317233547697699564e-23
7.953543950294641349e-24
8.500454613920369559e-24
5.163876548943550650e-24
1.949300574652996782e-24
8.513887471989325928e-24
9.267413367776664550e-24
4.951252998902691951e-24
4.234981448286535489e-25
4.167334856764487879e-24
8.922959911088441503e-24
4.281899479967889586e-24
6.997121041958536573e-24
9.029642748148886392e-24
3.465487224223598970e-24
5.854895684946021018e-24
3.813301259563321590e-24
6.160638101259095698e-24
5.514567559010387789e-24
-7.488339336575472596e-25
9.415284836145239892e-24
1.865684333309778126e-24
5.423392205220744574e-24
5.494311581472112294e-25
1.225205407106215107e-24
2.346661787278384929e-24
2.883324712318668887e-24
6.841161370333176064e-24
4.060645393267855146e-24
-8.248805408358004134e-25
6.102490335981887691e-24
2.863168532695498158e-24
3.831041729626746412e-24
5.509549525851185822e-24
-5.552150638590294808e-24
2.821266228882397962e-24
9.100612276219603204e-24
2.670796276445015978e-24
2.141116748765304757e-24
2.169669281706583072e-24
-5.673160902555586484e-24
7.256365566687766138e-24
3.741380794423344494e-24
4.491347872479615918e-25
1.847043357538196612e-24
6.611204885987281459e-24
4.170938230707753762e-24
3.742123862396168657e-25
4.607128754743530182e-24
8.805792898354927518e-25
-1.726689476021974856e-24
-9.027363284066015716e-25
3.435633817113541439e-24
1.696152542289119484e-24
-1.613751150373519855e-24
-2.641221905649157725e-24
6.060808956246032486e-24
4.786904743059289696e-25
-1.681291956262792925e-24
1.486205313374458662e-24
2.682842428859724076e-24
3.081472342222528205e-24
1.294892916971215992e-24
3.057265733827892194e-24
1.589455217113923792e-24
-3.676562807778823152e-24
-2.699769568918576761e-24
2.539795691714210319e-24
-4.078849570903179107e-24
3.380933489220006503e-24
6.414899817465231269e-25
2.225057270659718600e-24
3.010922284877723747e-24
2.039471905543611470e-24
-4.100576612770692950e-25
-2.718693345021511424e-24
6.269082059089502455e-24
-5.927853876305872244e-25
1.308839478190424749e-24
-4.261055291073007108e-24
-1.821044703970367182e-24
2.042684480325952428e-24
2.246068141855406068e-24
-5.160303867155045835e-24
1.504909034517939540e-25
-3.859635645369687124e-24
4.027990052407452052e-24
-5.372511907665913663e-24
1.527574675282612134e-24
2.850601981945612312e-24
-2.396586854731841245e-24
2.545398167884972542e-25
-2.602860469360515375e-24
-6.034299233371306951e-24
1.303972311102178318e-24
-2.226463385130846322e-24
-5.316525293825094554e-24
-4.616229770350568058e-24
-1.527941918525237228e-24
2.957164235092470860e-24
-4.892002796325103904e-24
2.072267758918179334e-24
1.419472073309755551e-24
5.719152601423371703e-26
-1.095382514179424663e-24
2.373471669176946927e-24
5.720534653314662340e-25
-2.572114954272329693e-24
-9.348185519392691338e-26
-4.833713148663495951e-24
-3.018396799473665025e-24
-5.839932169863191179e-24
1.228228600803036586e-24
1.842400001617670069e-24
-2.175399927930943042e-24
-5.988833888523531427e-24
2.869366039563530302e-24
7.366604263371340961e-25
-6.393938481685365586e-24
-2.745639250399295471e-24
5.547496121201590405e-25
-5.794953085534705785e-24
3.463617615230060336e-25
-3.523615376780184281e-24
-4.405430386603811579e-24
-2.453158418841561217e-24
-2.998891282984927861e-24
-3.719449092880720324e-24
1.290247579350843446e-24
-2.906950408363069004e-24
-6.397463852060932890e-25
-4.504623153626401182e-24
-1.264770097123963427e-24
-5.496650660490338152e-24
-5.319759192354306845e-24
-2.119346171583503664e-24
6.067560582075997381e-25
-1.466559529595451973e-24
-3.068185314316917192e-24
-6.255330144684891982e-24
-9.423258345602094580e-25
-9.125563366811840449e-25
-8.780463697078695387e-25
-2.441651785568891208e-24
-7.258548838995019170e-25
3.805880601827813835e-24
-1.407227299881256931e-24
7.369718591693644901e-25
5.445375149438296420e-25
-7.546344635776637530e-24
-2.743480499263149547e-24
-8.970433095485953358e-24
1.214316588488583396e-25
-4.914419631583322880e-24
-2.148916950679369689e-24
-2.488198726275587296e-24
-5.430105776285124131e-24
-1.864870520789275216e-24
-2.921169222001211209e-24
-4.811770967089100612e-24
-8.687035286169132759e-24
-1.124883343668994919e-23
-8.480550937829237822e-25
-2.899064892207611877e-24
-2.359701620201164099e-24
-5.697620135423613803e-24
-4.494517642249273442e-24
-4.182550040632029966e-24
-5.435738487999745038e-24
-3.884694037944412146e-24
-4.955235095693086561e-24
-4.557840056832111251e-24
-5.214577004777732783e-24
-2.865873069897091754e-24
-3.434672729432444419e-24
-1.509279502542130200e-24
-4.766241746991917733e-24
-6.266376941958730379e-24
-4.499979513155889722e-24
-6.321293848413261903e-24
-4.121296168355906192e-24
-6.020276585239286928e-24
-5.090068461604551445e-24
-3.086300128574662173e-24
-8.553264696882196218e-24
-3.873463167846516566e-24
-4.749803758545377502e-24
-5.119385007009970766e-24
-6.289246017836349433e-24
-4.330085527535939631e-24
-4.065258512506815654e-24
-7.267972642908310276e-24
-5.664311030731754412e-24
-4.751753319716814532e-24
-3.390384311221240838e-24
-3.727122995287776169e-24
-5.207566045626033491e-24
-6.632738221190658919e-24
-8.120092104271100708e-24
-4.588181198446056729e-24
-5.986833677700951133e-24
-6.653028362144929023e-24
-5.988546101582404082e-24
-5.654578069818751821e-24
-8.066365772452137587e-24
-3.992363358650953493e-24
-7.234601847548943781e-24
-1.014706769947314303e-23
-4.192131497356608130e-24
-6.494865475754351368e-24
-2.365761343420103228e-24
-5.862164711446214166e-24
-7.305075630652774917e-24
-5.351665138585619451e-24
-7.824665982128828954e-24
-7.721216235311478010e-24
-6.646163032233318341e-24
-2.999029429607379200e-24
-7.158640544768342701e-24
-7.607218219614510208e-24
-6.691139762384463462e-24
-6.925118370869050935e-24
-4.920000806376183235e-24
-7.097305851610572598e-24
-3.386170410532442710e-24
-6.146761860204553113e-24
-7.427917624151355397e-24
-6.538960205024402546e-24
-3.733467257067299517e-24
-6.655271238404618745e-24
-8.614851310150741315e-24
-2.332132328687320625e-24
-6.678467024671676169e-24
-5.128527663090906727e-24
-9.516751040514632250e-24
-8.594303215841390682e-24
-7.159250254416952570e-24
-7.256027983957420931e-24
-6.763663675567036193e-24
-7.941827929670561270e-24
-5.947382956309328055e-24
-6.762696534559607901e-24
-1.262474026190613666e-24
-5.904442860287882107e-24
-4.162069396158426574e-24
-8.084891911625022513e-24
-4.652643444198917717e-24
-5.155118903796098320e-24
-4.544175729245393181e-24
-2.702701109327704901e-24
-7.902497490324500400e-24
-3.319381432039936987e-24
-7.951230078840526484e-24
-2.970590243162311519e-24
-7.356572543934192244e-24
-6.291328159084787579e-24
-4.337224603154191329e-24
-3.922187010496262745e-24
-4.764163700757918210e-24
-6.823037301209216970e-24
-5.995959714706738060e-24
-7.466771255947969553e-24
-5.069123085254883807e-24
-3.475555123108654138e-24
-6.167270620443372523e-24
-8.053367126261448567e-24
-7.198404912223404902e-24
-5.679301116077124039e-24
-7.759946043226796873e-24
-5.875433391160325071e-24
-7.919415695581127991e-24
-6.107618045070068727e-24
-9.861724038799587742e-24
-5.424276135985576519e-24
-7.249930776358052273e-24
-8.636108688272345956e-24
-4.841814507769195677e-24
-4.545843629694420464e-24
-8.161940622044746053e-24
-6.571884345699968416e-24
-7.666772098905529778e-24
-7.948359674126050230e-24
-7.563443431007982436e-24
-6.259661856056375482e-24
-6.918464698034663223e-24
-6.873029102881540851e-24
-6.543351717832500680e-24
-5.432221967898195752e-24
-9.945654486968383600e-24
-4.158242617023333891e-24
-6.029393953743439637e-24
-6.930330318937579753e-24
-5.918663795355832834e-24
-7.111960751064324308e-24
-8.119696449368170398e-24
-9.566226578780985064e-24
-9.037516799558879184e-24
-6.949029280529925115e-24
-1.012389735028070638e-23
-6.778266220371569069e-24
-9.379182238968214181e-24
-5.864157855168796714e-24
-7.543551451121128086e-24
-7.432614138244059805e-24
-6.750771037837631566e-24
-6.998154615594965157e-24
-7.877067812282093902e-24
-8.347212734022975291e-24
-6.456685409051813194e-24
-6.814718165814006429e-24
-7.620735688844219698e-24
-7.750247555967253455e-24
-7.497707410627025727e-24
-6.634864019784063757e-24
-9.078101377935247652e-24
-8.125575229135259491e-24
-7.310564893438427838e-24
-8.997592396443095684e-24
-7.524665345262235125e-24
-8.869771558591476379e-24
-5.269632344340049892e-24
-6.599038727662399390e-24
-6.993009400529624176e-24
-1.054205754926648982e-23
-8.142491828687599658e-24
-8.403053552614143611e-24
-9.460071196008345518e-24
-9.243744269344031644e-24
-1.045513077754038811e-23
-8.881412091032760115e-24
-9.814189942113669489e-24
-8.012893482412424476e-24
-1.001305083417384711e-23
-8.499049047591155015e-24
-6.670186567763309049e-24
-7.406337640066643341e-24
-7.754390210605420542e-24
-9.173730198541356406e-24
-9.604524384105693186e-24
-7.759432033016096950e-24
-8.067432591324783857e-24
-9.797750188434807098e-24
-8.882958373372231885e-24
-9.855533928369481619e-24
-9.710923798187243586e-24
-9.769918542631582411e-24
-8.783884101630818190e-24
-7.573319988308229956e-24
-8.809916045869006193e-24
-6.700988489520835049e-24
-8.570540683792670971e-24
-1.022769507825402334e-23
-1.208036659542899073e-23
-8.719804337304721785e-24
-1.080340685305680692e-23
-7.954838532406888592e-24
-7.941216640823786175e-24
-9.481635358726059586e-24
-7.325307073000741272e-24
-9.377123517580376986e-24
-9.855589882087046490e-24
-9.884680236312543070e-24
-1.316208142813217642e-23
-9.870842996396006362e-24
-1.108944747353326350e-23
-1.176651099786029007e-23
-1.086706080147320130e-23
-1.158889031929338400e-23
-7.752258600515300802e-24
-1.145832488291062925e-23
-7.842981999424588780e-24
-7.799782013744616837e-24
-9.622883519355717768e-24
-1.020111383091949115e-23
-9.724465951809074257e-24
-9.072100796405732444e-24
-9.978185356141679437e-24
-8.888511638434447259e-24
-9.583108975841502597e-24
-1.132635829045097065e-23
-1.114900099032333682e-23
-8.214476813675664713e-24
-8.298889394994550062e-24
-1.076251770949054697e-23
-1.194088765457111954e-23
-8.900551417344614483e-24
-9.774752975912159120e-24
-1.242736990423255008e-23
-1.119245687349371041e-23
-1.253344684270879533e-23
-1.155859373852511194e-23
-9.876619776386874126e-24
-1.186194268525716296e-23
-1.236784169042704193e-23
-1.204707447368866521e-23
-9.564953240216507898e-24
-9.210790209562449137e-24
-1.151295683201536728e-23
-1.124611809166970258e-23
-1.118293666145402167e-23
-1.011460581897913117e-23
-1.058802477434224797e-23
-9.206876723124027818e-24
-1.030732193564546855e-23
-1.211364593896573095e-23
-1.121257319573746460e-23
-9.976953009242742322e-24
-1.060228707705221207e-23
-1.151873688010553317e-23
-8.726837311134316481e-24
-1.311651349028245184e-23
-1.248973284135144290e-23
-1.175398595750240473e-23
-1.375389614305898537e-23
-1.069673678715287045e-23
-1.152374287448024105e-23
-1.001146170653185078e-23
-1.063317265721362508e-23
-1.085390700214026977e-23
-1.127207892370785225e-23
-1.419912540103292120e-23
-1.186246776406680052e-23
-1.170098548758875564e-23
-1.142980358428982843e-23
-1.235727707388376904e-23
-1.263475707470052161e-23
-1.205605033524285543e-23
-1.124070002628066095e-23
-1.151256561852490325e-23
-1.106481184486960509e-23
-1.375558510116818276e-23
-1.270556749684998867e-23
-1.278904897357807219e-23
-1.153721831081816152e-23
-9.714729377913062512e-24
-1.143717262527245628e-23
-1.266938244301851481e-23
-1.065689462517290519e-23
-1.376762286710692364e-23
-1.192688253127329592e-23
-1.418000325934326431e-23
-1.336666212368561209e-23
-9.568221073897482499e-24
-1.182501883062670908e-23
-1.127137775999981934e-23
-1.033820206795471756e-23
-1.272732754211012077e-23
-1.265115397347960340e-23
-1.193708376650013483e-23
-1.145653147083314335e-23
-1.166271588793320207e-23
-1.225587920639613877e-23
-1.072275908537542825e-23
-1.142017347962949976e-23
-1.133887297299630786e-23
-1.377106754329296105e-23
-1.330298258870267364e-23
-1.279711012855668684e-23
-1.119849023999597324e-23
-1.238590854234713390e-23
-1.428963214146808340e-23
-1.106588919480482132e-23
-1.176148286487427045e-23
-1.429232468880249722e-23
-1.300654574244621230e-23
-1.206449779845833808e-23
-1.418409721297503940e-23
-1.214091366421918004e-23
-1.140396459069088045e-23
-1.369527315750210277e-23
-1.259209280808463462e-23
-1.221557711115601031e-23
-1.092952805263329669e-23
-1.213916672812218382e-23
-1.437024296655926485e-23
-1.335040282988143597e-23
-1.352851285996662887e-23
-1.496935853572995008e-23
-1.294758062378819534e-23
-1.241104899371065443e-23
-1.343713904041598447e-23
-1.275343351957413077e-23
-1.480153921170877900e-23
-1.353284850286999384e-23
-1.171818237003312753e-23
-1.199779353852431029e-23
-1.396748280292687235e-23
-1.322617747088585673e-23
-1.241574195033522891e-23
-1.423992451470611262e-23
-1.465863103149482880e-23
-1.295575228314588861e-23
-1.219785570685196337e-23
-1.233134179251281137e-23
-1.339148774165892233e-23
-1.380705845687114389e-23
-1.120113896533140595e-23
-1.363250489944251147e-23
-1.540436312565067063e-23
-1.244382530916054475e-23
-1.261591256321430970e-23
-1.403870169637835018e-23
-1.304662792454455464e-23
-1.329282550145536988e-23
-1.597647537750439091e-23
-1.241037645070431590e-23
-1.503130152024759424e-23
-1.315425270871635241e-23
-1.457482508769249882e-23
-1.433496454315339332e-23
-1.074333616345215344e-23
-1.218077144282343171e-23
-1.526491644196247685e-23
-1.462871196852068578e-23
-1.186655170564088415e-23
-1.484638057913650477e-23
-1.460096971093042591e-23
-1.530110301779526741e-23
-1.337125332995624729e-23
-1.280797364346928848e-23
-1.416006254496026914e-23
-1.578749039495373631e-23
-1.454131721764289621e-23
-1.154026087690806135e-23
-1.285609889028849071e-23
-1.429671327169763139e-23
-1.374118670447075012e-23
-1.383897240015005368e-23
-1.565073629848290158e-23
-1.254858016688597775e-23
-1.274620584316665347e-23
-1.442347757172236991e-23
-1.298653538482622122e-23
-1.240275412744237141e-23
-1.595309998115210771e-23
-1.352323083695616355e-23
-1.282283451830225308e-23
-1.278061725070797670e-23
-1.226494484226106663e-23
-1.404342765588545753e-23
-1.462486042970027282e-23
-1.197772107410232788e-23
-1.363221037826519086e-23
-1.443827570718602725e-23
-1.648501984484803175e-23
-1.294741781514550605e-23
-1.504381657524152362e-23
-1.343248011750261664e-23
-1.273972200198671769e-23
-1.406552330264017143e-23
-1.338469317058057377e-23
-1.378383193268551565e-23
-1.502156053064025988e-23
-1.286868288015861645e-23
-1.419456254616344821e-23
-1.461090273919312845e-23
-1.423003430078689143e-23
-1.425750973853750296e-23
-1.212746129702011484e-23
-1.447694178710230748e-23
-1.319899951123397523e-23
-1.456011883429875862e-23
-1.328058001255042422e-23
-1.090666656007825500e-23
-1.276696187129352965e-23
-1.117847378101980763e-23
-1.164630170690368598e-23
-1.342813344383709974e-23
-1.432251004074586871e-23
-1.495028717656548062e-23
-1.222982094792170479e-23
-1.285032304601431871e-23
-1.407765847849052464e-23
-1.383738719415735724e-23
-1.598969715542144746e-23
-1.436176345077834164e-23
-1.461754083749701682e-23
-1.326043381507575523e-23
-1.436700742432999675e-23
-1.515891995886650073e-23
-1.366936936281264714e-23
-1.391533235218664903e-23
-1.178219030485102706e-23
-1.475968695739946328e-23
-1.516329774921563779e-23
-1.496096849075767466e-23
-1.390142288458489785e-23
-1.512243669560880914e-23
-1.363988250090264909e-23
-1.615775500363177190e-23
-1.630939721364278039e-23
-1.463785428638223341e-23
-1.432191789378626203e-23
-1.461548785620269277e-23
-1.236784201496492351e-23
-1.576524355481584028e-23
-1.544408566113194206e-23
-1.426701711880918677e-23
-1.493147779546552754e-23
-1.487540937596478140e-23
-1.686277003513198352e-23
-1.315384557823913851e-23
-1.302741457435429034e-23
-1.455607722386775872e-23
-1.388991092520145394e-23
-1.415313065792584033e-23
-1.442648099682139496e-23
-1.844313582065374153e-23
-1.522194651178117754e-23
-1.507039017827645534e-23
-1.585266874181784550e-23
-1.260717174379217207e-23
-1.547652510708570114e-23
-1.411736875727842185e-23
-1.568300608274325469e-23
-1.632968615169778127e-23
-1.705796669677619251e-23
-1.413441256345032822e-23
-1.454871167760226465e-23
-1.454951902478995431e-23
-1.451874587173536194e-23
-1.468890362115689142e-23
-1.453679731955601899e-23
-1.478974419168758427e-23
-1.458415205515535417e-23
-1.552838884352773202e-23
-1.447953843397528311e-23
-1.324268396655871958e-23
-1.501903381055287796e-23
-1.552553823918519677e-23
-1.441429543707675674e-23
-1.360717648555587155e-23
-1.534163375215744910e-23
-1.345528557270243613e-23
-1.247072919634802003e-23
-1.528352324136572093e-23
-1.556459039784581736e-23
-1.575236556209684596e-23
-1.671838753149882846e-23
-1.524315055577864810e-23
-1.633788778743494961e-23
-1.330324265984041661e-23
-1.480176941712508022e-23
-1.689515491055537094e-23
-1.465329669445786520e-23
-1.479195933501008012e-23
-1.500904359869329359e-23
-1.571913507702855485e-23
-1.465977847335352999e-23
-1.537528819101192484e-23
-1.641111137266120428e-23
-1.690869147325029371e-23
-1.517413236263628735e-23
-1.448123679606231795e-23
-1.656921638745511226e-23
-1.575518385082387488e-23
-1.552762821878212145e-23
-1.504688095913344675e-23
-1.514887719781583190e-23
-1.663750397385934085e-23
-1.597232197999328104e-23
-1.525320104304847660e-23
-1.709528330486533076e-23
-1.598619865119912437e-23
-1.576663902599551598e-23
-1.695126201884226878e-23
-1.695084755503786082e-23
-1.658187334144815204e-23
-1.634769915190684627e-23
-1.589249308430181727e-23
-1.518793547136959205e-23
-1.503569788317635153e-23
-1.641827878628620609e-23
-1.454872807834368272e-23
-1.427154722261074566e-23
-1.567862613681458338e-23
-1.560319119352438344e-23
-1.577626198078696071e-23
-1.643902102146135083e-23
-1.593324913756227974e-23
-1.554817900503313450e-23
-1.642220437137423495e-23
-1.668287634301313308e-23
-1.674478986411852136e-23
-1.607095116300844672e-23
-1.657482490919028762e-23
-1.417828683619303184e-23
-1.598943032093315294e-23
-1.670038342435982577e-23
-1.892364101541014946e-23
-1.633902378126487913e-23
-1.781017247147051437e-23
-1.568433820557870070e-23
-1.657287558832253864e-23
-1.525419837360343553e-23
-1.662269497130740485e-23
-1.872728264052759378e-23
-1.756363547624875023e-23
-1.604078254945621651e-23
-1.522071267294592708e-23
-1.622085671596991641e-23
-1.750280083053109927e-23
-1.826345176136269664e-23
-1.739722566057027984e-23
-1.755685391832909710e-23
-1.742055750664349894e-23
-1.600852772345514688e-23
-1.831164486864764809e-23
-1.784496663257034850e-23
-1.693151149208204289e-23
-1.796825185054453204e-23
-1.678035417404706893e-23
-1.526352507515602695e-23
-1.692502424477842668e-23
-1.667370246422829937e-23
-1.613009233707543502e-23
-1.673686216075254948e-23
-1.847212130685205412e-23
-1.670249089755314766e-23
-1.692351289550321581e-23
-1.813194001526366495e-23
-1.738414842904006097e-23
-1.783420068864912800e-23
-1.724643975646079254e-23
-1.728108851965574053e-23
-1.804002897703792689e-23
-1.628765985154341369e-23
-1.639468175628848183e-23
-1.540013368911923735e-23
-1.856477578207047002e-23
-1.632434079868349883e-23
-1.647764312923830927e-23
-1.792871261996075033e-23
-1.860871489929710814e-23
-1.622134165920669406e-23
-1.868586795076433811e-23
-1.765204476292812370e-23
-1.820368470169295397e-23
-1.710388772399159797e-23
-1.807492267148638107e-23
-1.583902288015330658e-23
-1.640598731686798090e-23
-1.532767453371039205e-23
-1.752835041950080333e-23
-1.841960778971167934e-23
-1.705663165236458610e-23
-1.820150954583193349e-23
-1.746584987877525528e-23
-1.903881282561182136e-23
-1.611306850396918144e-23
-1.787309601471921827e-23
-1.770129329650005769e-23
-1.918000543238324982e-23
-1.777743992615879128e-23
-1.816216530316519074e-23
-1.647605014520180777e-23
-1.809474866875795428e-23
-1.786537609246111799e-23
-1.754126218828371187e-23
-1.874170303937861652e-23
-1.700290087982745068e-23
-1.708589762936039621e-23
-1.940867694247788285e-23
-1.704806590090017296e-23
-1.536050929887951986e-23
-1.806212444672340107e-23
-1.652277778516624753e-23
-1.537686398710882805e-23
-1.819376240299458952e-23
-1.942085119418586370e-23
-1.828580115051569668e-23
-1.748983139258371840e-23
-1.901209285503352360e-23
-1.561001212310171965e-23
-1.981387198907647238e-23
-1.760607612865769337e-23
-1.834488327698322570e-23
-1.819684705343235340e-23
-1.685374206501737936e-23
-1.748973013760793529e-23
-1.648093648637800607e-23
-1.897497271847968984e-23
-1.829383957033217964e-23
-1.859928956616859143e-23
-1.834062563823403181e-23
-1.903924875419786374e-23
-1.881142983717579039e-23
-1.930463207317896926e-23
-1.905713424585920232e-23
-1.830883004603871007e-23
-1.794268337017670715e-23
-1.842018317568858331e-23
-1.883220316322295924e-23
-1.860415747223444956e-23
-1.728277196936005358e-23
-1.894577453628301300e-23
-1.677032357156300006e-23
-2.117087986989124327e-23
-1.720927980650143151e-23
-1.792929490456100126e-23
-1.598994525363737593e-23
-1.925602853739132537e-23
-1.927139819650739750e-23
-1.960093225153434066e-23
-1.649402651268395309e-23
-2.024417798126309265e-23
-1.780870907181345339e-23
-1.878639570398763657e-23
-1.746118173060891767e-23
-1.784380219008343861e-23
-1.830630354310901007e-23
-1.812154497737092322e-23
-1.963415019747920727e-23
-1.911541262017593140e-23
-1.741377440000293568e-23
-1.755451965097722591e-23
-1.731942422683680607e-23
-1.807636258153228669e-23
-2.000040791404547559e-23
-2.094594819760130812e-23
-1.924355343989698680e-23
-1.768683970872423349e-23
-1.918746470445138711e-23
-1.851161058029393682e-23
-1.834621924025957032e-23
-1.750903238223754922e-23
-2.009090071373738999e-23
-1.900756210124428242e-23
-1.787359556829945270e-23
-1.824138978450289287e-23
-1.849459086931878481e-23
-1.841177440700472786e-23
-2.026766631384245908e-23
-1.877916056369195965e-23
-1.710173648368821463e-23
-1.953510283975670196e-23
-1.625770194570092695e-23
-1.830911903104156756e-23
-1.896046881647233222e-23
-1.808066468736378906e-23
-2.005109069310436541e-23
-1.940234425089494029e-23
-1.888050602071412010e-23
-1.781009651004275398e-23
-1.965002595837440864e-23
-1.920798414489931751e-23
-1.960951099551649724e-23
-1.924872531263936694e-23
-1.858961467130256708e-23
-1.922193306967383521e-23
-1.889997127338203442e-23
-2.129665821031439904e-23
-1.895730854932956589e-23
-1.697372344695182709e-23
-1.603913348247242719e-23
-1.791646689365414107e-23
-1.813798380144726943e-23
-1.728625319255317963e-23
-1.942924882937471828e-23
-1.825349268684617202e-23
-1.666049045246542550e-23
-2.014685364686934309e-23
-1.791101578247765459e-23
-1.899187758610018433e-23
-1.959140910951248881e-23
-1.755274469637316519e-23
-1.766041352816720718e-23
-1.719003592427592245e-23
-1.836241807600413508e-23
-1.772040869216105382e-23
-1.717016969611066564e-23
-1.786235457508596441e-23
-1.832499396669902728e-23
-2.023547033800241074e-23
-1.854069807785313800e-23
-1.750647208782705330e-23
-1.652657137767473307e-23
-1.957733021701160557e-23
-2.029916112572134209e-23
-1.867996323826751092e-23
-1.887358076180045290e-23
-1.912642319027234933e-23
-2.054334728104571343e-23
-1.885766199793460274e-23
-1.901243800229388484e-23
-1.778990449796574732e-23
-1.848373535802262866e-23
-1.904089281038001079e-23
-1.849371837425808429e-23
-1.768846910377883185e-23
-1.904500811720410598e-23
-1.922377289271231037e-23
-1.907492265579120852e-23
-1.947312344651638109e-23
-1.965021062273499421e-23
-1.912618783586767750e-23
-1.919654791320171043e-23
-1.911045974146231712e-23
-1.983734350762356387e-23
-1.977577402017518022e-23
-1.861159690657433757e-23
-1.899625386280259129e-23
-1.767971398228935075e-23
-1.834344596397533294e-23
-1.890177980482672132e-23
-1.766385238977811128e-23
-1.852437081988842584e-23
-1.879029137071442291e-23
-1.823207168810615627e-23
-1.851244549862323423e-23
-1.842749800999780370e-23
-1.915492642784449338e-23
-1.940613295685532448e-23
-1.934119020162259015e-23
-1.812171069277797839e-23
-1.795557859963168069e-23
-1.888288959917889682e-23
-2.031038863302731326e-23
-1.945314642824573289e-23
-1.939412662942598037e-23
-1.760990648299512171e-23
-1.744701603941425768e-23
-1.693330307530396942e-23
-1.946952452095251978e-23
-1.935695691317668763e-23
-1.790596536575612551e-23
-1.846953055877517587e-23
-1.902623530508852784e-23
-1.991377689177873504e-23
-1.878792958926905132e-23
-1.640589479487245441e-23
-1.959305110345000840e-23
-1.889057062862720871e-23
-1.856665579854109319e-23
-1.858506260737790332e-23
-1.921841860090731267e-23
-1.795133144633191307e-23
-1.787417087448706507e-23
-1.846929935605081525e-23
-1.695508059746480700e-23
-1.742517552568060675e-23
-1.838577199965711237e-23
-2.082453610553725760e-23
-1.958691978550406044e-23
-1.901720849899971374e-23
-1.841825363295627197e-23
-1.936194261717317822e-23
-1.834747378725837848e-23
-1.794970893221948103e-23
-1.915172297012261186e-23
-1.825780753617174738e-23
-1.781367792358844662e-23
-1.630813977965854925e-23
-1.752345426943351202e-23
-1.881542333894769599e-23
-1.844217246749267937e-23
-1.901129275753563809e-23
-1.853322492476376609e-23
-1.915607722785678136e-23
-1.849122640521399915e-23
-1.969874976174760599e-23
-2.034961357156346487e-23
-1.896779141106063463e-23
-1.888639569158615105e-23
-1.756676169409046156e-23
-2.126517268722532786e-23
-1.963212317762227692e-23
-1.876254807526923039e-23
-1.835115570141170015e-23
-1.926006673350024766e-23
-1.858289076068550709e-23
-2.007022795877086120e-23
-1.969365781894535501e-23
-1.797739280914018180e-23
-1.897987628261393627e-23
-1.779157562786528491e-23
-1.780420057804614500e-23
-1.797539081082736214e-23
-1.971545828659311761e-23
-1.938834544404670660e-23
-1.863004137271214437e-23
-1.962126594285439255e-23
-1.769936303126667106e-23
-1.961283273358461061e-23
-1.934767015758408525e-23
-1.847022512654157416e-23
-1.920712022397739886e-23
-1.931981574583249069e-23
-2.008119420013545124e-23
-1.822867242659346451e-23
-1.954216577406632020e-23
-2.088229521922706135e-23
-1.840046415502983723e-23
-1.880065774523901466e-23
-2.002606672031406084e-23
-1.823078193657337711e-23
-1.877801719539276889e-23
-1.928357378823839842e-23
-1.999426377483959437e-23
-1.875968605003169501e-23
-2.024451633752747044e-23
-1.842119651320715687e-23
-1.804311597696936636e-23
-1.901253763742226008e-23
-1.943802600578195756e-23
-1.967465376676854478e-23
-1.831665000658904108e-23
-1.907018339747917941e-23
-2.007576307396925059e-23
-1.795223128624478503e-23
-1.941103128918456113e-23
-1.902420183914795864e-23
-1.908340055225576226e-23
-1.918369438669307350e-23
-1.990664609831652555e-23
-1.733535576651217976e-23
-1.938797378678914326e-23
-1.866089221992169172e-23
-2.012705442771777783e-23
-1.873399343757868096e-23
-2.016579952276414339e-23
-1.889403804229863512e-23
-1.900108251399480179e-23
-1.880690653648338448e-23
-1.991074072415125100e-23
-1.919182486141261960e-23
-1.830040707205470715e-23
-1.899302903195658404e-23
-1.903063735242520348e-23
-1.891514154371345417e-23
-1.907486343989918823e-23
-2.028515581735697339e-23
-1.895240037468074240e-23
-1.876942378535524435e-23
-1.962599994630780181e-23
-1.930686716135709607e-23
-1.866896465517858006e-23
-1.795796679924500010e-23
-1.941222464898802208e-23
-1.889826802284304114e-23
-1.836115574905052070e-23
-1.930436237353551896e-23
-1.956422072861715562e-23
-1.971807170818873505e-23
-1.945352203803286211e-23
-1.837519587123035447e-23
-1.829668826019595746e-23
-2.028221324336712676e-23
-1.886784292951708736e-23
-2.002176866048173984e-23
-1.917646007892392320e-23
-1.858704292779782848e-23
-1.861587019363588211e-23
-2.027560251968147762e-23
-2.011666104842668246e-23
-1.811255197949380430e-23
-1.907844758256200028e-23
-1.756079392930551218e-23
-1.853154935170566968e-23
-1.939808389371031770e-23
-1.902052500825357175e-23
-1.853340108074622969e-23
-1.879245460805350615e-23
-1.830906934683138064e-23
-1.944888767464568901e-23
-1.887771650332534355e-23
-2.080244124671262784e-23
-1.922431076022589953e-23
-1.915632648304677981e-23
-1.873228543341794513e-23
-1.984583591629446460e-23
-1.797015710088842550e-23
-1.925496779813317021e-23
-2.018039540781603023e-23
-1.830117581591374107e-23
-1.733006961893125344e-23
-1.846316657641653033e-23
-1.916222494262739141e-23
-1.766470532624236961e-23
-1.812056525374848098e-23
-1.956794515886533965e-23
-1.895911053487729621e-23
-1.857601889901499832e-23
-1.817521661338159950e-23
-1.835183844744018001e-23
-1.754516022197092371e-23
-1.911776730410804407e-23
-1.899688386207757520e-23
-1.930058746925055362e-23
-1.802617583172836034e-23
-1.789878030102619767e-23
-1.867554479078226897e-23
-1.719867148592355182e-23
-1.728691518198230964e-23
-1.865684714787045078e-23
-1.941424963522608095e-23
-1.883082830034230725e-23
-1.872546275043682430e-23
-1.840414239901242892e-23
-2.010833545757618378e-23
-1.904045120942080237e-23
-1.807616459241439433e-23
-1.879895781185904496e-23
-1.830986671393218913e-23
-1.853249009286410995e-23
-1.803646137018510674e-23
-1.747234801450827360e-23
-1.890789006110802339e-23
-1.795759155940633204e-23
-1.885534009745044227e-23
-1.851954525949257813e-23
-1.691783593953742277e-23
-1.898602290031056809e-23
-1.865028577206850172e-23
-1.745035540415439132e-23
-1.695161187103965185e-23
-1.778753487642490108e-23
-1.735156754745270004e-23
-1.778537502985873223e-23
-1.976529890088190171e-23
-1.709972093612385802e-23
-1.823632064296262383e-23
-1.709036125778497133e-23
-1.792158112598615414e-23
-1.797333402504300320e-23
-1.810268298498684750e-23
-1.901361815807082025e-23
-1.806009238405198249e-23
-1.733169905533090041e-23
-1.879521184797481242e-23
-1.796365788737556417e-23
-1.800713442158897324e-23
-1.813628315760361575e-23
-1.758078069272782664e-23
-1.736420036158948948e-23
-1.757270660606371997e-23
-1.844292723508362150e-23
-1.834712270405448517e-23
-1.786601566892938255e-23
-1.890190845188769045e-23
-1.914055844554991579e-23
-1.795533887139298252e-23
-1.791257947323753939e-23
-1.908773654078579329e-23
-1.811028256593366111e-23
-1.831113294907813518e-23
-1.693649505071108290e-23
-1.704191844729544936e-23
-1.727336328026935831e-23
-1.680978646193306439e-23
-1.891779384386301994e-23
-1.569882799850121962e-23
-1.747688788231674552e-23
-1.742512591270695266e-23
-1.727760100951084745e-23
-1.749212032898349067e-23
-1.846551916220156162e-23
-1.750642251603773129e-23
-1.779766526858249097e-23
-1.773679048884984072e-23
-1.733196565422430436e-23
-1.769472922181790125e-23
-1.678558357167519653e-23
-1.730493225551420516e-23
-1.681050652978982739e-23
-1.794099357494122967e-23
-1.650185559395133765e-23
-1.715840781163062171e-23
-1.706310904940078373e-23
-1.859898722148504247e-23
-1.731002519204409492e-23
-1.790368933074703864e-23
-1.689970697459588260e-23
-1.800078468021617087e-23
-1.717787503295328610e-23
-1.701063321591497511e-23
-1.748101239050879677e-23
-1.711239822387233041e-23
-1.720954166628333347e-23
-1.777253652822726206e-23
-1.685292012038515284e-23
-1.732022688586499033e-23
-1.734915304811960091e-23
-1.731500129995475378e-23
-1.707352137328821929e-23
-1.650054007702296855e-23
-1.662339178417567225e-23
-1.806055296195288917e-23
-1.653889145425127824e-23
-1.650837970578484857e-23
-1.620204847388911823e-23
-1.670277003180805917e-23
-1.696222195152474454e-23
-1.662495775645217228e-23
-1.756537025877088472e-23
-1.650554279516331675e-23
-1.665442953973807226e-23
-1.629118393342983309e-23
-1.751240322674185321e-23
-1.710354611963148427e-23
-1.641076657463119863e-23
-1.588845517070964091e-23
-1.747516345582279694e-23
-1.627007199499992867e-23
-1.693850318586833531e-23
-1.529862724663346125e-23
-1.509250569894882826e-23
-1.562193531397478262e-23
-1.775000694836033870e-23
-1.645086569601875292e-23
-1.705901530841948376e-23
-1.610585529463445770e-23
-1.576125029785296417e-23
-1.702496902709269449e-23
-1.654151187378923853e-23
-1.559397087075140540e-23
-1.692495579094845961e-23
-1.693775532875012581e-23
-1.592490461487658697e-23
-1.655675705306629847e-23
-1.645405144419915414e-23
-1.569396432021530206e-23
-1.489097274706226898e-23
-1.611004429893220372e-23
-1.624814513902920606e-23
-1.524055135617671723e-23
-1.612684231501183525e-23
-1.596091293383691051e-23
-1.595981811358425088e-23
-1.558258732577351061e-23
-1.675957740083319669e-23
-1.580350833763444361e-23
-1.672507905003904433e-23
-1.589072263605247271e-23
-1.431399510936828369e-23
-1.515137487864056141e-23
-1.644345425281940266e-23
-1.628421751545633353e-23
-1.601608201275904800e-23
-1.486283534365829658e-23
-1.504446950436741812e-23
-1.490155981066097737e-23
-1.463981891673269858e-23
-1.577561818493426259e-23
-1.606940055482732227e-23
-1.557686451972195151e-23
-1.520489146127630258e-23
-1.576136499343932427e-23
-1.592988285286194396e-23
-1.428765964392125944e-23
-1.507969296877799929e-23
-1.618142778073014446e-23
-1.661988380804252943e-23
-1.493844030185974063e-23
-1.508940074348211586e-23
-1.429184993704356599e-23
-1.396903883144975794e-23
-1.521063603122325541e-23
-1.504892263768936328e-23
-1.440031040564583138e-23
-1.394882900590616808e-23
-1.542046282702857326e-23
-1.447610577481597560e-23
-1.502220246478319698e-23
-1.466836068398160970e-23
-1.472328107614326141e-23
-1.536870086929970458e-23
-1.587354396639119057e-23
-1.485366325270969283e-23
-1.479818134286779825e-23
-1.431686951873890281e-23
-1.390141029492106730e-23
-1.479799449133220054e-23
-1.464039415354815037e-23
-1.484012012156373562e-23
-1.443466983573542080e-23
-1.507568877268379915e-23
-1.516586584704412455e-23
-1.485712576587160390e-23
-1.432399831598595092e-23
-1.496281010923431939e-23
-1.509899174360741850e-23
-1.469070532026452824e-23
-1.486246576826078790e-23
-1.470348665838647833e-23
-1.464089827577957019e-23
-1.486677050459861977e-23
-1.463030348053842670e-23
-1.478204591715674842e-23
-1.464620628578415165e-23
-1.404881435354328792e-23
-1.411268648299686853e-23
-1.454828295942775255e-23
-1.368834705056482915e-23
-1.392610641295631510e-23
-1.445215399036149146e-23
-1.410912244573191152e-23
-1.429133958721034542e-23
-1.413491324212210784e-23
-1.438365319442998562e-23
-1.406571696077590231e-23
-1.481027310158398230e-23
-1.456491396257907915e-23
-1.372910710488892392e-23
-1.440721378005528408e-23
-1.436063579360846497e-23
-1.359222086206612012e-23
-1.470626060611146378e-23
-1.432403120890560549e-23
-1.342424754880292883e-23
-1.429483871373170774e-23
-1.410242197309400446e-23
-1.395053798017924028e-23
-1.382188106448798493e-23
-1.389097736359034147e-23
-1.444481508447153324e-23
-1.531934110845051706e-23
-1.385305423402403262e-23
-1.386530023702494976e-23
-1.335199137024563766e-23
-1.377146308913719597e-23
-1.385180857699952543e-23
-1.376263528394521863e-23
-1.361913003959050969e-23
-1.326051669639773849e-23
-1.419772359890997186e-23
-1.388667120070375425e-23
-1.294688334284192278e-23
-1.346706167646281710e-23
-1.371854953528460852e-23
-1.357302821083570124e-23
-1.375310458385650521e-23
-1.336927126271122984e-23
-1.342601904969956229e-23
-1.343430132103000654e-23
-1.345631987504197749e-23
-1.278394162035959556e-23
-1.316359928663227468e-23
-1.369580122650443445e-23
-1.341989779001336775e-23
-1.420584070123222869e-23
-1.310505238774672999e-23
-1.351773032695935000e-23
-1.395341477166403810e-23
-1.323208578056446731e-23
-1.410677841822058496e-23
-1.327106352286787659e-23
-1.265868240181142087e-23
-1.401106354831535309e-23
-1.387314520985228182e-23
-1.405170205489074065e-23
-1.354704475007508742e-23
-1.320863964102415082e-23
-1.371377558033696812e-23
-1.341803231144486617e-23
-1.344413226958710369e-23
-1.333743581590879838e-23
-1.344300787531081168e-23
-1.237641251170946272e-23
-1.339785879991934258e-23
-1.302882573560869077e-23
-1.320178929030457299e-23
-1.316261611768135389e-23
-1.262256104292292369e-23
-1.316431509029607749e-23
-1.217469528540358548e-23
-1.238544340645553399e-23
-1.237764707306800530e-23
-1.269546414612577296e-23
-1.285297163662978219e-23
-1.247237750411128364e-23
-1.234850188574470723e-23
-1.236134169861529048e-23
-1.307087852450328624e-23
-1.247106415914633183e-23
-1.344157155464403273e-23
-1.233182722996238506e-23
-1.212881639294770264e-23
-1.209262717409371137e-23
-1.293866662442177724e-23
-1.337981112662919271e-23
-1.272679363484249056e-23
-1.295617620755935231e-23
-1.230032328801378344e-23
-1.248290943355736091e-23
-1.244912131124897712e-23
-1.276842549933853122e-23
-1.183130586568484820e-23
-1.205536505919830011e-23
-1.224691734645698407e-23
-1.272276153253035611e-23
-1.192828222736433569e-23
-1.250919027507132570e-23
-1.224628276068499292e-23
-1.228853433211595388e-23
-1.181811881622976407e-23
-1.191777532584401627e-23
-1.216403762302116144e-23
-1.143232364173827753e-23
-1.241088820153199384e-23
-1.196195608080355403e-23
-1.204919227435688478e-23
-1.258526190626770897e-23
-1.134718371049170403e-23
-1.254060744514366269e-23
-1.190896133089494990e-23
-1.206326164157538319e-23
-1.249630637956440800e-23
-1.159589952091849541e-23
-1.197576171357547193e-23
-1.187743297510599367e-23
-1.151807302685662978e-23
-1.178505695237321601e-23
-1.173204166269468274e-23
-1.131513603502856803e-23
-1.134522583326517030e-23
-1.175344612376982646e-23
-1.125337355655485817e-23
-1.077986393425511116e-23
-1.085299354851053257e-23
-1.099103470828370631e-23
-1.168729707408246683e-23
-1.098376231065353035e-23
-1.135222255625822997e-23
-1.044323201177472992e-23
-1.112677148637811918e-23
-1.138519471142184393e-23
-1.172346797324492542e-23
-1.159601010415270761e-23
-1.155285357640379983e-23
-1.148371930978308669e-23
-1.111865953808964867e-23
-1.085057774647316312e-23
-1.129629063945573205e-23
-1.061136052728526033e-23
-1.140389417086469072e-23
-1.143233619926839778e-23
-1.088347173948505389e-23
-1.107444375773258342e-23
-1.125882346119599516e-23
-1.096854064473762073e-23
-1.110631366102906597e-23
-1.043924661744886822e-23
-1.053066668256055915e-23
-1.097562384889941472e-23
-1.033835931973029497e-23
-1.077669663419636344e-23
-1.044968462616397230e-23
-1.072417968309739548e-23
-1.029632298384667436e-23
-1.052677660753103505e-23
-1.092534709485755907e-23
-1.040177935577701462e-23
-1.010967113602149310e-23
-1.096118187990976735e-23
-1.064306506742563325e-23
-1.133837016909195729e-23
-9.541825354326944522e-24
-1.020352576765843534e-23
-1.086490286040603719e-23
-1.004118477683246072e-23
-1.099524893725869368e-23
-1.053329374212752813e-23
-9.613890739600856174e-24
-1.056727383571999458e-23
-9.545348472946543883e-24
-1.068335639888950835e-23
-9.850486403540332699e-24
-9.463166620123698603e-24
-1.013190521578343198e-23
-1.103111583547775036e-23
-9.814246558974615963e-24
-1.022384867870608819e-23
-1.055313270688283089e-23
-1.017679054420710315e-23
-1.020045829564247126e-23
-9.735117360113022950e-24
-9.613973999627415477e-24
-1.006982994782859180e-23
-1.104035929827537837e-23
-9.749669373203185522e-24
-9.634441656600568906e-24
-9.943852191654420146e-24
-9.695491319755814562e-24
-9.907096638074910249e-24
-1.043244641453638485e-23
-9.937353648170470580e-24
-9.932791963400312761e-24
-9.543714152333446373e-24
-9.695284456265784369e-24
-9.822166497903466375e-24
-8.990315953569473946e-24
-9.558597491348167344e-24
-9.331563932524991172e-24
-9.388170098048038596e-24
-9.722989233845244966e-24
-9.772812156238535114e-24
-9.723059838981705304e-24
-9.619504210830569671e-24
-9.152568282569389238e-24
-9.473491109855678368e-24
-9.413460287076682802e-24
-1.001373984753248222e-23
-9.254052777226012219e-24
-9.497681863865316952e-24
-9.542873599343852424e-24
-9.767690267580328666e-24
-8.952399368442557148e-24
-9.065814747799537741e-24
-8.709507619997904725e-24
-9.459998526106296948e-24
-9.178240993151560614e-24
-8.982992293711759309e-24
-8.880687665999182709e-24
-9.011932176434436596e-24
-9.679329516937047650e-24
-9.331860923136902546e-24
-9.277658658731201458e-24
-8.726047435192603495e-24
-8.744538072047121725e-24
-8.711898856755403402e-24
-8.481528852725425538e-24
-8.926286981944190674e-24
-8.283969348378137811e-24
-9.337710421809515136e-24
-9.046584320083756667e-24
-8.688478577519178261e-24
-8.413855741862033842e-24
-8.448728867667574400e-24
-8.699408173013572805e-24
-9.924509743684334045e-24
-8.655520768465727675e-24
-8.147371187662873183e-24
-8.363743382573005621e-24
-8.905778580709843360e-24
-8.794584840385740266e-24
-8.480833272466604800e-24
-8.357687610798797648e-24
-8.150476013457917898e-24
-8.900998682600580160e-24
-8.482981663054279168e-24
-8.911436173235402576e-24
-8.899546992856535113e-24
-8.559361508005477323e-24
-8.170134626765480908e-24
-8.818190754308978668e-24
-8.297493404686545448e-24
-8.728534736632986828e-24
-7.903120250175864477e-24
-8.135169963291941711e-24
-8.135971403912418713e-24
-8.130772401153198336e-24
-7.560274479447054090e-24
-8.180048734202640074e-24
-7.975748523243046659e-24
-8.458850517864592200e-24
-8.186867043401694358e-24
-8.530517908258781018e-24
-8.637765969116717558e-24
-8.209481530885396198e-24
-8.672323019741486291e-24
-7.627266011062415322e-24
-7.611762403821559556e-24
-8.094677152978870379e-24
-7.819464647072984801e-24
-7.889206858390516651e-24
-7.566650172834892997e-24
-8.002657748596128162e-24
-7.902984133356945495e-24
-7.462562732730994481e-24
-8.436552112652219129e-24
-8.489299849402503981e-24
-8.121181816058935293e-24
-8.073817307884820262e-24
-7.913744536253909985e-24
