0.000000000000000000e+00
0.000000000000000000e+00
3.207395224857094366e-13
1.416556525205309406e-13
1.700359934476118033e-13
1.435959196650766301e-14
9.318677653393709415e-15
2.492843939091199673e-15
8.974173348795708997e-15
1.029992511388082746e-15
7.219758138783179033e-16
1.043543152173464061e-15
1.589970686689773343e-16
4.893980711071930792e-16
-1.742294076047155968e-17
1.969711863217957172e-16
2.961135175857874907e-16
1.674598015506084640e-16
1.906128898237681310e-16
1.158994024640394344e-16
8.066258204088252585e-17
1.443329120875398983e-16
5.504318589379355848e-17
3.742248064165787946e-17
5.653877030052005235e-17
2.386524012688444367e-17
3.872454392222305792e-17
2.727807406484440038e-17
5.254788856060010762e-17
3.031220222575906749e-17
2.486415334213173600e-17
2.957053131345138180e-17
7.893864131794310318e-18
1.082561378413230676e-17
1.296793471012693902e-17
8.260951119663207651e-18
2.015340822301643071e-17
4.989502419838087049e-18
7.837135201685951748e-18
1.210164909734508707e-17
1.830462169054638104e-18
6.053123568630645940e-18
6.973676736186210756e-18
8.372638812418972336e-18
4.810809882545743682e-18
5.827963839506928269e-18
3.150637769209016183e-18
3.528960804208912637e-18
4.763508240923807786e-19
3.232276230715100105e-18
4.750756457555187071e-18
3.002984162932019921e-18
2.615232804612234141e-18
1.041872884973928545e-18
6.988081862183801346e-19
8.529542921740861448e-19
1.390239366720931921e-18
1.733535609667320231e-18
1.655299402489511540e-18
9.962551926732741901e-19
1.609235071375458830e-18
1.559523102521691174e-18
9.269777111384011143e-19
5.227300159716574019e-19
1.008160272624026273e-18
7.359546030733301237e-19
5.081278397070122204e-19
7.859975977852773357e-19
7.688375079229019611e-19
2.225994910437761689e-19
6.047559585104322641e-19
6.426721484370497791e-19
3.780600762533127639e-19
4.571633636415090546e-19
4.542380688833846007e-19
5.175734128940320767e-19
5.058633340301899612e-19
5.287925283933628369e-19
3.513976935341046625e-19
4.172470158977409758e-19
2.878825871430926549e-19
2.389344580797615290e-19
3.546686084825271616e-19
3.804668410939008799e-19
3.684982235485616891e-19
2.078819161121831476e-19
2.027824311329615918e-19
1.895849457249489534e-19
2.195282932738511199e-19
3.238887609445697436e-19
1.733200277111800125e-19
2.459766555464240058e-19
2.326824588621643563e-19
2.624391010753639807e-19
2.464497018528086998e-19
1.832238291073141265e-19
1.293536271716359185e-19
1.625249930331237609e-19
1.935507985727327824e-19
1.413787994572553072e-19
1.359198054450104320e-19
1.736670685369814238e-19
1.007287769782021060e-19
1.275065009103178959e-19
1.237897820771123762e-19
1.245777503830607738e-19
1.290421249875290174e-19
8.721013911420968645e-20
1.071829586852690222e-19
1.364600475576755624e-19
1.194588844825050329e-19
5.389518573461391267e-20
1.185469451962821871e-19
1.199358625280212863e-19
1.010360271540536269e-19
1.005525881132132291e-19
6.742377293644860558e-20
9.648261324265345871e-20
8.412476423008377073e-20
6.882948954856885416e-20
2.699872892151400492e-20
6.888377566150984286e-20
5.260326532245591930e-20
4.770458040846745003e-20
6.473538088439994676e-20
5.027364327838499023e-20
6.189315858097152807e-20
3.147407056683299424e-20
6.890614629173616226e-20
3.338878351759622535e-20
3.403747793721363752e-20
5.482040239247711301e-20
4.397123807908170733e-20
2.468611848409697221e-20
3.773469973086382613e-20
5.775241811166892428e-20
4.480753302270488526e-20
2.711041049438225267e-20
2.519923919641705799e-20
4.095213247922004320e-20
3.032597913916872147e-20
3.191497970763600856e-20
3.930417830397272560e-20
3.278485238625706869e-20
2.239775598062093916e-20
2.441643074975103571e-20
2.947613052354045649e-20
2.180427806441404964e-20
2.873705010191256560e-20
2.629448829001451686e-20
2.943467138024275754e-20
2.014612721197358244e-20
1.748656373608511500e-20
1.851712937590631713e-20
2.048987516490580365e-20
2.944442091231933063e-20
2.107096442668560074e-20
2.323543261702658025e-20
1.788932914389931247e-20
2.747263326790418831e-20
1.634446059986637690e-20
2.668535906767609577e-20
1.740294091434637851e-20
2.137385667450233369e-20
1.994009054737208301e-20
1.729213087958256251e-20
1.656383832272308738e-20
1.171671173367755543e-20
1.493242054895972462e-20
1.782388453519945772e-20
1.578097496378848255e-20
1.636607771228039914e-20
1.488491604718568475e-20
1.833466643298700107e-20
1.191335082862405696e-20
1.590631008724718646e-20
1.513069712347246167e-20
1.383080494983242183e-20
1.504514556068188019e-20
1.318048623621268460e-20
1.098256716448900605e-20
1.302016441940952220e-20
1.297589435044255486e-20
1.025504566846091883e-20
8.148943301016678524e-21
1.347655653177172880e-20
8.431678520521665430e-21
1.258471709708791666e-20
4.795345432321219095e-21
1.214578071296966773e-20
1.044866224747537999e-20
1.005036444400809315e-20
1.000998201451768418e-20
8.314474174540728993e-21
1.003949636340096489e-20
8.812029315718589208e-21
8.458749274086656165e-21
7.996438201666561145e-21
9.554612532886875410e-21
7.497918815212812688e-21
7.668434162781400271e-21
7.015863559909271494e-21
9.535312816647395105e-21
5.863616169107637999e-21
6.867907878034222483e-21
8.103578574388829773e-21
4.540120835817258040e-21
7.388755790984634129e-21
7.802253721827198809e-21
6.762190617477172717e-21
7.020819450209162479e-21
7.520929504176090614e-21
7.143803367659158686e-21
4.869225453303854508e-21
6.577709225757638080e-21
6.973986644734476259e-21
4.260083595685256964e-21
8.266370567248843213e-21
5.808707706978917578e-21
4.118012005473740426e-21
5.374708727715418608e-21
6.029047871911053624e-21
4.564117499910369198e-21
3.903652617567789112e-21
3.967274494628624849e-21
4.901018339711117739e-21
5.780463673291347065e-21
5.159274161416309034e-21
4.429961593606289363e-21
5.318238067513892923e-21
5.921769132382844083e-21
4.324773028167797507e-21
4.341519701246470718e-21
4.373932146343084078e-21
4.095338282704560384e-21
3.713013193867392183e-21
3.794459524251713108e-21
4.083195756178935156e-21
3.645593434745636581e-21
1.991213812809490724e-21
3.766311514071445140e-21
3.305247258964528476e-21
3.192634283644304132e-21
4.568721008902944721e-21
3.520835030166932874e-21
3.634120990064729829e-21
3.719380609808106789e-21
3.744469793592334190e-21
3.962715922006384144e-21
3.221728641624597706e-21
2.482936762020363575e-21
2.845943346022453728e-21
3.248321604361129794e-21
3.892065062580177868e-21
3.097629754648210097e-21
2.872527396283085094e-21
3.185996378962121823e-21
3.644146073744559453e-21
3.372768395027671345e-21
1.759024107429465520e-21
3.075680653901124340e-21
3.415112940921423826e-21
2.921262195339859987e-21
1.552384281408986339e-21
2.044428793343885214e-21
2.253958131306090936e-21
2.882905223309954761e-21
3.002595715014430962e-21
2.366808300141311797e-21
2.387383146566095739e-21
2.752775802388485715e-21
2.458668772638446690e-21
1.324949058219207874e-21
2.257371221030891316e-21
2.175311590791156113e-21
1.915383251177933763e-21
1.867649336409522349e-21
2.920129976803035306e-21
1.780229317975007554e-21
2.599292809462812146e-21
2.073366602148854940e-21
2.359226196638063894e-21
1.844121345069822566e-21
1.789319571276866364e-21
1.904729742361581763e-21
2.035254731767053820e-21
1.558098238704469176e-21
2.375394200701429244e-21
1.446984096432356185e-21
1.840752101697222347e-21
1.759356921308533926e-21
2.139107145507974610e-21
2.409865887983436967e-21
1.589663822393963259e-21
1.898106375662387533e-21
1.770760978992396335e-21
2.064533670830447151e-21
1.802034202541142500e-21
1.487238707309287623e-21
1.621639111831130009e-21
1.778537540640585631e-21
1.404455154126375706e-21
1.970880927913851811e-21
1.874956152048968210e-21
1.238826392579567962e-21
1.355891613676353093e-21
1.448741867991478025e-21
1.534913504786997641e-21
1.696490745162178883e-21
1.491030387914596872e-21
1.096132979926786808e-21
1.437054220583775082e-21
1.343590805608913428e-21
1.158735607802330614e-21
1.522955188332165167e-21
1.444139206071853546e-21
1.464785024474244341e-21
1.551939833135551393e-21
1.329677659671319328e-21
1.330530198607529123e-21
1.294262471093497089e-21
1.450328257762624898e-21
1.372715010754294976e-21
9.823111304596670427e-22
1.259631089874930797e-21
1.007120897373533591e-21
1.201706998127791916e-21
9.449994157502808303e-22
1.555373800822344752e-21
1.371472846578971348e-21
1.017382642238415025e-21
7.213551281797184537e-22
1.045257478312376022e-21
8.643717741150476028e-22
8.392056215992163647e-22
1.065998678066711736e-21
1.187990615875039601e-21
1.084139235427608418e-21
1.024382834515906847e-21
9.325152991413748700e-22
9.893122165622120289e-22
1.198805721400613904e-21
1.151638640615236253e-21
9.637208153396927101e-22
9.732274819692714202e-22
1.192382527806821829e-21
9.623362386323642027e-22
1.060151371308108517e-21
8.496937893432112883e-22
5.572552067251333681e-22
7.330207297372411225e-22
1.011030317152720859e-21
7.522866517567920250e-22
8.806537630724489690e-22
9.789727794714022904e-22
6.914522954034730836e-22
8.053620119081729267e-22
7.176772593748988318e-22
7.579086115175371029e-22
9.127638561731703981e-22
8.927209955695039514e-22
7.602629281502886080e-22
9.463633685829915661e-22
6.926061255500330539e-22
7.492801180619623627e-22
5.635757305926553732e-22
6.687004215271582697e-22
8.689687062200147007e-22
7.083606968303794981e-22
6.659747536070482174e-22
6.544283877202521572e-22
7.283340642433820446e-22
7.936108681184607331e-22
6.913311548410645896e-22
5.156507918051114765e-22
3.811971046321019062e-22
5.996158567971142124e-22
6.290799214946638513e-22
5.988887721679155551e-22
7.106608628649710191e-22
8.940180602073019715e-22
7.085407250217601972e-22
5.395036976013970871e-22
5.289841331411837345e-22
4.313343990308178159e-22
5.257503038061616483e-22
5.832253165251244701e-22
4.213981648390849544e-22
6.983410196943139344e-22
6.906183513355394640e-22
5.363010168117223142e-22
5.231461156282428696e-22
5.458396427361693322e-22
5.718517890557043443e-22
4.047077331777359337e-22
5.517067678669274120e-22
5.552710102159063542e-22
5.812596376347911324e-22
4.978417625208014810e-22
5.817724181721376509e-22
6.162725534511128136e-22
6.061542661325617958e-22
5.380679706782647616e-22
6.400573374271591468e-22
5.080648514929922414e-22
4.248612879889782424e-22
6.778694002596437927e-22
6.321153487861757901e-22
4.218589581721925234e-22
6.166314025861370189e-22
4.417729926675138345e-22
4.508055608710690446e-22
4.549699854315284051e-22
3.155455121884564328e-22
4.555943922305562447e-22
4.180073843705978985e-22
5.528863758050028564e-22
4.080396115762840179e-22
3.203475500296627052e-22
4.254888746494342218e-22
4.888669872216058705e-22
5.178048306906814879e-22
3.824618738109835454e-22
4.386544684030777542e-22
3.500752423268230956e-22
4.656745029594661005e-22
2.839460446222398194e-22
3.746111540996528846e-22
5.005667365766518467e-22
4.391759815872034060e-22
3.703745180919289729e-22
3.584746474938052269e-22
4.625265643137179096e-22
4.777372977519018751e-22
3.758952553645563905e-22
2.691562362868621800e-22
3.992987449721444906e-22
3.120441529834990545e-22
4.173640016497841255e-22
3.301451988009548867e-22
3.176053534013758146e-22
3.743657994680166996e-22
3.055866826122008040e-22
3.345395487085075635e-22
3.567232896036532960e-22
2.910036802474344552e-22
3.821877154756129107e-22
3.952387018938213600e-22
3.527610401023398249e-22
3.845245294343330230e-22
2.680571037146689605e-22
3.180864809543052636e-22
2.948016254021267622e-22
3.186060300922878037e-22
2.925473868576780351e-22
3.266823854599873856e-22
4.147991268077420430e-22
2.953734163843197792e-22
3.289607684390625619e-22
2.735936159649166531e-22
2.749027591033248294e-22
2.634759023696464933e-22
3.223680941991160090e-22
3.104122667634826425e-22
2.973629626364444465e-22
3.345108890698848139e-22
3.019171182041389740e-22
2.446546348887375741e-22
2.253904823571388577e-22
2.568063870365914187e-22
2.674273710835113442e-22
2.958577108003567320e-22
2.277507051601649189e-22
2.392089101784500047e-22
2.704539217315801692e-22
2.657023439880678730e-22
3.089964031156553064e-22
2.704070410511398734e-22
2.575467856029986432e-22
1.896612581842799703e-22
2.647337202048259606e-22
1.539831069485401488e-22
2.914169329117007303e-22
2.288408085243771739e-22
2.968990247309201687e-22
2.690108387592196873e-22
2.648829525401183460e-22
2.340949666757230349e-22
2.870369120531732381e-22
2.500342707539654020e-22
2.808546163893496060e-22
1.845682385067481811e-22
1.923937205006289120e-22
2.875516748907807769e-22
2.159233903127279558e-22
1.871411377947671849e-22
2.202019814929247480e-22
2.305573849130508167e-22
1.715158025181991487e-22
1.988993447299409194e-22
1.551383160073040448e-22
2.126283671455187845e-22
1.909629824916011438e-22
1.870781646695470152e-22
2.123332274847677876e-22
1.809921980173657640e-22
1.849959889847453046e-22
1.942506209776846197e-22
1.954406733802718139e-22
2.184976097300032380e-22
2.160405409274305686e-22
2.063502795359977091e-22
2.357312333472106403e-22
1.738040184600361051e-22
1.882849764848450450e-22
1.598401492498155092e-22
1.522949353623495384e-22
1.312880504446382524e-22
1.926565083221378661e-22
1.299496126312212471e-22
1.652014343291480373e-22
1.830156998827053018e-22
1.479625371037578375e-22
2.154138318448966136e-22
1.534259340979381224e-22
1.716001550897229651e-22
1.403368743894277687e-22
1.473463673723479131e-22
1.301165976514691933e-22
1.622605396869984732e-22
1.433516939050390148e-22
1.741315815546198972e-22
1.417807058803565700e-22
1.549471423513580507e-22
1.761250042174292547e-22
1.548908990658422465e-22
1.593260734744910605e-22
1.281347591083054707e-22
1.841908792217824614e-22
1.238264583106723425e-22
1.432545914521691337e-22
1.541015188812860669e-22
1.368543935939709701e-22
1.438608444671552300e-22
1.386766363832884587e-22
9.977449432053135104e-23
1.207550216662616948e-22
1.551533069064929210e-22
1.434060434771932280e-22
1.124182945958395873e-22
1.287121895641433559e-22
1.192499225926156148e-22
1.088096184585745979e-22
1.558817774309531967e-22
1.318018325691921363e-22
1.375850725446669978e-22
1.136699680073489859e-22
1.300069217743090961e-22
1.338771270648166949e-22
1.509581368230671272e-22
1.219049455295067473e-22
1.268928960319413181e-22
1.051091738178202010e-22
1.212437274859480785e-22
1.195583047854000830e-22
1.181493345793299831e-22
1.267560028390873523e-22
9.719522645161046487e-23
1.080668555012430005e-22
1.155720621532552370e-22
1.117425642824565718e-22
1.266280931085249551e-22
1.024690773361103683e-22
1.155601864617085548e-22
8.608886014346400018e-23
1.296957980176928917e-22
1.140549777571943885e-22
1.302680071969462608e-22
1.135707040570802729e-22
1.491577028537784832e-22
9.047778976101588326e-23
9.394069854505918601e-23
1.062480122323118409e-22
1.165854748837848386e-22
1.016740133056012265e-22
1.272522245452279119e-22
9.417811440863651461e-23
1.399084890328081799e-22
7.395457151232078404e-23
8.435841263801141281e-23
1.239657238877071071e-22
7.742597307512565998e-23
7.984634129035454379e-23
1.072597074451658945e-22
9.931798525309804407e-23
1.048024168182876197e-22
9.114112408413530670e-23
1.017600629769023175e-22
9.865140551570297412e-23
1.071147399393120359e-22
6.462857153764711578e-23
9.497383751547147762e-23
9.271380273065877581e-23
9.014947888819616774e-23
9.395875650422077751e-23
8.031418421095616397e-23
9.546793655386058177e-23
8.674260920839416862e-23
8.728678483035407864e-23
1.087936977603836314e-22
7.866270948308912721e-23
7.300880234532843747e-23
6.217829830042885473e-23
7.764498926031483775e-23
7.698083558331312285e-23
8.288099845019661300e-23
7.961947927697057065e-23
1.026152939829425567e-22
6.968009146588381142e-23
7.639199326630106686e-23
1.008952943546400128e-22
8.301967368591327262e-23
7.291375339577608316e-23
7.681948153970163916e-23
7.134721897857804886e-23
6.034420204014173128e-23
7.627494957153613167e-23
7.423995217316714119e-23
8.848768149374318906e-23
8.593918351411695657e-23
7.351991561382594207e-23
8.500454507830771598e-23
6.077840640073214901e-23
7.505009926660581906e-23
6.791814815425530748e-23
7.252100925530916629e-23
6.316283649535432703e-23
6.735362213539257783e-23
5.966094003399103425e-23
6.623864686461473097e-23
6.129471651851980467e-23
2.981241162292113441e-23
7.138507474201103607e-23
5.421202721966710127e-23
6.341998302152632347e-23
6.579617376589012206e-23
6.143084310331736010e-23
4.717886707844946231e-23
6.785469790655433133e-23
6.119901532005250271e-23
6.763986411785334615e-23
5.762256920700773443e-23
5.741430296071194018e-23
7.040596945612444305e-23
6.244663116247559960e-23
4.889569148877990642e-23
6.602751234920089932e-23
6.910227028856193323e-23
5.129461615838480743e-23
6.546758510774500364e-23
4.323430252585221493e-23
6.592780205589320275e-23
5.991904991464001470e-23
6.299243676103501079e-23
6.490622792909790154e-23
7.092653820331883695e-23
6.847362954075159106e-23
6.271184283944728366e-23
5.357654615846798803e-23
5.341129689534023725e-23
5.217055424184958776e-23
6.981229312147644478e-23
5.612130376172000857e-23
4.963891917067370470e-23
5.145936414579633037e-23
6.362476608261913192e-23
4.828472776249837468e-23
6.305641938555337898e-23
4.815341860862111396e-23
4.971464822934135308e-23
4.523822982952842208e-23
5.255987406378258913e-23
5.626771758429268305e-23
5.187736848246384293e-23
4.010702588880851735e-23
4.918552317141160311e-23
6.074213216095280747e-23
5.179175089074175685e-23
5.509313073485078811e-23
5.649366057852348138e-23
4.470633970807400053e-23
5.388356184951544431e-23
4.983366201886301058e-23
5.533816229404114889e-23
5.245299219535668200e-23
4.744448697835188751e-23
4.963751461986080570e-23
4.400416900048444536e-23
5.627610690368015302e-23
4.011473046574957623e-23
4.819993936679451059e-23
4.640235106573343301e-23
4.534937638718654904e-23
4.428171961080773484e-23
4.850332417988251309e-23
4.335319851580963197e-23
5.340230496239007379e-23
5.090429898068925826e-23
5.364301430726906615e-23
4.475737904903966757e-23
5.024346905836473703e-23
4.649778326461779370e-23
3.888317704635405255e-23
4.992489023867466084e-23
4.422272412919421276e-23
4.331780608429638762e-23
4.237341990358594657e-23
4.217350773075311399e-23
4.634828597829863075e-23
4.155819907274281736e-23
4.745339793712037555e-23
4.600842684682271803e-23
5.393970783027024195e-23
4.625083884946274159e-23
4.174684824510363761e-23
4.564232671709135161e-23
3.113192496057766585e-23
5.210980741709282704e-23
4.083234041821001431e-23
4.361319356125369874e-23
3.627364067229749747e-23
4.351363487365927731e-23
4.962709042583537696e-23
3.007580999093517458e-23
4.307790173748330339e-23
3.019067431219187769e-23
4.367732427127141257e-23
3.077856163981121706e-23
5.359661718456055911e-23
3.727941390295454758e-23
4.478852097493146122e-23
4.529582518473157775e-23
3.669506599939037188e-23
4.506165840452442824e-23
3.732576215434729272e-23
3.159185841491869271e-23
3.392377782392786165e-23
3.787094201398154982e-23
3.514662056135236013e-23
3.816569866892079888e-23
3.523221660344196789e-23
3.472912676520311182e-23
3.542296393232828887e-23
4.200447938001383034e-23
3.697588016703444378e-23
3.934314198330795453e-23
3.571242923021600331e-23
3.065983000719285366e-23
3.554285092351942646e-23
2.999034704106607710e-23
3.566115960270049512e-23
3.130071168298687178e-23
3.548826675368878840e-23
4.115200074370279201e-23
3.758419872013879138e-23
2.513456156982570025e-23
3.744555787873423762e-23
2.669856611635874644e-23
2.708538594600012357e-23
4.241248310270846941e-23
3.029212884989216691e-23
2.856661803591786087e-23
3.386731137891233628e-23
3.369386563315933672e-23
3.317391212735096105e-23
2.978323446068738049e-23
2.174244940330298531e-23
3.854321456200407753e-23
2.868729498046454350e-23
3.381145023146326359e-23
2.773225347043973210e-23
2.915478831543432388e-23
3.114026900033432386e-23
2.695360586183054703e-23
2.763764177554043647e-23
2.498996029781595371e-23
3.707711070064677005e-23
2.042558355454612205e-23
2.108511783311253332e-23
2.896742337812284291e-23
3.493408736462533371e-23
2.191813053138449891e-23
2.097054790333976882e-23
2.922879414543189473e-23
2.769121345779096419e-23
2.296762310320638969e-23
3.411373374569720860e-23
2.336069177890779802e-23
2.774871791011064724e-23
1.633725439595368876e-23
2.938278243744432966e-23
2.542326343231906069e-23
2.284522678320807535e-23
2.437170956390428484e-23
2.629137472310118991e-23
2.400199614884177850e-23
2.333562515137037171e-23
2.335982358163299877e-23
3.118800456061097507e-23
1.898964000782216587e-23
2.195390830499752202e-23
1.783347989557390237e-23
2.333649185432055874e-23
3.191576876743675560e-23
2.103523686527050386e-23
2.486027184684623488e-23
2.687100458071047481e-23
2.425837164575517995e-23
1.985813545383360902e-23
2.487370866509035605e-23
2.205244386906128197e-23
2.056067092823033418e-23
2.636987099095256240e-23
1.929260381507995947e-23
2.601814859515710612e-23
2.051255914941829309e-23
2.655525287932169902e-23
2.166918495945822564e-23
2.630318926503024342e-23
1.727571116504642531e-23
1.834768091493095452e-23
2.498015112928294968e-23
2.606197123261553982e-23
2.843202878820181677e-23
2.389931420902373558e-23
2.157790296214329308e-23
1.873101079595731299e-23
2.819732162767482916e-23
1.872670987554290892e-23
1.912723626378029364e-23
1.873537256596612995e-23
2.226691993453148545e-23
1.876709993911670938e-23
2.486411841893330137e-23
1.967287446443452559e-23
1.759148722872356771e-23
1.468269509840329586e-23
1.550943809533958310e-23
1.886871574870366310e-23
2.046686612745970138e-23
1.736147315015860268e-23
1.723196359175686444e-23
1.633905314476700360e-23
1.826884999113037894e-23
1.710128338429436087e-23
1.914726873306369850e-23
1.704017595447870355e-23
1.751511326013180626e-23
2.350361866349713679e-23
1.774815715591798083e-23
1.876459021098422750e-23
1.537146993693100187e-23
1.654579472955575437e-23
1.274433802318743406e-23
2.247205664028722160e-23
1.725825812042818664e-23
1.497551649686515594e-23
1.593081138881373312e-23
1.864317282839220373e-23
1.524499932349474068e-23
1.723425208760730306e-23
1.937301355722867421e-23
1.815955935796842998e-23
1.653271540355401925e-23
1.270890249627665650e-23
1.546156422142432383e-23
1.567111450882252853e-23
1.532325785364794794e-23
1.442518686571157076e-23
1.629087402591708942e-23
1.884472257122241283e-23
1.228124523741587709e-23
1.514138328315952977e-23
1.922560549500461748e-23
1.379542997568884870e-23
1.926175976678496927e-23
1.661680639911092204e-23
1.391045194184714163e-23
1.760458722424050470e-23
1.960138105221954773e-23
1.827643231200136157e-23
1.631696271541526612e-23
1.538377859241715035e-23
1.512965963852142282e-23
1.543367544070610363e-23
1.263350074378328566e-23
1.787331191226036259e-23
1.162651569738039701e-23
1.513637831056378048e-23
1.440533803568208152e-23
1.350027909530981607e-23
1.618070142785538787e-23
1.395491477048052861e-23
1.623151528213521137e-23
1.483081669887379488e-23
1.750875538821535558e-23
1.367205807007388931e-23
1.345668635553517911e-23
1.677022700686638845e-23
1.462731770173447222e-23
1.280400200503103228e-23
1.026372015897781441e-23
1.580558009965224689e-23
1.489157687469556702e-23
1.392935834432050214e-23
1.624841474309928212e-23
1.173456706885114739e-23
1.627446972319273183e-23
1.320465089071011425e-23
9.795578786882633299e-24
1.388117492667879561e-23
1.482226329770418551e-23
1.322443044185347632e-23
1.201381713744016552e-23
1.024840791082694825e-23
1.436865234377346897e-23
1.190041209267797107e-23
1.039144134540873027e-23
1.340490356660418808e-23
1.230070903522921291e-23
1.452053101348822313e-23
1.340020176508581928e-23
1.262187092952609416e-23
8.165326807999523184e-24
1.455349961682768312e-23
1.262123032816195223e-23
1.105697741341562263e-23
1.487954718596137502e-23
1.278615838453525224e-23
8.701778370989187837e-24
1.162237141743620392e-23
1.066451556534934115e-23
1.113726351071637269e-23
1.184398997193298601e-23
1.386136630287030100e-23
9.617089411929610405e-24
1.179845794447966860e-23
1.045946700107050517e-23
1.370434830871707447e-23
1.499597433538737778e-23
1.284698694292586141e-23
8.863148309530714308e-24
1.058083528142335420e-23
8.880711814098202219e-24
1.122583216931055978e-23
1.096847975287607207e-23
9.072568852559453173e-24
1.064247099802400901e-23
1.164650277097405081e-23
1.012235914555820275e-23
1.109559820765476967e-23
1.173656627083912039e-23
1.444038419190872433e-23
1.112846080553263052e-23
1.208403359864977301e-23
1.106005808325867407e-23
1.063392888648401155e-23
1.092936164205366870e-23
1.197408587276196015e-23
1.462141982623104569e-23
1.011748687947232675e-23
9.348422565180863904e-24
1.452999119819133452e-23
1.047202944509122401e-23
1.047294753185804313e-23
1.119168613618083068e-23
1.280444578995894947e-23
9.428288924432109964e-24
1.306229604192348055e-23
8.429073945566428770e-24
1.009429814802446764e-23
9.684957947202329343e-24
9.543269988939704857e-24
9.752514168634088393e-24
1.007609317847192008e-23
8.862465921260309304e-24
8.028241570621568864e-24
1.118613200599699979e-23
8.821794866353930579e-24
1.062428343019926499e-23
1.128773723472253368e-23
8.958949892030750874e-24
1.176030328664843115e-23
1.070157043426349683e-23
8.896360307182547650e-24
1.003601287604813975e-23
9.938992654447947139e-24
9.503824608092096575e-24
6.506850844098798472e-24
7.824800365358880732e-24
1.044817801626050611e-23
6.362131933590669793e-24
1.094899357566487938e-23
7.215815327690618912e-24
8.732845898149316139e-24
8.659803494310955203e-24
9.857024373549627662e-24
6.523156529984069167e-24
8.682250500677356771e-24
7.435529001685227927e-24
9.369504827501277632e-24
8.971801349777089391e-24
1.055716175650793251e-23
8.207759535356760288e-24
7.568959042705349854e-24
9.707998912175701454e-24
8.845638425627346026e-24
8.196967602050021456e-24
1.021975318785044448e-23
7.684612154799846695e-24
8.303674768775613008e-24
8.945010064301203536e-24
8.198082222777285363e-24
7.665234724883060824e-24
8.650344356642279429e-24
7.470489874454226152e-24
6.597952193997124566e-24
8.129116465062349053e-24
7.935948116254477423e-24
6.147108796111131926e-24
9.366313012972777983e-24
6.346973173254429758e-24
9.071887196960914937e-24
1.032098051003839284e-23
7.150758952080395309e-24
8.335915118476404208e-24
7.108036000528579396e-24
8.571703701091782006e-24
1.072922784475904900e-23
8.242525688984124605e-24
7.629436242361453164e-24
9.024231261550712646e-24
8.591931044800166710e-24
7.158595536452547253e-24
7.988866799816544959e-24
7.208494176598808676e-24
5.633065392168234375e-24
8.094122529964393554e-24
5.875116030015046888e-24
7.499443506781800207e-24
6.939329045058148772e-24
8.895064594347744955e-24
7.962260788313805200e-24
8.967901865172482184e-24
7.600812230540821393e-24
7.503326410063318136e-24
8.429449894928159063e-24
8.108382547381657842e-24
7.421835140941186912e-24
8.417028326752229840e-24
6.471417474229458704e-24
7.436902439495831807e-24
6.065298623428468242e-24
8.426191151799411692e-24
6.485248670135473034e-24
6.344997636257885389e-24
5.622692534240423076e-24
4.232737441999628285e-24
6.260554629196576379e-24
5.937985284248838966e-24
5.726676046050659179e-24
5.571014908077045610e-24
8.271865846821120837e-24
5.590568099456507113e-24
3.638249664778152048e-24
5.160883379989511387e-24
6.597989110823883528e-24
5.253345681851123751e-24
5.890186977086376571e-24
5.397465729795015896e-24
4.721744729669400982e-24
6.330168288437005116e-24
5.910098421835130565e-24
5.699287504198205860e-24
5.742863953515318054e-24
5.518146083082952865e-24
4.642544245887916318e-24
5.661878395813731088e-24
6.711570882219349927e-24
5.363309935447527977e-24
6.157597445193762025e-24
5.666081662398290307e-24
5.604489545790733861e-24
3.957408110420666511e-24
5.315736185144012386e-24
5.967506615430268511e-24
5.101255259955378702e-24
5.145853081531289135e-24
5.207384335959396941e-24
6.029187775963089647e-24
6.991977144947826393e-24
6.310564199162189917e-24
6.928527770101292235e-24
6.245568860799875859e-24
5.901053112231205698e-24
6.992438131286216199e-24
5.395794941864594438e-24
3.851399252765262423e-24
4.961739976009831818e-24
5.531024552304569751e-24
4.395850516787696044e-24
6.022394715200677824e-24
4.987376615345800914e-24
5.214056713056481517e-24
4.553192045832899738e-24
6.277895517719182363e-24
3.735030481648210849e-24
3.688408986773591862e-24
5.610237225849479516e-24
4.359573719850143886e-24
3.831831132895462247e-24
4.836298255595072228e-24
4.910810396106552343e-24
4.144439159399464939e-24
5.231887459820245583e-24
4.511652755693068131e-24
4.903580186506557462e-24
4.922736661659528113e-24
5.323237837239979916e-24
3.278219140512639074e-24
4.392481549196762642e-24
4.117285488701777683e-24
4.937797224550716540e-24
4.974605476064638261e-24
3.546307893021668240e-24
3.940070711685525111e-24
4.292691504818276512e-24
4.682310284146691167e-24
5.031963386153286212e-24
5.099444373115321187e-24
4.833080788747439104e-24
5.335811741793905457e-24
2.654866840004954919e-24
3.752572595373307737e-24
4.678030185104199814e-24
4.030062654660535777e-24
2.576924523279822158e-24
4.747365437470894594e-24
3.695981473555237067e-24
3.949085490431197591e-24
4.857318841974597794e-24
3.877680838041279275e-24
4.776308299752949800e-24
2.943795406362599559e-24
4.950028934977376872e-24
5.012754815354706134e-24
3.503638948943340572e-24
3.690586233762362915e-24
3.086742945932567644e-24
3.641713057789780891e-24
2.745386984943049557e-24
4.189827576491588987e-24
2.992936365580992690e-24
2.948406568387865301e-24
5.254021019380435527e-24
1.973135277853427112e-24
4.669323280386829809e-24
2.361149272731809196e-24
3.268940914988483275e-24
3.630098909645133618e-24
4.267483370122756882e-24
2.564233384018627334e-24
3.457938381960934584e-24
3.272610777020311007e-24
2.259431070433317787e-24
3.427189642576874632e-24
4.545862874819729210e-24
3.220414553914275913e-24
5.088489047037241171e-24
4.234604572340150361e-24
2.802781129517368755e-24
2.053036494585825747e-24
3.587453236095077519e-24
3.254315010246090404e-24
3.172217019422534027e-24
4.202160823359145852e-24
3.083282783333513354e-24
4.313921860609197510e-24
2.643324327116140381e-24
3.764458749620544232e-24
3.779154486910387016e-24
2.772976770124529562e-24
4.342305345161003693e-24
3.519798383070184675e-24
2.070359017704212294e-24
3.116602015656419817e-24
2.646817123694830413e-24
2.630175766894422603e-24
2.466818050913975365e-24
2.216100824169529584e-24
3.357917218330382499e-24
1.071428706181387441e-24
2.587001375812866256e-24
1.942291772974194243e-24
2.090092596280079750e-24
2.145884190110814356e-24
2.144686434077104868e-24
3.159888501093973495e-24
2.971545202314282508e-24
1.304864510553728694e-24
2.380879337705088841e-24
3.847764184041944197e-24
1.874551509658002416e-24
2.055572139486493189e-24
3.612479505824176839e-24
2.798902891805686961e-24
1.556309082497942069e-24
3.480573637548283540e-24
3.507643131789123548e-24
3.085952001077308928e-24
2.336633528186519909e-24
3.066035722846314485e-24
3.120818675229447298e-24
1.695162318650722615e-24
2.479984941147950138e-24
3.122921980258400401e-24
2.526264666894595853e-24
2.896680090242202012e-24
2.046093178588092314e-24
1.807889396749908624e-24
2.609911267270478256e-24
2.488802458282858355e-24
2.512667714165760374e-24
2.291023865231816778e-24
2.100160378306150320e-24
2.308620442673961209e-24
2.262293373977401510e-24
2.361815648706180312e-24
2.353202193426713486e-24
2.663689342642245616e-24
2.207617262627225297e-24
2.889268382849066340e-24
2.533363929737882642e-24
2.531821055181791973e-24
2.737553756693432946e-24
1.878189573185224518e-24
2.054836827530640699e-24
2.176490627261204276e-24
1.840788779775938520e-24
3.694547578858104947e-24
1.303052460964222412e-24
2.354735586632624469e-24
2.005645807075062721e-24
2.926558540086992929e-24
2.285948745193621420e-24
2.409993847611802470e-24
1.571716898823323148e-24
3.053884429747724176e-24
2.278433671101973650e-24
1.541838386924814890e-24
2.925807872686974965e-24
2.436143823589132372e-24
1.678176133672157214e-24
2.262810246955476259e-24
2.364319557616703475e-24
2.435265461412213961e-24
2.326652134200814151e-24
1.865086282992566398e-24
2.707551793325541917e-24
2.745934412897759095e-24
1.622130810659991984e-24
2.335520709751669577e-24
1.740202504044256233e-24
1.771209922737271024e-24
1.959929101321872583e-24
2.547592243884018408e-24
1.705619247619853172e-24
1.145783348739511544e-24
2.224733370556893898e-24
1.860112256297564291e-24
1.262935843023598284e-24
2.272649906294290349e-24
3.853730338134738053e-25
1.738444971350840317e-24
1.572196611380134611e-24
2.818039545005330195e-24
1.722625905823045339e-24
1.307940833978165329e-24
1.371678010592453344e-24
2.022595707306902269e-24
2.546886754128008579e-24
1.632214122314912975e-24
2.620105141311732407e-24
2.508304665589575042e-24
9.028471332512016237e-25
9.376797640380561224e-25
2.151247153602066179e-24
1.169725922383971974e-24
2.003142473637530627e-24
1.969451841594398245e-24
2.138648990659932212e-24
1.870770574781568820e-24
1.332570304609718598e-24
1.946766276408689752e-24
2.425058010436105517e-24
1.719735781472164346e-24
1.819526877761822407e-24
1.383103490125448080e-24
1.430295379736550639e-24
1.720949391795662463e-24
1.182440043639498852e-24
1.577616536867712682e-24
1.602996230383752429e-24
1.102430861730955495e-24
1.146854574430607978e-24
1.307538393354664869e-24
3.523075659526689657e-25
1.606665802848751944e-24
1.294331011817344215e-24
9.528678546987367015e-25
1.251159801358291301e-24
6.295774415216769002e-25
1.582151847341807329e-24
1.888899380371276077e-24
1.038266975023648103e-24
1.131329128076533919e-24
1.135048257173581292e-24
1.188129644621235745e-24
1.289056199638189602e-24
1.510728096957080528e-24
1.367662131008640486e-24
1.475442812291953372e-24
1.420885963587655175e-24
6.052633260997444618e-25
1.261974568195587581e-24
1.033701130177787025e-24
7.177514627914303476e-25
3.325345742233182737e-25
1.170641677474375582e-24
1.299464091711545408e-24
1.536418942355036736e-24
1.011220859652711927e-24
1.380178800599352300e-24
1.743837100574837648e-24
1.448852422266473365e-24
1.762521647192857762e-24
1.105749763704193311e-24
6.240016152674810109e-25
1.769019948345070097e-24
1.613978279529872695e-24
1.425372922696825115e-24
1.387333217395788013e-24
1.098394553129489145e-24
8.986706000771582104e-25
1.046093862778320697e-24
1.174027147816225268e-24
1.348752826094878421e-24
7.191458397296991922e-25
9.584137232916131725e-25
1.282365002568237315e-24
4.826210826569110084e-25
8.540338634352653792e-25
4.079090075052177837e-25
1.377319392119155633e-24
4.945599543378574327e-25
4.868841101832524013e-25
1.002132603149506990e-24
1.444814581200108543e-24
5.794936379397155405e-25
1.471528635362202562e-24
1.551514843072911922e-24
1.028185435984798385e-24
1.027300556813510882e-24
8.241666999276896066e-25
1.035889098376458363e-24
9.704581801499818160e-25
9.294932234296298034e-25
1.105976434478576295e-25
1.070812199316157360e-24
1.252082324652476196e-24
6.334277333890734115e-25
7.908901223973871479e-25
2.687052938513570288e-25
7.481543687279591950e-25
5.678721012163177548e-25
1.652572970008657009e-25
1.172028454287849370e-24
2.324777473380204503e-25
1.039754147830778572e-24
1.433019190840489757e-24
9.814047291277707562e-25
8.828801348990452466e-25
2.850744621917145761e-25
1.016112973280260406e-24
6.180510310356027842e-25
2.949580429089685018e-25
4.540376712833560435e-25
7.941894574113273148e-25
1.332341052982654603e-24
1.431011861875121593e-24
8.592902344121439042e-25
8.331556146624418701e-25
1.430487096012292624e-24
8.278520185535827812e-25
6.328188763409255503e-25
9.361563613804082607e-25
9.275601638271487537e-25
1.710676648838430627e-24
3.539860577891819447e-25
1.198495158758082207e-24
5.090759022159705694e-25
3.272152265294829521e-25
6.404552836326262244e-25
8.190967459807951305e-25
1.684453300691735237e-25
1.046566837483765526e-24
6.457193584396243919e-25
8.477456606733649808e-25
5.077280710180432452e-25
6.259872882270733907e-25
5.096152754864578884e-25
4.442276182522305419e-25
4.760108594057215723e-25
8.652797487633357783e-25
7.179736138115550580e-25
1.278889773054745121e-24
1.319886942042272101e-24
7.946522450659180865e-25
8.534509183928071888e-25
5.172343028478716912e-25
1.940154410289157128e-25
8.486293214036541250e-25
9.270050326508765800e-25
4.947213073146978601e-25
4.189872319632053436e-26
4.167846589318314334e-25
8.915424958524425822e-25
4.294632132041936742e-25
7.007979692593601845e-25
9.052981559544646879e-25
3.449253791420093234e-25
5.863690180835743556e-25
3.814593245500113982e-25
6.144779272746316197e-25
5.532468829780316273e-25
-7.516529148472097210e-26
9.411025297040957519e-25
1.855063536245371154e-25
5.425439767720855719e-25
5.716328390933740844e-26
1.208963481372106912e-25
2.346630035116903427e-25
2.880558690965318653e-25
6.852867147315251076e-25
4.078607931851175152e-25
-8.418747645578265078e-26
6.124003930969425344e-25
2.872777327900882044e-25
3.844974352749748543e-25
5.508036906193808299e-25
-5.556854476150981262e-25
2.806391005012636564e-25
9.096461311487349514e-25
2.674052215005145699e-25
2.156235316504469257e-25
2.169471665114284469e-25
-5.684042262337479722e-25
7.273749969273018778e-25
3.746569750100650047e-25
4.530710375177468750e-26
1.841256416517528007e-25
6.632040438680741816e-25
4.160781621054964297e-25
3.531023795688447355e-26
4.610850511938967848e-25
8.924987011463130612e-26
-1.734843297570529130e-25
-9.035423681703602446e-26
3.449567346339949165e-25
1.693171516090820606e-25
-1.621863484357081206e-25
-2.624053990974720571e-25
6.059960269707550025e-25
4.893527154131135831e-26
-1.686287158690180163e-25
1.470372444536947325e-25
2.700096072466418916e-25
3.074110785788114455e-25
1.305824471415378995e-25
3.059868904705235027e-25
1.582412506256292472e-25
-3.674607168525441829e-25
-2.676685480750160052e-25
2.559837053101898957e-25
-4.061228822873031861e-25
3.389896370441510078e-25
6.360999066210000589e-26
2.243243518425281417e-25
3.000534144836203586e-25
2.018097885288106915e-25
-4.021352507195625692e-26
-2.713580894314079313e-25
6.274651352479802684e-25
-6.031710842608761986e-26
1.317547773881545195e-25
-4.247638425308306551e-25
-1.818911726202126845e-25
2.066230574682785902e-25
2.243863885850055159e-25
-5.171216718059107224e-25
1.568691900850577477e-26
-3.865997183572823864e-25
4.029724124518454496e-25
-5.373889489742149268e-25
1.536148412238669397e-25
2.842299487565365648e-25
-2.379741316028871524e-25
2.755799730802416251e-26
-2.573524943902164012e-25
-6.013276706798172181e-25
1.302893174050096089e-25
-2.222139016723034205e-25
-5.318787323128278083e-25
-4.614002191116573057e-25
-1.519237150704811356e-25
2.968522908999015261e-25
-4.909318597797436406e-25
2.072663793490542839e-25
1.423366237703446572e-25
3.770305029433238444e-27
-1.114127348294441676e-25
2.372212650129846049e-25
5.595784837369145348e-26
-2.563523767955486665e-25
-9.032792505766437270e-27
-4.846457846897446912e-25
-3.020420392247583338e-25
-5.856677937782081599e-25
1.243333429960828793e-25
1.855954889782371041e-25
-2.183916923302919088e-25
-5.979796094127306573e-25
2.862685892072830452e-25
7.341869596118345125e-26
-6.374615923369974912e-25
-2.747054106663686620e-25
5.619059672629406673e-26
-5.785711105825786949e-25
3.552277224971491641e-26
-3.515959288733267712e-25
-4.421141452268759452e-25
-2.431298802695684862e-25
-2.994332058734841617e-25
-3.724854238700682640e-25
1.290016068475662989e-25
-2.908480368771401809e-25
-6.479009961041243272e-26
-4.503972863209311225e-25
-1.268112175232792330e-25
-5.510586262111411556e-25
-5.320554885478267360e-25
-2.106508766327174087e-25
5.937901439969233843e-26
-1.452563789467775817e-25
-3.054795845284501374e-25
-6.248759929199746593e-25
-9.494693743579781149e-26
-9.012294674920154957e-26
-8.925568525557958549e-26
-2.442956533813092120e-25
-7.404119372746830221e-26
3.793293631524872873e-25
-1.411569672885272765e-25
7.389202090891107233e-26
5.322490120418426547e-26
-7.552689923191870519e-25
-2.755580719664834747e-25
-8.967795560653195546e-25
1.124543492721173344e-26
-4.909618398007523629e-25
-2.158672357867519505e-25
-2.479801141543669951e-25
-5.427583886750675166e-25
-1.859999117833108880e-25
-2.932866615823680422e-25
-4.809542903944020267e-25
-8.695350248280493480e-25
-1.125818696836648256e-24
-8.393918109040409081e-26
-2.884955454578567352e-25
-2.348320257409724676e-25
-5.698464644943379650e-25
-4.502847506865838916e-25
-4.165885949660921878e-25
-5.437603919404689601e-25
-3.858466192866577526e-25
-4.941609131062986319e-25
-4.567061178266439344e-25
-5.209708320635480635e-25
-2.870640078977689220e-25
-3.434308776923034529e-25
-1.507478251545643563e-25
-4.763597838827918505e-25
-6.267806122401009013e-25
-4.499982801571545447e-25
-6.325250074184500507e-25
-4.122117118230635980e-25
-6.014235575992185905e-25
-5.095333272477733000e-25
-3.080135585234673472e-25
-8.557760417834217554e-25
-3.872872691576632913e-25
-4.745246404281396131e-25
-5.115648189759732522e-25
-6.296130372410619367e-25
-4.322511898234087736e-25
-4.065523788899341484e-25
-7.277762102680302648e-25
-5.664803649266679144e-25
-4.744215214799793408e-25
-3.385962841791517550e-25
-3.728175949616998081e-25
-5.211183710487288683e-25
-6.630424458247603440e-25
-8.104388910170791527e-25
-4.594166346984213666e-25
-5.979933709285945744e-25
-6.653827092580551952e-25
-5.970980612612781672e-25
-5.664674500083929731e-25
-8.053952538060610816e-25
-3.972387433164713169e-25
-7.222621819848944976e-25
-1.013259818904977607e-24
-4.184127203984647222e-25
-6.497690423601692095e-25
-2.359887918449282912e-25
-5.862634928872336120e-25
-7.307414167185524903e-25
-5.336523740236711315e-25
-7.820374388580263631e-25
-7.708768469953190059e-25
-6.648207200188736863e-25
-3.001048291159130357e-25
-7.164438995504911787e-25
-7.593757882919410070e-25
-6.698061888678327776e-25
-6.928691007733702287e-25
-4.922681274661430834e-25
-7.081495430137641682e-25
-3.369690767896876301e-25
-6.144189605783943533e-25
-7.425370035604283646e-25
-6.528518040987010040e-25
-3.727604882072553093e-25
-6.650569634133353262e-25
-8.604005993989124874e-25
-2.322730856919544285e-25
-6.677113802455927732e-25
-5.135949874402807804e-25
-9.517277923217966041e-25
-8.584875457436881220e-25
-7.152898670909392977e-25
-7.230801090684261035e-25
-6.773413792249357875e-25
-7.934752641355236197e-25
-5.940851741093750398e-25
-6.758332462021627354e-25
-1.256169987848869333e-25
-5.895844090859587666e-25
-4.160029162781795486e-25
-8.076790154440176303e-25
-4.645759256429621257e-25
-5.155123211553420794e-25
-4.530451173686528565e-25
-2.718323977927015689e-25
-7.893614557820886832e-25
-3.327951402114948319e-25
-7.941006030156100517e-25
-2.974644157520935493e-25
-7.358539460147201255e-25
-6.293741472463577936e-25
-4.332807828112963739e-25
-3.924292854746785735e-25
-4.755143791623478685e-25
-6.815244622613083671e-25
-6.001320300289339865e-25
-7.474919853687836032e-25
-5.063750366803135393e-25
-3.469933618687421132e-25
-6.164577143242844342e-25
-8.055573986757780435e-25
-7.201547101466058163e-25
-5.681259289088041297e-25
-7.762389612132246335e-25
-5.867095774636090810e-25
-7.904990886077616977e-25
-6.115660463162159716e-25
-9.850667797616224431e-25
-5.427130444840645819e-25
-7.250756154768602578e-25
-8.632747694757147958e-25
-4.845071030352577042e-25
-4.553745398911179794e-25
-8.167265445968010753e-25
-6.564709611743069224e-25
-7.673345542739188904e-25
-7.931693462316902642e-25
-7.574299173737477942e-25
-6.263893847020206669e-25
-6.918077701274046189e-25
-6.860702071113196331e-25
-6.530295167913859264e-25
-5.440030468873888322e-25
-9.943129193049183024e-25
-4.170237891629532086e-25
-6.028667369789365123e-25
-6.923727799087051823e-25
-5.905818611966611523e-25
-7.108843158296631818e-25
-8.104733233352024269e-25
-9.556915736708216482e-25
-9.043137755699860408e-25
-6.948223257456127846e-25
-1.011660714998874231e-24
-6.780099161510668822e-25
-9.382621429278186686e-25
-5.867187417403853025e-25
-7.543698970445507045e-25
-7.436690754023220362e-25
-6.748722210986167659e-25
-7.001542513177694524e-25
-7.867669449779047501e-25
-8.339025055391198125e-25
-6.462027494519736084e-25
-6.814100501801651923e-25
-7.622928347265511896e-25
-7.743838005317403741e-25
-7.510495094934598925e-25
-6.634564938651870472e-25
-9.087239149011930627e-25
-8.140238460293547397e-25
-7.300133675378023732e-25
-8.988698592337563210e-25
-7.515708051656492905e-25
-8.873054904631323740e-25
-5.271709326474527189e-25
-6.595273125432478851e-25
-6.990657837382294922e-25
-1.055716713539156763e-24
-8.138076754395925627e-25
-8.403715776857765986e-25
-9.438086624388980257e-25
-9.250599228439468225e-25
-1.044233806688972637e-24
-8.875792194223305197e-25
-9.821548041680853329e-25
-8.018527044303570081e-25
-1.001406290618673447e-24
-8.498579691978733999e-25
-6.661416143683076284e-25
-7.398986846223290219e-25
-7.748194087746889497e-25
-9.174978861904646315e-25
-9.590683267060917913e-25
-7.764879392414236662e-25
-8.075727425650171638e-25
-9.799957910033315744e-25
-8.885966395376404140e-25
-9.850397422958717563e-25
-9.716891817622384757e-25
-9.766785311224553339e-25
-8.794420822931765880e-25
-7.571432483792849670e-25
-8.804906783654167303e-25
-6.702378181340870265e-25
-8.555288033395915994e-25
-1.023392718659557008e-24
-1.207549651728531362e-24
-8.707454130303234175e-25
-1.080913270251080301e-24
-7.963470554491308223e-25
-7.936736618868540188e-25
-9.491645602285014479e-25
-7.317451823820665522e-25
-9.388829637120328799e-25
-9.854797206584187800e-25
-9.888560529725662481e-25
-1.316604986938284774e-24
-9.861135639174469877e-25
-1.107937109230482358e-24
-1.177172547259038757e-24
-1.086545910847400342e-24
-1.159339406143422515e-24
-7.753874512607918523e-25
-1.145357313627597427e-24
-7.842983771930573354e-25
-7.799962460651442834e-25
-9.622502771176734539e-25
-1.020652102842488415e-24
-9.726962406807316198e-25
-9.066441426458952148e-25
-9.979847908932367586e-25
-8.886711409760062028e-25
-9.585384386106638808e-25
-1.133191212592532273e-24
-1.114890842866660670e-24
-8.216151973569222879e-25
-8.300380616961523958e-25
-1.076035169409259476e-24
-1.195426024776186738e-24
-8.910120977435433365e-25
-9.773058421963155647e-25
-1.242785879673437865e-24
-1.118318877676080138e-24
-1.254416590302660255e-24
-1.155077260845329985e-24
-9.866067571486852011e-25
-1.185796275745914203e-24
-1.236813172286269537e-24
-1.204761388911019371e-24
-9.558484872953719641e-25
-9.203774056835299576e-25
-1.151882388754338626e-24
-1.124164758416592831e-24
-1.118723082019701643e-24
-1.011901418279322474e-24
-1.058145543072878502e-24
-9.206946818221105804e-25
-1.030671715784128449e-24
-1.211293398420096595e-24
-1.122313506064706933e-24
-9.973503163072525911e-25
-1.060322169320423933e-24
-1.152127270523252906e-24
-8.723772889790333711e-25
-1.312140203219235044e-24
-1.247935816679056641e-24
-1.175350204850879749e-24
-1.374925351651173784e-24
-1.069651627714156729e-24
-1.152794498978699518e-24
-1.000409160460314890e-24
-1.063125773225642139e-24
-1.084883474004572773e-24
-1.126662931158229880e-24
-1.419645342108798476e-24
-1.187039656981795994e-24
-1.170161350002511126e-24
-1.142579548011951225e-24
-1.236312317499995163e-24
-1.262697302237241260e-24
-1.205073069863344707e-24
-1.124812746844940614e-24
-1.152206026813363882e-24
-1.106073219545470265e-24
-1.375489807239146005e-24
-1.270305538832233431e-24
-1.278374674008929446e-24
-1.152952315757435704e-24
-9.708949174832943048e-25
-1.144112923060718389e-24
-1.266643910076108943e-24
-1.065703684126481408e-24
-1.377687295055720444e-24
-1.192321389199965542e-24
-1.417991136779318286e-24
-1.336499268604457613e-24
-9.568634901551135113e-25
-1.182175837906442859e-24
-1.127898311985514220e-24
-1.034123819817098158e-24
-1.272990714963876168e-24
-1.264412835417920683e-24
-1.192955270855187125e-24
-1.146018365828072640e-24
-1.166044791483950828e-24
-1.225235078698168977e-24
-1.072251540772155752e-24
-1.141883533395900857e-24
-1.133852282755217055e-24
-1.376843547658494097e-24
-1.329097506579078754e-24
-1.279129315946499820e-24
-1.119478619330515295e-24
-1.237836108743709271e-24
-1.429694521355349962e-24
-1.107308861368726469e-24
-1.175475032076354032e-24
-1.429388481591747155e-24
-1.300769939247660334e-24
-1.207147589441782457e-24
-1.418920502122942717e-24
-1.213518269519442199e-24
-1.139651581973547369e-24
-1.369173593028801704e-24
-1.259623884369991245e-24
-1.222442772180683782e-24
-1.092736560108780354e-24
-1.214185072891291888e-24
-1.437358216095452094e-24
-1.334412966580927927e-24
-1.352971327258948682e-24
-1.497669410148835988e-24
-1.295276290259090831e-24
-1.240945069594477838e-24
-1.343884379527775940e-24
-1.275904420045969944e-24
-1.480429674867826151e-24
-1.353259550827487204e-24
-1.172703809916918616e-24
-1.199855516583223318e-24
-1.396537495486183318e-24
-1.322371586586468032e-24
-1.240902579864464744e-24
-1.423820892941199162e-24
-1.466342461909857536e-24
-1.295438302930625128e-24
-1.220581327627986995e-24
-1.232693230213976591e-24
-1.338840862031422872e-24
-1.380873771981713138e-24
-1.119115964202756031e-24
-1.362955343305463485e-24
-1.540557125251995686e-24
-1.243479076117266139e-24
-1.261628318162692657e-24
-1.404379576178157050e-24
-1.304455848956765173e-24
-1.328710667589291828e-24
-1.597333221158168126e-24
-1.241529299768950860e-24
-1.503445797661178062e-24
-1.315111929623440552e-24
-1.457354791273901497e-24
-1.432211288533508592e-24
-1.073528646266858868e-24
-1.218629685550276538e-24
-1.525189080630568582e-24
-1.463225566271519401e-24
-1.186581588183457692e-24
-1.483636513233638682e-24
-1.460099873962111559e-24
-1.529572040188164167e-24
-1.336703985294798190e-24
-1.280898224557954855e-24
-1.415937320554342168e-24
-1.578183972553626764e-24
-1.454021648762516354e-24
-1.154337570698299148e-24
-1.286126430589182591e-24
-1.429970231157078347e-24
-1.374157466651570762e-24
-1.384779553391871534e-24
-1.564608897917076235e-24
-1.255105216128635338e-24
-1.275056635621241283e-24
-1.441961834315209406e-24
-1.298096395271454245e-24
-1.240695056173806811e-24
-1.595612120812731118e-24
-1.352317046731217750e-24
-1.281957144281252719e-24
-1.278934569496474327e-24
-1.226117965367393200e-24
-1.405707120846025177e-24
-1.462748229378075768e-24
-1.197444300404683579e-24
-1.363545092105467245e-24
-1.443343825719524002e-24
-1.649187393298019581e-24
-1.294432197062225159e-24
-1.504978529171063513e-24
-1.343215193039166777e-24
-1.274045367452483908e-24
-1.406000043072245127e-24
-1.339451909683057611e-24
-1.378267960613285268e-24
-1.501905679871975179e-24
-1.286307849388219549e-24
-1.418739079000456087e-24
-1.460855753241421449e-24
-1.422366806239473225e-24
-1.425677190696837824e-24
-1.212907672285357595e-24
-1.446912849466006023e-24
-1.319612351524459149e-24
-1.456493606618444205e-24
-1.327880033149459882e-24
-1.090554776356593247e-24
-1.276812356660793775e-24
-1.117567650530555711e-24
-1.165034624245246823e-24
-1.341888727700884394e-24
-1.432648492218539871e-24
-1.495119286581252837e-24
-1.223169160893893771e-24
-1.285421366737590023e-24
-1.408298534388129920e-24
-1.382702862949779809e-24
-1.598346826769074310e-24
-1.436317885810492567e-24
-1.461296495547454333e-24
-1.325034471016064135e-24
-1.437124282711440251e-24
-1.515570388258946866e-24
-1.366403501759594071e-24
-1.392356814770487892e-24
-1.178384765160150541e-24
-1.476103187740998158e-24
-1.516148344616950921e-24
-1.496614356975567862e-24
-1.390223042362663902e-24
-1.512433199698059083e-24
-1.363223850006619494e-24
-1.615428695362334261e-24
-1.631782876419551256e-24
-1.463828984624383854e-24
-1.432545297860810056e-24
-1.462008251511300926e-24
-1.236770314936723452e-24
-1.577145448830560783e-24
-1.544304266798917598e-24
-1.426065633385768605e-24
-1.493104346746336474e-24
-1.487761472096802831e-24
-1.685597738425509416e-24
-1.314725285870927566e-24
-1.302973301266439693e-24
-1.455236835187733619e-24
-1.388976582002256115e-24
-1.415059733354239920e-24
-1.442628941805753039e-24
-1.844838739532841884e-24
-1.521917962259211363e-24
-1.506225494961202514e-24
-1.585294401140255267e-24
-1.260605427583329721e-24
-1.547576367265018916e-24
-1.412412517666176569e-24
-1.567874104041172403e-24
-1.633394355840340362e-24
-1.706583967091771246e-24
-1.412422715603368114e-24
-1.454354320732963478e-24
-1.455634161926499004e-24
-1.451732685801621420e-24
-1.468623896166240482e-24
-1.453444755314713238e-24
-1.479579478260642622e-24
-1.458061381826838674e-24
-1.552616106687848051e-24
-1.447817015429117358e-24
-1.324517317658727852e-24
-1.501778484486213040e-24
-1.552665453653815624e-24
-1.441767915952491007e-24
-1.360264679554704720e-24
-1.534631515443727835e-24
-1.345910555014431424e-24
-1.246632610345185590e-24
-1.528171276565341966e-24
-1.555355280913848464e-24
-1.575959254439504421e-24
-1.672193899119527678e-24
-1.524863219180846591e-24
-1.633762922826682552e-24
-1.330216904155988576e-24
-1.479683848394612866e-24
-1.689709609488726573e-24
-1.465563798550533918e-24
-1.478972588911869684e-24
-1.500979545210326749e-24
-1.572443363264985094e-24
-1.465771218840436933e-24
-1.537297194551991224e-24
-1.640743653687428180e-24
-1.690899894744258873e-24
-1.517572104865371506e-24
-1.448047145062372259e-24
-1.657470541018914059e-24
-1.575410726550230394e-24
-1.553167840562673862e-24
-1.504818938419289252e-24
-1.514471318497685496e-24
-1.663869767762135028e-24
-1.598338679633701603e-24
-1.525541646012524957e-24
-1.709916054007521393e-24
-1.598818933960655076e-24
-1.575993685882052463e-24
-1.695172727331147122e-24
-1.695262761198462507e-24
-1.658428987054233900e-24
-1.634968652750023729e-24
-1.589242753857184617e-24
-1.518443760269703629e-24
-1.505058094291940142e-24
-1.641758073266082146e-24
-1.455399843974621334e-24
-1.427337902477205505e-24
-1.567574349540763412e-24
-1.560693197272958798e-24
-1.577633198870346490e-24
-1.644152618911325472e-24
-1.593467555230061865e-24
-1.555132119399672375e-24
-1.642422330906190279e-24
-1.668680693378562823e-24
-1.674246782328890915e-24
-1.607039503517834939e-24
-1.658110147517684147e-24
-1.418439319677445238e-24
-1.598861164101470457e-24
-1.669922085107548655e-24
-1.893113025816564864e-24
-1.633569949754228083e-24
-1.781613866137738353e-24
-1.568461165805154913e-24
-1.658510288292235024e-24
-1.525856104042092756e-24
-1.662742287926177160e-24
-1.872773143837521259e-24
-1.756711633704696770e-24
-1.603703577426878231e-24
-1.522353925661759357e-24
-1.622121732173535417e-24
-1.750391806057374009e-24
-1.826937448427241329e-24
-1.740026923211457361e-24
-1.755912250508548598e-24
-1.741992391034767738e-24
-1.600328738012521522e-24
-1.831075346182840501e-24
-1.784584929803602714e-24
-1.693615727356883546e-24
-1.796775014330740853e-24
-1.678243958800181295e-24
-1.526625885279214529e-24
-1.692661119439254588e-24
-1.667558513253660932e-24
-1.613559480798144558e-24
-1.673513295437868391e-24
-1.846825604954906817e-24
-1.670063514288336347e-24
-1.693146032070294879e-24
-1.814031662078876924e-24
-1.738185210502807125e-24
-1.783548049562129307e-24
-1.724963440590734489e-24
-1.728591066339182191e-24
-1.804317126089045805e-24
-1.628390648117554580e-24
-1.639252859058844246e-24
-1.539592066581097859e-24
-1.856451069205047507e-24
-1.631758663843593598e-24
-1.647849839736889130e-24
-1.793095799822582444e-24
-1.860417480393455017e-24
-1.621503767294382254e-24
-1.868227159165643117e-24
-1.765314461050231920e-24
-1.820084961773556911e-24
-1.709366425197448259e-24
-1.807279342044068233e-24
-1.583823694893859751e-24
-1.641020581879483771e-24
-1.532960208009666541e-24
-1.752615389017931292e-24
-1.841535767308149697e-24
-1.704967838978630509e-24
-1.820378060472075935e-24
-1.746320340905805426e-24
-1.903133054848902143e-24
-1.611050522463461954e-24
-1.787702112398249395e-24
-1.770547385929388891e-24
-1.917114986340834057e-24
-1.777520211237782427e-24
-1.816296690997029629e-24
-1.647163427819134973e-24
-1.809829052901217082e-24
-1.786188904398038025e-24
-1.754143791226794021e-24
-1.873490943319333301e-24
-1.699984748539003143e-24
-1.708938145455730154e-24
-1.940649262252221587e-24
-1.705014371339694428e-24
-1.536095113725774292e-24
-1.805887639467819535e-24
-1.652901809960102067e-24
-1.537855166790829864e-24
-1.819164583504833273e-24
-1.941889685906913030e-24
-1.828375520960096290e-24
-1.750018626927342481e-24
-1.901498130575539751e-24
-1.561233622971018225e-24
-1.981898812854337793e-24
-1.760588529054586112e-24
-1.833950761757679366e-24
-1.819870123452439950e-24
-1.685576797255343579e-24
-1.749173078218379844e-24
-1.647747850150090871e-24
-1.898341401925040574e-24
-1.830258308852059646e-24
-1.860590317171959881e-24
-1.834280448826225194e-24
-1.904102951266187501e-24
-1.881940737581815403e-24
-1.930980705629598643e-24
-1.905296110928421654e-24
-1.830117141896377629e-24
-1.794022961586210290e-24
-1.841567758317599811e-24
-1.883281602832623817e-24
-1.861428244069848842e-24
-1.728559211607376418e-24
-1.894624947603299437e-24
-1.677243737695015775e-24
-2.117695073852520843e-24
-1.720912580240169682e-24
-1.792618536639540452e-24
-1.598950605220063068e-24
-1.925309827508241716e-24
-1.927236185354621620e-24
-1.959715535319506789e-24
-1.649136031306287474e-24
-2.023646514607211422e-24
-1.781212916181862224e-24
-1.878149132343100094e-24
-1.746176931888145504e-24
-1.784837248015870891e-24
-1.830967950017869320e-24
-1.811976201597342826e-24
-1.963978588953913280e-24
-1.911252369296926570e-24
-1.742021983043377354e-24
-1.755957064002195752e-24
-1.732464445123291317e-24
-1.807947743029161651e-24
-2.000005296313667398e-24
-2.094330668663560962e-24
-1.924545746147674819e-24
-1.768981055867840444e-24
-1.918746083858144826e-24
-1.851474587563815937e-24
-1.834629009379950735e-24
-1.750657315537040176e-24
-2.009654815509821576e-24
-1.900584092008322014e-24
-1.787124831377580858e-24
-1.823993413156326131e-24
-1.849774060287837672e-24
-1.841413779226553349e-24
-2.026675960765884662e-24
-1.878038730450443830e-24
-1.709745793938243881e-24
-1.953061746655872673e-24
-1.625755702239090364e-24
-1.830931913206533533e-24
-1.896309048858964920e-24
-1.808252055725159896e-24
-2.004781502915790171e-24
-1.940610172171080707e-24
-1.888240104389754609e-24
-1.780807744487625101e-24
-1.965785100943663474e-24
-1.920382720143778516e-24
-1.961216399652236188e-24
-1.924296291580175594e-24
-1.859012429765454550e-24
-1.922690730751730763e-24
-1.890921772221048353e-24
-2.129418427108007385e-24
-1.895885327252814593e-24
-1.697556638908213135e-24
-1.604138192424831494e-24
-1.791366311362677582e-24
-1.813331451415203718e-24
-1.728533759488908619e-24
-1.942805742323441365e-24
-1.825385887736727960e-24
-1.666188464647049050e-24
-2.014474042478868845e-24
-1.791471800309072474e-24
-1.899350673337032867e-24
-1.959105444328914159e-24
-1.755073121993475283e-24
-1.765585662353374059e-24
-1.718688000710696138e-24
-1.836227309120531295e-24
-1.771956743563291579e-24
-1.717300240457564308e-24
-1.786135982938356766e-24
-1.832542329729817773e-24
-2.023984251881970657e-24
-1.854480864512896893e-24
-1.751453599674528501e-24
-1.652440886979145589e-24
-1.957961902043396878e-24
-2.029893843270689960e-24
-1.868160822656577486e-24
-1.887299730745719015e-24
-1.912799318293764185e-24
-2.053922221594408231e-24
-1.885896239244634382e-24
-1.901202200679915314e-24
-1.779200856069697122e-24
-1.849104549994159474e-24
-1.904018246882040859e-24
-1.849670725972243618e-24
-1.768541764765759606e-24
-1.904049831732875554e-24
-1.922292766719382847e-24
-1.907237638148097572e-24
-1.947392399578918926e-24
-1.965165750620023749e-24
-1.913008357164371906e-24
-1.919266097521643332e-24
-1.911582490130869091e-24
-1.983693264024555194e-24
-1.977786457303739269e-24
-1.861737580286410223e-24
-1.899234892917855934e-24
-1.767415055108375774e-24
-1.834662407096137026e-24
-1.890562456839556934e-24
-1.767109243228859393e-24
-1.852521187769748723e-24
-1.878874870266758810e-24
-1.823694343617878610e-24
-1.851011926577461615e-24
-1.842241131102817075e-24
-1.915219460028954625e-24
-1.940668564779943810e-24
-1.933201033806338014e-24
-1.811858262671376308e-24
-1.795838278506764306e-24
-1.888733723329450216e-24
-2.030823992517399352e-24
-1.945836974475713830e-24
-1.939763929855171843e-24
-1.760794534587082340e-24
-1.745175221476943616e-24
-1.693289494526112028e-24
-1.947247794086673987e-24
-1.936568171082629313e-24
-1.790269863101670020e-24
-1.846891673373585998e-24
-1.902709974109068511e-24
-1.991356247983632839e-24
-1.878379399691359666e-24
-1.640727972127999214e-24
-1.959226647079024136e-24
-1.889077878667730893e-24
-1.856330778859798703e-24
-1.858449073861403504e-24
-1.921601567200185758e-24
-1.796137449239308546e-24
-1.787374687389932297e-24
-1.847451937916701217e-24
-1.695446874609583825e-24
-1.742444631720198273e-24
-1.839070188622547227e-24
-2.082653475954527006e-24
-1.958643637399836605e-24
-1.901709615704445859e-24
-1.842282501412075623e-24
-1.936811973089271786e-24
-1.835362961004529485e-24
-1.794838692019753054e-24
-1.915419851407061115e-24
-1.825618696304767224e-24
-1.781218367165446193e-24
-1.630787850845998746e-24
-1.753037970920128152e-24
-1.881700965638654573e-24
-1.843997863284036415e-24
-1.901507029462290115e-24
-1.852820582817838802e-24
-1.915695519540988165e-24
-1.849311015891945616e-24
-1.970539467769960523e-24
-2.035034568268483288e-24
-1.897407112800730788e-24
-1.888603769069165185e-24
-1.756812919883727633e-24
-2.126185729399699208e-24
-1.963401602178686862e-24
-1.876783174727895867e-24
-1.835007257385367233e-24
-1.925776411996374006e-24
-1.857885908427225571e-24
-2.006849187823199286e-24
-1.969564605434422360e-24
-1.797806421485130798e-24
-1.898346417985033102e-24
-1.779817619004587933e-24
-1.780678283401638649e-24
-1.797252907878565087e-24
-1.972409155606931062e-24
-1.938555155951094358e-24
-1.862935600843851692e-24
-1.962810953763129019e-24
-1.769747400026396897e-24
-1.961297016884133481e-24
-1.934884253817438980e-24
-1.847208232784490332e-24
-1.920346914862074907e-24
-1.931723095426160434e-24
-2.007912563485211100e-24
-1.822923941033606122e-24
-1.954327579784839076e-24
-2.088379343824706923e-24
-1.840267644161871199e-24
-1.880091388849298395e-24
-2.002952891927170541e-24
-1.823756711598778296e-24
-1.878285244591685286e-24
-1.928916880472028712e-24
-1.999667221872541263e-24
-1.876067345840587641e-24
-2.024917111185921171e-24
-1.842464882061950861e-24
-1.804828242746024713e-24
-1.901591469483077104e-24
-1.943906902321392594e-24
-1.967833223915335270e-24
-1.832085170117047510e-24
-1.907187944161050474e-24
-2.007453875331552628e-24
-1.795506920705910868e-24
-1.940944082536990586e-24
-1.903026154043254236e-24
-1.908365901718320495e-24
-1.918702886434862193e-24
-1.990743926774573802e-24
-1.734516474474343796e-24
-1.939331122219145132e-24
-1.866406331954840764e-24
-2.013002276987614754e-24
-1.874028443345588322e-24
-2.017034969803171241e-24
-1.889164932650777148e-24
-1.900273052338696431e-24
-1.880633592381747719e-24
-1.991221018551947531e-24
-1.919194298469902645e-24
-1.830308485737878026e-24
-1.899343610561219660e-24
-1.903366709460658658e-24
-1.891010756641339841e-24
-1.907902003973502362e-24
-2.028445017950569357e-24
-1.895130842120053436e-24
-1.876534295276291997e-24
-1.962648307836575663e-24
-1.930668894884340347e-24
-1.866751624613462933e-24
-1.795973983274257384e-24
-1.941642888456019807e-24
-1.889774367637659844e-24
-1.836191312960448981e-24
-1.930872573204423497e-24
-1.956474742542483914e-24
-1.971974143713718513e-24
-1.945583798387204470e-24
-1.837657936626619813e-24
-1.829694645626129285e-24
-2.028014746658068348e-24
-1.886457654380795805e-24
-2.002382538933080950e-24
-1.917651822765619897e-24
-1.859149909421856697e-24
-1.861742687135404044e-24
-2.027692419365335064e-24
-2.011776576750523404e-24
-1.811429764761470275e-24
-1.907442035927047605e-24
-1.756127483066689839e-24
-1.853623277825160727e-24
-1.940092461124812900e-24
-1.902375784712395934e-24
-1.854065008338471968e-24
-1.879075872172897151e-24
-1.830637619893693384e-24
-1.945213317452986195e-24
-1.888037196505873082e-24
-2.080845679583576121e-24
-1.923030471925362045e-24
-1.915392789949191731e-24
-1.873456610103247675e-24
-1.984876514375023103e-24
-1.797313189558441306e-24
-1.925955761747151511e-24
-2.018244269100901922e-24
-1.830773383963241789e-24
-1.733506470271156998e-24
-1.846262746901281163e-24
-1.916369282517616392e-24
-1.766718504470747685e-24
-1.812422666678214319e-24
-1.957033096726072185e-24
-1.896107982395512902e-24
-1.857695272499734368e-24
-1.817777491427307139e-24
-1.835303094936743762e-24
-1.754553556333520876e-24
-1.912099482793882244e-24
-1.900017155012366981e-24
-1.930382338396019852e-24
-1.802864720291175137e-24
-1.790003613016903139e-24
-1.867444545588602039e-24
-1.719869520407801947e-24
-1.729066923496301272e-24
-1.865806086944869512e-24
-1.941565370069789398e-24
-1.883002271261920627e-24
-1.872348340151416769e-24
-1.840756696048458273e-24
-2.011134794740276410e-24
-1.904393120361222306e-24
-1.807567292761113148e-24
-1.880402963585938388e-24
-1.831020822835782054e-24
-1.853081041075673220e-24
-1.804137004834925721e-24
-1.747787978311397276e-24
-1.891317644688638037e-24
-1.795866570620884818e-24
-1.885521991644679875e-24
-1.852307822136727268e-24
-1.692280012400108828e-24
-1.898780463510456453e-24
-1.864604776337065590e-24
-1.745283501946561472e-24
-1.695344969356615467e-24
-1.778642149198383768e-24
-1.735239516068535230e-24
-1.778458052360052942e-24
-1.976470405889132619e-24
-1.710238503938289826e-24
-1.824215394102074196e-24
-1.709500703826673753e-24
-1.792373277581812770e-24
-1.797383596046828174e-24
-1.810534017444361807e-24
-1.901108391825388577e-24
-1.806420252554268367e-24
-1.733462830016865405e-24
-1.879872954656630854e-24
-1.797320772755547504e-24
-1.800516339213602165e-24
-1.813916052762627766e-24
-1.757976424496473593e-24
-1.736441381083680200e-24
-1.757566555542035807e-24
-1.844177806832169858e-24
-1.835082803545377628e-24
-1.786866808467516950e-24
-1.889591366421022917e-24
-1.914551550459600768e-24
-1.795526433285423378e-24
-1.791833538605968563e-24
-1.908916359469025133e-24
-1.811106159464075568e-24
-1.831167995135189316e-24
-1.693799292711793672e-24
-1.704148588168103950e-24
-1.727342911517946828e-24
-1.681225351959070978e-24
-1.891561713153280362e-24
-1.570114667107793424e-24
-1.747618983458284637e-24
-1.742458550067763136e-24
-1.728046259235732724e-24
-1.749312018462931540e-24
-1.846859527847360666e-24
-1.750501197049444644e-24
-1.779829150466770006e-24
-1.773736356628753325e-24
-1.733201843055158147e-24
-1.769756878231859199e-24
-1.678463619780749726e-24
-1.730990970808558473e-24
-1.681202707282195419e-24
-1.794247527485459499e-24
-1.650088401662799132e-24
-1.716193537115854355e-24
-1.706379692323405786e-24
-1.859556759148613671e-24
-1.731166940759427356e-24
-1.790636319544140775e-24
-1.690249790975082675e-24
-1.799791341244415021e-24
-1.718416505636639848e-24
-1.700991852083872170e-24
-1.748456683958483065e-24
-1.711315413023666830e-24
-1.721540873866986301e-24
-1.777072308532864171e-24
-1.685211103471388158e-24
-1.732121901437306826e-24
-1.735202281692146154e-24
-1.731566428239275847e-24
-1.707483581971501408e-24
-1.650189703032502882e-24
-1.662531563930155614e-24
-1.805660257925729955e-24
-1.653583087725814910e-24
-1.650884606482563049e-24
-1.619973080666267850e-24
-1.670186243645770854e-24
-1.696415312555968265e-24
-1.662121231695713632e-24
-1.756342450691052140e-24
-1.650444053808022340e-24
-1.665100625477175148e-24
-1.628849070587895751e-24
-1.751600685077459117e-24
-1.710056134651816356e-24
-1.641203144226218214e-24
-1.589721435591322476e-24
-1.747604994552150380e-24
-1.627515086351602024e-24
-1.693951721481605013e-24
-1.529896190115697190e-24
-1.509319760054674907e-24
-1.562097175231259090e-24
-1.775081991521081989e-24
-1.645342269379372625e-24
-1.705912333042957234e-24
-1.610361012172369421e-24
-1.576017162201297374e-24
-1.702798350907342134e-24
-1.653824608821932918e-24
-1.559486251599649275e-24
-1.692331222908308034e-24
-1.693849784990774270e-24
-1.592765352793673338e-24
-1.655806583311598284e-24
-1.645472028217096419e-24
-1.569163829384248746e-24
-1.489164010151099660e-24
-1.610887254272601926e-24
-1.624765908676305807e-24
-1.524245519728396088e-24
-1.612888977269807131e-24
-1.595935666685274868e-24
-1.596045553767478940e-24
-1.558449272215163610e-24
-1.676020396602589748e-24
-1.580770258045060561e-24
-1.672388843588700797e-24
-1.589450960769154577e-24
-1.431327313836913600e-24
-1.515104612655758214e-24
-1.644637477386452972e-24
-1.628521169507850626e-24
-1.601701339717834891e-24
-1.486148857602065448e-24
-1.504715448580533532e-24
-1.490221595046748217e-24
-1.463781331286387743e-24
-1.578016582761604470e-24
-1.606986684466413922e-24
-1.557704813822740552e-24
-1.520478030619962536e-24
-1.576482940270444321e-24
-1.592593395702409423e-24
-1.428966386096158351e-24
-1.507817410598245122e-24
-1.618141879241187388e-24
-1.661915553193043051e-24
-1.493788970353205596e-24
-1.508854069791143325e-24
-1.429142643553329934e-24
-1.396574742808562227e-24
-1.521180091627427826e-24
-1.504804574091711897e-24
-1.440423877284998285e-24
-1.395176864647262421e-24
-1.542145735666396869e-24
-1.447509221685234988e-24
-1.501984974186207950e-24
-1.466388523020942685e-24
-1.472368569251395331e-24
-1.536994265623646584e-24
-1.587439593703035348e-24
-1.485251872875618825e-24
-1.480026452233154438e-24
-1.431741147576256773e-24
-1.390191364204727446e-24
-1.479800974162111525e-24
-1.464139683409903798e-24
-1.484091771788649244e-24
-1.443590595481119738e-24
-1.507463702476990114e-24
-1.516934923626329552e-24
-1.485995228724973512e-24
-1.432832506138028898e-24
-1.496516164640581949e-24
-1.509935413787827313e-24
-1.469396623154032706e-24
-1.486299246186832360e-24
-1.470424257993758500e-24
-1.464295918014770870e-24
-1.487089710658022900e-24
-1.462877712947186696e-24
-1.478012452136348496e-24
-1.464821296560262693e-24
-1.404855288168925177e-24
-1.411587455476120507e-24
-1.455115919709116754e-24
-1.368814401959497345e-24
-1.392828042533254449e-24
-1.445641725151082119e-24
-1.411330490361811841e-24
-1.429218413691851549e-24
-1.413052288604189077e-24
-1.438371520531005578e-24
-1.406807177082342102e-24
-1.481214931990921024e-24
-1.456336051301468049e-24
-1.373126314002140100e-24
-1.440822209787927184e-24
-1.436474390090242496e-24
-1.359421636425421475e-24
-1.470415151365198145e-24
-1.432161640338418821e-24
-1.342621595179410520e-24
-1.429621351462012424e-24
-1.410590770790784463e-24
-1.395000496850519499e-24
-1.382080104693517668e-24
-1.389132271193452868e-24
-1.444239821382592040e-24
-1.532064454457802525e-24
-1.384912828528646141e-24
-1.386638633110820376e-24
-1.335374233310047406e-24
-1.376933093998809292e-24
-1.385237129216853384e-24
-1.375969886653633836e-24
-1.362093241900161027e-24
-1.326215123718870160e-24
-1.419803795663339667e-24
-1.388991979958764188e-24
-1.294479385185328944e-24
-1.346915558447379346e-24
-1.371649886286354532e-24
-1.357275997142170500e-24
-1.375462863774191009e-24
-1.337198258361175636e-24
-1.342586436797986903e-24
-1.343419709366764335e-24
-1.345770487219332048e-24
-1.278296422388689014e-24
-1.316432069505849585e-24
-1.369884077801217335e-24
-1.341909689863039184e-24
-1.420756190020878800e-24
-1.310856896070224851e-24
-1.352071252642877226e-24
-1.395321282169112496e-24
-1.323263792777619759e-24
-1.410560298923049625e-24
-1.327253724337982576e-24
-1.265621848369814320e-24
-1.400787724395886394e-24
-1.387098103772071835e-24
-1.405084739820736240e-24
-1.354657636162204709e-24
-1.320763026199151371e-24
-1.371788094006452330e-24
-1.342130237029461818e-24
-1.344469098174100673e-24
-1.333773272265124935e-24
-1.344347484137079318e-24
-1.237953480802741696e-24
-1.340124420796971118e-24
-1.302920509170537692e-24
-1.320392630474106987e-24
-1.316518331704551230e-24
-1.262513137752807372e-24
-1.316497052576443352e-24
-1.217512063530078535e-24
-1.238381006146050884e-24
-1.238082062369401792e-24
-1.269326528025166246e-24
-1.285148060007059792e-24
-1.247365489967069598e-24
-1.234829940298521595e-24
-1.236258084923764655e-24
-1.307065717393075532e-24
-1.247185629072982607e-24
-1.344574363460915065e-24
-1.232976318308653728e-24
-1.213106693300300965e-24
-1.209321635459732627e-24
-1.293763901883385973e-24
-1.338113614802185573e-24
-1.272864994166692781e-24
-1.295662279123080048e-24
-1.230107323207551370e-24
-1.248549535598608081e-24
-1.245201319212631005e-24
-1.277028386492114397e-24
-1.183312397038944083e-24
-1.205821396201166419e-24
-1.224900028554372914e-24
-1.272250406310014616e-24
-1.192887468107303195e-24
-1.250661844988679459e-24
-1.225055592021321119e-24
-1.228938411851742223e-24
-1.182007658024096292e-24
-1.191557701745899444e-24
-1.216482805317143056e-24
-1.142848505962852452e-24
-1.241145713930137724e-24
-1.196280332418345339e-24
-1.205043241465576206e-24
-1.258616994246578184e-24
-1.134582660037591952e-24
-1.254154417981727952e-24
-1.190855167915389558e-24
-1.205946299337806357e-24
-1.249781933370566017e-24
-1.159571656095204433e-24
-1.197429221726528756e-24
-1.187552170112999895e-24
-1.151769097049630394e-24
-1.178863538399475053e-24
-1.173421271866532652e-24
-1.131783252452053732e-24
-1.134635600824918285e-24
-1.175453031536808401e-24
-1.125392549243118221e-24
-1.078071176880824907e-24
-1.084955946203687390e-24
-1.099258803431714484e-24
-1.168758954665504138e-24
-1.098708650073252162e-24
-1.135207188523118800e-24
-1.044249987593974260e-24
-1.112764473216541019e-24
-1.138725356473699720e-24
-1.172441902526093119e-24
-1.160056866625754012e-24
-1.155342352625969903e-24
-1.148189102632816101e-24
-1.111627361427942701e-24
-1.085066995942875844e-24
-1.129812766335340213e-24
-1.060952395313671114e-24
-1.140438621310784683e-24
-1.143040413825306937e-24
-1.088258474911582069e-24
-1.107772772084584954e-24
-1.125967709493350120e-24
-1.096854555387559228e-24
-1.111089020654007412e-24
-1.044001156021238673e-24
-1.052889558930695537e-24
-1.097528817247089943e-24
-1.033928180482248073e-24
-1.077767141912859501e-24
-1.044986725131657369e-24
-1.072776535898459767e-24
-1.029935345801669238e-24
-1.052719290985455815e-24
-1.092765897594091875e-24
-1.040211624716526354e-24
-1.011170063820857367e-24
-1.096297334625259584e-24
-1.064305475629765922e-24
-1.134286736380051731e-24
-9.539543098020868240e-25
-1.020287411704541255e-24
-1.086637389559536291e-24
-1.004104874057610622e-24
-1.099766626086935513e-24
-1.053238735088802141e-24
-9.615858012469127249e-25
-1.057030991116633423e-24
-9.546330443224538441e-25
-1.068313944399079873e-24
-9.851493248300390021e-25
-9.463413033839281996e-25
-1.013257424300652387e-24
-1.103186123795628426e-24
-9.813544216820807996e-25
-1.022425663931359707e-24
-1.055399332025946353e-24
-1.017772854996189086e-24
-1.020201137145661979e-24
-9.735925755483027643e-25
-9.616199750479594798e-25
-1.006787467041821959e-24
-1.104097511742397185e-24
-9.752441362302147290e-25
-9.634623563167712251e-25
-9.941696716906079263e-25
-9.695452403309324251e-25
-9.909325087170453773e-25
-1.043430130299870936e-24
-9.941090321592834696e-25
-9.932300027577012318e-25
-9.543343370524359305e-25
-9.694041545094509907e-25
-9.825452236052104489e-25
-8.991177385936063797e-25
-9.558596804935527560e-25
-9.332003113071489258e-25
-9.387924180363173463e-25
-9.724430956635587889e-25
-9.773362271701212741e-25
-9.721820316131252261e-25
-9.621251260528492307e-25
-9.152588217105447129e-25
-9.473057400925356276e-25
-9.415945474324308706e-25
-1.001431840783630885e-24
-9.254762767606108840e-25
-9.498019873194569748e-25
-9.542632417161010819e-25
-9.767191380770968756e-25
-8.952338123419365960e-25
-9.064089311657466307e-25
-8.709284684182717450e-25
-9.459881618106424028e-25
-9.180299485134111308e-25
-8.980691112829737776e-25
-8.880675795679145487e-25
-9.014494574666108594e-25
-9.681198606992646308e-25
-9.331790571603395266e-25
-9.277545822539184871e-25
-8.727909328563805797e-25
-8.743920159095250410e-25
-8.712196766711119469e-25
-8.482039557550802964e-25
-8.927127647703181028e-25
-8.284517455884060118e-25
-9.336782181941585062e-25
-9.046440495911458324e-25
-8.688501183590646878e-25
-8.415466738582711681e-25
-8.447388512233521097e-25
-8.700292160526498767e-25
-9.924827681946125867e-25
-8.653240032145126412e-25
-8.150515518894132209e-25
-8.364842731641891304e-25
-8.905553185276857421e-25
-8.795141598236353175e-25
-8.481534614700754267e-25
-8.360739478761467928e-25
-8.148601939181957715e-25
-8.900649808192464466e-25
-8.483788169606993119e-25
-8.910978534406877318e-25
-8.896977464925882301e-25
-8.560509471673160947e-25
-8.171543751550049440e-25
-8.819579333793699759e-25
-8.298247795377483066e-25
-8.729760511283367585e-25
-7.902522860321992823e-25
-8.133290907462785278e-25
-8.137704942635852974e-25
-8.131308876184499993e-25
-7.558527435897470168e-25
-8.179599674111921530e-25
-7.974467070232802592e-25
-8.458717733312571912e-25
-8.187656855268194940e-25
-8.532162833719274539e-25
-8.636586397611112233e-25
-8.211082054716038266e-25
-8.671847098092009514e-25
-7.627616396550841767e-25
-7.612546350788937916e-25
-8.094393724718932888e-25
-7.820220142373993649e-25
-7.887895828081897722e-25
-7.566389641556127719e-25
-8.003455973520846665e-25
-7.902849967916744747e-25
-7.463298213180425426e-25
-8.437244762535053455e-25
-8.490886166369456287e-25
-8.120736158117257450e-25
-8.075725289964704886e-25
-7.916380210643553919e-25
