0.000000000000000000e+00
0.000000000000000000e+00
-1.535164097347421887e-11
2.833083001789090686e-12
1.808908420584394086e-14
1.169075714636400779e-13
-3.091181038386388806e-13
9.281523241745361936e-14
1.275256608261625520e-13
1.437701611897645788e-14
5.486410859752690002e-14
3.565268865559036552e-14
1.147819172131022158e-14
1.086809732578894425e-14
7.667023557333886642e-15
6.430032009664141399e-15
2.341349564615284125e-15
6.678251489063089356e-15
3.209522332821780417e-15
3.138331793405050976e-15
1.002414852555226147e-15
1.254666390291799839e-15
1.749049409773197757e-15
8.692556230614806709e-16
1.731097249719399187e-15
1.094477261531752606e-15
6.297712628543210618e-16
1.138109442425724575e-15
2.317949835329751508e-16
5.890861296875814796e-16
3.724761230467760575e-16
6.503000924048840028e-16
4.284682300893213022e-16
2.354280424133394575e-16
3.717592460192354934e-16
2.610600476009293662e-16
1.534244027297266813e-16
1.393784177930169576e-16
1.387921252520820752e-16
1.451306677654415939e-16
2.431337937986986771e-16
1.039715870035930559e-16
7.801106596536330909e-17
7.355850141459464934e-17
1.035290180828931019e-16
8.405866172871244899e-17
3.278764206083554230e-17
4.691601245185601295e-17
8.045928589421595181e-17
5.315230709807762645e-17
3.655075472546999248e-17
4.767839080005861855e-17
4.060542721428284401e-17
2.629078316610786409e-17
6.067315993107020264e-17
3.656060027843151276e-17
3.769561467233739890e-17
3.304140630737727034e-17
5.851900058827228281e-17
1.359831124446835228e-17
2.543834708954624665e-17
3.308751371068560955e-17
1.811372524070820746e-17
1.337992161761965734e-17
2.769520498128943289e-17
1.789897199664130900e-17
2.470827960482129765e-17
2.049322592403275425e-17
2.444677542510872615e-17
1.798635685270883089e-17
1.627736179531884253e-17
9.376206957921161577e-18
1.088718788275599614e-17
7.536339944018029252e-18
1.050009996458490017e-17
9.157547476625111445e-18
1.151143834096013867e-17
1.369552681117199210e-17
7.948486953555685466e-18
1.133132307525061915e-17
7.928710972278071223e-18
5.754411221582637387e-18
6.020369273227259723e-18
7.348236876665436585e-18
6.141240173182783588e-18
5.269814470387508345e-18
5.698676907214738866e-18
2.477332651848186769e-18
6.187616354609699363e-18
5.038615825995073922e-18
4.207724378544546759e-18
4.987674437978272064e-18
3.846591334741988413e-18
3.921829232162094799e-18
4.550429933156254132e-18
2.970773989534290220e-18
3.351897803735201314e-18
3.945556919532222006e-18
3.170172024115519555e-18
3.406147936292660634e-18
2.494697462828325998e-18
3.017147821617933384e-18
2.032735019036831648e-18
2.905640264788386509e-18
2.651816703065939602e-18
1.933417441351104840e-18
3.003118249478561957e-18
2.540880719211048004e-18
1.981238062011681911e-18
2.509234448425809188e-18
2.106163923599243744e-18
3.083677778804245696e-18
1.947180495293323245e-18
2.655848775835111679e-18
1.572371322928874876e-18
1.923756392027880454e-18
1.099994463379376482e-18
2.083891063357389318e-18
9.404479071640594314e-19
1.960666508101444415e-18
1.113319606917394960e-18
1.773653141315155771e-18
1.271540594821377017e-18
1.123246470673000714e-18
1.830634691818537389e-18
6.171355083618899433e-19
9.823046973553427958e-19
1.085054444471392915e-18
6.165716227089678972e-19
8.176911563842974284e-19
9.826515392337765692e-19
9.518384676267010328e-19
8.854806655029481127e-19
6.554170480308018156e-19
1.024917852738480234e-18
8.776873167047045933e-19
8.156809612364234522e-19
4.868111542073928634e-19
6.579387917346196842e-19
7.208526994555092636e-19
6.735451141912923469e-19
5.729778754589717069e-19
5.076050821517144422e-19
7.046340841457312963e-19
6.896417182863402367e-19
6.886027422357355763e-19
5.920523902216146217e-19
6.238811741219387752e-19
4.677124538026371368e-19
4.747492606497274696e-19
3.815196634963273402e-19
5.722851668472244122e-19
4.305967044415673384e-19
3.856428359183450517e-19
4.265984394817572598e-19
6.486851829266978021e-19
2.621230539585224056e-19
4.012712574760404897e-19
3.548366978746381666e-19
3.804692646312502642e-19
4.373933617843086247e-19
4.513660812044311949e-19
4.170843964221609017e-19
2.702694170219636253e-19
2.619615185783080938e-19
3.661542255110914065e-19
2.607509790427993519e-19
3.330940526976258929e-19
2.870314123825309836e-19
2.693145848312696510e-19
3.093298925107202195e-19
3.918267964365138007e-19
2.681495887812815885e-19
2.330701550204452682e-19
2.360110747902233591e-19
2.426810377810356074e-19
2.388656653152818045e-19
3.296469391593856861e-19
2.812837051638727207e-19
2.514663729156735526e-19
2.782644963213647422e-19
1.480217450495149937e-19
1.662038988781662198e-19
1.665272421059811311e-19
2.580157731132946686e-19
2.016851960321242981e-19
1.589627009362025157e-19
1.172712908379401732e-19
1.827175622759767387e-19
1.615080101701712408e-19
1.413744376060225243e-19
2.057519073229542792e-19
1.708441883549680285e-19
1.458042915726151142e-19
1.290723680855978432e-19
1.833715333150601638e-19
1.289058695283182814e-19
1.182136805851251769e-19
1.485328697797584867e-19
1.719396097952177355e-19
1.552262643190670456e-19
1.261901740617198612e-19
1.515675621351320626e-19
9.073149701926890264e-20
1.571575661382463644e-19
9.080194579358997585e-20
1.134135213748991247e-19
1.594542494730523431e-19
1.379504600809212164e-19
8.555752689241408514e-20
1.370639585534238551e-19
1.148762045219870318e-19
1.127076788288804479e-19
8.338625494191574630e-20
1.117930504407203884e-19
1.015208535978644044e-19
1.037403036327247358e-19
9.990541236739463650e-20
7.403676508028415389e-20
1.151662157319760040e-19
5.187565196447481183e-20
1.141979673299645865e-19
6.291395566023599855e-20
1.113155317565775345e-19
7.574265336333429625e-20
7.839248808309982351e-20
6.700720971073919151e-20
6.339021654272869934e-20
8.897012242171594851e-20
5.627736987172878728e-20
7.227277124818716647e-20
7.855937003500667882e-20
6.961595823358329537e-20
8.349035441895690707e-20
9.417789169536135592e-20
8.801893548997789534e-20
6.535373209254946088e-20
6.313287639353168093e-20
5.249462886598419300e-20
5.187104100372285386e-20
6.620010170218879974e-20
7.193105258330263129e-20
5.650838877467943541e-20
3.774673259778017723e-20
4.238671433323094517e-20
5.912055031938989943e-20
4.321090182854947565e-20
5.046494088611863375e-20
5.434237572278280426e-20
5.009767686095940391e-20
3.652702464802439446e-20
4.823378289935343875e-20
4.863800350237002270e-20
5.562711841116808843e-20
3.087281500646898237e-20
3.685225623638425335e-20
4.165871799037338437e-20
4.097788435359261007e-20
4.800039580913642691e-20
3.589881801167466980e-20
3.501512905758237014e-20
4.585933199385488597e-20
3.217326085432320802e-20
4.787676885438406086e-20
4.032348192735144657e-20
4.492516455845806742e-20
4.581497606664547723e-20
3.434874704753109208e-20
4.566827452478627524e-20
4.942934125226923276e-20
4.919599158185856695e-20
4.052514223898074055e-20
2.945874550553325884e-20
3.181615529926085456e-20
4.619385429656490385e-20
2.554989448439706859e-20
3.316202342517631479e-20
3.845137424408669186e-20
2.802033614096321331e-20
2.402046183360021561e-20
4.047199816632475171e-20
2.992901537552740512e-20
1.858295238330763091e-20
2.933510030783318714e-20
2.948130924624254579e-20
2.875397135932837427e-20
2.763676887624451021e-20
3.037677804233400061e-20
3.056578014806459594e-20
2.940608339375616174e-20
2.629003360997751128e-20
3.187956170000814495e-20
2.762739043068102002e-20
2.211858258132391911e-20
1.830881374297634280e-20
2.012911916091442451e-20
4.239325225751372427e-20
2.990677185220969113e-20
2.698016904385645373e-20
2.141826067606425580e-20
2.280204580809851233e-20
3.926280529572443809e-20
2.001519376226667925e-20
2.409534981261403351e-20
3.110904804835971454e-20
1.803935545829888391e-20
2.955897420458938495e-20
1.963915039637547441e-20
1.908843045799970226e-20
1.788577902627864240e-20
2.411426857042509388e-20
2.393835426498378991e-20
2.197360531130295703e-20
2.129290034093672586e-20
2.352616285662834038e-20
2.665967012477937598e-20
2.294082288002013378e-20
1.719079204448623312e-20
1.879513888844119413e-20
2.300020330094881228e-20
1.930673032509081101e-20
2.649646469136171352e-20
1.960762713782933396e-20
2.093872692205784673e-20
1.876433948408632794e-20
1.761701070995546152e-20
1.778375182102849024e-20
1.876082231328180895e-20
2.080343027281218025e-20
1.476092467629255726e-20
2.060985493241508634e-20
1.518954879347366894e-20
2.041765026518833905e-20
1.797069889740504088e-20
1.801040239077560000e-20
1.701465154417234037e-20
1.932115563768722029e-20
2.263187451479982895e-20
7.844485981039072562e-21
1.552205363128636613e-20
1.853041435583735177e-20
9.758173064916148618e-21
1.781560173795580299e-20
9.778335586595408102e-21
1.833383444606585369e-20
2.077164177350643045e-20
1.332338653696456974e-20
1.788408501463794840e-20
1.588962326440991223e-20
1.196168162255560095e-20
1.846620664820881785e-20
1.460419637387536850e-20
1.555763591240317251e-20
1.179577977204477192e-20
1.486323272624539081e-20
1.459152798165504337e-20
8.082067212611286568e-21
1.500255888563762110e-20
1.109594594176971266e-20
1.478454231711422393e-20
1.740592094730169174e-20
1.360094741372660639e-20
1.194390365447067073e-20
1.378411453653352050e-20
1.130187479356952536e-20
8.373093899944704138e-21
9.642253267603096457e-21
8.771131672327411015e-21
1.064158432845417730e-20
1.039525418939627433e-20
1.065593606947404583e-20
9.862800945173234173e-21
1.097070453255546719e-20
1.211876315861313502e-20
7.936267357374148428e-21
9.814531418888136271e-21
9.922498715158482093e-21
1.044090512760215966e-20
8.232336474280832785e-21
1.201066712826441240e-20
9.396052215227914662e-21
1.194229751076440662e-20
1.171070571598708708e-20
8.608200591801523649e-21
1.120053167407372646e-20
8.841998074980525341e-21
9.995380497856471336e-21
1.090738383714143434e-20
1.184819655442578642e-20
1.003541577805637389e-20
9.379977483372508104e-21
9.518124037708031693e-21
1.013953687365566098e-20
5.195448366199491691e-21
8.436540099089277580e-21
1.179036085369556230e-20
1.130635339943696096e-20
1.046658716011967202e-20
9.024181152629708926e-21
8.487816384686397004e-21
8.242514670345258115e-21
9.881904677586487459e-21
7.095422107048612502e-21
6.977851141414727637e-21
8.890974030510849539e-21
7.333201417384855642e-21
9.374775336898510051e-21
6.478940942041290227e-21
8.373961814748060924e-21
6.043658550227591673e-21
7.005662047055784933e-21
7.549755080865143380e-21
8.080312556863762425e-21
1.035973608363303596e-20
8.270427408231079463e-21
3.423630614916756991e-21
6.748041699658046217e-21
9.146042591503509521e-21
5.640540136035145359e-21
7.247085701399185021e-21
7.466787131384465207e-21
6.832069555437553180e-21
5.686543458458258530e-21
6.208895625151087997e-21
5.514042284666615592e-21
5.667566155403711885e-21
5.510714659376855505e-21
8.030680087659861339e-21
7.395680295427456104e-21
4.777190838620301616e-21
5.562289271472624124e-21
3.860359337602726070e-21
6.364789004275970040e-21
5.641887811321568429e-21
5.105371168133872423e-21
6.549126810862950124e-21
5.063885833420026360e-21
5.524292361657710376e-21
4.561029932693225596e-21
4.320596470862989347e-21
6.032903697540191461e-21
5.497258481514771708e-21
5.774699600263977755e-21
5.739498685929649246e-21
5.739588051655615510e-21
5.647222612385202084e-21
4.796182015920036055e-21
4.894605132209764165e-21
4.728547022159334213e-21
4.263200305213563766e-21
5.261377315172799556e-21
5.707105055098725673e-21
4.628931001888024922e-21
4.741721954346990091e-21
4.844300774175507362e-21
4.021426244857411169e-21
4.253776754928847331e-21
3.569772139792047627e-21
4.704929183127955715e-21
4.739627717554732191e-21
2.114861042659705643e-21
3.829209518540617005e-21
5.262386950498006140e-21
2.869859010525737242e-21
3.526837143411499203e-21
3.026192921586864894e-21
4.059628385571228691e-21
3.490158003472659771e-21
3.388516429141128395e-21
3.075059929108977389e-21
3.084511538856215508e-21
3.777012666333404155e-21
3.496798753089797928e-21
3.602914450890349521e-21
3.429146852669301631e-21
3.342606193201923453e-21
3.241767039919096870e-21
4.455434382825724215e-21
3.475571466071793642e-21
2.493307528582494115e-21
3.416833102262447808e-21
3.043503113602887665e-21
3.085393824448526164e-21
2.601258123762298739e-21
2.881122222017173913e-21
3.924712697057507962e-21
2.600794186438445694e-21
3.015562848462067529e-21
3.252184684750724513e-21
3.067567310087250854e-21
2.769966312083213365e-21
3.535183599598064649e-21
3.234797310153997506e-21
3.813610419334163699e-21
2.663728704878522784e-21
3.609800611512903174e-21
2.681663021498853647e-21
2.826014437500103518e-21
3.322551758070720882e-21
2.562108672709477680e-21
2.261757352762166097e-21
2.240971718667977443e-21
2.266438036682345687e-21
2.832800573401561081e-21
3.118463676335018329e-21
1.905796119989314079e-21
2.801603531545761582e-21
2.723971963859441336e-21
2.011401065037128847e-21
2.339939679317850362e-21
2.126405280372182308e-21
2.684665702006193661e-21
2.527899727426485912e-21
2.734937014442089392e-21
2.557621000039629153e-21
2.876174569309421915e-21
2.287874342522316958e-21
2.384308670543578778e-21
2.191063707982979487e-21
2.317740950516903865e-21
2.527702834070002358e-21
2.477105664207033531e-21
2.433654899553253195e-21
2.113476145190253104e-21
2.035700428516430638e-21
2.492957626279469075e-21
1.293086184743879946e-21
2.092869928816917652e-21
2.433905838646512011e-21
2.590922316287483434e-21
1.625182615863598042e-21
1.625682690020225313e-21
1.527434786466064982e-21
2.687656472595247118e-21
1.358829149516210860e-21
1.451791856151105611e-21
1.989594478645135452e-21
2.180640323000350137e-21
2.141129830741195539e-21
1.765844880436176658e-21
1.890698350769320694e-21
1.267349275684347279e-21
1.715714706525409731e-21
1.939467540141295431e-21
1.547081022054440931e-21
2.184519257167072501e-21
1.640918901399399099e-21
1.603310354823237456e-21
1.736382285213375665e-21
1.499305319336618175e-21
1.674050677954871505e-21
1.171636443585389735e-21
1.386926217871765932e-21
1.868841341402510686e-21
1.073355364424921390e-21
1.112675081761422853e-21
7.804557162951138756e-22
1.512724530456034749e-21
1.241477834482376247e-21
1.100428291043948121e-21
1.211296426249568238e-21
9.340721447090129915e-22
1.260183070164416042e-21
1.170123476036589577e-21
1.061254060715592168e-21
9.994261738617501299e-22
1.355219814833525761e-21
1.802719383065393113e-21
1.502614222719762606e-21
1.299459777296851843e-21
1.510992689346928293e-21
1.031348127846867598e-21
1.462720228540840862e-21
1.369518362161540278e-21
1.708249201776919080e-21
7.253584024093547634e-22
1.300513557488831903e-21
9.657210631018561332e-22
1.594694213970511657e-21
1.294633364912733028e-21
1.494075295686239730e-21
9.698676237022120178e-22
4.702862893480873096e-22
8.854611979367459462e-22
1.381602202565344331e-21
1.511920155474532886e-21
1.163658689166768997e-21
6.690385632896476026e-22
1.395380991942023882e-21
9.651474768835617818e-22
1.608557211746570544e-21
1.509025762016310999e-21
1.077579691557380903e-21
9.308921037099051332e-22
8.254303929688693719e-22
1.139365185255346605e-21
8.273166658787337247e-22
1.446293109390700187e-21
1.208256943654716997e-21
9.359287308181604942e-22
1.346025493185839781e-21
9.439637301455356308e-22
1.404698257971287906e-21
5.793727067111998090e-22
1.175221864832430011e-21
1.023661467261686071e-21
1.541844160756671616e-21
1.267233355676017171e-21
1.329832353954493696e-21
8.910727722939388115e-22
4.897706024811541304e-22
8.755983891824165019e-22
9.883632209014534182e-22
9.627943170534225832e-22
7.432483707167997401e-22
1.257134384037604299e-21
6.730787279451167049e-22
7.344521626792000906e-22
1.230902839605402550e-21
9.251215274232530581e-22
8.476080493777218693e-22
1.353679240437466619e-21
1.431421813466427780e-21
7.759874876852945222e-22
1.128371096168306413e-21
9.135654879765048866e-22
5.711843328374850026e-22
8.456476251245539755e-22
7.594088770980973007e-22
1.532532973598785469e-21
9.063990054603524081e-22
9.599919318796369052e-22
5.832788975743525549e-22
7.058205313418820310e-22
8.004870476127146722e-22
7.134595879359602412e-22
7.412803488819976951e-22
7.171184060616911927e-22
1.194466333921744490e-21
8.862355666677919213e-22
7.190409447526476443e-22
1.060847866617655138e-21
5.118593641088201429e-22
7.435784380205234139e-22
1.175500530399179356e-21
8.549058540868779440e-22
8.862027177352551699e-22
9.969120081933490581e-22
1.159393397195617837e-21
9.142085824400370626e-22
7.051775089349223005e-22
3.880302254267581307e-22
7.928905951917931403e-22
1.108960853065652799e-21
7.963311068271399702e-22
6.067009757710145685e-22
5.413189645391159193e-22
9.725015037549949309e-22
8.245125481081870485e-22
3.846169573846829848e-22
4.544600739682119578e-22
4.748048279242695148e-22
5.130499454676569268e-22
6.980340542299315935e-22
4.979562932564058180e-22
6.423584426099106965e-22
5.455211055475831483e-22
6.331484628698963127e-22
8.158344739448424698e-22
7.792144756528818366e-22
4.843820434644752916e-22
9.250137700503308006e-22
7.905612021986596542e-22
7.650261769804828971e-22
6.792972574634291201e-22
4.891517905227943949e-22
3.096425352023381882e-22
5.359549339447404884e-22
4.554805057568912369e-22
7.624119148904364870e-22
3.466346424074027775e-22
2.186817913522527438e-22
4.902888539844227372e-22
4.669357901338043679e-22
4.418791601807957959e-22
4.775680683578745216e-22
4.894380475196772452e-22
3.321477354471258580e-22
5.760830486694767672e-22
6.538266545454991382e-22
6.484376267886970092e-22
4.185477782814427127e-22
4.386600818753914101e-22
4.200791596190611658e-22
8.416660066057212531e-22
5.527333046178761310e-22
6.442098165062225571e-22
5.831770190062484172e-22
6.225925419608347411e-22
6.159831275957382433e-22
5.331178227462184610e-22
6.952366765240197354e-22
3.650172323994641757e-22
4.198603892407312175e-22
6.158812932413929088e-22
4.950523788721447143e-22
4.849468292091218040e-22
1.917361831127079625e-22
4.588029630206005568e-22
5.360373900870423994e-22
2.896982516630639663e-22
5.208867200530419504e-22
3.720447050890904672e-22
5.436873893848208021e-22
4.618306761590517409e-22
3.772902782747168005e-22
4.372802770949762983e-22
6.667832027228717865e-22
4.409991966417340282e-22
6.689411422816850764e-22
5.296364469472557986e-22
3.743614694983038278e-22
5.590269120123216923e-22
5.409297242349456184e-22
2.390426584734386072e-22
3.843929741286302360e-22
3.694008648177651590e-22
2.578173403131759780e-22
3.493814156641160768e-22
4.110014790076228441e-22
4.296606304728755741e-22
2.231515497495841987e-22
5.142282565141323473e-22
4.525019193592313792e-22
2.866457225137334115e-22
1.929001588331345037e-22
2.536372430340762210e-22
1.799714502276574190e-22
4.154205739712163601e-22
4.148933613820951782e-22
3.812585385232515144e-22
4.732653036450154295e-22
4.440481888673207099e-22
2.933190805721142559e-22
7.515908157146228054e-23
1.392235491825448473e-22
4.867131957142186598e-22
1.294461339329599122e-22
3.660671752493469441e-22
5.056529762022234589e-22
3.798059792995859004e-22
3.857672254123275379e-22
2.639367190606305221e-22
3.882644570721117164e-22
6.551987588494571763e-22
4.469091060423083768e-22
3.427109541767440410e-22
2.114884110355952906e-22
2.533318801001421496e-22
2.782924874361053438e-22
4.253411442159132636e-22
2.584072293700739910e-22
2.758318437893230988e-22
3.730431292803076658e-22
2.086976732486354861e-22
2.273806149263403613e-22
3.731138671762443325e-22
3.340900106958459167e-22
1.497711532518060611e-22
2.491185030064557757e-22
3.451809074061459462e-22
4.038845898489125070e-22
3.645044286277727703e-22
2.226025126330345548e-22
3.271780916744727906e-22
3.735948075446879078e-22
1.781893717116308337e-22
2.009989076489223154e-22
4.016836088093830713e-22
9.219828041489455642e-23
2.060577632360716574e-22
4.286051698889203721e-22
2.238555678216975761e-22
1.990335278021384650e-22
2.193313322695317919e-22
2.016603479434214732e-22
4.532871631610678775e-23
1.450328693909937728e-22
2.439746703284083489e-22
1.793841652903524905e-22
1.387490281922209368e-22
1.418505069878100120e-22
2.403544050929051771e-22
3.207415341929239093e-22
1.784476066567442149e-22
8.997372724287059260e-23
3.806049507217588510e-22
2.440959242637525171e-22
1.538137625938959112e-22
1.715702549638051154e-22
1.847084391880086017e-22
2.389015335241954348e-22
3.004678548675580662e-22
1.876303114395598545e-22
2.374277348030609695e-22
8.718577357684233231e-23
2.293204482569549629e-22
3.748763235334516941e-22
2.971781652582824615e-23
2.729693122238010918e-22
1.882759102293240565e-22
1.550817720458151250e-22
1.808777047615454176e-22
2.221076049404415966e-22
1.744033194788062892e-22
1.935593819957584289e-22
1.127781403002828326e-23
1.581695521142811136e-22
3.039098100218049810e-22
1.761825308382857863e-22
1.114365430850869811e-22
1.476352703971110420e-22
1.618788965658358968e-22
2.522568473911896292e-22
1.550514483366025421e-22
6.375119656721313319e-23
1.264813887543881254e-22
3.597686076548440105e-23
1.219717966903876793e-22
1.209987827143068324e-22
9.111252504911276883e-23
1.125887074760129555e-22
3.297378856633646018e-22
-6.049462942609155635e-23
9.162673163557777353e-23
1.473105341591303941e-22
1.068628854083474737e-22
2.102667739458144719e-22
8.437355143691550323e-23
5.476373907468690365e-23
1.914224612341041401e-22
2.053266125538269736e-22
1.574541310942723210e-22
1.588039922910122688e-22
9.795240501482476066e-23
1.716082357809287332e-22
6.664562172274973407e-23
2.490438752668987736e-22
9.993146226302210645e-23
5.555975042989633147e-23
7.519051089178645958e-24
1.260911132283030027e-22
1.690280686340999233e-22
7.323279697491557784e-24
1.789823845360052710e-22
1.461960952794283106e-22
1.604250081907753264e-22
7.862957669459441356e-23
1.165386807606857841e-22
-1.685132519528282129e-23
4.126485758506189962e-23
2.561310482445094613e-23
-2.101080876638377746e-23
3.669137185227706564e-23
1.937419475375022534e-22
1.169345063954210644e-22
5.294345879078627428e-23
1.092969023712509119e-22
-2.284857939519240441e-23
5.334840368557390095e-23
2.414657734559243590e-22
5.430795531775318347e-23
1.979602373886723097e-22
6.112151202100654441e-23
6.292501690197069930e-23
1.003351557894114495e-23
4.604190203154963807e-23
9.563277413959651358e-23
8.327754262612443412e-23
1.950985222445017168e-22
8.935165000645882642e-23
1.708182501681853040e-23
1.682773887886880102e-23
1.582611673114869424e-22
1.038751458059143236e-22
8.799949018656763637e-23
1.063766717096089764e-22
1.249073503856130137e-22
7.578458430782331334e-23
1.727591821790575072e-23
-2.823428970003674133e-23
8.656594635914007478e-23
1.403650940090338093e-22
3.999656089937325951e-23
-1.591258333664169348e-23
1.307496401286561271e-22
8.257943417553700322e-23
1.123005688689163242e-22
1.742858087675765340e-22
2.972919045237998911e-23
8.171530640039167731e-23
1.402161798297008162e-22
-6.182936614970406236e-25
6.330352410147638912e-23
-1.650944544747253426e-23
1.028508644353132156e-22
-2.596197245094465160e-23
1.756502503265531202e-23
6.846676101666970986e-23
3.499082046729837762e-23
1.285160787801916479e-22
-6.775665444161955418e-23
7.674565650494007974e-23
1.275089120645347324e-23
7.706109943822092001e-23
4.610111317704316088e-23
7.002977122248930788e-23
1.720921276126761750e-23
6.001033926028223975e-23
6.536296522651299314e-23
1.023877509722889576e-23
-1.487238995348037826e-23
5.081279715783518051e-24
4.896563955418378379e-23
-4.847319594869863284e-23
-6.265719329693535950e-23
8.640771379530802024e-23
-3.573117385737688109e-23
6.430974652997805018e-23
3.826009634345689151e-23
7.635258360006199374e-23
4.874582004556875976e-23
4.543352213430097620e-23
3.068913870126479537e-24
-1.884454527363531800e-24
-1.128359760600498046e-22
1.655246670624045133e-23
5.399283419655347711e-23
3.258953073974312743e-23
-3.571933184111665492e-23
2.517606916866063093e-23
9.305611009310708435e-24
1.653488010009911571e-23
-4.763515035754017833e-24
3.740153957413936523e-23
-7.223804414310128143e-24
-4.011023190714866094e-23
-3.274790678876766432e-23
4.023645847160464307e-23
4.244693885008017535e-24
7.511582563612735359e-23
-2.203862362007032074e-23
5.956912041039649342e-23
2.493387669316496674e-23
4.525143193292392297e-24
2.469070501964051836e-23
6.276876018538657522e-23
5.333493127301846239e-23
-9.577427121155183466e-24
-5.964394059084501898e-23
-5.686741586406148773e-23
-4.665992687390486946e-23
-2.792246363273860405e-23
5.239331362490798966e-24
4.617503114500203859e-24
-1.368493871567318027e-24
3.457974187408907240e-23
8.584435480227221587e-24
1.844477983542494764e-23
2.996758232520163205e-23
-9.607087551638886723e-24
-4.422315661766275040e-23
1.021937911135561548e-22
-3.725847735083693734e-23
-7.892339863905756000e-24
9.482091903773081064e-24
-1.846819586428263249e-23
-8.600490177022222748e-24
-4.232083603300785293e-23
3.366342324269591661e-24
-4.189160983921683794e-23
-5.159454465182967291e-23
1.872272119728828942e-23
-1.793561202164011938e-23
-3.479660161158102791e-23
6.502038166506639405e-24
-3.475423757190422807e-23
-4.951802197133576687e-24
3.011002270963306383e-23
-5.180834340293626568e-23
1.100753767457127992e-23
-3.499607094609264059e-23
-2.946942655508447237e-23
-1.996112648510881356e-24
-7.281916003485581338e-23
-3.937847500485628966e-23
-5.464972153675075076e-23
-4.721939396064602384e-23
-3.352661284967800147e-24
9.713465504392926736e-24
3.048412771237920764e-23
1.917701726027023449e-23
-3.762246724921919939e-23
-1.690748964993029483e-25
4.957800341669383394e-23
-8.882637543340100760e-23
-1.685379407333230069e-23
1.917172719617951056e-23
-5.238232244426981108e-24
-3.481787933961440629e-23
-9.091268270812820691e-24
-1.805851398393644612e-23
-2.289831068312949236e-24
-1.705408655557332563e-23
-1.569363332261708631e-23
1.640019379773729657e-23
2.446973677593633580e-23
-1.720862073885995685e-24
-1.198942863147978117e-23
-1.168479949879526906e-22
-2.617891411932355336e-23
-2.453133411484474883e-23
2.063021017717002690e-24
-1.602137052356318590e-23
2.310912252917998168e-23
-3.121824975070721426e-23
4.890890938611063419e-23
-2.464317768486696078e-23
-6.726021796523198682e-23
-2.289941542029041713e-23
-3.922158050081636590e-24
-4.036177402787786495e-23
-5.093189143708921478e-23
-6.136761692313590286e-23
3.749241514867040980e-23
-3.113228120985082365e-23
-6.396160174695478862e-23
-1.099985736674210458e-22
-7.438609174286984641e-23
-2.904608789787584950e-23
1.789105806331534523e-23
-4.056558042049577937e-23
-1.037942677339914275e-23
-3.920614610347253213e-23
-1.203396068447671408e-23
-3.862522483859201445e-23
-7.474675516194006407e-23
-2.342541437755653456e-23
-4.905957840454367608e-23
-4.860916945083331228e-23
7.870286332720641474e-24
-3.853067929988874419e-24
-4.612628908544241815e-23
4.513757727709663021e-23
1.958931774954518746e-23
2.091524581971900552e-23
-7.885209482843303419e-23
-3.868204381739789009e-23
-7.931954335188001374e-23
-4.151499851632741103e-23
-4.227549274009517341e-23
-1.784544124751102371e-23
-2.448238116443121390e-23
-2.368549736984254555e-23
-3.849742003422683721e-23
-2.931295518027364397e-23
-4.914584417200275310e-23
-4.382331958314055980e-23
-8.785045081628770858e-23
-1.641364281214831746e-23
-1.523683595619568399e-23
-1.762626497264400301e-23
-6.823922075510824704e-23
-4.665633712619885973e-23
1.610265438186748477e-23
-7.641985162870498926e-23
-7.102454539508517551e-23
-2.379962928458367418e-23
6.416361711909874442e-24
9.810609924192154497e-24
-3.663459897650247533e-23
-1.646029882771812716e-23
-4.309630812449984615e-23
-2.884890966590106952e-23
-6.487332691960306279e-23
-2.253758108925582909e-23
-4.682315500319254150e-23
-5.920578720301840532e-23
1.786137029712069794e-23
-1.697357731686899634e-23
1.053084900763847427e-23
-4.110359816729513236e-23
1.352092384262632102e-24
-3.713859307490315016e-23
-8.495332449005202308e-24
-4.489740012494433319e-23
-4.431717063913901130e-23
-1.364349003189723106e-22
-1.462998501387424255e-23
-4.959453329344176687e-23
-5.496519255297335045e-23
-3.289686960345160364e-23
-7.828500700320545537e-23
-9.258118470809934950e-23
-1.943391460039558896e-23
-1.892241137684696110e-23
-5.754329010531424607e-24
-8.250980733986202743e-23
-2.183369181297650143e-24
-7.760461361048203827e-23
-1.640218455399387742e-23
-5.295285162980403805e-23
-6.437367752238545425e-23
-3.182977143177286832e-23
-5.348250213513964212e-24
-5.274230369363801790e-23
-2.701893928489284564e-23
-7.270881483975315894e-24
4.634706316551359838e-24
-8.073955265502199264e-24
-3.989771962214275128e-23
1.208152015312316505e-23
-3.264622660016635196e-23
-5.711906976151796141e-23
-2.383700718096799419e-23
-3.264882971099046294e-23
-6.207058894280933498e-23
-5.804982163665253949e-23
-3.427116829067115671e-23
-7.359178203880243775e-23
-3.887943330076099928e-23
-2.696416744404005074e-23
-6.688234260227777472e-23
-3.983590257150265934e-23
-6.147793788180292114e-23
-4.137626387201642746e-23
-8.153424610168863313e-23
-1.238147285340333626e-23
-2.271653149160880230e-24
-5.258113418358716560e-23
-2.442434159344744118e-23
-3.653659138325992970e-23
-5.864302568216553436e-24
-2.919094114200461248e-23
-8.903765208993597245e-23
-3.263192583422311799e-23
-3.604175503108179723e-23
-5.873327693472504592e-23
-8.603855497941288377e-23
-4.767918520483448866e-23
-4.940629579345792449e-23
-5.638255363964558094e-23
-6.397204628925658753e-24
-3.432984430038034336e-23
-1.071539346956028278e-22
-6.534522921957466643e-23
-8.855289603012357095e-23
-7.118869132207751253e-23
-5.124094372369232328e-23
-8.918401383450159546e-23
-7.273103411505432284e-23
-7.276361466947624465e-23
-4.507231255331745205e-24
-9.083968801164067756e-23
-6.069271670125022799e-23
-5.814928084538103466e-23
-6.268628558925178177e-23
-7.461471801506413717e-23
-5.890106797035770278e-23
-1.108466196103503890e-22
-6.605770291347767512e-23
-4.660642475387455370e-23
-4.270602115870561007e-23
-6.990673501027973596e-23
-6.759577859654176591e-23
-3.465701055283822716e-23
-9.175511350067234092e-23
-1.008303847310732065e-22
-1.729453208672770952e-23
-5.437382846349126996e-23
-5.848046017199329943e-23
-1.050995763413999351e-22
-4.737030312068826344e-23
-6.436319623686748714e-23
-8.860897458260531520e-23
-5.929431602904684078e-23
-2.457997983847381364e-23
-5.413941496704347697e-23
-6.474637564514207092e-23
-4.699864271457183354e-23
-8.148596736926841051e-23
-6.512884849869598690e-23
-3.666960888271207900e-23
-6.044799491531746445e-23
-7.398530375302982360e-23
-5.644358147064591295e-23
-8.358091408266407026e-23
-8.832189878692389908e-23
-6.468504719821118213e-23
-8.569819889505337573e-23
-7.925454797370047194e-23
-6.163200828156005296e-23
-6.285020928788005674e-23
-8.228042243636879552e-23
-7.005264656334720358e-23
-5.179600338180350560e-23
-9.699529219691688826e-23
-5.897432042386018900e-23
-1.067510488216793847e-22
-1.486195798737042297e-22
-8.185574122540795855e-23
-7.462817151455997104e-23
-8.654812933745992219e-23
-1.043699760091653961e-22
-5.335144960506584105e-23
-1.180073439057559921e-22
-8.397162544462751352e-23
-9.494140466030309861e-23
-8.144029707795870311e-23
-9.043218406910228006e-23
-1.107707989244704342e-22
-8.793049396327659835e-23
-7.464340443084534629e-23
-9.453921553656196250e-23
-1.124453417169682656e-22
-8.048890766570611258e-23
-8.952972121585180264e-23
-9.782342361950359356e-23
-9.915943682568644363e-23
-8.798905475252847841e-23
-8.898770010802567476e-23
-9.603968192308958760e-23
-6.575786006797295335e-23
-1.123190150217137578e-22
-8.681271669036324404e-23
-5.831825509070494639e-23
-1.084187588148181468e-22
-8.535930175404864735e-23
-7.575028347079337733e-23
-7.427336312302328087e-23
-9.627398044865821926e-23
-1.064168006307753342e-22
-9.681305844264057666e-23
-9.082292194852152231e-23
-1.083793663546002524e-22
-9.238827145886503928e-23
-9.225693634803111365e-23
-8.825394928747007580e-23
-6.832206306467664628e-23
-1.227666229942360012e-22
-1.521230508360192115e-22
-9.548607846868184058e-23
-1.015063698035096293e-22
-7.721241699568410586e-23
-1.167832736263978117e-22
-1.245106508329573109e-22
-8.776409186018905280e-23
-6.499525323776259200e-23
-6.485706416464098226e-23
-7.024048507597489669e-23
-1.101899608204636816e-22
-1.223515052288742367e-22
-9.189336410545922458e-23
-1.428020484993520848e-22
-6.714360532513366643e-23
-1.235846162748009028e-22
-1.193780527672659227e-22
-1.215748914452091187e-22
-1.202669933066029404e-22
-9.233262218310594678e-23
-1.040260508737824532e-22
-1.119199198179313265e-22
-9.058730458107685460e-23
-9.286902997397170511e-23
-1.097955197079020274e-22
-9.965169918048746985e-23
-1.221437534943533552e-22
-8.449813372356189202e-23
-1.332215589604750726e-22
-6.293375356646817746e-23
-8.279546327365421360e-23
-1.105243240636770076e-22
-1.163766627122507519e-22
-8.664916770502318840e-23
-1.110426639296467443e-22
-1.137280908791931073e-22
-8.215836419518942194e-23
-9.103460648274110503e-23
-1.079537814995498954e-22
-8.371511400509590773e-23
-1.066435683886414378e-22
-1.087033500365386076e-22
-1.161051092548958799e-22
-8.713964395522044239e-23
-1.248267594793025858e-22
-1.233050980274572808e-22
-9.391420990160938236e-23
-1.158598608554331898e-22
-1.024273596554525449e-22
-1.119331596298369218e-22
-1.115351541352574777e-22
-9.001102828901198457e-23
-6.615916312117759864e-23
-1.387891470517513922e-22
-1.135812967336359214e-22
-1.026653017138354762e-22
-1.020679308455106739e-22
-1.151095439622185813e-22
-1.006210617827665215e-22
-1.057711184832767992e-22
-1.163469008363222910e-22
-8.467024788767890490e-23
-1.075304162106027196e-22
-1.546281958449065765e-22
-1.037892654409638652e-22
-1.236009894884682407e-22
-1.034869321359958210e-22
-8.843789012537057931e-23
-1.115338328211797945e-22
-9.671448373473248965e-23
-1.361027459904493148e-22
-1.134545148925576631e-22
-1.266949000432975285e-22
-1.176970498682256951e-22
-1.056808320823543259e-22
-9.018305643719085512e-23
-1.193352854646547085e-22
-1.045931500546555066e-22
-1.038696434062935433e-22
-1.112473363216126016e-22
-1.091897910703394650e-22
-1.114534810920214019e-22
-1.225104925385351977e-22
-1.120798421853834717e-22
-1.139604757764159855e-22
-1.005796572121602946e-22
-8.276434452718697660e-23
-9.256263442177231623e-23
-9.513197422879790905e-23
-1.148374940462147565e-22
-1.056153383531944543e-22
-9.472033833842393453e-23
-9.510100940996021675e-23
-1.056217246663204263e-22
-9.732679709315451577e-23
-1.199590777294929449e-22
-1.239683370488139787e-22
-1.015811376494197974e-22
-8.960758959831052815e-23
-9.970387074973658338e-23
-1.064052298773363151e-22
-1.243361907357867012e-22
-9.179821589478130085e-23
-9.776220858341561503e-23
-1.001928991898571946e-22
-1.078141115779445995e-22
-1.218647220872467605e-22
-1.111611453009153041e-22
-1.054668020442848848e-22
-9.656148084770644330e-23
-1.103279466148721864e-22
-1.004362006546805769e-22
-1.029559884841596821e-22
-7.280052950971719826e-23
-7.435992772421624228e-23
-1.204304909171643433e-22
-1.174501431321142208e-22
-1.089427484942580909e-22
-9.980489816315738924e-23
-8.829464566030730107e-23
-1.225387961517390806e-22
-7.928837531728345119e-23
-1.128177557365368894e-22
-1.192254711187410688e-22
-9.374945049380704351e-23
-1.016803427614875035e-22
-8.048004394658853403e-23
-1.033565396624263720e-22
-9.778711544547552651e-23
-1.116108238566634727e-22
-1.011267077097285764e-22
-8.628413029623278693e-23
-1.177035964127614617e-22
-1.010095850809145365e-22
-1.181408773151244457e-22
-9.931201841509318281e-23
-8.629170204474292538e-23
-8.451876234902662240e-23
-9.181008017327305710e-23
-9.057408520701728382e-23
-9.067109079732810181e-23
-8.748351799140166835e-23
-8.953066000725818258e-23
-1.006822658280799682e-22
-9.870471166393143776e-23
-8.841736589312615427e-23
-7.639616076986178322e-23
-1.004613445301121826e-22
-8.308785573250029010e-23
-1.235465815745594557e-22
-1.157425008519906644e-22
-1.170313423576752708e-22
-1.075518972506325908e-22
-1.046545053427723629e-22
-1.150243486826113025e-22
-9.712266579231350883e-23
-8.869149415312685246e-23
-9.985036647103620094e-23
-1.104973217662624524e-22
-1.218512932349009741e-22
-1.088349120480753426e-22
-1.122813811341486129e-22
-1.037417919173792789e-22
-1.122718464258522355e-22
-9.116361758303164643e-23
-8.452065707125109135e-23
-1.108411729001832688e-22
-1.059868657535958790e-22
-9.373222490080770398e-23
-1.137715630021539452e-22
-9.483087023031167028e-23
-1.012244274574775682e-22
-9.425212426333315639e-23
-1.056875199024723068e-22
-9.907695090809044470e-23
-1.164952397687078410e-22
-1.189551968839495367e-22
-1.133684190885293842e-22
-1.121463706429078659e-22
-1.103368324037505931e-22
-1.074923296867712830e-22
-9.039616668922678511e-23
-1.011443932722649574e-22
-8.496725459833184275e-23
-8.421672880167729638e-23
-1.084587892591373638e-22
-1.140156959610858476e-22
-1.102807188650799854e-22
-1.165330050425374831e-22
-1.111289780869071825e-22
-1.095690798891628370e-22
-1.106940811586185426e-22
-1.196033212971670388e-22
-1.081374408579992516e-22
-1.162208316447851837e-22
-8.934023162204908486e-23
-1.082907973754393828e-22
-8.668321936704813304e-23
-1.053191452866606675e-22
-1.057931285521427541e-22
-9.155711154698278539e-23
-1.219959944903711299e-22
-1.168053526672970941e-22
-1.175613020844155148e-22
-1.008405981878059660e-22
-1.048159336442607406e-22
-1.277333465182400904e-22
-1.054317861608791942e-22
-1.015961833805333979e-22
-1.080073502306667658e-22
-1.122975359281460498e-22
-1.076418460856140975e-22
-8.833418454321905066e-23
-9.093809541901120475e-23
-9.999814058269220469e-23
-1.076193985235802330e-22
-9.125806631977902912e-23
-1.155897522228897844e-22
-9.611606708818554783e-23
-1.109105573816200681e-22
-8.316755236017570807e-23
-9.857426573687740015e-23
-1.085853081216880841e-22
-1.150247743101764759e-22
-1.098744892288210454e-22
-1.215651225808991195e-22
-1.007981618748995523e-22
-1.321982657677994288e-22
-1.090470703994972415e-22
-9.964270122510320102e-23
-1.059414747935733731e-22
-1.088250954147084302e-22
-1.174687849499261260e-22
-1.016752125953003569e-22
-1.009977978274082039e-22
-1.119828302433561438e-22
-1.100836606673906890e-22
-1.018519390459637857e-22
-1.016667064653683276e-22
-1.107223312011530872e-22
-1.076964846467374948e-22
-1.027134799183345329e-22
-8.688782671369031909e-23
-1.084300691531433243e-22
-1.166762087035734777e-22
-1.125566442598308282e-22
-1.236597273780157761e-22
-1.118798938929873270e-22
-9.781773639902030110e-23
-9.727756086882310135e-23
-1.096002025407787304e-22
-1.037314056258915947e-22
-1.181278453401523005e-22
-1.130750021164116194e-22
-1.229840584549123835e-22
-1.170151012427307634e-22
-1.233199976402681967e-22
-1.183267548455597967e-22
-9.932441029906341428e-23
-1.241576656896653356e-22
-1.005610633125841874e-22
-9.506614582398245620e-23
-1.111319340120389531e-22
-1.072572659528420062e-22
-9.938179034899642934e-23
-1.109681076429458747e-22
-1.147844835293523559e-22
-1.138909627075678432e-22
-1.142672664108882070e-22
-1.184762731884464534e-22
-1.047685838392303331e-22
-1.285094661090166328e-22
-1.268227705475949834e-22
-1.260803384962250756e-22
-1.187983342666776114e-22
-1.056149930030877316e-22
-1.066512753277441664e-22
-1.155165818252313922e-22
-1.072371773231027513e-22
-1.277560594253631202e-22
-1.177483277861068473e-22
-1.200613884094430725e-22
-1.267484982408305718e-22
-1.214250377871182084e-22
-1.134056653989621571e-22
-1.270092913411007210e-22
-1.144246211855186559e-22
-1.113570480212859085e-22
-9.998643949268252721e-23
-8.714194733621721943e-23
-1.191067107101702498e-22
-1.177333292504864994e-22
-1.071786645730186716e-22
-9.472806406990142483e-23
-1.218692177099895852e-22
-1.227102077149108157e-22
-1.109747528627796411e-22
-1.142128378542876965e-22
-1.117835330370909812e-22
-1.121550618882528213e-22
-1.064833472309187771e-22
-1.190530816689590724e-22
-1.013212787332696554e-22
-1.211894749631083003e-22
-9.891389809332524353e-23
-1.010289362275501596e-22
-1.040422248060816333e-22
-1.282691374058844815e-22
-1.084476223840860836e-22
-1.019516982714837702e-22
-1.033441451804245940e-22
-1.110998392433603238e-22
-1.101083969560057370e-22
-1.216824865604790047e-22
-1.248865510047487903e-22
-1.180626176864591164e-22
-1.148989176858640488e-22
-1.017135020365191881e-22
-1.165761023568565390e-22
-1.076855850385508451e-22
-1.186497252475484443e-22
-1.163349939272626000e-22
-1.130883939324705067e-22
-1.214786476759903358e-22
-1.145031685682975058e-22
-1.334061593928720260e-22
-1.256875048118321078e-22
-1.019030067814774084e-22
-1.143471934777773801e-22
-1.109414903327689051e-22
-1.247019842082304855e-22
-1.208364885296798422e-22
-1.252677860386495538e-22
-1.193720820322466495e-22
-1.206378186414060159e-22
-1.140357706485033215e-22
-1.251299967042255405e-22
-1.151516981252157276e-22
-1.127582285925606213e-22
-1.116969014846667757e-22
-1.080048235685303650e-22
-1.187663236900962078e-22
-1.344999332460433584e-22
-1.226784781778016872e-22
-1.036866913910671638e-22
-1.153271538909665513e-22
-1.157506824895104448e-22
-1.204168403467381206e-22
-1.291615642743623907e-22
-1.122943216547576960e-22
-1.228112965649960517e-22
-1.212096892977397218e-22
-1.269694941732445728e-22
-1.157580862838749801e-22
-1.134806660376098178e-22
-1.371405470441862724e-22
-1.268026415207883037e-22
-1.084661323344206874e-22
-1.128289783670413707e-22
-1.106629548393297712e-22
-1.168999117547672596e-22
-1.066926569248980139e-22
-1.150868564226902997e-22
-1.196093537572282001e-22
-1.347000864416116272e-22
-1.351899541253830455e-22
-1.190212467665435590e-22
-1.213524882250981703e-22
-1.067774516363245040e-22
-1.196331431218576545e-22
-1.258500761105454647e-22
-9.432328581482810688e-23
-1.231946857969439984e-22
-1.216069243993927146e-22
-1.188279073549855169e-22
-1.151709861981652994e-22
-1.099688736883624538e-22
-1.066245478281822713e-22
-1.217232072316850899e-22
-1.173150248663104725e-22
-1.123655710507370095e-22
-1.251169242019233288e-22
-1.103866250807927882e-22
-1.139169124453759020e-22
-1.027130860333898594e-22
-1.162908473182598177e-22
-1.069768825415786434e-22
-1.090041147753804616e-22
-1.031799601590719692e-22
-1.165092177715281197e-22
-1.046484489972262100e-22
-1.311793123759160345e-22
-9.842287760310963140e-23
-1.106534610871412936e-22
-9.305285737056551591e-23
-1.020790570782493561e-22
-1.041593837158251133e-22
-9.884450798689807715e-23
-1.065415512492183962e-22
-1.129899299885408799e-22
-1.144839737179152244e-22
-1.024396563943011147e-22
-1.199034459605424065e-22
-1.154312952802404115e-22
-1.129686216356602715e-22
-1.164441762025774538e-22
-1.030818591973501647e-22
-1.052601006621028039e-22
-1.087809961128273470e-22
-1.037211910690305053e-22
-9.002506659711884540e-23
-1.055771380851987160e-22
-1.190417578925583302e-22
-9.382934188727609251e-23
-1.009009832458844709e-22
-1.024134933665556410e-22
-1.078896949666580081e-22
-1.195537045385999786e-22
-1.125683819222309490e-22
-1.106146825897605878e-22
-1.206646860793628824e-22
-1.123841820076304868e-22
-9.447108862714920937e-23
-1.144310111170930804e-22
-1.132339857061411733e-22
-1.099268653482182545e-22
-1.025381231905510331e-22
-1.083322436503091376e-22
-1.052135707885469322e-22
-9.899814266370567851e-23
-9.689697526123876924e-23
-1.083845111330656460e-22
-1.000444584338994345e-22
-1.105737130235715554e-22
-1.065290949932540758e-22
-9.516872865217640242e-23
-1.017521426753631250e-22
-1.086404797539801622e-22
-1.050954933015643187e-22
-1.140981209342247133e-22
-1.100197427317683432e-22
-1.020328490497095838e-22
-9.715616210621855543e-23
-1.070115772846595126e-22
-1.118257385936548711e-22
-1.001148352757217558e-22
-1.194627128519338930e-22
-9.854706643596031673e-23
-9.578449869429876642e-23
-1.013128613129257517e-22
-1.023101114630612835e-22
-1.026405424015377176e-22
-1.095889527889210404e-22
-1.061955285571129628e-22
-1.016026071788569469e-22
-1.073658777851959143e-22
-9.681336771926669244e-23
-1.105234226380385547e-22
-9.864016962692555672e-23
-9.871361835159816654e-23
-1.033740855710390954e-22
-1.011897593305215778e-22
-1.124524459437642009e-22
-1.054534468634703471e-22
-1.095872710560282015e-22
-9.961353390882812053e-23
-1.009903045299224237e-22
-1.110851983943364966e-22
-9.920912039835277594e-23
-9.508061769980429145e-23
-9.194879385805935964e-23
-9.025089329128989601e-23
-1.052003137513311304e-22
-9.803940278138836922e-23
-9.989180751619612364e-23
-9.152783038725610753e-23
-9.531131725766262579e-23
-1.086170393927724090e-22
-1.089220181760475591e-22
-9.353721934976111261e-23
-9.682879702556668026e-23
-8.537232120538801498e-23
-1.001062783920601686e-22
-1.062138410174177420e-22
-9.767052112143374586e-23
-1.082932957200853677e-22
-1.021648072982282113e-22
-9.815652540831471799e-23
-9.176414239610717794e-23
-9.639640724713481282e-23
-1.076222264013807644e-22
-9.515940808690746241e-23
-9.327901193723795277e-23
-1.029073832585956352e-22
-9.849047772037470429e-23
-9.423043268938691377e-23
-9.766686045546597499e-23
-1.036054994765748000e-22
-9.987701145867996737e-23
-9.990755855249535481e-23
-9.386920367982398417e-23
-1.016847362356837593e-22
-9.957635607995738349e-23
-1.007291183105420178e-22
-1.047721076953839334e-22
-1.024888149926302211e-22
-1.065807927793474683e-22
-9.918888517904778084e-23
-1.019552724023442934e-22
-8.742130420878630669e-23
-1.035734917155747638e-22
-1.067908019084309146e-22
-1.002215728297863508e-22
-8.521559556376915623e-23
-9.907321544091817324e-23
-9.151938810900557609e-23
-1.022502718486972897e-22
-1.010648284853521800e-22
-9.649533289610920476e-23
-9.301822202987804995e-23
-1.008630123034235763e-22
-1.004467331523662555e-22
-9.554358784685219632e-23
-9.389478608172151941e-23
-1.013517060862876084e-22
-9.832426166438517576e-23
-1.027516393370747726e-22
-1.032318454759901218e-22
-9.583233753967695851e-23
-1.040728900658361842e-22
-1.088085729474133491e-22
-9.191556661896300354e-23
-9.183485895738088908e-23
-9.168046944292610608e-23
-1.023268465005717493e-22
-9.571951357381327908e-23
-9.438797207841950301e-23
-9.153144966802290126e-23
-8.453286605318512516e-23
-9.148265477927866669e-23
-9.313621094192605033e-23
-9.792549187233101577e-23
-9.852994427260364269e-23
-8.980999853004961753e-23
-9.708740991250162488e-23
-9.589932086315690775e-23
-8.893646922704616637e-23
-8.931777998793865486e-23
-9.545519514048477980e-23
-9.127838059456243591e-23
-9.627376943537409959e-23
-9.241857772241040853e-23
-9.855662957852790112e-23
-9.458701886236667399e-23
-9.136375517319232374e-23
-9.810557992559985305e-23
-9.620767155386289628e-23
-1.028750824531222744e-22
-9.965425439915410743e-23
-9.337782351852731237e-23
-1.072196608602176766e-22
-9.635141135835658105e-23
-1.034412801752473250e-22
-9.358227905749276387e-23
-9.630604137521413094e-23
-1.017758039707104407e-22
-9.139989649646522018e-23
-9.741145320637749992e-23
-9.552088145662368588e-23
-1.090745871464566968e-22
-9.906155572120349923e-23
-9.278957858630784315e-23
-9.032147355987971743e-23
-9.407748204699488964e-23
-1.017476289879279930e-22
-8.614496746613270588e-23
-9.820104738448775894e-23
-8.891583549091525679e-23
-9.475992417625788176e-23
-9.220284677770554811e-23
-1.019449594078525413e-22
-8.448032170259844243e-23
-9.459386612337787224e-23
-9.135338282756586918e-23
-9.867626007837016351e-23
-9.401617577825236920e-23
-1.028525488516835683e-22
-9.167233581294620455e-23
-9.809605800191456019e-23
-9.739036157906861989e-23
-9.281285543695398992e-23
-9.842123164386901600e-23
-9.443358904113784024e-23
-9.966493871838682489e-23
-9.257451737254599380e-23
-9.485624127168736952e-23
-8.715158596311100157e-23
-9.553529158961541768e-23
-1.000722812756236891e-22
-9.926951687912835206e-23
-9.858343783182161206e-23
-9.513057845706294180e-23
-1.019187893127806299e-22
-9.617598163655295394e-23
-9.473081765310466411e-23
-8.801988986143356567e-23
-9.926899029886951181e-23
-9.852173337435898235e-23
-9.597402317456995278e-23
-1.006470742323926656e-22
-8.667002927722834867e-23
-9.716381386354303930e-23
-9.429376788882870964e-23
-9.408303256862521212e-23
-1.032977018927364844e-22
-9.573518123388739249e-23
-9.830985427325447085e-23
-9.820581319630548617e-23
-9.978533131362944121e-23
-9.889276282227426078e-23
-9.568576211162452440e-23
-9.312680958553060923e-23
-9.360465294699315316e-23
-9.101934359811603509e-23
-9.346759088825700849e-23
-9.704516126339788733e-23
-9.273804506909525623e-23
-9.291107833636067488e-23
-9.719596083874113292e-23
-9.447866352307535321e-23
-1.023489874984520259e-22
-9.553491813975101866e-23
-1.047983354922126818e-22
-1.005391310812407338e-22
-9.127991770717027647e-23
-1.043460143136982006e-22
-1.041175326874566971e-22
-1.004399160447358887e-22
-9.473424324096681399e-23
-9.949131998397439333e-23
-9.902658017269156232e-23
-9.643230651419085234e-23
-9.660496784091761415e-23
-9.633752897471514610e-23
-1.011362627519888162e-22
-1.005639296159230102e-22
-8.903176411882699779e-23
-9.773829541068462067e-23
-9.838834799782228496e-23
-9.736536227053302220e-23
-9.055070433861608180e-23
-9.637197528857942982e-23
-9.310062025236739372e-23
-9.944758554453651992e-23
-1.068317754354004371e-22
-9.767313436733712412e-23
-9.984822072560413849e-23
-1.016916216871759443e-22
-9.737395038645949626e-23
-1.050655373025622183e-22
-9.475043018937492755e-23
-9.316310094851065236e-23
-8.562047795437365859e-23
-8.332830955464013271e-23
-9.727914088304458735e-23
-9.484681231341211023e-23
-8.533059786099835194e-23
-1.009621540359331138e-22
-9.701186613774289162e-23
-9.925310876202561294e-23
-9.109120152845224084e-23
-8.992709686623313765e-23
-9.846066048390528301e-23
-9.729598569870039175e-23
-9.812941760898323167e-23
-9.605114230129646094e-23
-9.100381520953365609e-23
-9.974260083362223491e-23
-9.286078728528196857e-23
-9.542263146739555818e-23
-1.064674445764141277e-22
-9.510477702754409782e-23
-8.899849219020482934e-23
-9.684703318916334931e-23
-9.352276558230064724e-23
-8.454282592043213841e-23
-1.008380409146212811e-22
-9.235482825700932846e-23
-9.668717921637799396e-23
-8.532416059143078442e-23
-8.686957980685751624e-23
-9.413444582046861666e-23
-9.424327689021291626e-23
-9.096528851678386110e-23
-8.432363242769675440e-23
-8.180349582651210979e-23
-9.290731074944514755e-23
-1.024854087025004675e-22
-9.302158497097660496e-23
-9.436621204775803655e-23
-9.167878767011764033e-23
-9.432766264270407507e-23
-9.662209796869677802e-23
-9.772323622996990970e-23
-9.214425234805826472e-23
-9.865351583504505994e-23
-9.098305463291216644e-23
-9.250229215950157462e-23
-9.006927688138433404e-23
-8.509946392428243094e-23
-9.691356295876415835e-23
-9.084937263569464648e-23
-8.960957798758734661e-23
-9.337309182947673604e-23
-9.546234870711426540e-23
-8.813037694189108252e-23
-8.334903806316173597e-23
-9.286376044749191365e-23
-9.464306675093789470e-23
-8.799243342999198366e-23
-9.062102876629088976e-23
-8.374018004893385294e-23
-8.731215282370062085e-23
-9.087227063296405642e-23
-8.906728920665987004e-23
-8.825280394558542107e-23
-8.408334067584104383e-23
-8.735558329044958900e-23
-8.634623335521524065e-23
-8.219810953956278563e-23
-8.638977609120425696e-23
-8.117744725099344837e-23
-8.102621642963945049e-23
-8.364481819739535270e-23
-8.534842334990514948e-23
-9.005264957746614254e-23
-8.869996682776284928e-23
-8.720607947122819514e-23
-8.643184263402159267e-23
-9.237334399021335863e-23
-7.931404319344119916e-23
-8.914278003598931461e-23
-7.795062667413579005e-23
-8.224955949913249708e-23
-8.524377055365846647e-23
-8.251918461006967643e-23
-8.260752737352439436e-23
-8.071690531982588025e-23
-8.091084313462588433e-23
-8.247587444924310569e-23
-8.351329215622348483e-23
-8.413250821210170250e-23
-8.703400108149701996e-23
-8.124866050363424191e-23
-8.695405730842576800e-23
-8.068286246720843775e-23
-8.148727635527338764e-23
-8.696641212665068293e-23
-8.853988965749334793e-23
-7.880402917731501389e-23
-8.298500123963045581e-23
-8.095704085672446273e-23
-8.059061370674791900e-23
-8.065447017171548692e-23
-7.915456134881931524e-23
-8.087331676398680008e-23
-7.770880693804485520e-23
-8.178986206584121994e-23
-8.013934476203942632e-23
-8.200595704268199407e-23
-7.616795696057468565e-23
-8.028858127316425597e-23
-8.536151315948999612e-23
-7.062174117379664098e-23
-8.022520571886197099e-23
-8.176354215071242665e-23
-8.129353951270591739e-23
-7.811916114596762786e-23
-7.909733720123960762e-23
-7.825848014422564448e-23
-7.300075542306528005e-23
-8.258855077391490498e-23
-8.007367942411272851e-23
-7.857728320054516591e-23
-7.534186343741838227e-23
-7.725995090688259622e-23
-7.992398858406667115e-23
-7.753687563577040866e-23
-7.759794467033915024e-23
-7.736392510189545846e-23
-8.015165507838096414e-23
-7.785649025900892993e-23
-7.789930546717750669e-23
-7.871998695484782238e-23
-8.082277762450513631e-23
-7.664562208303428385e-23
-8.015999964732046413e-23
-8.100485369203238262e-23
-8.213305447128376619e-23
-7.957240471295983604e-23
-7.775173242627663817e-23
-8.020869449889024262e-23
-8.143856081931450110e-23
-8.139018740177043989e-23
-7.629846870054590331e-23
-7.624979449222193142e-23
-7.979600174984106217e-23
-7.301890741722531575e-23
-7.388952003371882913e-23
-7.805859943920137599e-23
-7.649775116001995410e-23
-7.436306133184807043e-23
-8.016635907530752402e-23
-7.535846226990752012e-23
-7.593229792913785670e-23
-7.864296910729996766e-23
-6.916064524063616520e-23
-7.205745976554923132e-23
-7.637443865968894143e-23
-7.475692248327789832e-23
-7.304845598877622469e-23
-7.693103844105710628e-23
-7.593387619201586466e-23
-7.761055125541584538e-23
-7.414537233945395432e-23
-7.278204515009324689e-23
-7.750411005815345709e-23
-8.082061679631080663e-23
-7.257729925652846066e-23
-7.428110498819782306e-23
-7.626528515926889221e-23
-8.148149044887311435e-23
-7.357594617843944690e-23
-7.802506246442740104e-23
-8.442790929792065375e-23
-7.273966048909206431e-23
-7.410076115222985984e-23
-8.417909754120933570e-23
-7.532209101056127381e-23
-8.483586535582978905e-23
-7.333283724367984895e-23
-7.317013513906959308e-23
-7.446000413513240413e-23
-7.545198852402233980e-23
-7.237987378885376108e-23
-7.096279673459565346e-23
-7.022958211900519275e-23
-7.410990611904612457e-23
-7.636177829787843084e-23
-7.553081441744274173e-23
-7.172176774413164101e-23
-7.263470728427253347e-23
-7.432455367265324511e-23
-7.614903963989756801e-23
-7.311051019503802051e-23
-7.939819010710353648e-23
-7.361914381168515449e-23
-7.284296450500537602e-23
-7.524336081607919378e-23
-7.357384876711039668e-23
-7.286839115701580555e-23
-7.441460926961869097e-23
-7.829340886594040063e-23
-7.341279684557427720e-23
-7.469108165549176305e-23
-7.935898673177209746e-23
-8.035824207943718133e-23
-7.175183566358991025e-23
-7.258145363253587938e-23
-7.600943617573305177e-23
-7.295730832838877278e-23
-7.102972763153335949e-23
-7.794562601909605548e-23
-6.697818847921463558e-23
-7.216394897410016161e-23
-7.301375204288823883e-23
-7.864778670982780269e-23
-7.574164225298430058e-23
-7.644931990283428556e-23
-7.570187254822891943e-23
-7.689778734350506391e-23
-7.139445394188397434e-23
-7.862925777948158547e-23
-7.993423754344294790e-23
-6.989617233509530273e-23
-7.369654379990923829e-23
-6.949803909665705880e-23
-7.263340127825014309e-23
-7.189023617156510650e-23
-6.981836223636336407e-23
-7.044949537706660349e-23
-7.140630375611486238e-23
-7.659579882249641677e-23
-7.169703978186656416e-23
-7.316696447128602651e-23
-7.609410904924025400e-23
-7.941064247965156364e-23
-7.440004939916671681e-23
-7.384498791803673509e-23
-7.639156606431776288e-23
-7.589611144816858285e-23
-6.792275524044972155e-23
-6.997548161147773224e-23
-6.844916535043078558e-23
-7.418821059106193981e-23
-7.608612271482038260e-23
-8.014996546417171073e-23
-7.530366599640872823e-23
-7.378766490549857426e-23
-8.072748262550290423e-23
-7.667122033875912380e-23
-7.455495873660450233e-23
-7.213173335857982225e-23
-7.698889055850883976e-23
-7.246733831164018885e-23
-7.439670297073534125e-23
-7.124112547112541052e-23
-7.766201555679374442e-23
-7.066048349246607420e-23
-7.531261760264688434e-23
-7.652134854700980552e-23
-7.439002492180853342e-23
-7.518257275791948903e-23
-6.845500407761774446e-23
-7.351694545284413949e-23
-7.457899980883647232e-23
-7.377487855275126629e-23
-6.978869070840311017e-23
-7.419491784292672505e-23
-7.292655805248323588e-23
-6.708177084754526783e-23
-7.180565896026315618e-23
-7.234742012293558014e-23
-7.186776589343774019e-23
-7.206808354917800787e-23
-7.094380791776252826e-23
-7.214791603283273594e-23
-6.638829489171687995e-23
-6.939869312361705569e-23
-6.693614288387163566e-23
-6.765786573422404466e-23
-7.159243816555452656e-23
-7.527729691267013774e-23
-7.135377757798649406e-23
-7.342080461515441859e-23
-7.579268505553973103e-23
-6.985051646369675441e-23
-7.237181918124798758e-23
-7.176161737451254926e-23
-7.055130809168388917e-23
-6.935987084934328661e-23
-7.016578450854317331e-23
-7.309942593360767628e-23
-6.878147542272436683e-23
-7.089570488094703820e-23
-7.144541443051383336e-23
-6.261083763845665570e-23
-7.378549556410961093e-23
-7.206568121463474917e-23
-7.196927593780216516e-23
-6.989283325658509596e-23
-7.037671507011695152e-23
-6.826080031171079681e-23
-7.509989433507633100e-23
-6.927865580245011337e-23
-7.039370386677588378e-23
-7.243603722006897996e-23
-6.856211253725462056e-23
-7.036895695012231375e-23
-7.028454621397745308e-23
-7.427595691577715892e-23
-7.334553525672660763e-23
-6.819908891473259547e-23
-7.148431055245223280e-23
-6.938767256265631892e-23
-6.879264193415803991e-23
-6.803746051886905492e-23
-6.945493466735487312e-23
-7.072025379044682597e-23
-6.991760851371371106e-23
-7.452648208047149909e-23
-7.054019537795934114e-23
-6.848796842566143317e-23
-7.119434315945684650e-23
-7.065542840488476658e-23
-6.804739094961265297e-23
-6.632818742542947109e-23
-6.727107452306973789e-23
-7.007265942342565204e-23
-6.817449260910456797e-23
-6.716863665367318789e-23
-7.064058235912755651e-23
-6.620112093792013132e-23
-6.768203974725997500e-23
-6.314739613022345694e-23
-7.102622066154117865e-23
-7.025066533868428611e-23
-6.604820622984647532e-23
-6.648458808673532499e-23
-7.064026852656737330e-23
-6.728860501474306632e-23
-6.428950872467995776e-23
-6.217182074012693017e-23
-6.611914773081450152e-23
-6.640494229985400558e-23
-6.407613960356062191e-23
-6.791317934588702420e-23
-6.529597695621604827e-23
-6.353226325205348754e-23
-6.749469823290771499e-23
-6.695193604500708947e-23
-6.298429514455126366e-23
-6.376400750490005969e-23
-6.474833772824330644e-23
-6.185347490672180133e-23
-6.067780126891151019e-23
-6.722704980230198603e-23
-6.387784227606954539e-23
-6.268747086395475722e-23
-6.482423004165513881e-23
-6.195035998772116996e-23
-6.426332053296092437e-23
-6.346090672847344099e-23
-6.452517799662926324e-23
-6.323494029574323357e-23
-6.228127393946745767e-23
-6.373328467774858112e-23
-6.400664836948702655e-23
-6.437379416720552869e-23
-6.175102186334141337e-23
-6.198714148416077831e-23
-6.441492047815451627e-23
-6.473713465251595989e-23
-6.537171596452060741e-23
-6.699183978139737634e-23
-6.149668595336530759e-23
-6.201951593131105211e-23
-6.325033580438618712e-23
-6.214838245294585779e-23
-6.181957308199623061e-23
-5.865425148389868596e-23
-6.413882703407947734e-23
-5.648648138371625942e-23
-6.351278784051966641e-23
-6.074177392015742614e-23
-6.044842250762142243e-23
-6.264537030091915175e-23
-5.923064577200317249e-23
-5.637434116973994728e-23
-5.930185075026456319e-23
-6.359983002982035882e-23
-5.979142771821481466e-23
-6.394378548835577464e-23
-6.113281047076631487e-23
-6.144718998079618171e-23
-6.229784861367862659e-23
-5.803201037612129902e-23
-5.995594914863061789e-23
-5.958955560795796929e-23
-6.361702495248041972e-23
-5.811639027934697278e-23
-5.945008385137439395e-23
-5.668240775933350156e-23
-6.195955911390953134e-23
-6.193252825248650291e-23
-5.884310197336299255e-23
-6.075425985285312517e-23
-5.714114583020153609e-23
-5.984300565697329823e-23
-5.795933571863775750e-23
-5.743940162187620891e-23
-5.820224218771288463e-23
-6.160136985788049063e-23
-5.768921493760938243e-23
-5.882137627458142252e-23
-6.020579882935841622e-23
-6.174799846511573030e-23
-6.063291304932255649e-23
-5.684177243187613617e-23
-5.755429543672968230e-23
-5.904429626410302003e-23
-6.082006634616549466e-23
-6.212944523195028029e-23
-6.001062596147281501e-23
-5.990901054530903280e-23
-5.748459232065474670e-23
-6.088200091582739149e-23
-5.637440775573026180e-23
-5.614817383029435932e-23
-5.915419837380860177e-23
-5.686450852975104472e-23
-5.693051012475031246e-23
-5.631229042312622742e-23
-5.782781611262669980e-23
-5.837514568775999114e-23
-5.766989178327694616e-23
-5.932963365959594374e-23
-5.687226177367282861e-23
-5.211533687157089339e-23
-5.587604168206652245e-23
-5.506639838924565277e-23
-5.652242824073878041e-23
-5.478696469644074626e-23
-5.556524786447147840e-23
-5.482572609746056617e-23
-5.530789593803155611e-23
-5.530982047068124277e-23
-5.212266033872392693e-23
-5.671893295682818026e-23
-5.755073062646450085e-23
-5.244571330625546248e-23
-5.812056658532724177e-23
-5.328764340588298237e-23
-5.505098934770411952e-23
-5.377933472132830449e-23
-5.583416148514278613e-23
-5.107067626560408326e-23
-5.414344305568993471e-23
-5.611313718645446840e-23
-5.493100862500682542e-23
-5.474779649413163073e-23
-5.552846730254170927e-23
-5.134466173675696176e-23
-5.265326687216805502e-23
-5.656093899279442459e-23
-5.512678621711778684e-23
-5.250774889259227266e-23
-5.436232429987588775e-23
-5.414866346308217768e-23
-5.164702967147605248e-23
-5.331189857228052201e-23
-5.391575655762422317e-23
-5.336079282616620059e-23
-5.145265342143201866e-23
-5.062614708982788103e-23
-5.517622212101032229e-23
-5.555493083705943010e-23
-4.860830661597043437e-23
-5.407282126835432626e-23
-5.042558189162599185e-23
-5.531576655252708260e-23
-5.353833934696403288e-23
-5.542910572652377920e-23
-5.121262944858199830e-23
-5.076569528817968365e-23
-5.045803656831828698e-23
-5.069441597338390567e-23
-5.056929066515060365e-23
-5.490022843220728042e-23
-5.025163441591407359e-23
-5.180754367541129749e-23
-5.270877095658200950e-23
-5.252983331018130991e-23
-5.451333603674695289e-23
-5.262437742003242894e-23
-5.466871546475642285e-23
-5.506244272029231925e-23
-5.142779315822024462e-23
-5.180998494914883738e-23
-5.084841806289156341e-23
-5.194322365975361008e-23
-5.438270032138689058e-23
-5.211639991102370184e-23
-4.969804263118834369e-23
-5.334478874765996019e-23
-5.350433485148702673e-23
-5.023273426557654442e-23
-5.112589597807856407e-23
-5.013367256723313902e-23
-4.932708109132393223e-23
-5.096103408924245451e-23
-4.866057246252191383e-23
-5.133962444411139174e-23
-5.136861757766067801e-23
-5.077477484504965759e-23
-4.982761400328430102e-23
-5.015062124799414944e-23
-4.792282772854290271e-23
-5.152292374547866454e-23
-5.403207463034860940e-23
-5.087684760032549599e-23
-4.934788827733178978e-23
-4.843026092025646702e-23
-4.845073005055907338e-23
-5.130092064365343271e-23
-4.804278970660181982e-23
-5.174428787297286229e-23
-4.938940361466648708e-23
-5.027523426045342300e-23
-4.763709656524388773e-23
-4.768204179931961473e-23
-5.215132241668539846e-23
-5.277291484284639332e-23
-5.278857742579135769e-23
-4.901775134896379376e-23
-4.930630696218771862e-23
-4.879861663785554193e-23
-5.016937444100760540e-23
-5.073779121647967064e-23
-5.011512682961641950e-23
-5.123930114999951755e-23
-5.123127689640197980e-23
-4.820907924052737614e-23
-4.980286631546547087e-23
-5.100207040685202490e-23
-5.020547219571727551e-23
-5.158811683104765691e-23
-5.037715144812032238e-23
-4.972803274570909129e-23
-5.037473771587208974e-23
-4.912383832341278541e-23
-5.100416910112038212e-23
-4.897582352824324824e-23
-4.820493600508426671e-23
-4.978837319720882066e-23
-4.719145644650941628e-23
-4.980973488578053818e-23
-4.950740983129883392e-23
-4.477396452046088663e-23
-4.993336153904469663e-23
-4.830282465439419474e-23
-4.779298186664912491e-23
-4.735551602285200943e-23
-4.691773885771102129e-23
-4.687042273763552268e-23
-4.912766113491809106e-23
-5.023333953974951341e-23
-4.833380717746512872e-23
-4.834315290400572519e-23
-4.612638767921056892e-23
-4.894754008699722525e-23
-5.171342679771580107e-23
-5.221578528157875490e-23
-4.796715650488493603e-23
-4.823132399411794554e-23
-4.720074563487256298e-23
-4.852732101455911926e-23
-4.789016869574541405e-23
-4.784588368922178410e-23
-4.799206419784971796e-23
-4.761530635025325683e-23
-4.823103473922869978e-23
-4.758749128162572168e-23
-4.684900217996862029e-23
-4.513620168823588634e-23
-5.018085748515995158e-23
-4.770616238395510661e-23
-4.875835732886299880e-23
-4.918607334082287765e-23
-4.818619475976026873e-23
-4.899074495844918574e-23
-4.878367985938552228e-23
-4.802591097106904254e-23
-4.534940753097065955e-23
-4.718200925612554044e-23
-4.354142626877935777e-23
-4.822122116653757683e-23
-4.575051181730172860e-23
-4.806190849033723318e-23
-4.507956581147871156e-23
-4.593303824092090726e-23
-4.695966360922379255e-23
-4.907480530424932513e-23
-4.448516554953778590e-23
-4.688139158507736269e-23
-4.603172824009092180e-23
-4.663764403972081162e-23
-4.610508201952683204e-23
-4.478943650689981732e-23
-4.346236777355111550e-23
-4.620457360616738799e-23
-4.577824356679485034e-23
-4.425987808524645054e-23
-4.489472258778474334e-23
-4.647346409687099502e-23
-4.715141847825839179e-23
-4.483942067191746523e-23
-4.558787999579869456e-23
-4.594004880775605057e-23
-4.290767339803407618e-23
-4.322959170947757027e-23
-4.532713583037494566e-23
-4.614630061872256646e-23
-4.445272649128075702e-23
-4.626289613873577426e-23
-4.300824054287073765e-23
-4.647425651955443266e-23
-4.313355506762855902e-23
-4.367170723332023336e-23
-4.298129681063801160e-23
-4.377460200256058315e-23
-4.657418468737356175e-23
-4.418821338715659647e-23
-4.510001192998203237e-23
-4.273942413989429121e-23
-4.237393185660892667e-23
-4.144880201563108903e-23
-4.331100383044586178e-23
-4.246434844931937551e-23
-4.238782956751373760e-23
-4.314113370921754614e-23
-4.524738003828822370e-23
-4.310448997496199740e-23
-4.274052547949244051e-23
-4.323170063435880202e-23
-4.275952466607052173e-23
-4.237809813916402420e-23
-4.223607182142669395e-23
-4.146032813007079866e-23
-4.180850127438081548e-23
-4.315982394726196905e-23
-4.286114705717741215e-23
-4.115004579967376872e-23
-4.223711497806592255e-23
-4.388471985629804727e-23
-4.411516651579270591e-23
-4.223176128855005272e-23
-4.057179851676259420e-23
-4.039912700301770575e-23
-4.265265114791758850e-23
-4.053968961298988540e-23
-4.447736467238134849e-23
-4.089574188932138876e-23
-4.061059518789287150e-23
-3.935052844336821967e-23
-4.080544946505865681e-23
-4.202215503989685762e-23
-4.007034412848787718e-23
-3.789719422814561063e-23
-4.082914485572650589e-23
-4.066366137717670087e-23
-4.105057164053125700e-23
-4.043500582646261447e-23
-4.201216038009815523e-23
-3.862031941337103075e-23
-4.027990613126684072e-23
-4.165906262715423483e-23
-4.015798587460958877e-23
-3.892886255118101870e-23
-4.230110318479590279e-23
-4.022253804927852656e-23
-3.857067033521094692e-23
-4.034404245734358015e-23
-4.120430418186203460e-23
-3.844519606574831506e-23
-3.881362183486821867e-23
-3.867827082433545997e-23
-4.123340087674333719e-23
-3.733362517269423417e-23
-3.854798839492259437e-23
-3.716878681508443074e-23
-3.884301572097855575e-23
-3.621645388822692800e-23
-3.736571929178192528e-23
-3.886919553522173050e-23
-3.715701822497872467e-23
-3.534938208392332143e-23
-3.736865229890338417e-23
-3.886092538182998613e-23
-3.797708190277217170e-23
-3.805931081025548877e-23
-3.778515080537898128e-23
-3.659134807666985637e-23
-3.570337915327204132e-23
-3.464514201325767245e-23
-3.711463511623207347e-23
-3.732165537299005981e-23
-3.780715207497638435e-23
-3.683312887801173008e-23
-3.781453554975281245e-23
-3.724225257462971542e-23
-3.623441426343947016e-23
-3.608510039344997704e-23
-3.662309106474663688e-23
-3.665050860814552147e-23
-3.748056969373457847e-23
-3.618866176093153015e-23
-3.518465131586419991e-23
-3.667438273942461747e-23
-3.542671539055119642e-23
-3.462479277932543393e-23
-3.492205584319934331e-23
-3.212802051048131056e-23
-3.621495553652391289e-23
-3.590670488081262013e-23
-3.497785307369189309e-23
-3.736257943152158965e-23
-3.574919665349903487e-23
-3.752846977620114675e-23
-3.452686577729553956e-23
-3.515567160050336494e-23
-3.456639957824949144e-23
-3.547895088087180366e-23
-3.451927305493467655e-23
-3.464531901857319617e-23
-3.390494205124205221e-23
-3.367192548050724053e-23
-3.381717716861640964e-23
-3.301740458955830861e-23
-3.518432637226639753e-23
-3.569651853360529141e-23
-3.478416104455135408e-23
-3.380181166566267939e-23
-3.288138905054944896e-23
-3.525103316415946656e-23
-3.349762504491886794e-23
-3.199776073054248541e-23
-3.235228819863184864e-23
-3.215877161388703370e-23
-3.171026725527590577e-23
-3.325585638796744089e-23
-3.358958093833958161e-23
-3.405048008647749084e-23
-3.256373009548303905e-23
-3.381088008052295031e-23
-3.273633025902480151e-23
-3.378863223219236388e-23
-3.131474739069217784e-23
-3.066524552568539477e-23
-3.327711128362688141e-23
-3.387403816729061811e-23
-3.262398522771805687e-23
-3.106741753110959101e-23
-3.226907797487870680e-23
-3.236144927338267253e-23
-3.013874624921712029e-23
-3.327187625502546143e-23
-3.251389949435878014e-23
-3.082286624272179571e-23
-3.301369157033738155e-23
-3.315644269165521969e-23
-3.318372561899152516e-23
-3.192044396136877509e-23
-3.125968464096217098e-23
-3.064018891282293924e-23
-3.185833073859031485e-23
-3.071424967700440315e-23
-3.047682125890053045e-23
-3.229059729538029291e-23
-3.044215820629935786e-23
-3.263576005335261858e-23
-3.225062795608387842e-23
-3.068037402666858583e-23
-3.129205705632690663e-23
-3.020357228076559969e-23
-3.088153822890757623e-23
-3.078880833171035423e-23
-2.982064675210568332e-23
-3.071576565804240344e-23
-3.194506729177677933e-23
-3.111472001979265524e-23
-3.113089164248593030e-23
-2.961113848832976440e-23
-3.034819137158185055e-23
-3.009860531442531074e-23
-3.013514036351049157e-23
-2.944864636388073329e-23
-2.942587577431231678e-23
-2.994215165587933188e-23
-2.968486575972963976e-23
-3.096586490340001326e-23
-2.955436886134416660e-23
-2.773143112684851976e-23
-3.151767850905449383e-23
-2.839125799644097480e-23
-3.033865545755866544e-23
-3.088686812863981651e-23
-3.012575624654179209e-23
-2.996498145936037137e-23
-2.869393613643857332e-23
-2.910273139792901071e-23
-2.866798569449563338e-23
-3.020097905435146985e-23
-3.031733611116706843e-23
-2.989663940010155815e-23
-2.965555961983870328e-23
-2.873536435453929959e-23
-2.715431506190778869e-23
-2.828459146297201248e-23
-2.794656445945347009e-23
-2.894267343200631443e-23
-2.909400028139066743e-23
-2.896998367114041916e-23
-2.785617334869360970e-23
-2.740617107748087927e-23
-2.718328857201390797e-23
-2.919486002361487774e-23
-2.778203446554856700e-23
-2.945249118005370877e-23
-2.757591248658920964e-23
-2.709446678812425263e-23
-2.808036144612004101e-23
-2.860528766073235289e-23
-2.631005751547829857e-23
-2.775056879887106995e-23
-2.782920670306554510e-23
-2.828137277350951537e-23
-2.722175117213755444e-23
-2.699293894183786264e-23
-2.734479250748956766e-23
-2.671423956295934320e-23
-2.610941170610135731e-23
-2.719522062081297304e-23
-2.735611928201605235e-23
-2.670266711144561273e-23
-2.683753981785689511e-23
-2.688757933431703599e-23
-2.581857142724290480e-23
-2.522734818394794142e-23
-2.810169990026197735e-23
-2.725988979740506734e-23
-2.586831672561331651e-23
-2.851813402337553240e-23
-2.673661321882613954e-23
-2.624365358420822780e-23
-2.740814471018935881e-23
-2.738504298725137167e-23
-2.566368782195028810e-23
-2.698566110166328963e-23
-2.534445688953867158e-23
-2.581845265357759057e-23
-2.533180435255657363e-23
-2.651046260095694558e-23
-2.575806900708169963e-23
-2.602831294831296214e-23
-2.570637335502749508e-23
-2.536654264873655013e-23
-2.646366014793600114e-23
-2.637628281663655363e-23
-2.565092728623433704e-23
-2.463850257747989590e-23
-2.619059488538122422e-23
-2.561249528716888593e-23
-2.536117602966580853e-23
-2.605026744251213631e-23
-2.469942230231344394e-23
-2.575520832776863029e-23
-2.643437160398103448e-23
-2.623456598219206021e-23
-2.579324411471584571e-23
-2.444950623113226296e-23
-2.371337594205944835e-23
-2.622585873663345209e-23
-2.477228227200737586e-23
-2.529865161881126291e-23
-2.474982910780332476e-23
-2.425152911372404188e-23
-2.478200618923406480e-23
-2.393748917585240223e-23
-2.553675740770910495e-23
-2.540027318278892372e-23
-2.492914822092901382e-23
-2.337104437029300046e-23
-2.534901137403461987e-23
-2.389420876442975036e-23
-2.465280600089637534e-23
-2.368966271308262686e-23
-2.453844798183258024e-23
-2.362868982085559703e-23
-2.406404132388359131e-23
-2.385842785883163310e-23
-2.467665456787181167e-23
-2.361827073853250755e-23
-2.418691480238028510e-23
-2.430440000263354289e-23
-2.498877880847956852e-23
-2.218647661077828030e-23
-2.394867646189751043e-23
-2.381924416519363474e-23
-2.333288649862223057e-23
-2.343147281598517047e-23
-2.235911969195494152e-23
-2.372922894451117504e-23
-2.181152518501007046e-23
-2.227549627911161192e-23
-2.260192074076392734e-23
-2.184736394486156011e-23
-2.352242150090058527e-23
-2.166517967548924272e-23
-2.248590536678649361e-23
-2.260604218423671195e-23
-2.329796779644407826e-23
-2.180134903224658759e-23
-2.301305742295934976e-23
-2.244959697101638132e-23
-2.333915261525167205e-23
-2.312062578281696330e-23
-2.150291860091614087e-23
-2.246338144306367909e-23
-2.234523693582069084e-23
-2.203740414010948746e-23
-2.163808010442574552e-23
-2.277690289822450877e-23
-2.268279354232708893e-23
-2.156035968135688078e-23
-2.187749670139954829e-23
-2.225414093963788484e-23
-2.070216661889965666e-23
-2.174516156804829645e-23
-2.276430829564303046e-23
-2.095458562562058274e-23
-2.137778241756590146e-23
-2.224973484637206672e-23
-2.005813595759415312e-23
-2.034963147211957689e-23
-2.025176503433436991e-23
-2.016046513452355981e-23
-2.040042756021204046e-23
-2.050276153182026864e-23
-2.121808773234584800e-23
-2.066206501482875429e-23
-2.009470908870346660e-23
-1.982294345843752864e-23
-2.163013212462923323e-23
-2.082115735196758430e-23
-2.133491729615903178e-23
-2.017622470754703351e-23
-2.046055471416977916e-23
-1.973310656234033051e-23
-2.034051319779866004e-23
-2.142180182000229112e-23
-2.019957966657033923e-23
-2.053704707356425112e-23
-2.181299356802377241e-23
-1.963139310776813805e-23
-2.011678284840992293e-23
-1.998892502222614469e-23
-1.968010101243438813e-23
-2.043760546151998670e-23
-1.945212272489709616e-23
-1.983810012333663083e-23
-1.945097921203374991e-23
-1.950435766282918646e-23
-1.933788658937321318e-23
-1.979111419330356867e-23
-1.993911858218502504e-23
-1.967170425982320196e-23
-2.011064879295854550e-23
-2.038968715883042801e-23
-1.848132876623913707e-23
-1.918012438760756036e-23
-1.879432434079305720e-23
-1.933875544540747455e-23
-1.748990889758060567e-23
-1.972887170463551205e-23
-1.870423114969739015e-23
-1.836370497568760515e-23
-1.940735820100117488e-23
-1.850373660886725244e-23
-1.903079646481266839e-23
-1.973810726050314293e-23
-1.888869287867706081e-23
-1.818596664466729029e-23
-1.858062557541382039e-23
-1.851473750770923019e-23
-1.879243097073337764e-23
-1.664279544214228703e-23
-1.812855716736787770e-23
-1.825946474280928385e-23
-1.831642118657923995e-23
-1.854827089907194573e-23
-1.778594704374003694e-23
-1.749578813342534699e-23
-1.822758966614305421e-23
-1.864304379531283702e-23
-1.815648846255348246e-23
-1.779223586248739861e-23
-1.767670470866319804e-23
-1.665397582432199879e-23
-1.731160437813211474e-23
-1.808999916136005111e-23
-1.726922618931557378e-23
-1.732592842736998336e-23
-1.707965952849272418e-23
-1.738588403019581883e-23
-1.758883556578051653e-23
-1.664975038944903616e-23
-1.725751568866458105e-23
-1.775348125705345910e-23
-1.696647396704299551e-23
-1.659011000876666815e-23
-1.604848251722536856e-23
-1.734239491393808951e-23
-1.680065094485589751e-23
-1.706373401399018431e-23
-1.618874417564905145e-23
-1.643707808996790201e-23
-1.627792011449912530e-23
-1.625193163653128311e-23
-1.548440842883997901e-23
-1.600132484779339545e-23
-1.681808120469535038e-23
-1.678667933201729392e-23
-1.669546500889327338e-23
-1.652976645288510566e-23
-1.598730298552520572e-23
-1.570294256787989184e-23
-1.611873164808474690e-23
-1.611532173938388379e-23
-1.652063526351134089e-23
-1.622940738110601800e-23
-1.620638994316058725e-23
-1.538509367168342621e-23
-1.631634469093127380e-23
-1.586436338181078582e-23
-1.635443713397490834e-23
-1.589086348858670683e-23
-1.584482536212116521e-23
-1.586381899271817368e-23
-1.586029084560104451e-23
-1.539234489825087363e-23
-1.561645972938470333e-23
-1.596959532272883168e-23
-1.608437748465072126e-23
-1.511340046972366824e-23
-1.404467983407689758e-23
-1.524397870197247211e-23
-1.500230041139181015e-23
-1.575420316033608791e-23
-1.549170665384301600e-23
-1.505385287624917908e-23
-1.495854320489586935e-23
-1.546885180954062834e-23
-1.422486160723832163e-23
-1.522179988788126623e-23
-1.465400478632238718e-23
-1.399495151811614844e-23
-1.377259471520726344e-23
-1.398156538671091659e-23
-1.415862564823321480e-23
-1.389690310863925991e-23
-1.397720584995549408e-23
-1.452367981822063511e-23
-1.411300144375631894e-23
-1.463881314856918537e-23
-1.388375973822877333e-23
-1.483794752140489234e-23
-1.377585599185366940e-23
-1.392196101367087478e-23
-1.409166456257755681e-23
-1.311271573523868768e-23
-1.389986183534149577e-23
-1.358904615965344707e-23
-1.401642383264327065e-23
-1.363594816076757223e-23
-1.368281005513287142e-23
-1.411689174352552671e-23
-1.362342343751495296e-23
-1.423530603844288578e-23
-1.326587313238929690e-23
-1.335914012803381653e-23
