0.000000000000000000e+00
0.000000000000000000e+00
-1.541911119779467550e-13
2.831008999047904928e-14
1.927681875331420243e-16
1.173053561267827419e-15
-3.084172882169442092e-15
9.266319024656680678e-16
1.275020606074696222e-15
1.444073262244541713e-16
5.494830221429476062e-16
3.567142483365639223e-16
1.144039250025831285e-16
1.087122213556446492e-16
7.642150249008027673e-17
6.440799382615279764e-17
2.350724543475919336e-17
6.683160408761158773e-17
3.212257978721724097e-17
3.138593769635294095e-17
1.006489185353277075e-17
1.255646315661183650e-17
1.750574966329691649e-17
8.705383211252767810e-18
1.730837775664417710e-17
1.094331702361637423e-17
6.296777248129135678e-18
1.138684007095608079e-17
2.319313203101222072e-18
5.895840567604816552e-18
3.724559334603161621e-18
6.513425796627885317e-18
4.280418598136237355e-18
2.354621173333727665e-18
3.714925105216910426e-18
2.605396359684715477e-18
1.537057784944895389e-18
1.394719460751491474e-18
1.385903393121813602e-18
1.452260517267623058e-18
2.431159732194140007e-18
1.039149219745831467e-18
7.795856058851028966e-19
7.355389139603584405e-19
1.034674779928591930e-18
8.428628901611918660e-19
3.280382385744423835e-19
4.699725111201293561e-19
8.052042976531931362e-19
5.306880106061138059e-19
3.652208600810361821e-19
4.773948449251912066e-19
4.065184199023017835e-19
2.631604765331697463e-19
6.069830011764517492e-19
3.658631933348349891e-19
3.769480473324171346e-19
3.309384389459995374e-19
5.848193045519559502e-19
1.358082729632968789e-19
2.547764901822806168e-19
3.310746310154513011e-19
1.810875012578953650e-19
1.337983132262965107e-19
2.768190894821350183e-19
1.789228232601569033e-19
2.469322683184785369e-19
2.050882425448119990e-19
2.446350374054103097e-19
1.799390661337320952e-19
1.627164192556506634e-19
9.384999434316310331e-20
1.089988182481885159e-19
7.538611258803730780e-20
1.049620338167211364e-19
9.164109761068218840e-20
1.152053937310241512e-19
1.369666180241020695e-19
7.942764763467725386e-20
1.133201889472814128e-19
7.921568819123206396e-20
5.746570091956356908e-20
6.023762076432716670e-20
7.347832157536874860e-20
6.137704209797279317e-20
5.273338905230050463e-20
5.694899818347712379e-20
2.484497201181363857e-20
6.192911221767079381e-20
5.036585695671280187e-20
4.210726956972938548e-20
4.991939071670746587e-20
3.849793869465573876e-20
3.928270523616082968e-20
4.548772165121355667e-20
2.969928355954981592e-20
3.346786432753336500e-20
3.949158240170942392e-20
3.169930965906092934e-20
3.403187558584910534e-20
2.495361198980353544e-20
3.021026523132489043e-20
2.034576281613864130e-20
2.901810779379497690e-20
2.650311330236990509e-20
1.933883014862339643e-20
3.000400582536727236e-20
2.538972275177243435e-20
1.981878264442010862e-20
2.508023506778677905e-20
2.107136852511662936e-20
3.083771019626317740e-20
1.949267547441626793e-20
2.657740118211751322e-20
1.572613130227849130e-20
1.926294960821036657e-20
1.098115827427265295e-20
2.085037043698368186e-20
9.401816660450718892e-21
1.959447013213040053e-20
1.113863706324578197e-20
1.775148054820555683e-20
1.270431744951435181e-20
1.122811875734031870e-20
1.831516715320615752e-20
6.161782928926818739e-21
9.826689466169071665e-21
1.085341728092877588e-20
6.172243110146519605e-21
8.190577104112764359e-21
9.834318016581946643e-21
9.518658516205811511e-21
8.852603133838786839e-21
6.563865422644051250e-21
1.025601242714017850e-20
8.784904954769742612e-21
8.155170033993174808e-21
4.875290865472202769e-21
6.583853711551898752e-21
7.206201225827065337e-21
6.741268783702626673e-21
5.729646415940998581e-21
5.074551568575074982e-21
7.049493050992934443e-21
6.898454076880589546e-21
6.887947177818821765e-21
5.923145907472241254e-21
6.241031642692124612e-21
4.669417647456000933e-21
4.751644296770149630e-21
3.812732550297533947e-21
5.721539733118080052e-21
4.303742748073633526e-21
3.851518274451619695e-21
4.262363423002121839e-21
6.487219017393179281e-21
2.617991092517233085e-21
4.011623730659579478e-21
3.550372132413556004e-21
3.802272642670136397e-21
4.371374289928334630e-21
4.517926341476864473e-21
4.169577587817783185e-21
2.703709111499619599e-21
2.623126628280281798e-21
3.661698308781431342e-21
2.606754348782537592e-21
3.330384167427548879e-21
2.869249936069864133e-21
2.694101758064918176e-21
3.093454196487080231e-21
3.914700579889328450e-21
2.683811299892981799e-21
2.327696498793974446e-21
2.360835113760875196e-21
2.425587904456326962e-21
2.389061513027792645e-21
3.292752686626459557e-21
2.811740335245788575e-21
2.513975333309180610e-21
2.779582021950968578e-21
1.481072216304342438e-21
1.661488807102950057e-21
1.665806872948354315e-21
2.578981336719281641e-21
2.017281662049834501e-21
1.589128286305539505e-21
1.171429134012498306e-21
1.827602411853008601e-21
1.615767550037740067e-21
1.411794490741629200e-21
2.057891326680997215e-21
1.708783450146949957e-21
1.459304022494479669e-21
1.291183883293173701e-21
1.834349997703285335e-21
1.288377255712628135e-21
1.182469888875285361e-21
1.483755976443844671e-21
1.719829629436686612e-21
1.553481617895291823e-21
1.261703908401163583e-21
1.516115389064060614e-21
9.066616102794930306e-22
1.569399296324570211e-21
9.063217555714512077e-22
1.134522510868172599e-21
1.596379865473957953e-21
1.378915421422634609e-21
8.552487024130322114e-22
1.370506729045592374e-21
1.148459037964262122e-21
1.128071324745564745e-21
8.346874048726019023e-22
1.118219788782309154e-21
1.016245459665323298e-21
1.037526674468534154e-21
9.986734592582722048e-22
7.400612495271865895e-22
1.152006639041720005e-21
5.207825671007420903e-22
1.141746554588360898e-21
6.293832741624018406e-22
1.113751905705923648e-21
7.569212520460685676e-22
7.845261114970677039e-22
6.703037473029058488e-22
6.331378531045160724e-22
8.896246805113335484e-22
5.629252486833627530e-22
7.229738582661163166e-22
7.870669447171636549e-22
6.971541897707194021e-22
8.348384080161574029e-22
9.419697295650662680e-22
8.808873800873263756e-22
6.528199173964074423e-22
6.311674026904890099e-22
5.241854547392088039e-22
5.182779861048997521e-22
6.617302914177525208e-22
7.189866441057529755e-22
5.649981415678914365e-22
3.780037700956776255e-22
4.237779182290330000e-22
5.918342102031598306e-22
4.321620414385365876e-22
5.047349918863966172e-22
5.432139146424516518e-22
5.008974394048108911e-22
3.650194909687643316e-22
4.823655643358850466e-22
4.867647965849534036e-22
5.565777240273009446e-22
3.087734891938370774e-22
3.684222420247606558e-22
4.169888789279450307e-22
4.097592969542747997e-22
4.801014813160220694e-22
3.587981768315944010e-22
3.502504917231005333e-22
4.583579506596067021e-22
3.217394390217323439e-22
4.786590414425524649e-22
4.032045335601755055e-22
4.492558798193678609e-22
4.582901765724596524e-22
3.434261457778744756e-22
4.571096194347051456e-22
4.941664907747282305e-22
4.920261413594055749e-22
4.050234233388796845e-22
2.944369803366893827e-22
3.182255845160467092e-22
4.620750507166175305e-22
2.554615000996939777e-22
3.314167228617787866e-22
3.845576034731221057e-22
2.800997378290813983e-22
2.405706106339692004e-22
4.048026692910520663e-22
2.990218251554857586e-22
1.856685022520094233e-22
2.933833760244835622e-22
2.949287165517207934e-22
2.874640166364387457e-22
2.764502358211036789e-22
3.036474749832055445e-22
3.053046007341993446e-22
2.938424863932132883e-22
2.631677573978673519e-22
3.189946847935908061e-22
2.761661738734581979e-22
2.211189659993505958e-22
1.831679364250888101e-22
2.014773031684426750e-22
4.240400328894772280e-22
2.993024639916513590e-22
2.698302998436356301e-22
2.143535286150807319e-22
2.282622526797211224e-22
3.926728057204365790e-22
2.000033938036801761e-22
2.410882476941316189e-22
3.112962192463148742e-22
1.804415755941499849e-22
2.954664250987512778e-22
1.966492128028985908e-22
1.910248583003873569e-22
1.789468301232559469e-22
2.410968138900377067e-22
2.395377732554834392e-22
2.196792553098552634e-22
2.128408911077178909e-22
2.352274793436535075e-22
2.666738299361728219e-22
2.296445581258631941e-22
1.720119947920041728e-22
1.877851841540465868e-22
2.299431853312542567e-22
1.930116791913315447e-22
2.650870181114815478e-22
1.961826721268786975e-22
2.094509589087196947e-22
1.877429658489924380e-22
1.762383260387169954e-22
1.777025279429738389e-22
1.875884701874220614e-22
2.081246021288545311e-22
1.474386726767041914e-22
2.059357073384322657e-22
1.520809395403359727e-22
2.041401929684334344e-22
1.796706331835551277e-22
1.800568463831035093e-22
1.702910858061947680e-22
1.933181063738094032e-22
2.264070654350842296e-22
7.825758114589927197e-23
1.553967961925588154e-22
1.852843413695994207e-22
9.745931665756716487e-23
1.780965689330051133e-22
9.776801269287602348e-23
1.833629476857018700e-22
2.077214023913736478e-22
1.333358142627287365e-22
1.789178087867592295e-22
1.589068910020783738e-22
1.196460588411089819e-22
1.846061435427751723e-22
1.460186595309264543e-22
1.555629333883313576e-22
1.179917777116834598e-22
1.486524071308276744e-22
1.458773706761732766e-22
8.089740211804393882e-23
1.499387901022790262e-22
1.110517961695043388e-22
1.480381915351921802e-22
1.742067884911495763e-22
1.360864761771411268e-22
1.193572871311478168e-22
1.378671479874476733e-22
1.131162788634433909e-22
8.385412781767587796e-23
9.653271153487128676e-23
8.770207657034354922e-23
1.064431401329190067e-22
1.039903106984839145e-22
1.065094317445147880e-22
9.859592991033618182e-23
1.097250928841344354e-22
1.211269762154539288e-22
7.936618112757778081e-23
9.814789791026261322e-23
9.929888443197810006e-23
1.045028332758208496e-22
8.225552639053046291e-23
1.201824030229484252e-22
9.406948721911833357e-23
1.194139676146797573e-22
1.171525287572496842e-22
8.607862423797802105e-23
1.120214561499185424e-22
8.842160459908850911e-23
9.998713247590002901e-23
1.090988780639453026e-22
1.185144549270133851e-22
1.003502250488341730e-22
9.394591378494553700e-23
9.516328597208610463e-23
1.014495913266163585e-22
5.193263873602177046e-23
8.442474926761286576e-23
1.178445379917367809e-22
1.131067072446300165e-22
1.046418668423951182e-22
9.024726957401605179e-23
8.486303295743221917e-23
8.243104215714104531e-23
9.889173544738006526e-23
7.098487900973487000e-23
6.978044345050906819e-23
8.890843319700158704e-23
7.327661148416361373e-23
9.376329532737756641e-23
6.489724975930070536e-23
8.380823461467955465e-23
6.039748342870449659e-23
7.010865339563573055e-23
7.547904690386780290e-23
8.085836505266986868e-23
1.035246865456107891e-22
8.276976693983871622e-23
3.430422817013075787e-23
6.758094258018993138e-23
9.149632895225116485e-23
5.649087341863683243e-23
7.242477032794407953e-23
7.468769702474668659e-23
6.840903225457854889e-23
5.687912901094418253e-23
6.207961801180554850e-23
5.516944690508440375e-23
5.669661321687516461e-23
5.511045649368180564e-23
8.036092682155217979e-23
7.397527738467094622e-23
4.776522907848030340e-23
5.559739472462861837e-23
3.862334014166017782e-23
6.367396667855303135e-23
5.646121100296988970e-23
5.104379435589086170e-23
6.549984698733232494e-23
5.064660555573628197e-23
5.525000035636942046e-23
4.561398935238182966e-23
4.316519686398428864e-23
6.037152331718929590e-23
5.497314565982484001e-23
5.770675189438137555e-23
5.738807151094113881e-23
5.745526375401589185e-23
5.650393582851451126e-23
4.793437728831691570e-23
4.898100063613111393e-23
4.730843911689883093e-23
4.267176354447025812e-23
5.264931628185351680e-23
5.712704798815406204e-23
4.635265812874550263e-23
4.741712355698909502e-23
4.847406137246874674e-23
4.022705437330133162e-23
4.254649489348525444e-23
3.573887931577295250e-23
4.708235921832580782e-23
4.737784621938152123e-23
2.113527011025787866e-23
3.829395110966977791e-23
5.264884478526301824e-23
2.865323713730244199e-23
3.526123649347855141e-23
3.021488222913454406e-23
4.060495789947560334e-23
3.490312673781789825e-23
3.387758600162584976e-23
3.070692263358493826e-23
3.082265901421252539e-23
3.773777310553841401e-23
3.496490793501640168e-23
3.604012878288029529e-23
3.433159491382126376e-23
3.344240044882502996e-23
3.239615614505090087e-23
4.458141441600686622e-23
3.474905659143107409e-23
2.492219558321797813e-23
3.417033330610444783e-23
3.046138984302403858e-23
3.082156449590495604e-23
2.607041361369246311e-23
2.881288962176683497e-23
3.925870642367632188e-23
2.601981073484599987e-23
3.015744297792296649e-23
3.255400293329578694e-23
3.069992837136492444e-23
2.772284310358262135e-23
3.534599905026812334e-23
3.236245149649880959e-23
3.818409427380258338e-23
2.664273797496642487e-23
3.611941432912899773e-23
2.678773984958193227e-23
2.827637873161598159e-23
3.322844822565736465e-23
2.565877010457317581e-23
2.263317307830965405e-23
2.240407275777467017e-23
2.264715350801470049e-23
2.834127482343342444e-23
3.118081627981752944e-23
1.905870792352963071e-23
2.802427199189987415e-23
2.727168787470391479e-23
2.012813678954372744e-23
2.340620289849427715e-23
2.127949755808022745e-23
2.684622647471836210e-23
2.528577142845501877e-23
2.735428345147476796e-23
2.555841271507329788e-23
2.878095986586120964e-23
2.291477401134027977e-23
2.385624196711957204e-23
2.189893247491351572e-23
2.318366426619760794e-23
2.526371349442190758e-23
2.480546425153978113e-23
2.434805369478247028e-23
2.110303327376106513e-23
2.033141919949663228e-23
2.493899604974108561e-23
1.291655972049557907e-23
2.094234613960375756e-23
2.435643520043715692e-23
2.590149510448338042e-23
1.626394699424880761e-23
1.626202588291384124e-23
1.529771342756252113e-23
2.687198163459165123e-23
1.358977918430294046e-23
1.451753683796965233e-23
1.989200479962173140e-23
2.180560104841550995e-23
2.139783218932953846e-23
1.767523120884389798e-23
1.892163213374044536e-23
1.266917712623167633e-23
1.714096078771928461e-23
1.940221208660549167e-23
1.548591770301069831e-23
2.186034903222734660e-23
1.641643668924106993e-23
1.601972859403291784e-23
1.738080054495645023e-23
1.499022953246382461e-23
1.673227929511624007e-23
1.172558910158576654e-23
1.387374552422362114e-23
1.870356536622255427e-23
1.074098904145803887e-23
1.112707724775078288e-23
7.817973380075206742e-24
1.510538833176641566e-23
1.241561093330745162e-23
1.100343340365480311e-23
1.212122583009718437e-23
9.347623075553257931e-24
1.260621595394849185e-23
1.170569004086467061e-23
1.062639301855155327e-23
9.997820728567009671e-24
1.354757020601793544e-23
1.802585804159012164e-23
1.503915870174542131e-23
1.300089043358967488e-23
1.511163010390622061e-23
1.031332404105029264e-23
1.462251031934848723e-23
1.368942755107616604e-23
1.709191197927302482e-23
7.257589501135949773e-24
1.300826699563455951e-23
9.667390072896726716e-24
1.594558616665288314e-23
1.293356894804532241e-23
1.494415633730088918e-23
9.713987126166189940e-24
4.693565049570318214e-24
8.857163264564444613e-24
1.382129687315106154e-23
1.511994848316037298e-23
1.163890177823805504e-23
6.684862405680287552e-24
1.394202623323861802e-23
9.659758068297257129e-24
1.609165220024967309e-23
1.509061069976872433e-23
1.079222748324477562e-23
9.323677787194857182e-24
8.254235941825005221e-24
1.139294383778852886e-23
8.285791651362482792e-24
1.444564583715424478e-23
1.209267060497525315e-23
9.375988893340823882e-24
1.345702705566601762e-23
9.449204335657868848e-24
1.404542728285213222e-23
5.798777244247279757e-24
1.175877207164136009e-23
1.023165077620907707e-23
1.544428336845081889e-23
1.268117113852555391e-23
1.329227146704762520e-23
8.904312889436447522e-24
4.908863090418258459e-24
8.753905174219971245e-24
9.877913354485699835e-24
9.627785803933778441e-24
7.432053769829504832e-24
1.258286249435288971e-23
6.719667624130161724e-24
7.343795837975534251e-24
1.231846497980000906e-23
9.254976205977492332e-24
8.497806299873211248e-24
1.355640031088630237e-23
1.431619944499774426e-23
7.765943657154456488e-24
1.129390842462349586e-23
9.140105516964511964e-24
5.713782832579350050e-24
8.462389263628263459e-24
7.578358357298620049e-24
1.533094452392748588e-23
9.057271363579724632e-24
9.614249965645598307e-24
5.836268876750577808e-24
7.059791693462663256e-24
8.015260925155317685e-24
7.137109659344690218e-24
7.410533951383195535e-24
7.170485781792757788e-24
1.194871083147202552e-23
8.870021283419694538e-24
7.203091470518966031e-24
1.060908798109913317e-23
5.127629401306019654e-24
7.429306880954446921e-24
1.175618926122621390e-23
8.562472457781420185e-24
8.859835481481929702e-24
9.968819165418183895e-24
1.159651373026900390e-23
9.138855507639552356e-24
7.046215787359024827e-24
3.878603601236401592e-24
7.921382431454011152e-24
1.109395114958591970e-23
7.957323738131966566e-24
6.073404235468475423e-24
5.410222594422133285e-24
9.722609855311876840e-24
8.248807353957695328e-24
3.844966937897895086e-24
4.538375171230822003e-24
4.747098964679242220e-24
5.135205683271536523e-24
6.980738493939995755e-24
4.990795722332688424e-24
6.424819240888113903e-24
5.452183100175859901e-24
6.325362470968340320e-24
8.157811008005221067e-24
7.790527682155454117e-24
4.833722095673010574e-24
9.256705071543805049e-24
7.903910538697577626e-24
7.655808790419744278e-24
6.798161166182926450e-24
4.894415099079446947e-24
3.099651621286621707e-24
5.368327759302059990e-24
4.553179404651212385e-24
7.625592941752793188e-24
3.455693084099730636e-24
2.188690601002939250e-24
4.905734115268478272e-24
4.676948067761584750e-24
4.404884216289490882e-24
4.765362100386158416e-24
4.896559469017538794e-24
3.314829300692528972e-24
5.764123237564660351e-24
6.540332288598569876e-24
6.485552689544956677e-24
4.181756560480848686e-24
4.397641125856999709e-24
4.208534258881317336e-24
8.416819611613760731e-24
5.523626879382418685e-24
6.444817484540759860e-24
5.836643538337733663e-24
6.222604367193200500e-24
6.161928469203446950e-24
5.323153548422268671e-24
6.956318081952658735e-24
3.658655013552513542e-24
4.201043629060059302e-24
6.154485926583306810e-24
4.961508167658040034e-24
4.849070686058698214e-24
1.918045327883036431e-24
4.583942379999401432e-24
5.352446308883458482e-24
2.902452468550813425e-24
5.211169710162589278e-24
3.723084424904846084e-24
5.438320019316379056e-24
4.618229389508464632e-24
3.777382276808052757e-24
4.362495539192399883e-24
6.670824502813247844e-24
4.413412633085740920e-24
6.695505143460856802e-24
5.302382284102423799e-24
3.740606717795058757e-24
5.600768668211195106e-24
5.410135936054668269e-24
2.383130137005646491e-24
3.841260937085138449e-24
3.692554961533979717e-24
2.576955085409539539e-24
3.490003298853025856e-24
4.110822848129103824e-24
4.296586840643010037e-24
2.230069182027058858e-24
5.144294218384329492e-24
4.523911213947763481e-24
2.869978613988882266e-24
1.931732745294910503e-24
2.544257439276328716e-24
1.803902301978705784e-24
4.158452314246587539e-24
4.148723095184606414e-24
3.809078041458187173e-24
4.738279660172340551e-24
4.435450682756457804e-24
2.929405096933954980e-24
7.607756368855186032e-25
1.394634575610842487e-24
4.865084604639346664e-24
1.295377872955035465e-24
3.666910669135212175e-24
5.057969419900367139e-24
3.804363089033889145e-24
3.858653814499199718e-24
2.642513494214351774e-24
3.885615886553623604e-24
6.558431863467251597e-24
4.460846536342172210e-24
3.430324080435351188e-24
2.112613650217644781e-24
2.529816818496163672e-24
2.783058112691840864e-24
4.249904256425772161e-24
2.584693927552378135e-24
2.762508438841313916e-24
3.733813198483174735e-24
2.088366813356911656e-24
2.276138483987093448e-24
3.736500064365480144e-24
3.339705478706071175e-24
1.501548004267552357e-24
2.494297585718265780e-24
3.450166223945128614e-24
4.040007551625660505e-24
3.648783051398661349e-24
2.232218829977654706e-24
3.277105767903055251e-24
3.741468364316130544e-24
1.779990602588895437e-24
2.010212184671560837e-24
4.016626262841645844e-24
9.265727102522726727e-25
2.065946326893436682e-24
4.289268207784681905e-24
2.243324170388067466e-24
1.991824558678426056e-24
2.193487985321649889e-24
2.019465970563224064e-24
4.553242691393777431e-25
1.451160381105251244e-24
2.442990994871874662e-24
1.792940154616759362e-24
1.390749645282806019e-24
1.415198960085185825e-24
2.403255312404482988e-24
3.208210520442295805e-24
1.785088013154086460e-24
9.037190804906812703e-25
3.805641184105713857e-24
2.440541996146989598e-24
1.535329313252620344e-24
1.714639978623549854e-24
1.845900360617841223e-24
2.390665968064478712e-24
3.003520174600774774e-24
1.877214203571552723e-24
2.377995908390124973e-24
8.722706524352953633e-25
2.294852086349055613e-24
3.752849973320646924e-24
2.995649452003231550e-25
2.729493380070055366e-24
1.885760681402398415e-24
1.550011771807103179e-24
1.809200735443459858e-24
2.223137406840403985e-24
1.741978232073614104e-24
1.940561697632052264e-24
1.114709523126803754e-25
1.577734688940870293e-24
3.040402300674616289e-24
1.767184699132802002e-24
1.113823532651267528e-24
1.477689960448448872e-24
1.624002065692816699e-24
2.521830701202384989e-24
1.551659059309643458e-24
6.415516112064839592e-25
1.271468178433883125e-24
3.604595604013051327e-25
1.224844109849721679e-24
1.213498674157758576e-24
9.128987284289608479e-25
1.127792421373891309e-24
3.289274624887893415e-24
-6.049180946834033213e-25
9.155583435831644178e-25
1.474304664325189614e-24
1.070228857411023851e-24
2.102279457749744183e-24
8.457287471275281779e-25
5.460295919313599999e-25
1.913488962977799560e-24
2.057709322723828975e-24
1.575351368815278488e-24
1.586228597488713455e-24
9.796807212963486090e-25
1.718174981807372579e-24
6.651491588586931417e-25
2.491202660951123601e-24
1.001335682589629895e-24
5.614939218853908935e-25
7.399209632755125268e-26
1.259718864970907372e-24
1.691706233791437595e-24
7.235882036371296759e-26
1.788555618955830160e-24
1.462918966770547859e-24
1.605957398620699091e-24
7.872748698954593264e-25
1.163384317891306066e-24
-1.666390855775336455e-25
4.214196828252530902e-25
2.579225169572306820e-25
-2.102123413305949786e-25
3.708411399277412594e-25
1.939407628021952933e-24
1.174940967695839389e-24
5.296600014106321106e-25
1.097929246681832836e-24
-2.301757282714816016e-25
5.354147677824041915e-25
2.412869964657511792e-24
5.416831899441992290e-25
1.981025979750331385e-24
6.119332159213440424e-25
6.292665414741822478e-25
1.031719246575846109e-25
4.575471714515584418e-25
9.568608048450880662e-25
8.323488292530961570e-25
1.950748940567272205e-24
8.955001160397366113e-25
1.707347071849692741e-25
1.703313184596714998e-25
1.582251524387782520e-24
1.038268195373088723e-24
8.791682377757553016e-25
1.062548090846983256e-24
1.246518668293068265e-24
7.560352233413654782e-25
1.729580103393286679e-25
-2.816504133256725089e-25
8.687237769153672798e-25
1.405485096705577493e-24
4.017449260696239181e-25
-1.614597532072793238e-25
1.311275160103390852e-24
8.245515296046146350e-25
1.124312263181835631e-24
1.743148090521087275e-24
2.996424797771033688e-25
8.193107180980521774e-25
1.400424213127453766e-24
-9.537514342009479883e-27
6.335353407893855913e-25
-1.602782905903469118e-25
1.028577416241134634e-24
-2.570591000096266281e-25
1.767234860094761271e-25
6.843976693902247515e-25
3.497744540377996563e-25
1.286265785624074335e-24
-6.797159990483510457e-25
7.677614933979610516e-25
1.257153013228029529e-25
7.691377789659782815e-25
4.594538523775275690e-25
6.990538472068607879e-25
1.745341255044592639e-25
5.997436374487758236e-25
6.537979586532185304e-25
1.025267343386888167e-25
-1.506484323843265905e-25
5.126699293935800231e-26
4.881762905088992574e-25
-4.850333278329526407e-25
-6.263496980417363047e-25
8.645437548952669730e-25
-3.559345422368861882e-25
6.450097253275586932e-25
3.809909404424022096e-25
7.665694454953152060e-25
4.894314012368129807e-25
4.574171572003743535e-25
3.037979929865231652e-26
-1.761248835540387336e-26
-1.126787493346842816e-24
1.694107800428165764e-25
5.396094769482925246e-25
3.275980847907967024e-25
-3.568325020098988325e-25
2.513355160400580192e-25
9.204292464529344891e-26
1.664217154873554440e-25
-4.587806397697174162e-26
3.752884932051802453e-25
-7.297169039663475430e-26
-3.995640247021246405e-25
-3.246886970070264096e-25
4.029109339213999131e-25
4.118890451189974150e-26
7.508671290529098925e-25
-2.205245733751005742e-25
5.977531792469240621e-25
2.513835068695252987e-25
4.173217404372382403e-26
2.488122108384241449e-25
6.281831526702405146e-25
5.311601163998244213e-25
-9.542625787195544726e-26
-5.939619494843512766e-25
-5.659805867791424007e-25
-4.664910253205100427e-25
-2.819739928407494176e-25
5.347350015069034535e-26
4.482311222044561111e-26
-1.230979994241962278e-26
3.466294696472548719e-25
8.629801305866696147e-26
1.834977091682179528e-25
2.997049606612997000e-25
-9.491728920621238667e-26
-4.409930221199301217e-25
1.025405811489616421e-24
-3.728166757876758969e-25
-7.894902209540435887e-26
9.454936781614000509e-26
-1.876398274196117818e-25
-8.497104072956183083e-26
-4.235046655141140243e-25
3.511889406102497033e-26
-4.176765205033332582e-25
-5.179615614331292970e-25
1.838239956969826751e-25
-1.804819782193134006e-25
-3.469798631216331101e-25
6.358537327378016677e-26
-3.484760368290885490e-25
-5.007609236764688040e-26
3.015745250298793813e-25
-5.185563764261031931e-25
1.132036309328533504e-25
-3.483825858039529089e-25
-2.940266436778453230e-25
-1.820677398320730288e-26
-7.278295673619756249e-25
-3.911751368757399256e-25
-5.444136772469850585e-25
-4.719212150833823293e-25
-3.263180899621519056e-26
9.873825980394807336e-26
3.053556152013143114e-25
1.928897164895716625e-25
-3.768040021516255029e-25
-1.152598820350057272e-27
4.954197914052798060e-25
-8.891936116702118544e-25
-1.681748058610762123e-25
1.898423856204586523e-25
-5.130980929140136135e-26
-3.495543971083018283e-25
-8.793416316188753910e-26
-1.819088120444648240e-25
-2.322613636596463060e-26
-1.707741619680269978e-25
-1.588291914208726292e-25
1.646383426138894793e-25
2.428055449968386147e-25
-1.566287519743994252e-26
-1.177550867244241309e-25
-1.169913863286790769e-24
-2.635645672605761840e-25
-2.435873390590291241e-25
2.130143024993827330e-26
-1.572404061795790152e-25
2.325802159133130379e-25
-3.119990072958401678e-25
4.912515469350962090e-25
-2.456899193302574507e-25
-6.726666392367334907e-25
-2.281366349345186935e-25
-3.951227449138565673e-26
-4.027456617519391079e-25
-5.094062304068959862e-25
-6.123328516024197409e-25
3.765705675574167650e-25
-3.116886877154416447e-25
-6.387483193393381476e-25
-1.098797374975492181e-24
-7.428090949256026346e-25
-2.886417698965384881e-25
1.783666699738751152e-25
-4.053201854183576985e-25
-1.047372877346882239e-25
-3.926256748100254333e-25
-1.202984276444474782e-25
-3.842004833979576454e-25
-7.470693490392083169e-25
-2.351327332687436503e-25
-4.913346765681578962e-25
-4.835489921518937978e-25
7.946470861699086988e-26
-3.900002408258541194e-26
-4.611720375420392262e-25
4.512158291732048094e-25
1.963764853819407165e-25
2.080891851127937874e-25
-7.901486062204138920e-25
-3.868624804269531883e-25
-7.921829379293162883e-25
-4.155832387251077042e-25
-4.230163653071775023e-25
-1.801198595174706905e-25
-2.464003378115053286e-25
-2.371729262381467293e-25
-3.846781766539084957e-25
-2.911100008670917287e-25
-4.904045473462630214e-25
-4.386535561746920805e-25
-8.760815686594639723e-25
-1.615175487266359844e-25
-1.520361553025216413e-25
-1.775367498979398844e-25
-6.830326451246042061e-25
-4.663321640367711146e-25
1.607422580553900060e-25
-7.633033675240141618e-25
-7.101088395834807052e-25
-2.383034916019208989e-25
6.306626351730257965e-26
9.706518595770368544e-26
-3.653485178200343031e-25
-1.628921968680356906e-25
-4.312475474899313545e-25
-2.892918223812198730e-25
-6.497665641392917421e-25
-2.249212206204956281e-25
-4.690545742670216743e-25
-5.919506821621468245e-25
1.806407080387010549e-25
-1.682704470810671391e-25
1.063988714678055027e-25
-4.132101114943879683e-25
1.452790184676361769e-26
-3.723550476883066599e-25
-8.428000173792383925e-26
-4.497913046430952310e-25
-4.461842494761834069e-25
-1.364669157686995549e-24
-1.456688306330422218e-25
-4.957137694052564911e-25
-5.491400543246273880e-25
-3.303842826526975306e-25
-7.817980078574295161e-25
-9.237820778057912651e-25
-1.919648318763585515e-25
-1.883998044716017921e-25
-5.730603982552086882e-26
-8.227687208426834141e-25
-2.201247309059582863e-26
-7.781494556742532383e-25
-1.639400356426741872e-25
-5.286089320473786573e-25
-6.440261878379992027e-25
-3.163958805384567781e-25
-5.297416318993003846e-26
-5.267568482506927829e-25
-2.729384624994972278e-25
-7.264597987458028307e-26
4.778971730893688775e-26
-8.187729213735690762e-26
-3.999747017086704738e-25
1.228205148019207490e-25
-3.275504373182425388e-25
-5.715612601407395441e-25
-2.376787531171089631e-25
-3.267931513632574405e-25
-6.197036187231444035e-25
-5.787870236986946680e-25
-3.434245010052839991e-25
-7.369497624714731746e-25
-3.873779103749732048e-25
-2.680132882562935920e-25
-6.671868644907148353e-25
-3.988620796583587984e-25
-6.151667809779320153e-25
-4.128329311377705023e-25
-8.150260591941516178e-25
-1.241998171615773565e-25
-2.243868379687209962e-26
-5.242378015407638169e-25
-2.466690508717253866e-25
-3.657545049874788639e-25
-5.876280550518446220e-26
-2.929846221213873592e-25
-8.909975934684892555e-25
-3.252958091243928759e-25
-3.595573173896646296e-25
-5.872133537533463239e-25
-8.598122679334930218e-25
-4.773355353218006837e-25
-4.944204610847509881e-25
-5.630572467273116405e-25
-6.379993640431001804e-26
-3.418988987842819384e-25
-1.071562929463348006e-24
-6.523104056584728955e-25
-8.833355359161208454e-25
-7.114495141040881807e-25
-5.118631641670101055e-25
-8.903831158957266283e-25
-7.267452746085229618e-25
-7.272255958195421400e-25
-4.666849788071199032e-26
-9.079743482984729109e-25
-6.072693556533141955e-25
-5.826666774468647322e-25
-6.266384061281806596e-25
-7.463881400034586921e-25
-5.894788149699899844e-25
-1.108351494624035381e-24
-6.609640921771829363e-25
-4.652284945493178967e-25
-4.278994216411810269e-25
-6.975731059912157132e-25
-6.751637856888256865e-25
-3.453620872056414597e-25
-9.175750110632986539e-25
-1.006816909761753257e-24
-1.725926175659667530e-25
-5.457822216235179982e-25
-5.842547406389285594e-25
-1.050021911421660135e-24
-4.757396893445134371e-25
-6.437852371560416839e-25
-8.853773933396890416e-25
-5.932376364445794706e-25
-2.457722682300096563e-25
-5.408799060629108434e-25
-6.477068103067257468e-25
-4.703901987609874357e-25
-8.148537727829700219e-25
-6.508826014360969035e-25
-3.649214405266117927e-25
-6.051376816049029656e-25
-7.406305646752398515e-25
-5.641830401685838839e-25
-8.360558735059771316e-25
-8.834840334465511849e-25
-6.455898603202521035e-25
-8.559932210433673877e-25
-7.935302320530788426e-25
-6.170929510329893854e-25
-6.280247287524215883e-25
-8.226832007126240115e-25
-7.009726787530265330e-25
-5.188365547223918165e-25
-9.696022686196841128e-25
-5.894987245314218888e-25
-1.068623668135720368e-24
-1.486059038307004528e-24
-8.175189589378093019e-25
-7.457289806682710371e-25
-8.666815704505735575e-25
-1.043597753583695293e-24
-5.316996916360404067e-25
-1.179724616707035295e-24
-8.407885781946478273e-25
-9.492488194127467314e-25
-8.130349763330446667e-25
-9.041743793945986062e-25
-1.107407390556627284e-24
-8.795386200541117070e-25
-7.463029912156724718e-25
-9.454974045868378851e-25
-1.124365124030762581e-24
-8.049992297512218757e-25
-8.952126026892634548e-25
-9.794951766778414387e-25
-9.917457375055739499e-25
-8.787827981738708292e-25
-8.908857672520790583e-25
-9.615271303280591008e-25
-6.575913996866844124e-25
-1.124068243356469599e-24
-8.683964464822750642e-25
-5.817908691959528351e-25
-1.083636423770924738e-24
-8.532647613357693409e-25
-7.562233547322547730e-25
-7.425712605775741859e-25
-9.627771629242805559e-25
-1.062983887772795474e-24
-9.677938501240492028e-25
-9.088761236998687706e-25
-1.082831115708441680e-24
-9.232573130131709243e-25
-9.219620728778944506e-25
-8.812111286709477246e-25
-6.846410378251750110e-25
-1.228542617105423742e-24
-1.521274489444326647e-24
-9.539225188575794395e-25
-1.014991148357805254e-24
-7.722802312925453076e-25
-1.168373244859923410e-24
-1.244521051219641941e-24
-8.778790063430592427e-25
-6.490090887454631157e-25
-6.479930682481095623e-25
-7.013709658236737550e-25
-1.101711002270319195e-24
-1.223129410252212108e-24
-9.181195129716130411e-25
-1.428285865100599233e-24
-6.711374665829612046e-25
-1.235398105802339363e-24
-1.193710368806888584e-24
-1.216454939483738689e-24
-1.202294200033173411e-24
-9.223994545458033700e-25
-1.039320522721329666e-24
-1.119586433003543198e-24
-9.061135473320052809e-25
-9.292422759027317882e-25
-1.097495074371074514e-24
-9.958067544138171200e-25
-1.220828704244480344e-24
-8.448390805039933228e-25
-1.332034933848622264e-24
-6.296495595760644216e-25
-8.277225814751013285e-25
-1.105103874223014648e-24
-1.163095568213730893e-24
-8.658171303570745856e-25
-1.110189402907070755e-24
-1.136784479697659415e-24
-8.213605755130468174e-25
-9.094482190105985527e-25
-1.078252536364321046e-24
-8.367562463690611892e-25
-1.066473876226997352e-24
-1.087243288361414162e-24
-1.160007431835601755e-24
-8.708083750188635932e-25
-1.249000030091291026e-24
-1.233045484558987325e-24
-9.391520942353534296e-25
-1.159287954124844021e-24
-1.024121986875630101e-24
-1.119305460482073729e-24
-1.115762524401558139e-24
-9.001431776277624539e-25
-6.604024394761492493e-25
-1.387824005386770998e-24
-1.136190099506079087e-24
-1.026439864410511132e-24
-1.020720661984051598e-24
-1.150615766378398290e-24
-1.006394441604899640e-24
-1.057890240874194498e-24
-1.162705204906556722e-24
-8.467111878483172697e-25
-1.075658283322579411e-24
-1.545206150212339676e-24
-1.037812433609026590e-24
-1.236510943981828715e-24
-1.034117809442507619e-24
-8.839671702298353377e-25
-1.115685021123180244e-24
-9.670386916211134879e-25
-1.360593067060828128e-24
-1.134390933611764448e-24
-1.266470982741286384e-24
-1.176955684634949031e-24
-1.056698167613992340e-24
-9.018806592247358741e-25
-1.192596107617204951e-24
-1.046470713610698810e-24
-1.037927086980185004e-24
-1.113277798852777694e-24
-1.091850304765536236e-24
-1.114962869056590883e-24
-1.224923386112903405e-24
-1.121048961028041172e-24
-1.139450509249669578e-24
-1.005076026443777955e-24
-8.262039665964814527e-25
-9.242141197160740286e-25
-9.530477867189965133e-25
-1.148207055956034012e-24
-1.056854017059480788e-24
-9.469418905090246518e-25
-9.497106096552545729e-25
-1.055677643849091574e-24
-9.729999071979699589e-25
-1.199725384091317226e-24
-1.239548047600582690e-24
-1.015236882842856798e-24
-8.975235047222134268e-25
-9.975066086984123106e-25
-1.063973128215767129e-24
-1.243870466236372925e-24
-9.186364330211440854e-25
-9.774870998237274430e-25
-1.001358185370350579e-24
-1.077531344774451232e-24
-1.218564659502744031e-24
-1.112262906271444494e-24
-1.054007112302537731e-24
-9.654013282416913330e-25
-1.104148162393512555e-24
-1.003280958168902296e-24
-1.029433217166683800e-24
-7.281495560916995120e-25
-7.432247816606152178e-25
-1.204521466704313738e-24
-1.174446987949391993e-24
-1.089787707568367157e-24
-9.981891208481304165e-25
-8.830494657898654358e-25
-1.224232015698605944e-24
-7.931894360669959629e-25
-1.128478676941361343e-24
-1.192139038028782414e-24
-9.367809380166889910e-25
-1.017142972116908716e-24
-8.054828140535323865e-25
-1.033585804661869078e-24
-9.777832115528731411e-25
-1.116480942023459516e-24
-1.011589097195692632e-24
-8.630952366685117880e-25
-1.177096911021856307e-24
-1.010111373084143917e-24
-1.181200632967206392e-24
-9.934814044776614633e-25
-8.627840796758160702e-25
-8.443052037906926109e-25
-9.174475139630086170e-25
-9.052233586371784426e-25
-9.064060362170262453e-25
-8.737325991393544771e-25
-8.940746718479267906e-25
-1.006900608383091693e-24
-9.861446727685389090e-25
-8.840414845377217728e-25
-7.632130285532011044e-25
-1.004200826677887075e-24
-8.297905231776910623e-25
-1.235083167398685723e-24
-1.157224688881377850e-24
-1.170144374894999444e-24
-1.075064169843852723e-24
-1.047229700547314215e-24
-1.150643134827826648e-24
-9.720391676949516978e-25
-8.868729540658496741e-25
-9.986473878720838463e-25
-1.105127038675108360e-24
-1.219020427520086034e-24
-1.087605427884324723e-24
-1.122914992033924791e-24
-1.037273077741759584e-24
-1.123057851371151284e-24
-9.110976115372508109e-25
-8.444685707169620480e-25
-1.109091656394096202e-24
-1.059838329003432491e-24
-9.366471977592915625e-25
-1.137828514871480898e-24
-9.474098968502274603e-25
-1.011969312956245647e-24
-9.430212835080833006e-25
-1.056287544192303913e-24
-9.902311285839236038e-25
-1.164880332651870054e-24
-1.189520451298062896e-24
-1.133790259408313538e-24
-1.121801664644896920e-24
-1.103217241717031653e-24
-1.074952066694014113e-24
-9.038857161725723319e-25
-1.010702976883788928e-24
-8.491169432507679431e-25
-8.423406252368136052e-25
-1.084431091698925112e-24
-1.139297421540044800e-24
-1.102971783877724647e-24
-1.165363214620995830e-24
-1.111606805127651066e-24
-1.095482692929041912e-24
-1.106729632929847590e-24
-1.196300845955009683e-24
-1.082019140365296157e-24
-1.162546664455728801e-24
-8.937150912897498913e-25
-1.082033127848904640e-24
-8.670094481742495760e-25
-1.053310937049445890e-24
-1.057641241287447254e-24
-9.163429119794856755e-25
-1.220115946493417786e-24
-1.167157593108193651e-24
-1.175851275476015140e-24
-1.008571742043457600e-24
-1.047956110021502988e-24
-1.277685017634828484e-24
-1.054195080958590988e-24
-1.015652359237628668e-24
-1.079865304710978633e-24
-1.123096645703555869e-24
-1.076481475956296296e-24
-8.833585664549533082e-25
-9.087670091796989986e-25
-1.000297695142766934e-24
-1.076028259558283100e-24
-9.118384059069396930e-25
-1.155909072992483724e-24
-9.611513354150361071e-25
-1.108714378027991272e-24
-8.313876725130705181e-25
-9.862350826153344981e-25
-1.086381047124746820e-24
-1.150897647067441894e-24
-1.099082236065239072e-24
-1.214979800789912022e-24
-1.007174983456662226e-24
-1.321162173362335651e-24
-1.090039077523017199e-24
-9.962292091092168964e-25
-1.059493606820348423e-24
-1.088650382820271501e-24
-1.174980031692562810e-24
-1.016335059353043884e-24
-1.010343489190830218e-24
-1.119288724634383197e-24
-1.101393592256171019e-24
-1.018933951244152834e-24
-1.015251833474653147e-24
-1.107870040993888122e-24
-1.076637017396548502e-24
-1.027100769812914050e-24
-8.688379066044354346e-25
-1.084608347868987552e-24
-1.165995560458955623e-24
-1.126141657843551631e-24
-1.236204066883326981e-24
-1.118567147213038150e-24
-9.780847119655666883e-25
-9.731625108546089780e-25
-1.096009579269856646e-24
-1.037629797326421872e-24
-1.180507050512731097e-24
-1.130744732982902707e-24
-1.229502845673845948e-24
-1.169904888651238070e-24
-1.232635665902342200e-24
-1.183019934244423209e-24
-9.934473027055774762e-25
-1.241968356852092050e-24
-1.005715213906864230e-24
-9.507609200072834121e-25
-1.110608154072154765e-24
-1.072684376481423037e-24
-9.939115005438503089e-25
-1.109336901267320347e-24
-1.148048807506929613e-24
-1.138939610204418675e-24
-1.142711735440924774e-24
-1.185363472880897639e-24
-1.047879373011662557e-24
-1.284547910410107164e-24
-1.268112605320124826e-24
-1.260657015699269926e-24
-1.187803830151495283e-24
-1.056421881448990750e-24
-1.066592185247811906e-24
-1.155525579699495758e-24
-1.072070226606705923e-24
-1.277591878036846681e-24
-1.176794390214862493e-24
-1.200917137819866572e-24
-1.266337970837786426e-24
-1.213940140047048148e-24
-1.134435551932713995e-24
-1.270228232800830291e-24
-1.144191412520602246e-24
-1.113360017448581397e-24
-1.000022711650313289e-24
-8.712580306173460896e-25
-1.191735406782852033e-24
-1.176684404946325362e-24
-1.071616827453087616e-24
-9.467881043045789743e-25
-1.218554640685508036e-24
-1.226923343287241599e-24
-1.109622396409098834e-24
-1.142720150752990379e-24
-1.117699826891696913e-24
-1.121854215121775118e-24
-1.065088617566834150e-24
-1.190006758554947435e-24
-1.013130280825727481e-24
-1.212057606455204265e-24
-9.892627080972491435e-25
-1.010464378206925989e-24
-1.040892178765585024e-24
-1.282770344130239033e-24
-1.085262747293383418e-24
-1.019353370246524062e-24
-1.033392124956084653e-24
-1.110492685667669368e-24
-1.100689012635445094e-24
-1.216643806305377972e-24
-1.248988199636702895e-24
-1.180744552363055528e-24
-1.149114436979093463e-24
-1.017235281892519417e-24
-1.166122254212183928e-24
-1.077538919248591296e-24
-1.186287757694815723e-24
-1.163705142962158885e-24
-1.130960961425059527e-24
-1.214258678936077613e-24
-1.145034348654773375e-24
-1.333913107589109135e-24
-1.257257541034029764e-24
-1.019412183997971583e-24
-1.143109084674964471e-24
-1.109040620846172564e-24
-1.247229700122774314e-24
-1.208219133188463446e-24
-1.252691294335622520e-24
-1.193222592879418724e-24
-1.206000225449153543e-24
-1.140123152110451592e-24
-1.251433780337466664e-24
-1.150700090440995044e-24
-1.127667383948420963e-24
-1.117107214196833553e-24
-1.079981025959853870e-24
-1.187458000702045462e-24
-1.345461166561634098e-24
-1.227079162141105049e-24
-1.036946813651365260e-24
-1.152788084796571526e-24
-1.157194361439973253e-24
-1.204122220479483082e-24
-1.291651091895676437e-24
-1.122914718539607323e-24
-1.227723380335246358e-24
-1.211979806202209813e-24
-1.269685032886222656e-24
-1.157810932336822529e-24
-1.134639610297575237e-24
-1.372095459489666931e-24
-1.268144074219756314e-24
-1.084628766384854594e-24
-1.128341954497359795e-24
-1.106953618668810619e-24
-1.169213792381389473e-24
-1.067134650406977832e-24
-1.150883858680935989e-24
-1.195766735847890057e-24
-1.346421970102535837e-24
-1.352429073683272488e-24
-1.190188552472856346e-24
-1.213759642364832196e-24
-1.068161697164722078e-24
-1.196551643916059200e-24
-1.258001925166153820e-24
-9.431078239759274059e-25
-1.231496736985925241e-24
-1.216442309415329764e-24
-1.188158013851889983e-24
-1.151743605347679150e-24
-1.099872513218312340e-24
-1.066052523371290718e-24
-1.217393143785669726e-24
-1.172918214391912544e-24
-1.123389126732912105e-24
-1.251403044625833595e-24
-1.104018904728833792e-24
-1.139439363566296735e-24
-1.027865679218378960e-24
-1.163025762461142245e-24
-1.069897766578356671e-24
-1.090124652911410056e-24
-1.031102594401097392e-24
-1.165063655720721558e-24
-1.046491295489693886e-24
-1.312094389015006832e-24
-9.840748185004068760e-25
-1.106846402643404462e-24
-9.306758847684608441e-25
-1.020348989381953808e-24
-1.041850241787737215e-24
-9.886128677097366754e-25
-1.065236557307343673e-24
-1.129571765551984007e-24
-1.144905164225153155e-24
-1.024578482028673371e-24
-1.199020830825614354e-24
-1.153893153203148316e-24
-1.129525631002475018e-24
-1.163929938827186833e-24
-1.030963184766367231e-24
-1.052442849294900796e-24
-1.088009334427066977e-24
-1.037196293860434282e-24
-9.000704718054080569e-25
-1.056147326398463347e-24
-1.190220332043119864e-24
-9.383712120138413089e-25
-1.008782768065486415e-24
-1.024459212023939171e-24
-1.078852565002869893e-24
-1.194999960326134554e-24
-1.125684920961400432e-24
-1.105686313575359890e-24
-1.206702259104646898e-24
-1.123556407334914619e-24
-9.446147427931321314e-25
-1.144353160127609938e-24
-1.132415973768523016e-24
-1.098711968442612856e-24
-1.025065561069202444e-24
-1.083088592796159963e-24
-1.051777352198333850e-24
-9.900424827253257805e-25
-9.688352741534315395e-25
-1.083869097338652413e-24
-1.000092858216370467e-24
-1.105365720743044628e-24
-1.065634879916861020e-24
-9.518499672453705439e-25
-1.017666181499370792e-24
-1.086208570910980582e-24
-1.051136693143965625e-24
-1.141091200615181997e-24
-1.100019595840064832e-24
-1.020231235832141426e-24
-9.717348181256706811e-25
-1.070274216510886749e-24
-1.117823542810189447e-24
-1.001448405026723144e-24
-1.194134652861024336e-24
-9.851534171055113190e-25
-9.578880739081902397e-25
-1.013271549829990142e-24
-1.023335824251146116e-24
-1.026444981038429968e-24
-1.096281207854404639e-24
-1.061895183179835108e-24
-1.015933088593617660e-24
-1.073754427827808184e-24
-9.679006538530292488e-25
-1.104792390788125297e-24
-9.865039106239148809e-25
-9.870890826916761149e-25
-1.033355516006327070e-24
-1.011591602199924743e-24
-1.124417216070990141e-24
-1.054525356902133670e-24
-1.095729514038930120e-24
-9.962409286748370173e-25
-1.009769587651402600e-24
-1.110598023720551280e-24
-9.921185549274082130e-25
-9.509948454813225048e-25
-9.194537106451476022e-25
-9.027366186441003764e-25
-1.052045268393145068e-24
-9.804343875673071510e-25
-9.990278962394754884e-25
-9.150368013165951543e-25
-9.529818018141747205e-25
-1.085606876299044861e-24
-1.089311945982976437e-24
-9.346012336990174460e-25
-9.685719311028575428e-25
-8.537053724102034017e-25
-1.000928043228788127e-24
-1.061862323286307778e-24
-9.767649304153647160e-25
-1.082674454816663424e-24
-1.021425720244875301e-24
-9.810464155294266233e-25
-9.176956772789195622e-25
-9.641258144079579748e-25
-1.075679396227541643e-24
-9.512903438253376387e-25
-9.329059300761343190e-25
-1.028848850135820977e-24
-9.845967017470057907e-25
-9.420416285290254509e-25
-9.766677347573661576e-25
-1.036339378197673650e-24
-9.990104824818941948e-25
-9.989743405666708667e-25
-9.386835419272781497e-25
-1.017079774201196017e-24
-9.953366891367990294e-25
-1.007609457035830524e-24
-1.047953905496913490e-24
-1.024502493738925661e-24
-1.066231362860700926e-24
-9.918313538487760837e-25
-1.019344528019238379e-24
-8.744566191650896179e-25
-1.035815377017935792e-24
-1.067922281168342581e-24
-1.001873144073801120e-24
-8.523438432272777417e-25
-9.907375352060098278e-25
-9.149494832824198308e-25
-1.021949015931993207e-24
-1.010400712009166186e-24
-9.648678901894002282e-25
-9.301800931798817463e-25
-1.008321545500936912e-24
-1.004502818641588542e-24
-9.549579586022587854e-25
-9.388936462540646775e-25
-1.013070178604107107e-24
-9.830630190098043570e-25
-1.027708954836940608e-24
-1.032033589090201187e-24
-9.579648220478618961e-25
-1.040452493991241024e-24
-1.088268507337688630e-24
-9.188498109482592670e-25
-9.182632405370597788e-25
-9.166596411853274040e-25
-1.023292795352202604e-24
-9.572862690781809915e-25
-9.438271172169561672e-25
-9.157442107570187640e-25
-8.449611025303262645e-25
-9.146291096236241218e-25
-9.313297000397282769e-25
-9.793983228951710897e-25
-9.853847752101247121e-25
-8.981981572906064331e-25
-9.708464543337845432e-25
-9.590397385440421023e-25
-8.893983930119499214e-25
-8.932706831786611948e-25
-9.545155231138959190e-25
-9.127048760929200231e-25
-9.630215406348755950e-25
-9.242154667747227699e-25
-9.856884734624016905e-25
-9.457435744640163875e-25
-9.135848273588164508e-25
-9.810928676334155587e-25
-9.617541162721925089e-25
-1.028542621998398422e-24
-9.964038366869944391e-25
-9.337299267621384646e-25
-1.072509809779302966e-24
-9.633087521888795302e-25
-1.034171039671258778e-24
-9.355876595393995185e-25
-9.628623158393965111e-25
-1.017628325986451119e-24
-9.140708245484542515e-25
-9.735794732085879037e-25
-9.552542189338741988e-25
-1.090872052505041962e-24
-9.908104343529778987e-25
-9.279076173303496931e-25
-9.034475106488354960e-25
-9.407274543587893154e-25
-1.017355939964166506e-24
-8.613013165296831425e-25
-9.819720729469030816e-25
-8.891510421084218569e-25
-9.474735659974620165e-25
-9.220709722273341756e-25
-1.019203229799415998e-24
-8.448065619459135238e-25
-9.456344436834654207e-25
-9.136553555292608911e-25
-9.866268168777242126e-25
-9.401400287962148954e-25
-1.028276842207944975e-24
-9.166736919794739705e-25
-9.808326300831419435e-25
-9.734318787882295193e-25
-9.282085397107243611e-25
-9.842075930717878693e-25
-9.442616948093630002e-25
-9.965882731152856435e-25
-9.256080938688499120e-25
-9.488595770981134797e-25
-8.717085878550171331e-25
-9.551177657082151736e-25
-1.001102970900144898e-24
-9.927794913367061407e-25
-9.858661037440141998e-25
-9.512390266196842608e-25
-1.019289700012760608e-24
-9.618341111178906097e-25
-9.473670841358686897e-25
-8.805024161790546480e-25
-9.928442593699324499e-25
-9.852117375191451407e-25
-9.598690965750957150e-25
-1.006579270788376110e-24
-8.665348208474443943e-25
-9.719229048891031893e-25
-9.430508956176874582e-25
-9.410997855974918767e-25
-1.033210440328746207e-24
-9.574257176502703514e-25
-9.833645982311950537e-25
-9.818601778776309965e-25
-9.975819660421272300e-25
-9.889493719333078370e-25
-9.572110029440581406e-25
-9.314299289149363457e-25
-9.360981510322596165e-25
-9.104652980393534774e-25
-9.345106909770483013e-25
-9.709332709360873268e-25
-9.271565258209114228e-25
-9.288016088961659519e-25
-9.723922585094416634e-25
-9.449578730806954623e-25
-1.023447129835645591e-24
-9.557510532291525462e-25
-1.047928212258703012e-24
-1.005468658852792788e-24
-9.126787098260584971e-25
-1.043200297770063835e-24
-1.041128058817626000e-24
-1.004442141334219653e-24
-9.471876351034365302e-25
-9.952291836100080994e-25
-9.903428000278011348e-25
-9.639832999413318877e-25
-9.660595525344440346e-25
-9.636794082153896539e-25
-1.011298523939135679e-24
-1.005738414947639755e-24
-8.902481037571378052e-25
-9.777652674328166831e-25
-9.835678413036158286e-25
-9.735067249179252947e-25
-9.057232576041331725e-25
-9.638990604215791346e-25
-9.310179034951881770e-25
-9.943714197644822273e-25
-1.068440825593119694e-24
-9.766124613422442098e-25
-9.988057664819038172e-25
-1.016842228945390033e-24
-9.735501665772787003e-25
-1.050549187383334487e-24
-9.476519624207063534e-25
-9.315178333502663355e-25
-8.561555452174216991e-25
-8.334551252969860552e-25
-9.728250472487317952e-25
-9.485035719874403228e-25
-8.535734498954033842e-25
-1.010308117256239249e-24
-9.701140195738702279e-25
-9.925262137856448863e-25
-9.110053598116909142e-25
-8.995622656573173976e-25
-9.846793167471988705e-25
-9.728914333858492412e-25
-9.813081700790544687e-25
-9.605066069247569275e-25
-9.098595790237138451e-25
-9.976563965478407309e-25
-9.287940400789662690e-25
-9.544366943931608983e-25
-1.064474890985499612e-24
-9.511831890429957746e-25
-8.901448310403951025e-25
-9.684232643114375474e-25
-9.350796141073892864e-25
-8.453421173771642910e-25
-1.008284751901272971e-24
-9.235196044730667500e-25
-9.667831297236922277e-25
-8.533067460925939412e-25
-8.686319824011063633e-25
-9.412384094322771062e-25
-9.425654628362622777e-25
-9.099077660159313180e-25
-8.435484968290040439e-25
-8.181080610729642005e-25
-9.294210964784468908e-25
-1.025017737048705134e-24
-9.301871102646453679e-25
-9.439801615598221977e-25
-9.167397174684865486e-25
-9.432677739629504872e-25
-9.662607619024634489e-25
-9.773359685995930062e-25
-9.213053148609104283e-25
-9.864055914302938424e-25
-9.100650532220940542e-25
-9.249475282637985553e-25
-9.008680569012633420e-25
-8.510061315860594971e-25
-9.691111515896433938e-25
-9.082838872891125879e-25
-8.962082268005721759e-25
-9.336420265122147019e-25
-9.546676583591006846e-25
-8.811745339564502401e-25
-8.335169665605298455e-25
-9.289128816456992752e-25
-9.462294710376694479e-25
-8.800481973781024634e-25
-9.059624147462465137e-25
-8.372766570382796356e-25
-8.730850237243486260e-25
-9.086706499009560721e-25
-8.904814458303249926e-25
-8.826207185529054322e-25
-8.408378126561401562e-25
-8.738469975318266310e-25
-8.633753382126742505e-25
-8.219726381412869603e-25
-8.638607942720397388e-25
-8.116138530131098287e-25
-8.103076758594530735e-25
-8.363029595763680417e-25
-8.534688257160620278e-25
-9.005237509836484679e-25
-8.869865151011663845e-25
-8.720630362096402165e-25
-8.644906244068836282e-25
-9.237689990682615843e-25
-7.932142392158369032e-25
-8.915137508252980810e-25
-7.794764542183125923e-25
-8.224833864902238868e-25
-8.526923140879467817e-25
-8.252042874813229565e-25
-8.262383574283680458e-25
-8.068448025533848844e-25
-8.090487501905980881e-25
-8.247349644473164504e-25
-8.353690134307851758e-25
-8.413092475409202273e-25
-8.702615011956989648e-25
-8.124464437318991369e-25
-8.694205999595601394e-25
-8.069467809241457548e-25
-8.146251533499626395e-25
-8.695610031008852687e-25
-8.853650145625921265e-25
-7.879821485582376229e-25
-8.299016502137897279e-25
-8.097803990278624843e-25
-8.060738871733848799e-25
-8.064013068015868425e-25
-7.916199583975135575e-25
-8.087751774682333400e-25
-7.772400732267475439e-25
-8.180043304836661703e-25
-8.013614865984389641e-25
-8.201833455549775976e-25
-7.617684861881700316e-25
-8.026738798919978244e-25
-8.538372972533212430e-25
-7.065299009445316838e-25
-8.021236010503109595e-25
-8.176679699427157794e-25
-8.128040057892687247e-25
-7.810442735763221802e-25
-7.908504781339991648e-25
-7.825095126246402504e-25
-7.298569848857732494e-25
-8.259150947185658100e-25
-8.006898780425811325e-25
-7.858538799838960367e-25
-7.534148846871575142e-25
-7.726110792169051043e-25
-7.994012678997873773e-25
-7.751837508518380514e-25
-7.760709504627392082e-25
-7.735707309927804659e-25
-8.014012067043785383e-25
-7.786926605072195108e-25
-7.789843368643661930e-25
-7.871226675746075209e-25
-8.084702403069662274e-25
-7.664695235507444638e-25
-8.016296961344113131e-25
-8.100550335158512508e-25
-8.214896194588895648e-25
-7.954058871212578849e-25
-7.776912097490298020e-25
-8.019246376756214099e-25
-8.145558541444361887e-25
-8.139718454715754557e-25
-7.631136312349636419e-25
-7.622912467624359515e-25
-7.980891068400645554e-25
-7.301669565685787769e-25
-7.391506636687727260e-25
-7.806697488404935110e-25
-7.648262598135094208e-25
-7.438677251234702541e-25
-8.016117315786674092e-25
-7.538219277601119826e-25
-7.589616326502582496e-25
-7.866240618461457430e-25
-6.916567015343908059e-25
-7.205415009146958479e-25
-7.637466648961735207e-25
-7.477477198507480331e-25
-7.307032595869657491e-25
-7.692495098302938901e-25
-7.595431446281463082e-25
-7.758876962839425087e-25
-7.412676119803250601e-25
-7.278748641235922244e-25
-7.753070779879872717e-25
-8.084153214627228832e-25
-7.257518587606092651e-25
-7.427225390526020047e-25
-7.628178688258640259e-25
-8.151153106039225254e-25
-7.358646050782462895e-25
-7.802007099606115263e-25
-8.442630712987239452e-25
-7.273172782804762084e-25
-7.411528976481365089e-25
-8.418171777251197446e-25
-7.533696992476742771e-25
-8.484125608533006228e-25
-7.335378319168707928e-25
-7.317453992438463337e-25
-7.448800086952953120e-25
-7.544463458474306203e-25
-7.239119993570874295e-25
-7.096772474705360427e-25
-7.023059757955782559e-25
-7.410081703130252692e-25
-7.636788579216138686e-25
-7.551820872147447878e-25
-7.172551224333539433e-25
-7.264456803370639367e-25
-7.432236463691356500e-25
-7.615596923500672405e-25
-7.311529540267149142e-25
-7.938346489502372220e-25
-7.362145335133913279e-25
-7.286789543906488704e-25
-7.523775890834556805e-25
-7.358340819267146802e-25
-7.287491086755713360e-25
-7.443923462126244523e-25
-7.828148150514736107e-25
-7.341869916861914429e-25
-7.467525545761690853e-25
-7.936727278826819812e-25
-8.037823083732979120e-25
-7.174958650360378886e-25
-7.259586742503670364e-25
-7.602754117954648852e-25
-7.296230212540866051e-25
-7.102627649530530274e-25
-7.795249252104446970e-25
-6.697902904484492603e-25
-7.215893169653845270e-25
-7.301588067131792739e-25
-7.865262307353990916e-25
-7.575050534951649646e-25
-7.644057637719018048e-25
-7.571490368101769654e-25
-7.690720218137543203e-25
-7.139463889997882215e-25
-7.864181803500585286e-25
-7.994596934139429689e-25
-6.989648045039005619e-25
-7.371082661162530194e-25
-6.949078555655891371e-25
-7.262387420026659458e-25
-7.188418839941971086e-25
-6.982334941036468888e-25
-7.046131061375434525e-25
-7.140208505426541410e-25
-7.659861640341022265e-25
-7.171172923807968391e-25
-7.315037390697722102e-25
-7.608685795408396492e-25
-7.941018926438604687e-25
-7.440819437931059267e-25
-7.384119461781949917e-25
-7.639296808681880418e-25
-7.591710634581610925e-25
-6.790709041350653914e-25
-6.998434892422122305e-25
-6.844555575015473526e-25
-7.418739783997139658e-25
-7.608250909436233203e-25
-8.015973286649040067e-25
-7.531129071666190350e-25
-7.380614487368307522e-25
-8.071338472644980372e-25
-7.666309625293494398e-25
-7.456319131531353665e-25
-7.213821585826096284e-25
-7.698676093468321079e-25
-7.246160569532315683e-25
-7.440515812209286803e-25
-7.123769855422575616e-25
-7.766403851790059135e-25
-7.066701505869803575e-25
-7.533853961361049992e-25
-7.651944274698587407e-25
-7.438355300873531560e-25
-7.517960088226598739e-25
-6.845053050178948258e-25
-7.351381474729361351e-25
-7.458381611877916298e-25
-7.377789430206416245e-25
-6.978809098537865159e-25
-7.419298304512320643e-25
-7.292000312989314766e-25
-6.707705323471706813e-25
-7.182430750951374447e-25
-7.236141674859672069e-25
-7.185661314026475620e-25
-7.206112696603358028e-25
-7.094872504353735244e-25
-7.213488372553706918e-25
-6.639880130182237008e-25
-6.942066387304219499e-25
-6.692481292101163235e-25
-6.766071910465276486e-25
-7.159688900756453627e-25
-7.527093993344776161e-25
-7.137660936687986145e-25
-7.342337951762981066e-25
-7.577823271618817018e-25
-6.986343819176561835e-25
-7.237288852041226036e-25
-7.174263877458190886e-25
-7.056208477164546067e-25
-6.935486766745149890e-25
-7.016236963814578806e-25
-7.311761312287977250e-25
-6.877218938602913074e-25
-7.088694897544794903e-25
-7.145982056289585294e-25
-6.260606363874500941e-25
-7.378440772342336401e-25
-7.208539539080184398e-25
-7.196973628805988920e-25
-6.989689829377099689e-25
-7.037617949624667559e-25
-6.827343105181907975e-25
-7.508474218994242313e-25
-6.928043271529029144e-25
-7.039664853208205709e-25
-7.244779275208504468e-25
-6.856559260739332140e-25
-7.037257527557164072e-25
-7.028235164903835426e-25
-7.428796410396842929e-25
-7.335627990470744905e-25
-6.819548835331869611e-25
-7.148441884870767266e-25
-6.938002630668024810e-25
-6.881313534789373090e-25
-6.806393784434083535e-25
-6.942742004524910780e-25
-7.071604940639088463e-25
-6.992172626775392572e-25
-7.453301391263393646e-25
-7.055366439898114781e-25
-6.848403430224108697e-25
-7.119613644485574848e-25
-7.066078727861944405e-25
-6.806650069102388174e-25
-6.632613744044302614e-25
-6.725538091847794013e-25
-7.007163340011101282e-25
-6.819376855493092153e-25
-6.717184846382428274e-25
-7.062703248557938747e-25
-6.617671240834781138e-25
-6.769061522000572556e-25
-6.315921493033553096e-25
-7.100807120397105484e-25
-7.024976606135600562e-25
-6.605905013375795566e-25
-6.647441646509191808e-25
-7.064994305469396921e-25
-6.728869409550201780e-25
-6.429399849475624368e-25
-6.217784267882938864e-25
-6.610755959328387228e-25
-6.641204536335208555e-25
-6.406869058292768994e-25
-6.791453841049168369e-25
-6.530532639523677023e-25
-6.353079657258657049e-25
-6.749374379829579067e-25
-6.695992418640665119e-25
-6.298255508314817068e-25
-6.376502125004395043e-25
-6.473823490929493439e-25
-6.185826328937736096e-25
-6.067141344386278520e-25
-6.722017779548717563e-25
-6.386330310008929914e-25
-6.268686873550811491e-25
-6.481018280043958540e-25
-6.196170880084215590e-25
-6.426818264133070887e-25
-6.346603048946441225e-25
-6.452282527816353347e-25
-6.324351725512510622e-25
-6.229670579246758187e-25
-6.372985464255506694e-25
-6.399292493085032591e-25
-6.438156829474165264e-25
-6.175753281367970078e-25
-6.200651502367521031e-25
-6.440876086314430039e-25
-6.474509142503871692e-25
-6.537880396236545390e-25
-6.700743882954127387e-25
-6.150166926751657902e-25
-6.203409473482509372e-25
-6.325469245435606880e-25
-6.215224913659936959e-25
-6.180739004337124446e-25
-5.865373531845215532e-25
-6.414476353802390219e-25
-5.648923038693614295e-25
-6.352073551362876328e-25
-6.075181798711642896e-25
-6.044572512180630610e-25
-6.265547070734269868e-25
-5.924633289516925252e-25
-5.637859653766543013e-25
-5.931082304389718731e-25
-6.359996331108305216e-25
-5.978710405337506163e-25
-6.395148116854534734e-25
-6.113241141796599250e-25
-6.144279463997508172e-25
-6.230420347996302931e-25
-5.803805718947845666e-25
-5.995193125014278011e-25
-5.958321733293282712e-25
-6.362544612389058359e-25
-5.810919924868216895e-25
-5.945468074874409277e-25
-5.668342254889748587e-25
-6.196214822770983317e-25
-6.195662989070359538e-25
-5.886233708182502941e-25
-6.075563677756153097e-25
-5.714536430255491591e-25
-5.982566425259184879e-25
-5.797240666562311006e-25
-5.744804692302126651e-25
-5.820645600636193845e-25
-6.160099369997401993e-25
-5.769108480948673300e-25
-5.882787526275452464e-25
-6.021351662579251247e-25
-6.175530944075716581e-25
-6.062789249528621061e-25
-5.683982850048510353e-25
-5.756783964350081203e-25
-5.906124119565666469e-25
-6.083024782044233241e-25
-6.213562800225476266e-25
-6.000815484020330365e-25
-5.989582357106461226e-25
-5.748171457755863765e-25
-6.089465522702576595e-25
-5.637923264516499693e-25
-5.615251678544095486e-25
-5.914957232432343959e-25
-5.686554450179012787e-25
-5.693118102918544637e-25
-5.631420595340465666e-25
-5.782389386373982030e-25
-5.837673323983412716e-25
-5.766231522340680818e-25
-5.933305786448354293e-25
-5.686881990253241482e-25
-5.212631270309377396e-25
-5.588977657601539889e-25
-5.507425201335880192e-25
-5.652716618817773510e-25
-5.479961250296446176e-25
-5.557063469168068446e-25
-5.483148855430112872e-25
-5.530685347185845679e-25
-5.531101108423212030e-25
-5.212010229272492430e-25
-5.672842225090886425e-25
-5.755309178170337061e-25
-5.245210484792764476e-25
-5.813137076588442649e-25
-5.328904780657815683e-25
-5.504031101900963601e-25
-5.377545077117955436e-25
-5.582643697840687925e-25
-5.107948507176565499e-25
-5.414253990818804100e-25
-5.612179829584956677e-25
-5.492656976015762889e-25
-5.474673009765463575e-25
-5.552624736009027044e-25
-5.133338492701579116e-25
-5.265296928476448474e-25
-5.656279490475297564e-25
-5.513216609103653434e-25
-5.251104629464854185e-25
-5.436514019224803902e-25
-5.415613717817676193e-25
-5.164612397505587629e-25
-5.331780002871825363e-25
-5.391259081059218099e-25
-5.338186893179423129e-25
-5.145093465785219654e-25
-5.063106671800871240e-25
-5.518143039898275658e-25
-5.555703282949946024e-25
-4.859984076023621681e-25
-5.408680781747438961e-25
-5.042970336232478756e-25
-5.530983512384700256e-25
-5.352714094452321565e-25
-5.540641298963399900e-25
-5.122197476266331163e-25
-5.076362399488260910e-25
-5.045696445311085981e-25
-5.069390836959058340e-25
-5.057960169751823462e-25
-5.491595835913103065e-25
-5.024301926747092416e-25
-5.180437996064131426e-25
-5.270755258285989175e-25
-5.254133537030697790e-25
-5.451291632599120593e-25
-5.263341766384210190e-25
-5.466949971529958904e-25
-5.508345933454988518e-25
-5.142800858023079111e-25
-5.179953654279238175e-25
-5.085228001160269684e-25
-5.195233343141427398e-25
-5.439344289369606403e-25
-5.210258167219042469e-25
-4.970093233042262906e-25
-5.333903867108777335e-25
-5.350241394038348541e-25
-5.022637471517820371e-25
-5.113218126293042336e-25
-5.012777277904539494e-25
-4.932796830164025761e-25
-5.096473704437312879e-25
-4.867271107958693449e-25
-5.133487918530178733e-25
-5.136465201598627299e-25
-5.078391708744673256e-25
-4.983038511964489131e-25
-5.015570406217482657e-25
-4.792969401843615145e-25
-5.151174808631503694e-25
-5.404086181313544545e-25
-5.087797291661505844e-25
-4.935855252002105248e-25
-4.842495023980972168e-25
-4.845058745323922894e-25
-5.130338630664549921e-25
-4.805660457961208874e-25
-5.174253081484171751e-25
-4.937803779718599418e-25
-5.027708685932717236e-25
-4.763970608218888657e-25
-4.767828097232754211e-25
-5.214724731893332354e-25
-5.276891687494361785e-25
-5.279546590540956727e-25
-4.902088037165983207e-25
-4.930152708718447417e-25
-4.881023421594502461e-25
-5.018282697190779881e-25
-5.073456319360282749e-25
-5.011096161490595323e-25
-5.122564694067997610e-25
-5.121400307964544678e-25
-4.820896687392511326e-25
-4.979935927531141582e-25
-5.102268312390364904e-25
-5.020164670395075144e-25
-5.159535017677799857e-25
-5.038564649051865875e-25
-4.973269910804255465e-25
-5.037831315344431283e-25
-4.913186981254569164e-25
-5.101501038854071774e-25
-4.898351076375419528e-25
-4.820915006354732224e-25
-4.979774611663662130e-25
-4.719021916764095614e-25
-4.982073140443839601e-25
-4.951608995673053243e-25
-4.477359129592788355e-25
-4.993031433491718878e-25
-4.830471921672050398e-25
-4.779878737696996565e-25
-4.736320004492975754e-25
-4.692294634477743226e-25
-4.688294108134084710e-25
-4.911827530641205526e-25
-5.023628903834371162e-25
-4.834385938323096515e-25
-4.835699643427618361e-25
-4.612894409563438810e-25
-4.894751117878329688e-25
-5.171079891426852194e-25
-5.220664575598098103e-25
-4.796325675967662255e-25
-4.823476701993250188e-25
-4.721034486420743785e-25
-4.853672949321810300e-25
-4.788429510727815004e-25
-4.784997056866741150e-25
-4.798523354080605004e-25
-4.761800742506795748e-25
-4.823644765454938573e-25
-4.758788554268744103e-25
-4.685005064173333140e-25
-4.513694206496127301e-25
-5.018983374874221847e-25
-4.770213591016144369e-25
-4.875814081901134707e-25
-4.919878187703010274e-25
-4.819892011327024090e-25
-4.899875327587113990e-25
-4.878952028692752743e-25
-4.803509038676265160e-25
-4.534758311249296668e-25
-4.717784603356169275e-25
-4.354253895840816896e-25
-4.822413816836935371e-25
-4.574906646389730390e-25
-4.806655793519976801e-25
-4.508420474067491940e-25
-4.594866578348473165e-25
-4.695739501224706988e-25
-4.907250084064932189e-25
-4.448665427390322319e-25
-4.688813195288923723e-25
-4.603404996956993432e-25
-4.664563200167724703e-25
-4.610537306396169291e-25
-4.478950636396345823e-25
-4.346238845656364325e-25
-4.621744601430341429e-25
-4.577697988041588779e-25
-4.425600870122540371e-25
-4.490524455640213612e-25
-4.646947655861073855e-25
-4.715868650070912311e-25
-4.483796355179437690e-25
-4.558438011378582874e-25
-4.593739641033031553e-25
-4.291211790537658421e-25
-4.323332572513603287e-25
-4.532725972159806969e-25
-4.615690633372080608e-25
-4.446195919150023372e-25
-4.626165999031160619e-25
-4.301430472792703368e-25
-4.647427575077992000e-25
-4.313691898676343211e-25
-4.367006164440526145e-25
-4.298777022345083720e-25
-4.377953789120930276e-25
-4.658228923671255198e-25
-4.419250982718441771e-25
-4.511359973560575507e-25
-4.274969838155688020e-25
-4.238004623035215838e-25
-4.145668922355480199e-25
-4.331926844202885680e-25
-4.247377040352967452e-25
-4.238624574018234529e-25
-4.314835713360062722e-25
-4.524593933220280478e-25
-4.311280863002762466e-25
-4.274679438233307648e-25
-4.324001737250635026e-25
-4.275870421240579807e-25
-4.238397376215334672e-25
-4.223651556196048631e-25
-4.146859510539238865e-25
-4.181093838478566987e-25
-4.316694736308466341e-25
-4.287358184579104089e-25
-4.115936310327544827e-25
-4.222895189189532762e-25
-4.388601182818647903e-25
-4.411380531516789255e-25
-4.223098617270704709e-25
-4.057184817121358648e-25
-4.041067561204195854e-25
-4.265147065483691058e-25
-4.054087594628525505e-25
-4.447795883647957695e-25
-4.090253466396137138e-25
-4.061248605561528292e-25
-3.935670071213798648e-25
-4.080222760990841118e-25
-4.203071331402372232e-25
-4.008247350637430989e-25
-3.788914452564982025e-25
-4.082615598549386265e-25
-4.066454222274244911e-25
-4.106060029568742160e-25
-4.043515150930662485e-25
-4.201560022149060118e-25
-3.861934859887023999e-25
-4.028180575380461132e-25
-4.166970770862507473e-25
-4.018016256969634781e-25
-3.892875799660378152e-25
-4.230625557883906807e-25
-4.022749112274308669e-25
-3.858836680957550619e-25
-4.035570178305705737e-25
-4.121499020324180640e-25
-3.845473539801662487e-25
-3.880756881495482422e-25
-3.867290894321076786e-25
-4.123966747030300108e-25
-3.733294730167171042e-25
-3.854816118645640193e-25
-3.716337291668448928e-25
-3.885131157028851153e-25
-3.621623858911418751e-25
-3.736307220354159954e-25
-3.886976406576512425e-25
-3.715796472600030664e-25
-3.535093346958140647e-25
-3.737099623386729589e-25
-3.885074701100329974e-25
-3.798812965021415920e-25
-3.807557753275328832e-25
-3.779947946556979064e-25
-3.660075041707351568e-25
-3.570483899664441141e-25
-3.464044314977481473e-25
-3.711267928978504916e-25
-3.732990962459594075e-25
-3.782361034792034548e-25
-3.682579016288086433e-25
-3.782259137145510228e-25
-3.724172313749593945e-25
-3.623363812210893569e-25
-3.609145513620875013e-25
-3.662756563347127918e-25
-3.665652136245785097e-25
-3.748494290278379399e-25
-3.618900721841079600e-25
-3.519010795733637718e-25
-3.668663192055246390e-25
-3.542755485526177565e-25
-3.463116629079667415e-25
-3.492114574966028526e-25
-3.213394546827322742e-25
-3.621519145456509926e-25
-3.590565792251443890e-25
-3.498638007340771136e-25
-3.736348712651874095e-25
-3.574939425143374892e-25
-3.752770135052383637e-25
-3.452714961174937567e-25
-3.515162385905539136e-25
-3.456457486653990533e-25
-3.549486739980857117e-25
-3.451999513838811616e-25
-3.465330366225317167e-25
-3.391554460440805329e-25
-3.367574261543979652e-25
-3.382068824877570799e-25
-3.301638531933175523e-25
-3.518632845298114178e-25
-3.570088992229141964e-25
-3.477906988698127324e-25
-3.380063081101622232e-25
-3.288381243606005300e-25
-3.525684952951876749e-25
-3.350293803878701827e-25
-3.200691387810154711e-25
-3.235581410870048772e-25
-3.215937500560483763e-25
-3.170890195282895972e-25
-3.325728455626234967e-25
-3.358961617033661501e-25
-3.405398821572469992e-25
-3.257951975396427540e-25
-3.381620286006258799e-25
-3.273235818892749123e-25
-3.378844176801632014e-25
-3.132077465028630218e-25
-3.067193182043760696e-25
-3.328301719930290527e-25
-3.387548528804835131e-25
-3.262772076074458220e-25
-3.107183805697621304e-25
-3.227271758163175155e-25
-3.235890393632200197e-25
-3.013959977396693797e-25
-3.327569695955311462e-25
-3.251612024517054719e-25
-3.082605308009208092e-25
-3.301321174231556530e-25
-3.315386396237090483e-25
-3.318389941759389383e-25
-3.192194445839249376e-25
-3.126614854609915145e-25
-3.064039262767393380e-25
-3.186558119363381878e-25
-3.071414538177577506e-25
-3.047761338457244045e-25
-3.229346176713714832e-25
-3.043949901490092345e-25
-3.263542329025062247e-25
-3.225019437027219455e-25
-3.068592625146481449e-25
-3.129296646410465584e-25
-3.019758111195366274e-25
-3.088836617590729842e-25
-3.078548164947180097e-25
-2.981862421938532484e-25
-3.072180182446442720e-25
-3.194632185172844533e-25
-3.111351897083082472e-25
-3.113183246173857691e-25
-2.961358999396963681e-25
-3.034946863945431824e-25
-3.010180409535845824e-25
-3.014130130643022004e-25
-2.945248997498248010e-25
-2.942519271186585430e-25
-2.993768820921411773e-25
-2.968575912085887495e-25
-3.096899945646861436e-25
-2.956331361664910997e-25
-2.772829911510507132e-25
-3.151580065964809216e-25
-2.839702714780393352e-25
-3.033996383052127973e-25
-3.089044168926946679e-25
-3.012626285468137005e-25
-2.997011843696844197e-25
-2.869114151847688190e-25
-2.909891742419929317e-25
-2.867829453504843789e-25
-3.020134081959734645e-25
-3.030974639393921562e-25
-2.989736649257530121e-25
-2.965840778934491092e-25
-2.873654773103472143e-25
-2.715527545057579248e-25
-2.828442582208703652e-25
-2.794559664035773119e-25
-2.894476283743812528e-25
-2.909853757130221364e-25
-2.896663361670572086e-25
-2.785938543936598324e-25
-2.740717026655111472e-25
-2.718562240535377717e-25
-2.919552997464905656e-25
-2.778519490275100400e-25
-2.945620168808794133e-25
-2.757134896690485258e-25
-2.709744056604076560e-25
-2.808192543349833874e-25
-2.860448628633891997e-25
-2.630212519769980248e-25
-2.774011057799752269e-25
-2.783044182338703046e-25
-2.828315556870112627e-25
-2.722352012710190499e-25
-2.700115768280654626e-25
-2.734328277398125992e-25
-2.671603553426172372e-25
-2.611719251484775380e-25
-2.719164956154382930e-25
-2.735927664032951552e-25
-2.670294539686191231e-25
-2.683593316918606246e-25
-2.689273247113127339e-25
-2.581909746166079998e-25
-2.522590879538541090e-25
-2.809810244630470587e-25
-2.726367838300318612e-25
-2.586961723935650018e-25
-2.852031863824479947e-25
-2.674020883064779697e-25
-2.624890744300605049e-25
-2.740773367796309451e-25
-2.738691548798012668e-25
-2.566789770343265941e-25
-2.699419824221468634e-25
-2.535283067713348852e-25
-2.581761713353966885e-25
-2.533681705953985121e-25
-2.651014487855594730e-25
-2.576167513701567144e-25
-2.602969271641429099e-25
-2.570617524855611594e-25
-2.536911317801641465e-25
-2.646010323304930970e-25
-2.637817434547590809e-25
-2.565469768231550073e-25
-2.464219117161546935e-25
-2.619717923694657089e-25
-2.561669819627603811e-25
-2.536069709171077561e-25
-2.605505964723100073e-25
-2.470154844416440608e-25
-2.575387195533940953e-25
-2.644065417892114689e-25
-2.623744679327800556e-25
-2.579642414275102390e-25
-2.444775992304684907e-25
-2.371115755285520510e-25
-2.622673580669711713e-25
-2.476673718804249537e-25
-2.530287662891402093e-25
-2.474787170777719071e-25
-2.425502692753838483e-25
-2.478941404415758645e-25
-2.393823597892022853e-25
-2.553268261583186514e-25
-2.540063263854640327e-25
-2.493745096620798475e-25
-2.336944498285859657e-25
-2.534599709943131777e-25
-2.389922961420760711e-25
-2.465478196718943916e-25
-2.368807123362813528e-25
-2.453885474137980256e-25
-2.362599926465747395e-25
-2.406611635283932101e-25
-2.386651159607677917e-25
-2.467587107047696298e-25
-2.362086107382695632e-25
-2.418652235410391044e-25
-2.430969415300854271e-25
-2.499531419560412954e-25
-2.218552701988421808e-25
-2.394825011116074122e-25
-2.381870656092125353e-25
-2.333799005605678957e-25
-2.343692611699957521e-25
-2.236024582188352697e-25
-2.372997223745682271e-25
-2.180452809969900250e-25
-2.228023867334651270e-25
-2.260411574350685830e-25
-2.184991758431348922e-25
-2.353000144010467932e-25
-2.166205946126185226e-25
-2.248893598858080070e-25
-2.261154006642132566e-25
-2.329979793673678205e-25
-2.179792837684343235e-25
-2.301408717324717242e-25
-2.245173626402770494e-25
-2.333857497177178199e-25
-2.312501837561919510e-25
-2.150376918710945441e-25
-2.246694660642840776e-25
-2.234063590553489417e-25
-2.203850700204162111e-25
-2.163843011806288649e-25
-2.277388803390877496e-25
-2.268798641652662630e-25
-2.155864017011921703e-25
-2.187742004398364827e-25
-2.225613003388013976e-25
-2.070197733218871362e-25
-2.175138666972086649e-25
-2.276707647298446608e-25
-2.095636451642094602e-25
-2.137557677849765172e-25
-2.224909493508966520e-25
-2.006002717953725961e-25
-2.034451387799174285e-25
-2.025725116391875450e-25
-2.015963039795696793e-25
-2.040342594885943131e-25
-2.049953868991737473e-25
-2.122192774323246109e-25
-2.065915357261365342e-25
-2.009909882815678774e-25
-1.982492569645167663e-25
-2.163372427818907667e-25
-2.081691495059088613e-25
-2.133968139485511602e-25
-2.017340883822267325e-25
-2.046348521702954029e-25
-1.973303311315090862e-25
-2.034352338486659182e-25
-2.142451951080201393e-25
-2.020465350149659913e-25
-2.053476892751308084e-25
-2.181509192491943206e-25
-1.962983505873627404e-25
-2.011964520535309596e-25
-1.998926647729592143e-25
-1.968372773092558179e-25
-2.043735628606491112e-25
-1.945599489728091733e-25
-1.984045621438728446e-25
-1.945091172673393990e-25
-1.950067066100752948e-25
-1.934145044558710591e-25
-1.979276920488659761e-25
-1.993849140181113988e-25
-1.966934820620970583e-25
-2.010987649439827824e-25
-2.039402895654089603e-25
-1.848225249743799803e-25
-1.917851410396821261e-25
-1.879280483546877150e-25
-1.934265967225658302e-25
-1.749244304777585792e-25
-1.972768552940496355e-25
-1.870226805538914636e-25
-1.836272839901023211e-25
-1.941277755127045055e-25
-1.850498571294071264e-25
-1.903521494440545129e-25
-1.974184601904184334e-25
-1.888767879849480408e-25
-1.818841396915835595e-25
-1.858017482424236861e-25
-1.851452181746094463e-25
-1.879391059148113302e-25
-1.664364845071327212e-25
-1.812874721790083937e-25
-1.826263209713612739e-25
-1.831808942583674712e-25
-1.854800280696749637e-25
-1.778664543574698634e-25
-1.749849930616198588e-25
-1.823033846951930524e-25
-1.864327576963465223e-25
-1.815856438224237112e-25
-1.779282673712665407e-25
-1.767696845528377670e-25
-1.665373128418651664e-25
-1.731016336144174747e-25
-1.809441201215977288e-25
-1.727160385554301017e-25
-1.732711533897369973e-25
-1.707995459451830812e-25
-1.738570998071923817e-25
-1.758837249510599688e-25
-1.665126659165577087e-25
-1.726164944586282928e-25
-1.775285235314293171e-25
-1.697087156416757207e-25
-1.659119624635031320e-25
-1.605161083586257585e-25
-1.734414432733215073e-25
-1.680104158801756544e-25
-1.706489949206916614e-25
-1.618900727960622069e-25
-1.643262429164724513e-25
-1.627978353372952482e-25
-1.625519865849072710e-25
-1.548539913918059753e-25
-1.599680970254575972e-25
-1.681930837984913696e-25
-1.679055742143812065e-25
-1.669517211790015507e-25
-1.653214489944367767e-25
-1.598455050977155833e-25
-1.570564729610154299e-25
-1.612068069640748809e-25
-1.611966797978869671e-25
-1.652066430528134065e-25
-1.623082892639588591e-25
-1.620877311163863246e-25
-1.538383462837494909e-25
-1.632054444431618896e-25
-1.586542217458597167e-25
-1.635775936362754462e-25
-1.589629317993593379e-25
-1.584414307183747210e-25
-1.586306721515633276e-25
-1.585840164976488640e-25
-1.539571887676848773e-25
-1.561643173621000429e-25
-1.597322496400016792e-25
-1.608495978104058351e-25
-1.511740823153049398e-25
-1.404539720972103110e-25
-1.524409633839112860e-25
-1.500424536074068591e-25
-1.575439133391426071e-25
-1.549446957094607736e-25
-1.505357735946146111e-25
-1.495780676619087053e-25
-1.546884051322570345e-25
-1.422775189404398916e-25
-1.522322546368966773e-25
-1.465474076140660222e-25
-1.399386367925189342e-25
-1.377402892544473390e-25
-1.398086518788545616e-25
-1.415591612839172450e-25
-1.389915155626153898e-25
-1.397397648060920257e-25
-1.452490586162630830e-25
-1.411219990900766215e-25
-1.463484320316871136e-25
-1.388139125782415945e-25
-1.483879186968475029e-25
-1.377768485758211668e-25
-1.392356310262804390e-25
-1.409306235137490364e-25
-1.311372968934113013e-25
-1.390056873164803162e-25
-1.358887624573920564e-25
-1.401929887648463843e-25
-1.363506020613402047e-25
-1.368290116190181716e-25
-1.411868037862539007e-25
-1.362500735874849090e-25
-1.423669484999594598e-25
-1.326191637793123352e-25
-1.336288929223686162e-25
