0.000000000000000000e+00
0.000000000000000000e+00
-5.490745003860865253e-12
1.317579107077884014e-12
-6.896375477081998109e-14
3.627057156732117222e-13
3.938774209940893113e-14
3.673251552959135582e-14
2.190232488246140498e-14
7.292618459642937931e-15
6.789261269086344426e-15
1.442826049043853467e-14
7.264832552415731602e-15
9.936485441626993964e-15
4.969184755595582045e-15
3.887570756699616640e-15
9.906325274734739850e-16
2.773252383007230280e-15
1.155396283351081795e-15
1.983251786988438006e-15
7.789953383444742070e-16
8.727908586681050675e-16
6.238385913623135323e-16
4.396875996563328845e-16
5.932806494797449806e-16
4.794262481515533218e-16
1.958626602834271534e-16
3.273425471453528333e-16
2.282711278242232163e-16
2.895739864040245119e-16
2.079355284952323407e-16
3.693550630472997173e-16
2.211197588846933905e-16
6.720677350221813699e-17
1.818640262338756838e-16
1.528518654896650378e-16
7.462479160799583229e-17
1.082091275688694271e-16
6.936683682823128045e-17
6.947851938153533521e-17
1.058529629567506055e-16
5.439545403440357768e-17
4.367914701112052045e-17
2.717688842663075818e-17
6.032508702789928441e-17
4.307563936815115704e-17
2.267795312705242018e-17
1.059150832657792555e-17
2.717103164143996899e-17
3.361547042506765349e-17
1.407998203381818209e-17
2.375718114731518903e-17
1.819126503568423377e-17
1.597564050738378373e-17
2.484830691404367445e-17
1.542548217533874639e-17
2.013430533738712696e-17
1.838471872692427797e-17
3.236579384005780496e-17
4.425931467193622767e-18
1.105302178831333117e-17
1.261455150218869349e-17
4.320597301358488928e-18
5.886011634367021462e-18
1.246767704555319434e-17
9.577899897882772887e-18
1.281661455091468663e-17
8.556534719606673311e-18
1.057417181416392444e-17
7.586169654705159940e-18
6.414447477931776656e-18
2.921193839305070570e-18
5.501399286722961799e-18
3.724779762717729586e-18
3.406073693915891602e-18
4.976615390372307675e-18
6.651976650604897118e-18
5.499404899693345368e-18
4.727400492207738020e-18
5.804785855106467055e-18
3.710820817768779141e-18
2.114760521556851949e-18
4.042738619811988356e-18
4.137802897792718748e-18
2.791626978139797022e-18
3.353812644210392012e-18
2.622462860100314089e-18
1.969478859327281994e-18
2.421549492786217045e-18
3.086903260987849098e-18
2.504633530862176445e-18
2.618825714034759384e-18
1.844328472850165798e-18
2.075729374388764307e-18
2.766253655376370454e-18
1.293015183225947355e-18
1.919109780584538579e-18
2.889194773140248448e-18
1.778029933003705480e-18
1.465600537222610075e-18
1.284093587518326995e-18
1.529294441961948602e-18
1.328927602864401518e-18
1.828202020564981928e-18
1.563313955613025257e-18
1.075241675058016116e-18
1.682185469769910396e-18
1.300880670796110147e-18
1.242444879836286154e-18
1.135387557967709397e-18
1.205089640811998382e-18
1.482868736950335945e-18
9.428496469925106041e-19
1.158634895988671926e-18
8.507099967798381588e-19
9.321958593345910153e-19
5.897085557573925354e-19
9.474422869668731272e-19
5.206338128512123974e-19
8.196442211792106716e-19
6.813180544224750642e-19
9.699492378309361197e-19
4.231161415321956053e-19
7.465616419492386249e-19
9.431981119095085435e-19
5.452465645882153398e-19
4.325333428689329415e-19
5.036328422077295145e-19
3.501661189754017113e-19
6.131117060058780677e-19
5.640393785287190636e-19
5.296688160718161664e-19
4.102405058279785172e-19
3.999229970040049147e-19
6.317815219954357215e-19
4.541922118084447082e-19
3.614016444729172716e-19
2.846389979227696152e-19
4.145390962350118269e-19
3.407946141448457365e-19
2.781591907574320897e-19
3.722428679905045848e-19
3.111860656509231207e-19
3.600184575614938159e-19
3.053186285392834163e-19
3.424068550733529446e-19
3.059944662834544456e-19
3.289622713740484556e-19
2.971989348117891353e-19
2.980465669069569715e-19
2.288408894011933668e-19
2.628642558357037381e-19
2.824173235269882199e-19
2.824060828780965232e-19
2.603422534990928903e-19
3.446598717259949042e-19
1.615652359080294948e-19
2.671714021121803033e-19
2.296281314943454127e-19
2.481382952840447521e-19
2.626707740511062981e-19
2.532002739456813908e-19
2.547811572445105849e-19
2.269852691690128625e-19
1.592708113492787790e-19
1.820260895175072333e-19
1.457049630983162356e-19
1.467658639807598393e-19
1.841132962023760742e-19
1.920028198639744621e-19
1.859332948540031235e-19
2.260106641168408812e-19
1.374215016502904290e-19
1.330238731647489823e-19
1.557433264661397016e-19
1.425879896231136297e-19
1.220975967073493801e-19
2.117558002503651868e-19
1.419801812280427980e-19
1.761998338600436365e-19
1.826764753429053794e-19
1.205511760787125194e-19
1.376976187036532415e-19
9.367644571472763696e-20
1.529051988156911444e-19
1.342647235472498270e-19
9.868099714355149960e-20
1.170655715255934906e-19
8.389842936779966260e-20
1.060738650264125709e-19
1.047106335948128460e-19
1.137041680368332369e-19
9.423675116767140779e-20
1.091602464090360344e-19
9.708093003871152823e-20
1.186884579361360753e-19
7.507585914214799432e-20
7.783078806211934699e-20
8.116255370863673640e-20
9.480308093689581145e-20
7.558705930619042474e-20
9.108213711158320950e-20
1.004054887975164999e-19
4.535707499262943517e-20
9.040587866351774726e-20
6.837082829322226217e-20
6.974718446443931225e-20
9.216833570137995952e-20
9.371189662919440758e-20
6.995375918323674491e-20
7.916749277158517437e-20
7.917910395022951086e-20
7.042317433567826462e-20
6.215758517023093302e-20
7.993128217308473696e-20
6.449909005265903118e-20
5.938938293199066926e-20
6.295529743132540912e-20
5.167389150941200147e-20
6.607925202988059111e-20
4.088184036353271854e-20
5.959208088639321038e-20
4.676163103226061497e-20
6.498519345222743534e-20
4.977882316234783452e-20
5.107087213971760940e-20
4.209076017366037362e-20
4.724258622953567284e-20
6.518430743627081856e-20
4.499272667696404232e-20
4.584846889708689367e-20
4.192395835524208293e-20
4.592582861346943580e-20
5.375597812932179743e-20
5.252638759796801047e-20
5.818861913776226569e-20
4.875754279831689426e-20
4.036313283280567105e-20
4.408855275026522379e-20
3.295575400734287542e-20
3.982011181355101250e-20
4.621741006200191355e-20
3.751172370870066474e-20
3.210571039112391724e-20
3.393271143601915801e-20
4.438192624293146461e-20
3.946667675217205982e-20
3.030531573905026928e-20
2.521576594846310400e-20
3.580952515772244422e-20
2.617671252433029507e-20
3.464632775315513830e-20
3.090838720060812764e-20
3.158173761123580974e-20
1.545752297149269179e-20
2.409101862472645642e-20
2.321399176783949498e-20
2.837711202322525440e-20
3.400224997817298475e-20
2.445388055549576429e-20
2.484608817362847298e-20
3.418149948923781318e-20
2.438874010950819823e-20
3.128251363664807143e-20
3.052284321768273311e-20
2.720017413892938026e-20
2.424818915319088464e-20
2.637058674758360915e-20
3.094603351452759546e-20
2.561746246584293095e-20
3.434513049243693812e-20
2.219281414745547239e-20
2.109059911156427757e-20
2.625438645030030935e-20
2.894013040587310252e-20
2.084449476571358038e-20
2.040177545325653378e-20
2.112612836629266337e-20
2.190968914992253170e-20
1.951508192583325063e-20
2.575706328969018455e-20
1.635448360027232968e-20
1.474379800817820341e-20
2.357116200476930280e-20
1.819532330181033385e-20
1.929519871948671097e-20
1.636207087830599208e-20
1.919067877416808966e-20
2.056377365125246226e-20
1.812864216677526492e-20
1.572680567364072451e-20
1.784966504596165580e-20
1.863757988572176567e-20
1.705485908896678511e-20
1.705667543745649497e-20
1.619956636518902931e-20
2.270451384376186171e-20
1.854481670148375637e-20
1.949388606878653605e-20
1.454725407921306786e-20
1.308522583170802579e-20
1.908832318904970711e-20
1.061582002340519646e-20
1.588402593172563441e-20
1.756202722533104494e-20
1.408066920448552488e-20
1.986252539439306087e-20
1.742728428903368074e-20
1.567769377966278637e-20
1.158525574238365848e-20
1.484063978475561844e-20
1.691155340519739302e-20
1.529958179137546633e-20
1.539482381995845523e-20
1.412686497119929185e-20
1.744739978813432000e-20
1.590316550222986913e-20
1.072814983697491934e-20
1.209577020270881669e-20
1.454496836735859408e-20
1.022797526637143379e-20
1.783499372621252258e-20
1.154328191186961632e-20
1.340098645025617973e-20
1.239126364002217278e-20
1.149782330941872314e-20
1.169167070749891337e-20
1.248006302467585362e-20
1.283305957410562049e-20
1.197310732104753031e-20
1.129185503957558594e-20
1.302020986841953671e-20
1.250170120814462705e-20
1.079908061315683335e-20
1.274219295892642442e-20
1.072816705596546768e-20
1.156985219642387788e-20
1.340492877672968559e-20
7.853796291976667726e-21
9.770956742632864093e-21
1.223724257370641375e-20
8.118899627514595652e-21
1.155449118973394512e-20
9.576646497162428598e-21
1.104977754588730146e-20
1.251705673835419445e-20
8.383971116476385974e-21
1.252861573003648531e-20
9.315548490521041219e-21
7.663504406295657164e-21
1.201159177995742029e-20
1.030706876327566072e-20
1.041591007344127961e-20
7.930384685831666660e-21
1.184700946808451790e-20
9.468970639124899446e-21
6.576883083289664745e-21
1.097575369077665469e-20
8.613823518903261734e-21
8.263289724675346409e-21
1.004827590124519966e-20
9.231142966782540087e-21
8.618148786032784558e-21
9.350849539353073715e-21
6.651352988513750392e-21
6.331459205127605796e-21
7.444731440382394386e-21
5.835495544248689196e-21
7.746609846400707931e-21
7.697065126255225619e-21
5.672657655704383479e-21
8.231600848404039094e-21
7.541283638873578471e-21
7.362041049318752216e-21
5.576772131056262500e-21
7.610580620288783843e-21
6.418359875681587233e-21
6.371080323488228915e-21
5.827643164695414332e-21
6.736006284375509069e-21
6.519607264011729435e-21
8.003599922875709054e-21
6.408375309363443327e-21
5.687029679374863855e-21
7.241042564951424119e-21
5.980590233869494147e-21
5.602350740326065716e-21
6.670905012300517165e-21
7.776566376303948981e-21
6.165006949909660298e-21
5.538461114320936312e-21
6.126423747542500229e-21
7.564972574269724848e-21
5.881765673964323752e-21
5.997356742505674128e-21
8.010008658554603390e-21
6.322594292523026031e-21
5.956410759938576714e-21
6.629167105612892628e-21
5.338851944080113484e-21
5.537698059775232084e-21
6.432068275872448439e-21
5.191488074927301396e-21
5.666652157059334863e-21
6.333116381521444278e-21
4.636627126272751855e-21
5.560311182346585692e-21
4.626783098160606003e-21
5.436147577555034476e-21
4.949826419120765415e-21
4.971972164080750593e-21
4.304585437377926699e-21
6.440980046695555434e-21
6.015284975831305255e-21
4.996026742399677874e-21
3.449221000976541039e-21
4.762011877381807844e-21
4.987002987968153798e-21
4.283601756368309854e-21
4.491326428005381873e-21
5.394333724088508109e-21
4.473124502905777708e-21
3.977432119452511528e-21
4.098536506966344506e-21
4.490788434908820045e-21
3.756580160289101197e-21
3.778091232104129151e-21
5.057473948420041681e-21
4.868464510497332648e-21
2.831689112809895543e-21
4.407153801023307538e-21
3.787446210596726374e-21
4.963913722395127803e-21
3.946362239491519014e-21
3.682731493258674254e-21
4.189837142539669669e-21
3.727771117423851940e-21
4.297676382766702555e-21
3.406432371232196446e-21
3.368127221334870006e-21
4.461262983310618485e-21
3.600797094371744108e-21
3.701683183160148619e-21
3.987778337372007791e-21
3.823042699731359557e-21
4.313201502652006421e-21
2.954422242701997927e-21
4.082823812212502178e-21
3.380653063284427176e-21
2.924427452902136231e-21
3.433846969117771259e-21
3.984209195151269713e-21
3.796981879335020817e-21
3.235876260199891337e-21
3.863769058135890628e-21
3.041029726300624971e-21
3.218282806798583295e-21
2.729922238170659506e-21
3.516770633236493720e-21
3.280744917148170085e-21
2.104592204308621391e-21
2.988678458402325358e-21
3.343670807483608716e-21
2.352497037442635441e-21
2.637029379451896650e-21
2.611924425771010834e-21
3.393022506321783253e-21
2.497958414680167258e-21
2.728840963859538192e-21
2.710292983251896916e-21
2.398148349068657176e-21
2.980913832566963365e-21
2.686532945583805318e-21
2.892588332589812408e-21
2.630136205868494249e-21
2.734159468086391631e-21
2.487291154357290822e-21
3.079352518452169547e-21
2.472381422388944703e-21
2.108375349519582773e-21
2.450554750828550808e-21
2.562998709285494044e-21
2.513922430586384378e-21
2.084893393543012974e-21
2.293069808955843282e-21
2.019583906175215288e-21
1.944324495147416634e-21
2.685480894786261945e-21
2.380487998623554558e-21
2.425001303633436478e-21
2.007770611424487398e-21
2.183321772452220347e-21
2.431991887168621486e-21
2.759858557136719206e-21
1.819127118632915379e-21
2.722225308948955100e-21
2.395746599795504206e-21
1.942488975929693739e-21
2.194833376606659901e-21
1.631841094191731963e-21
1.915574514033578309e-21
1.693343589890009229e-21
1.543575762337857534e-21
2.258576326273949407e-21
1.737738263041777234e-21
1.879703691367065464e-21
2.327453318423978835e-21
1.992200477418415133e-21
1.677160993362402223e-21
1.849529487377002580e-21
1.886849687334519862e-21
1.721111710897431181e-21
1.837469809576501419e-21
1.774949766932070412e-21
1.989805087021280276e-21
2.188467206740053915e-21
1.816279321170289549e-21
1.865184452600535710e-21
1.539424184266370738e-21
1.594066935508278480e-21
1.747143658048624089e-21
1.608714333858176328e-21
1.635693454302384554e-21
1.906391883972363033e-21
1.455510596895457637e-21
1.964331461477908127e-21
1.264006061135279941e-21
1.724138842647249959e-21
1.497924072930381570e-21
1.738808275672346402e-21
1.542944165134756196e-21
1.366201062543190982e-21
1.359307396274391060e-21
1.897519794770055677e-21
1.217645812307951898e-21
1.352115004944001891e-21
1.474817751601264151e-21
1.512388913871803223e-21
1.695783747536312173e-21
1.686659018295118411e-21
1.305547928270695170e-21
1.173944276961781867e-21
1.315782295610081430e-21
1.373061497638538102e-21
1.483759571010351810e-21
1.610971305653944304e-21
1.385689663998102288e-21
1.245366932643265407e-21
1.318235769842441191e-21
1.263270423936434804e-21
1.322522776641930138e-21
1.191659854384202362e-21
1.183826101892537331e-21
1.460852358874732995e-21
1.154417207394849038e-21
1.075307833174761575e-21
1.121400748842389151e-21
1.152490943999928932e-21
1.267175055598107483e-21
1.049881633882792990e-21
1.053024271323850868e-21
1.110074490949221741e-21
1.036489262595973331e-21
1.421630591005012337e-21
1.258138529581126786e-21
1.129122220808950496e-21
1.151337170130624717e-21
1.432014173963659142e-21
1.250292622332851916e-21
1.085537313241712181e-21
1.297679961546450991e-21
9.803343247536249624e-22
1.194124489790388619e-21
9.955935229350284192e-22
1.301587986658902094e-21
9.614182555788471418e-22
9.856748106409293581e-22
9.635607664617766419e-22
1.161049044134044458e-21
9.588374308637548903e-22
1.146274454468747467e-21
8.782541823981798185e-22
8.271865675472183636e-22
9.084357315538591066e-22
1.087690471024848325e-21
1.198561493585654062e-21
1.068872542314421933e-21
9.855604176499335123e-22
1.216475864217393936e-21
9.028148425673364634e-22
1.117904346000142462e-21
1.239225891608398736e-21
8.301191626598921375e-22
8.586832435535035074e-22
9.394320390547540199e-22
1.024389570110859624e-21
7.919943137527220956e-22
1.013883676319490517e-21
9.087223408733700050e-22
9.580362364351716435e-22
1.062258493753774496e-21
8.438377815646418364e-22
1.134604211466174315e-21
6.835810705644938040e-22
9.410654935151491876e-22
8.804914019911710651e-22
1.154514150729156903e-21
9.403683372667131990e-22
9.958483803343049130e-22
9.800978433705012327e-22
6.062807579335389785e-22
9.156353339910381910e-22
9.347533878909802668e-22
1.008712864153524702e-21
8.220843463736756821e-22
9.692063516211831669e-22
7.566513495902811394e-22
8.335877978097595522e-22
9.895175425755849916e-22
7.922338009232152943e-22
8.194498916752723997e-22
1.045213316273656445e-21
1.050545708786284815e-21
7.278505815631232439e-22
8.735813341099798644e-22
7.090759864279856882e-22
6.178554903399388556e-22
8.498531828534455048e-22
6.063907479229881114e-22
1.041416523211862266e-21
8.319510152742360746e-22
8.380647297759843232e-22
7.491349947286153319e-22
6.589728993673741136e-22
9.089020845217682742e-22
7.944940007313566984e-22
8.218082428009524173e-22
7.146143580730249157e-22
7.760222067903805902e-22
7.186197065009187801e-22
7.087051422591355064e-22
7.692607817213374309e-22
6.391684402965896349e-22
7.637691759544530399e-22
8.688064527344423142e-22
6.804506883746428535e-22
6.909620831310574138e-22
6.618774812585954143e-22
7.754306945645845651e-22
8.057066632703793988e-22
6.098073121010839539e-22
5.848481801612592279e-22
6.567581640181398808e-22
8.232689945618509927e-22
7.593470416081103370e-22
6.657955176559690989e-22
5.615370315595701629e-22
7.643301417160163442e-22
7.228322706356233321e-22
5.623058303543741217e-22
6.757959610314500812e-22
6.021219521020492217e-22
6.708884856309210360e-22
5.952754101142787824e-22
5.231892195446103488e-22
6.940004606710197204e-22
5.219297597130499588e-22
5.555621634481323044e-22
6.256877424695757401e-22
6.220349028453078181e-22
5.694430169722408211e-22
6.725577919038909602e-22
6.624349969390221172e-22
5.527642014443789828e-22
7.166630921642048800e-22
5.112766001513141514e-22
5.244194550448921260e-22
5.876721898161389312e-22
4.383189392847041317e-22
7.000839535717329987e-22
4.183217525789550903e-22
4.272552147111219247e-22
5.072270755986378335e-22
5.808759235024284848e-22
4.865129144425135216e-22
6.223449643393608965e-22
5.185788568299191396e-22
4.883302329523795118e-22
4.988847681350398633e-22
5.640788051042551525e-22
5.685304455397217646e-22
4.304319632527726140e-22
4.520385219222035449e-22
4.867565404823152180e-22
5.381287429290862235e-22
5.174350948427895403e-22
5.164392408520376841e-22
5.254862623151298560e-22
5.836826214228464589e-22
6.367494897640614832e-22
6.148952777232737348e-22
6.013476394001518285e-22
4.848945921237578305e-22
4.718801267050134980e-22
5.609815182577744700e-22
4.633381408855609182e-22
3.817053737747649479e-22
3.901732427788299242e-22
5.075914083118942824e-22
4.299640982370563746e-22
3.330871658342729676e-22
5.086119214655054754e-22
3.488684648993154232e-22
4.582562480994563292e-22
4.355483242614023540e-22
4.520267272685620399e-22
3.925501940045354554e-22
4.751689482958766041e-22
4.081685491654906252e-22
4.383376462089512144e-22
4.239217330871857712e-22
3.802163164593945774e-22
4.816951518286308583e-22
4.784525729152220091e-22
3.776468972589077117e-22
4.391941991118895685e-22
3.860690957692356710e-22
3.697931104586526034e-22
4.275123658384615637e-22
4.463744163182283002e-22
4.221138920306358304e-22
3.388124254787589595e-22
4.702669211691521394e-22
4.394465694036183103e-22
3.482737461806626774e-22
3.595681740328365717e-22
2.958112447750375368e-22
3.686317613670568169e-22
4.107352983741919833e-22
3.721765074717243593e-22
3.757282626832600755e-22
3.846029126750140927e-22
3.839218582365638594e-22
3.216023786699272672e-22
2.691826230177645608e-22
2.672543664443640503e-22
4.149017240545054508e-22
3.026153992681371187e-22
3.472844621255779004e-22
4.100273489183858188e-22
3.892819586256858904e-22
4.059586084141660604e-22
3.539128521460678740e-22
4.623219339698290816e-22
4.606753721408596372e-22
4.275211975279391035e-22
3.420413919741294794e-22
3.291433226642429722e-22
2.981350260782631186e-22
3.672658780161388399e-22
3.729294677777340157e-22
3.181729825423638859e-22
3.174285276978326037e-22
3.836998292902289412e-22
2.933807363113415154e-22
3.105863172445903418e-22
4.071739079321923807e-22
3.137476978029245667e-22
2.554813899405838776e-22
3.368611157161839462e-22
2.970895070275307005e-22
3.640071855495211111e-22
2.696306251315737542e-22
2.932224256634777421e-22
3.381591786023104754e-22
3.220877771230180803e-22
2.902676895556144569e-22
2.643329812081058072e-22
3.073476649576530618e-22
2.469204132693324167e-22
2.953615271422104107e-22
3.792641884863287362e-22
2.275031966424626648e-22
2.615994575729553893e-22
2.792763022258920092e-22
2.485863860682284417e-22
2.352314925496577472e-22
3.016058809881077393e-22
2.438467203029601131e-22
2.850243183154413539e-22
2.207211727000464266e-22
2.952808984142421507e-22
2.817192613702891448e-22
2.782203828647029100e-22
2.171780355607984036e-22
2.641470353022056605e-22
3.229925073592635375e-22
2.543838457761963132e-22
2.189947832086225498e-22
2.341167093901173280e-22
2.372072216573309525e-22
2.891975458247162432e-22
2.814110984858342714e-22
2.236269439297969436e-22
3.002845756758288447e-22
1.645106921946327125e-22
2.230953504039059103e-22
3.130749795055275048e-22
2.088829390086054683e-22
2.509447536610380690e-22
2.736680247110251662e-22
2.669098828738802133e-22
2.810514800737078271e-22
2.534089967566908592e-22
1.972513188589193761e-22
2.622687404299667682e-22
1.719136158569797495e-22
2.495646569281650414e-22
2.645767636252860245e-22
2.179482033375705296e-22
1.906168959948153666e-22
1.924768981863414372e-22
2.427984131427262101e-22
2.489080071619288622e-22
1.919961961362877503e-22
1.844478753167360107e-22
2.336588188195723031e-22
1.480370585524428226e-22
2.417293528966389201e-22
1.883055278546795238e-22
1.800742585451629575e-22
2.024845758418385449e-22
2.835626136322371589e-22
1.803872307789475193e-22
1.610906050204817306e-22
2.528700571352378987e-22
2.232786084752114054e-22
2.461073564341796698e-22
1.909804213856653394e-22
1.984283549183567147e-22
2.292748935982222123e-22
2.534523539572941919e-22
1.943591822435638094e-22
2.245045558761748097e-22
2.184072569177563683e-22
2.137486768429391665e-22
2.076620504383667015e-22
2.065731605538546624e-22
2.052640068246195542e-22
1.664317058541167912e-22
1.741504610691857420e-22
2.055509108879295025e-22
2.166778566666939997e-22
1.454025422433057556e-22
2.190155695770118922e-22
1.749254682571721628e-22
2.060536563699217441e-22
1.778002262622548146e-22
1.899512128519304521e-22
1.634850641551481049e-22
1.573964466866264302e-22
1.621891248869350948e-22
1.673372028396241183e-22
1.665840119990917894e-22
1.812481791527084315e-22
1.710070623661515588e-22
1.761465129538205839e-22
1.714930121260083190e-22
1.373759966227731494e-22
1.690344762159896384e-22
2.221903673221861415e-22
1.701883832180772713e-22
1.895719931970718338e-22
1.558747331591790882e-22
1.755181242002322518e-22
1.330440154463300071e-22
1.770260594442921113e-22
1.959489367545863816e-22
1.846983394005388663e-22
1.834897192010106452e-22
1.642880851248489301e-22
1.279898353214378841e-22
1.011793293571786082e-22
1.827655867010908858e-22
1.238427339195128992e-22
1.882757595063047473e-22
1.720093004142559981e-22
2.086319977987622448e-22
1.963670136398569657e-22
1.287012030823601591e-22
1.202545374625627325e-22
1.712951915144437356e-22
1.554270915255543896e-22
1.151493471200142096e-22
1.145993310655392943e-22
1.682378846684804025e-22
1.490487318351364758e-22
1.465487016524942579e-22
1.727969354999695510e-22
1.574940066658298699e-22
1.480054453145363301e-22
1.570930970340897083e-22
1.194030096521786138e-22
1.507519181295441215e-22
1.119488180069252591e-22
1.606250876766860454e-22
9.674863483286983168e-23
1.358841009766148412e-22
1.542345208277938486e-22
1.277425234660756671e-22
1.563570372983710308e-22
1.366085311921866359e-22
1.582982962176216275e-22
1.464215642981525453e-22
1.637993344758042166e-22
1.327605221566136657e-22
1.353698338376856391e-22
1.301879107586400922e-22
1.232809119433470331e-22
1.514929830231277662e-22
1.176021901988298614e-22
1.131785331456173300e-22
1.138237308610549986e-22
1.545186499026044740e-22
1.064203108344088170e-22
8.750109506251508773e-23
1.413425637567164809e-22
9.433787697943175971e-23
1.279521885992896265e-22
1.383310729666866199e-22
1.346077391370992511e-22
1.112942079871335181e-22
1.260482806305730756e-22
9.151251431441263013e-23
1.100918009282256196e-22
8.078146617763155162e-23
7.712652580350365800e-23
1.299026185379018144e-22
1.146236435127338390e-22
7.788637146747565737e-23
1.023842647137795221e-22
1.338747327390550039e-22
1.047817831549537822e-22
1.081135289511220948e-22
1.460908561570826723e-22
1.023018851882011160e-22
7.155582297924700081e-23
9.409749847775065234e-23
1.152405539549638059e-22
9.544632879334351583e-23
1.354560715837398097e-22
1.168711179364932364e-22
1.152703820725229572e-22
1.064888816905566859e-22
1.170755920434173781e-22
1.149213165302623391e-22
1.131458819951171883e-22
9.910252793147428098e-23
1.152803329673955402e-22
7.707542937458932709e-23
8.968706177838410567e-23
9.060386050659533712e-23
1.083101864141161383e-22
9.642157736056335256e-23
8.464526470390657853e-23
1.033802168843773171e-22
1.033124768913992278e-22
1.215973011584294918e-22
1.139454161471414347e-22
1.102779654236594440e-22
1.101203868655153177e-22
8.486686892253784357e-23
1.205922016115272783e-22
8.485631073704304611e-23
7.854140704412564617e-23
1.116512609601634523e-22
1.087279381624129523e-22
9.666536038475853179e-23
1.123879193452276462e-22
9.088564598993231648e-23
6.863048919895351477e-23
7.937754445027437649e-23
8.974194823063102861e-23
7.806262470483924621e-23
9.040627280539043282e-23
8.650414167168607463e-23
6.818272045437894419e-23
8.209180314502152295e-23
1.154293063838050307e-22
8.584219584544958776e-23
8.377365267024942759e-23
8.967391980143977865e-23
8.394473890462248972e-23
9.404086755955269198e-23
9.930035793875811049e-23
8.727420026568416451e-23
7.904342241868100803e-23
8.889214956135268076e-23
8.261806513862425077e-23
8.754725525522911541e-23
9.088705779992764198e-23
8.667807847569218909e-23
7.656891463777410495e-23
9.357588709280138931e-23
1.046172977465783536e-22
5.337887992493763353e-23
8.143641374152130545e-23
1.110131804258546039e-22
8.602965458704317958e-23
8.333024806998401258e-23
7.161032511702736080e-23
8.504260010122844430e-23
8.140470845208030815e-23
7.414503262444717920e-23
8.363927630778093682e-23
9.074498620657553508e-23
9.242460250146549347e-23
8.843208343656960749e-23
9.393050537109513548e-23
5.771207076431335918e-23
9.492584618486000850e-23
7.423515756316593866e-23
8.801565006836993271e-23
7.907999608150823166e-23
7.423380315266981360e-23
7.374536596993929440e-23
8.784905715269196256e-23
8.792631578729813416e-23
6.109561892001228940e-23
6.898965509344466308e-23
8.369011416946733834e-23
8.638756493214191619e-23
7.184194836444405838e-23
6.841099314847942807e-23
7.545603507016778825e-23
6.515259637814664778e-23
6.019824352216739350e-23
4.152171908146708322e-23
5.361352861803649071e-23
7.384564458442411777e-23
7.969198194624315207e-23
6.556461660396196589e-23
6.962583841045559016e-23
5.225891126242273324e-23
8.578908006139080515e-23
6.888870600265495081e-23
5.480722103755335377e-23
7.721166438939558930e-23
6.813135411871802791e-23
5.182573224492245883e-23
7.377252455094841028e-23
7.159487235949176472e-23
6.518320480585074903e-23
8.048411976346646894e-23
8.401838332711214062e-23
8.877383502485811673e-23
6.266706960107822106e-23
5.709368711450535616e-23
4.120660408243999147e-23
6.708368226387595040e-23
6.597315359346856457e-23
7.489977241605340982e-23
5.855311749242690391e-23
5.668630212931286606e-23
5.483827027283587077e-23
5.851986843922669292e-23
5.000431190649681749e-23
4.666124974292302987e-23
3.921740981068800041e-23
7.013130948759615595e-23
5.204741122529064312e-23
6.795577309058358536e-23
6.083856841483467963e-23
6.020655163282316795e-23
6.004140015329108532e-23
5.128014330448120729e-23
5.382991230578806800e-23
6.460539301966748586e-23
7.460479120709667988e-23
6.934851892165665012e-23
6.182795153620199441e-23
5.296885021712472891e-23
5.498381400826958753e-23
5.854883350209262162e-23
4.504932151170948149e-23
6.073531330418833954e-23
4.975848539720785565e-23
5.045474883090343605e-23
6.356216257840727386e-23
4.528632428558384391e-23
7.698392295647240293e-23
4.876296411562140941e-23
6.571231475342590577e-23
5.700967646078582914e-23
4.702317947189101580e-23
4.255178041138255378e-23
4.294237314206061110e-23
1.825315876462506439e-23
5.876316264036288995e-23
4.742353223625393239e-23
5.561138305623902456e-23
4.960999748182595846e-23
4.193797370560588184e-23
3.396909038988333616e-23
5.917740530723806971e-23
5.084834779867931419e-23
6.142619857405553325e-23
3.185825576573402833e-23
6.094944277502016023e-23
4.977774274415240219e-23
4.003477269115315236e-23
3.701709123127108761e-23
4.841835511913791746e-23
4.762884631781817179e-23
4.497752796554958862e-23
3.626781793235465948e-23
3.339934768391037949e-23
5.408240295453512546e-23
5.740163422338608983e-23
4.615526240956234434e-23
4.865047080561174942e-23
5.156829652114022928e-23
4.395561319704222088e-23
4.925402358290908675e-23
5.217928769938862175e-23
5.052905110523801670e-23
4.431848854509055358e-23
4.272822744918827756e-23
4.500968947570481432e-23
3.272651773462351864e-23
4.581560082009433594e-23
4.215180933824151639e-23
3.434958201495064460e-23
5.643432828899699263e-23
4.311614723806905590e-23
2.790779217506071636e-23
3.679619317241404863e-23
4.356634770596920290e-23
5.501798273175528443e-23
3.569750042208786926e-23
4.000865848945451239e-23
3.913825618089963701e-23
4.653274753274922564e-23
4.544435379730610737e-23
3.224386491749125956e-23
4.020695125944151948e-23
3.724890420283509313e-23
3.566823302298802132e-23
3.828998697513096000e-23
5.026816725202954328e-23
3.490904573751554630e-23
3.661891028453907902e-23
5.363504931979483207e-23
4.730211506472015900e-23
1.687059767243380370e-23
3.898302816809674451e-23
1.705593888975969400e-23
3.236042398595248646e-23
3.339146005714363724e-23
2.576527476030703704e-23
2.682863008887745488e-23
3.518467100003921788e-23
3.915701759508453160e-23
1.703542322825816225e-23
4.083975761318351235e-23
3.743442300105735717e-23
2.739203393108147826e-23
2.474662664840107430e-23
2.587358312118854586e-23
2.920125541739117538e-23
4.004246652863174932e-23
3.280492361554364545e-23
4.274363513538815096e-23
2.930783737326076216e-23
2.453234063095552214e-23
3.726931245960802638e-23
2.487197827526974038e-23
1.374387308370646994e-23
3.629489243211704815e-23
3.308680592700499146e-23
3.520263443068610243e-23
2.521660702249648950e-23
3.578727577121659381e-23
3.322083467825998823e-23
2.638407128693489785e-23
3.020236269645834220e-23
3.241153161435370964e-23
3.358126549867595828e-23
2.825888867817296910e-23
3.794709757264501996e-23
2.481213412956779935e-23
2.977744955979860372e-23
2.716787876493910788e-23
3.517842161410853259e-23
2.275202455895448153e-23
3.143670683837476171e-23
3.822967585072732527e-23
1.486702399623356552e-23
2.944930354205534014e-23
2.720271823225268296e-23
3.109365399096148894e-23
2.534337193827144716e-23
2.955619870063498319e-23
1.997472399662296451e-23
2.821945670746066489e-23
2.951999439768664274e-23
2.193926000639587830e-23
2.843491062762557933e-23
2.115824291114882598e-23
1.196961201092232739e-23
2.368853698561810031e-23
3.332433399553260734e-23
3.118623136065901813e-23
1.842920569025948476e-23
3.381308740882102376e-23
1.915645506355113538e-23
2.219558414809962512e-23
2.651385250103877971e-23
1.496570650919656014e-23
2.441633279132067042e-23
1.815562084906863035e-23
2.211337450637841709e-23
2.503257945319389469e-23
1.521531325501904142e-23
1.432545052699934972e-23
1.960629614789219419e-23
1.410556695875619908e-23
2.192551162236973225e-23
1.297310633726177831e-23
1.324879242897336754e-23
1.428633394655699134e-23
1.943008207636542961e-23
1.883077973973463156e-23
4.453665003658072587e-24
2.105069849418769198e-23
3.395908030032291702e-23
1.810316470602955756e-23
3.075303045833927634e-23
2.672198220247524307e-23
2.530903988631868363e-23
2.485086569550879381e-23
1.353188722675870183e-23
8.246604137029462048e-24
1.617789796957671178e-23
1.905753519533226949e-23
2.401725733269289933e-23
2.009286624269549318e-23
1.221323245835755699e-23
2.884181773520544021e-23
1.280186426798108102e-23
9.423000354735320114e-25
2.267564319524782250e-23
1.063563332793969901e-23
1.792916600771717746e-23
1.594752304342948125e-23
1.482767393204041832e-23
2.012838369358455163e-23
2.508546654197019421e-23
2.589026729888686625e-23
2.070924027261459115e-23
2.312386122081674599e-23
1.690536101930916631e-23
2.063152173808412121e-23
7.400548540878830606e-24
1.795228678946302668e-23
1.204868306236477689e-23
1.241073123646708376e-23
1.421303664422337968e-23
1.756531670985766044e-23
2.489255326198381449e-23
1.824000423464884903e-23
1.433335067228519581e-23
1.947981228113070840e-23
1.106274940370409045e-23
1.823833040667032396e-23
1.938511139432286156e-23
7.403113947045776732e-24
1.931529362485515975e-23
1.364882315653724699e-23
2.008736868250219452e-23
2.041802298547594231e-23
1.796718914596102942e-23
1.315264048200916760e-23
1.942744641828814705e-23
1.732177780583346350e-23
2.156268295266263634e-23
1.885304390906271855e-23
1.816942926716091050e-23
1.141410723442897750e-23
1.021843275009544057e-23
1.443451332810293636e-23
1.426066393555667550e-23
4.657235406454739065e-24
1.810222428567105173e-23
6.988490203288731601e-24
8.682539831187788053e-24
1.550497883761876927e-23
8.940867038562454181e-24
1.281331406287497200e-23
9.400062853481971379e-24
1.399954065391184432e-23
1.180790949567541497e-23
2.164699280721581883e-23
1.083184965869144250e-23
1.356632402550334153e-23
9.354628442261878349e-24
1.152542664934820863e-23
1.149302104530318171e-23
9.691750916640059751e-24
9.431450346678912564e-24
1.215858253012716118e-23
1.333838972360687907e-23
7.769731090767783975e-24
3.984653335501650649e-24
1.237709197014069468e-23
8.365184164129763190e-24
1.188546673037939771e-23
1.126728181854779038e-23
4.644852400957394210e-24
1.631397906594407594e-23
2.692736463594002161e-24
4.735705281907822559e-24
4.016476300964741255e-24
1.107119024010806975e-23
5.446870065165830108e-24
1.548179439789280193e-23
7.594442250874019792e-24
6.737737886731462374e-24
1.277953000875444504e-23
1.892403293674844198e-23
1.191031814227257492e-23
6.404393085520505851e-24
5.534209286447864458e-24
6.557724671528324560e-24
6.529467938861862237e-24
9.070023591162475667e-24
1.620319644929511322e-23
7.455260980682113594e-24
1.604008392196058364e-23
5.359864229147405694e-24
5.906371283691181650e-24
8.464263254467126587e-24
1.448114000320940279e-23
7.623364308472589459e-24
3.255158762378830456e-24
5.423113963369525617e-25
2.795425661380322560e-24
7.825400829164166516e-24
1.509137745229326705e-23
3.731298818305477221e-24
4.482818392149170662e-24
-2.516628122448722817e-24
5.269262522969029546e-24
4.694834696326752643e-24
6.164009765184987776e-24
9.886594545698735415e-24
9.487032065786292512e-25
6.893920082754885781e-24
6.341179045446042342e-24
2.771771459553691804e-24
8.177492862469218544e-24
4.642888374184716097e-24
2.871191942193262314e-24
6.923169755480280113e-24
1.296186797030723957e-23
3.850153741517874685e-24
5.385051687778256112e-24
5.711899322615047629e-24
5.941617537345109222e-24
2.439439744770376919e-24
3.952069010959056390e-25
6.378971567531011072e-24
4.424569216262316615e-24
2.294889811411092423e-24
7.048677171288937953e-24
4.008056351443290753e-24
4.535422014189035053e-24
1.762066327392388573e-24
6.044437368761132445e-24
1.113058621783801906e-24
7.881049209681760736e-24
8.948655624782695436e-24
-1.708474410018421148e-24
-1.539225612855683665e-24
7.179857762472408942e-24
1.018233052227111932e-23
9.691838651314849516e-24
1.264617084358958482e-23
5.901723917378636493e-24
8.528432331101988791e-24
6.450023496919369520e-24
1.217242693184302370e-23
7.792916372709412070e-24
6.824547847555846874e-24
3.724723985844089158e-24
7.674786985354543662e-24
1.279185935692151235e-23
5.561017732818064612e-24
7.369390088579217517e-24
-1.378736630726264716e-24
-3.990949435744430873e-25
-1.562429228526340466e-24
-3.080505329294046581e-24
2.628777761085874409e-24
-3.184533175033151104e-24
2.373221569745064968e-24
8.091503011731785271e-24
-7.690392588208738471e-25
5.615199147048639234e-24
-3.098680548182212143e-24
9.010904540528452018e-25
5.513076650842214735e-25
3.220671114240848856e-24
3.533523012454990090e-25
7.407174714205325292e-24
5.045024219148121086e-24
5.682041440880758823e-24
9.943289240080978764e-25
2.977579245053137709e-24
3.193058216457444925e-24
-6.278665036523963950e-25
3.233837907455862072e-24
2.995671645561108088e-24
1.337716002299938473e-24
1.188167479802100197e-24
1.741902419405370575e-25
-4.162643651589744299e-24
1.473883850796637508e-24
-2.091921588983728578e-24
-2.295036506467606247e-25
-1.336357617119278654e-24
1.511365941143674625e-24
2.937039723376834197e-26
4.571214101448162052e-24
3.034290417023770329e-24
8.097136633602759165e-25
-9.434674515047050216e-25
1.363919878559020298e-24
4.752686158318391635e-25
-3.178106251907586247e-24
-9.596581345761042525e-25
-1.332948279087220163e-24
-3.473499012602113965e-24
-4.533314196200582253e-24
-6.385075345779704676e-24
4.752633317305116908e-24
-1.746607754823639944e-24
3.267627485571336260e-24
1.438675847434156566e-24
-3.806911144437538530e-24
3.938598165322147365e-24
-9.970785583358147173e-24
-2.874227967192929084e-24
-3.943983600920062965e-24
3.348967829376322172e-24
-4.895947919311645276e-24
-2.746263044924091015e-24
2.679879481688619615e-24
-1.443067536587522141e-24
-7.073321251965555555e-25
-6.373154235554011212e-25
-1.342771473085116583e-24
2.638300226968791391e-24
-3.757169063444559476e-25
-8.646699936463116936e-26
-5.552861929247735003e-24
-3.152323702765415569e-25
-5.580730922198928285e-24
-4.128857240311657987e-24
-2.229526423000282247e-24
-4.545849990685106371e-25
-5.019191667136297185e-25
-6.622971257219955461e-25
-5.703375972475702562e-24
-5.476822520102973052e-24
-7.055229712855670249e-24
4.743907487325129280e-25
-9.518162547991828669e-24
-9.119204190939541235e-25
-3.365085365546365703e-24
-5.745679296939001349e-24
-4.872113460824651036e-24
-5.413342643158884830e-24
-6.734778922579505772e-24
-4.594385293260288626e-24
-2.134768070155726490e-24
-6.895768445989990275e-24
2.120205914252113194e-24
-4.292564861033721367e-24
-1.516639845490045629e-24
-6.453406191353788865e-24
-6.863415251609709381e-26
1.516327900389618084e-24
-5.625596245492129138e-24
-5.866453094432481409e-24
-5.064664680126689232e-24
-5.884578952533163741e-24
-2.797440438603154801e-24
-4.449403168892837169e-24
-4.682558470621172438e-24
-2.281708582482850133e-25
-4.477712763212578838e-24
-5.272668334682917203e-24
-4.846690849195320854e-24
-3.083942612110812420e-24
-7.622175097486718655e-24
-8.267662030583453840e-24
-7.967205788730838150e-24
-1.847301687516669090e-24
-1.057204123662858300e-23
-4.790461445281025222e-24
-4.358345571089300662e-24
-3.766211674225059778e-24
-5.445031166961188825e-24
-3.811814431449927748e-24
-6.172115091162628926e-24
-5.926630568784969599e-24
-9.638077581018674185e-24
-3.527726363341380445e-24
-6.745046728099602817e-24
-6.849958095357261672e-24
-6.652257342638768546e-24
-6.819386382780585471e-24
-9.420135883927870166e-24
-6.917880937940853681e-24
-5.427837268153756273e-24
-9.252516608951980106e-24
-9.201569763496169474e-24
-8.041593325689086395e-24
-7.870115591766181441e-24
-1.122946891594555226e-23
-8.984629438852798707e-24
-1.311994482029764415e-23
-9.440919582841881750e-24
-1.022812004475902622e-23
-7.794678926204619626e-24
-8.959443455970487787e-24
-5.241219441853753511e-24
-7.633698274736608421e-24
-4.779225215257176811e-24
-5.620859142937510072e-24
-6.746835433955682094e-24
-7.728304689507132597e-24
-2.259451768488183531e-24
-1.035283636957390934e-23
-1.056862110085102771e-23
-9.903056107219983668e-24
-9.075141998600741985e-24
-6.218764756427089115e-24
-6.803584196276866795e-24
-6.882772385402892652e-24
-7.904535483788226150e-24
-5.697748822033627522e-24
-1.201574300785602889e-23
-8.882173412303041191e-24
-5.425432397358761824e-24
-1.372274374070576644e-24
-1.174593246107022633e-23
-5.518311960722871434e-24
-3.211813517603253923e-24
-8.516293622065989271e-24
-6.356254793213308848e-24
-1.068278425219281003e-23
-6.912507209056722711e-24
-7.157166634167835359e-24
-8.090435331104756446e-24
-9.424554982161738924e-24
-7.868397874964877701e-24
-1.080579813651303009e-23
-6.774367391629634147e-24
-7.272499402580295844e-24
-1.013115348069491524e-23
-7.411621609202595539e-24
-1.350356613362097216e-23
-9.670583011450132390e-24
-1.298930373885539245e-23
-1.328084821927486259e-23
-3.555975260767625576e-24
-9.667695782008256053e-24
-8.789941239051021002e-24
-1.040769257386470210e-23
-9.925601619693875631e-24
-1.118355903975748870e-23
-9.532874063712280663e-24
-1.358822260951988076e-23
-1.206246056377906048e-23
-1.269779519927442258e-23
-8.507002418831170827e-24
-7.738171378219435388e-24
-5.618128478295458871e-24
-5.147661611812822898e-24
-9.702513332933393262e-24
-1.092859586671334363e-23
-1.582879426292022295e-23
-5.490528649420911315e-24
-8.861187602138288604e-24
-1.145923419298189689e-23
-9.117953336579526323e-24
-1.283783759927055864e-23
-1.417924911432086700e-23
-1.044169588133337077e-23
-1.352239908625373659e-23
-9.609156829947639349e-24
-8.518615422490765807e-24
-9.403005267413136469e-24
-1.564279052790844450e-23
-1.549929384182755490e-23
-7.493561717070654159e-24
-9.820892212777842316e-24
-7.405962589890302138e-24
-1.085342574886261008e-23
-9.371919352478585364e-24
-1.145752057163912252e-23
-1.220662451790989949e-23
-1.237916768721646108e-23
-1.423441700447364609e-23
-1.150538895980786518e-23
-8.973790403406056176e-24
-9.271285857742893582e-24
-1.148395660845369268e-23
-1.408515975453546311e-23
-1.004318655182812120e-23
-9.059708247674211560e-24
-8.025429387931784249e-24
-1.263543364364922646e-23
-9.232788063598384781e-24
-1.100032791353565737e-23
-9.955225098059005193e-24
-1.185183340008998515e-23
-1.339582040785954726e-23
-7.125638843243408365e-24
-1.242954143273072579e-23
-9.008570988115840173e-24
-1.122439306261793096e-23
-1.038184917240988408e-23
-1.081460307167203476e-23
-9.406498561591339318e-24
-9.590904485263916556e-24
-1.096498093843542366e-23
-9.906789235708140525e-24
-9.537516723596442559e-24
-1.603680047116149303e-23
-9.853397676200585381e-24
-8.730169516481871117e-24
-6.431776006203025189e-24
-1.070265362053750567e-23
-1.143830022247825904e-23
-9.737152657720187572e-24
-1.041689573325480389e-23
-1.039165818029920564e-23
-1.156279641589996184e-23
-1.345595049832073174e-23
-1.429857101116372273e-23
-1.386021954362498382e-23
-1.166411637480564917e-23
-1.448193799678703678e-23
-7.956140439816135663e-24
-6.618701149202392208e-24
-1.086103810771250413e-23
-1.038227587309501166e-23
-8.023804514546949222e-24
-1.186886472750959994e-23
-1.259485591913911502e-23
-1.000689493665003802e-23
-1.245396166174008172e-23
-1.148815912220082803e-23
-1.471417386305013623e-23
-1.402622755088686715e-23
-1.306998073350497988e-23
-1.316630900754392931e-23
-1.362355558876132785e-23
-1.416888709952230638e-23
-9.702925610545323107e-24
-1.397417895355000002e-23
-1.384549849477630848e-23
-1.353841893214266140e-23
-1.178469119772349619e-23
-1.395604334606170243e-23
-1.356608687861930464e-23
-7.999775543238126548e-24
-1.077412392170837871e-23
-1.118703236387151958e-23
-9.117024940481043205e-24
-1.554232385891213107e-23
-1.392889929417339506e-23
-1.140218120735024882e-23
-1.071690089895306609e-23
-1.294272184847947609e-23
-1.300340417934932436e-23
-1.383562883093729648e-23
-9.958588817132648644e-24
-1.354194306653774342e-23
-1.022811836832943287e-23
-1.410490288993599041e-23
-1.239629194157728099e-23
-1.108843248617448788e-23
-1.552852342706220191e-23
-1.021012788704426874e-23
-9.574420209305235241e-24
-1.382732327471451797e-23
-1.190433542625048230e-23
-1.311319315873495202e-23
-1.452477999384517160e-23
-1.539549865031302012e-23
-1.284098898351118887e-23
-1.228997340453806759e-23
-1.117742511394990944e-23
-1.265376083834925033e-23
-1.162526836274162740e-23
-1.044996084881850772e-23
-1.133987032411218232e-23
-9.696356118316510692e-24
-1.628448512828694534e-23
-1.508490818739960164e-23
-1.416867655208099966e-23
-1.053234050494179595e-23
-1.395924696271835183e-23
-1.633492846065063531e-23
-1.234547598922809539e-23
-1.314411734887788827e-23
-1.083592503023036419e-23
-1.155076206808454902e-23
-1.530156202458975197e-23
-1.216746981061403002e-23
-1.454950025171844959e-23
-9.644564930391656535e-24
-1.102847401974022386e-23
-1.410752005989591348e-23
-1.346018994596201424e-23
-1.282502360500414960e-23
-1.371980979623571045e-23
-1.027523587169806226e-23
-1.499786065182251394e-23
-1.354226502497840648e-23
-1.405615570582605671e-23
-1.484309814962699536e-23
-1.291490160618626755e-23
-1.740488150602677474e-23
-1.200192746825350291e-23
-1.352658757169868222e-23
-1.554220426464050825e-23
-1.320520421744583297e-23
-1.032107029954732911e-23
-1.354897828546183835e-23
-1.237601511138345958e-23
-1.218262417673325396e-23
-1.315328885123940092e-23
-1.194722925411082585e-23
-1.451583499371052694e-23
-1.357965934014682498e-23
-1.244511109159707387e-23
-1.265593023227265341e-23
-1.450781260162524365e-23
-1.541765116006615233e-23
-1.605992723773588164e-23
-1.538774102848327856e-23
-1.646742955149917387e-23
-1.495366008189482044e-23
-1.758435593560623786e-23
-9.548858452848467524e-24
-1.700994792371397728e-23
-1.493320527696403427e-23
-1.449855970845221730e-23
-1.158747626326047238e-23
-1.583071056618209460e-23
-1.341134799573634028e-23
-1.424928241566065973e-23
-1.423406250368930475e-23
-1.422086104156443441e-23
-1.529914637087970244e-23
-1.683864781191204765e-23
-1.358716785573289893e-23
-1.477241144686909841e-23
-1.274259046029329307e-23
-1.521862738456636534e-23
-1.548522193511549906e-23
-1.542062605813837069e-23
-1.756353505909059657e-23
-1.401542815995469811e-23
-1.491620423736254905e-23
-1.858098197074911902e-23
-1.499919161493938984e-23
-1.481334360091167670e-23
-1.346729255495309530e-23
-1.572127281240629781e-23
-1.394474877475754794e-23
-1.533231194555282714e-23
-1.366657218436764958e-23
-1.298514084388372874e-23
-1.548104554109033586e-23
-1.463057398662848628e-23
-1.521827776640654561e-23
-1.500505548998932038e-23
-1.281031705481270456e-23
-1.552370724771247447e-23
-1.584930418711341967e-23
-1.502563128032528202e-23
-1.440409961671650547e-23
-1.517430875868240968e-23
-1.455714313680919324e-23
-1.538722895997188701e-23
-1.408203288723109816e-23
-1.640389616830917435e-23
-1.301800578260803781e-23
-1.491188159965263281e-23
-1.673833990766416607e-23
-1.549939965308567797e-23
-1.720510765609587184e-23
-1.622167508731638909e-23
-1.645450397912370631e-23
-1.849036236363822067e-23
-1.429252507335400072e-23
-1.476296034815071781e-23
-1.554551263437456080e-23
-1.597289717601119130e-23
-1.602122130200583204e-23
-1.461288930470480559e-23
-1.731221531923694519e-23
-1.442404197563626599e-23
-1.816954764554998924e-23
-1.586687260432779442e-23
-1.646358016982579925e-23
-1.790508361757460510e-23
-1.442800530232461110e-23
-1.684926803861692316e-23
-1.437995533853803939e-23
-1.749226931077682227e-23
-1.592199582830855134e-23
-1.487151589333308857e-23
-1.729768628622296981e-23
-2.007698102451726207e-23
-1.316849686845372184e-23
-1.703575099702353560e-23
-1.659061694478267123e-23
-1.914053248904886367e-23
-1.629347564038916897e-23
-1.628917406903174366e-23
-1.594555711296493434e-23
-1.556256093172037615e-23
-1.554767844722037668e-23
-1.577402287011243073e-23
-1.601006286962611310e-23
-1.546431284933654918e-23
-1.805613711118457379e-23
-1.542711661764043314e-23
-1.621336253626427947e-23
-1.573978444110915257e-23
-1.627221233628617057e-23
-1.640078460765820179e-23
-1.765597812579553897e-23
-1.704852725176132550e-23
-1.543250743029831678e-23
-1.871769785719790750e-23
-1.642500055819834409e-23
-1.804300513555344380e-23
-1.643360267663685282e-23
-1.802601833350236660e-23
-1.759441656049235313e-23
-1.503027091685203986e-23
-1.748212559125222234e-23
-1.687853513133616448e-23
-1.765544052130675421e-23
-1.814551061668993548e-23
-1.783483853859440721e-23
-1.989488613175328966e-23
-1.732574667580975818e-23
-1.740709857141511232e-23
-1.596225429088344549e-23
-1.846299249805761918e-23
-2.017601406465249983e-23
-1.809014309926967656e-23
-1.540125451327528190e-23
-1.854807565827378990e-23
-1.455858982425523824e-23
-1.758561314343173296e-23
-1.879651928109677424e-23
-1.756383337399629542e-23
-1.808495303917355252e-23
-1.935226328156961383e-23
-1.774382397291990739e-23
-1.947795381340891800e-23
-1.943547668092779151e-23
-2.060949087031989529e-23
-1.926149152160407158e-23
-1.758878394002319340e-23
-1.905628202775336266e-23
-2.008306988215406813e-23
-1.769356410793414801e-23
-1.903014218584012107e-23
-1.836541733812258369e-23
-1.752830675487919086e-23
-1.932922046737514574e-23
-1.822005267807740200e-23
-1.654419634309631913e-23
-1.977518133122605269e-23
-1.847304687386770608e-23
-1.660502466079495316e-23
-2.130542631501177591e-23
-2.162201647183759847e-23
-1.915554212993052207e-23
-1.695194537856114610e-23
-2.090837725383133482e-23
-1.815929332344465158e-23
-2.045101296449116186e-23
-2.122799115328333659e-23
-2.144857207202306802e-23
-1.909760527272609755e-23
-1.882957840737597902e-23
-1.945746650611141775e-23
-2.073211929872949370e-23
-1.758839092115503949e-23
-1.883955789416374430e-23
-1.745130998336049655e-23
-1.611573200320943616e-23
-1.857595070118781443e-23
-1.809050379434969966e-23
-1.647768379526013759e-23
-2.131638866446048155e-23
-1.939964627070507842e-23
-2.115883008194571427e-23
-1.963815016166342033e-23
-1.897454496731755919e-23
-1.955951170748908670e-23
-2.010111866918562468e-23
-1.878558820281825084e-23
-1.855271687250931313e-23
-1.886556559428468594e-23
-2.049553574553582010e-23
-1.971977252642243292e-23
-1.878926124834676745e-23
-2.203970535815767077e-23
-1.799423238795626651e-23
-1.814490722695107574e-23
-2.042912782681393901e-23
-1.811039683785358411e-23
-1.883068043290187743e-23
-1.902277978548761887e-23
-1.808605820386672740e-23
-1.873917404795515571e-23
-1.894062501393502684e-23
-1.846069080650668443e-23
-1.946370419782230844e-23
-2.080857671768526004e-23
-2.022724132577547217e-23
-1.781739365503811286e-23
-1.598060227000516595e-23
-2.147794267366289993e-23
-2.164341719206465911e-23
-2.154324727425315644e-23
-2.082165436230058017e-23
-2.059685009276164056e-23
-1.990478924612296241e-23
-2.192661717592412611e-23
-2.223895641365672076e-23
-2.114909276430232064e-23
-2.233653496259280392e-23
-2.022642437583809974e-23
-1.992656599780496392e-23
-1.987400636096513188e-23
-2.055017495999875717e-23
-2.257463780938808843e-23
-1.899335090945671454e-23
-1.845749385649125576e-23
-1.958337878955383550e-23
-2.104362652620605947e-23
-1.878921365138416385e-23
-1.764199895861046055e-23
-2.032076443418507154e-23
-2.065546632579674017e-23
-1.827266639257554912e-23
-2.031877970518455323e-23
-1.701605429833447820e-23
-1.845837046298947406e-23
-1.937551471157979797e-23
-2.001334627051770187e-23
-2.090265360015724503e-23
-1.820925566589646631e-23
-2.007652207434856207e-23
-1.966601584505479953e-23
-1.863634005763975622e-23
-2.127801085155499765e-23
-1.907699899513921288e-23
-1.751265262542375646e-23
-1.862960193095112964e-23
-1.859249222215770588e-23
-1.904285230700464172e-23
-2.027243594385933590e-23
-2.073753831897057318e-23
-2.130297623693940049e-23
-2.177141011001922158e-23
-1.888566720312422438e-23
-2.079435578448999598e-23
-1.956734759277539517e-23
-1.851377927721085188e-23
-1.992154901399151333e-23
-1.916616779980697523e-23
-1.834729188603693088e-23
-1.763062855655778833e-23
-1.875489091785502213e-23
-1.976806207920300014e-23
-1.748210900512978799e-23
-1.896108300514252728e-23
-2.169789350673381439e-23
-2.017240241735424431e-23
-2.046316642492670618e-23
-1.884571990003861579e-23
-1.880541370112552997e-23
-2.163080892699204714e-23
-2.119860915686149736e-23
-1.945577922031854739e-23
-2.120486134213321997e-23
-1.926713250466094266e-23
-1.912716797586565010e-23
-2.064240313336663757e-23
-1.895205199024427954e-23
-1.868057340751529989e-23
-2.020315831715417314e-23
-2.150773831434998464e-23
-2.023429381139251144e-23
-2.001430709329616210e-23
-1.887563595775714638e-23
-1.971819269819335544e-23
-2.125988111057100078e-23
-1.906610493516606622e-23
-2.148235616890451184e-23
-2.086160322863480142e-23
-2.024942545522884437e-23
-1.888343041081112505e-23
-2.044821890514699989e-23
-1.927888197120816146e-23
-2.027488846349294624e-23
-2.128336448287628580e-23
-1.979970855882908967e-23
-1.925526753693362559e-23
-1.910365412961924133e-23
-1.897034285398287903e-23
-2.124785603199593985e-23
-1.823171482754804744e-23
-1.986622719222394632e-23
-2.040136687622267954e-23
-2.152613055761399755e-23
-2.188465250358680870e-23
-2.288586823641076561e-23
-1.937250944374641182e-23
-2.205677091064961118e-23
-1.930546788176133133e-23
-2.143386934822579756e-23
-2.100665735948795316e-23
-2.198523833932258889e-23
-2.101765348250726426e-23
-1.972946764656549197e-23
-2.113986876354497824e-23
-2.163203049898414386e-23
-2.100500942532529263e-23
-2.016262941206424152e-23
-2.056616527279529188e-23
-2.110719258278873462e-23
-1.975791535207976894e-23
-2.026033625073182036e-23
-2.000723363719178735e-23
-1.981387855664588310e-23
-1.961390301289120370e-23
-2.233243183680473040e-23
-1.904062739014282000e-23
-2.090635261333626600e-23
-2.154743071373859340e-23
-1.987677524047239977e-23
-1.944879887616195794e-23
-2.229120149014747990e-23
-2.007193066350998046e-23
-2.066391843117538072e-23
-2.081896790745060731e-23
-1.848265226225568687e-23
-1.984244444487190882e-23
-2.191949417675420981e-23
-2.041548172675962476e-23
-2.186080182537737720e-23
-2.409958836368461163e-23
-1.980235586452955313e-23
-2.007893821151411794e-23
-2.125322814351530261e-23
-2.237879113957901796e-23
-2.067901084438257822e-23
-2.053605635524465236e-23
-2.293699969051546076e-23
-2.126752676942459186e-23
-1.997456704767200577e-23
-2.322572367462082277e-23
-2.171946509541733993e-23
-2.365742613596738164e-23
-2.217233501321014343e-23
-2.250360596381644913e-23
-2.075514218687009260e-23
-2.190361485818340815e-23
-2.093986452403761451e-23
-1.999505779700615810e-23
-2.071299892296520178e-23
-2.279162169288576046e-23
-2.331763611497171741e-23
-2.151147730280797197e-23
-2.060071840226382477e-23
-2.131000022000087169e-23
-2.160432416159254312e-23
-2.091131539943736411e-23
-1.982537699251043992e-23
-2.288144752169033607e-23
-2.120709558536699189e-23
-2.209226207637905959e-23
-2.164816075008984774e-23
-2.105145744463035480e-23
-2.158526184610490254e-23
-2.202003395720446108e-23
-2.325061427721528483e-23
-2.178455454978730460e-23
-2.206368093279482365e-23
-2.202180405912033540e-23
-2.367563527957891836e-23
-2.156174909970938933e-23
-2.216663762026367188e-23
-2.260320759596032293e-23
-2.122929995568138879e-23
-2.091977061921201814e-23
-2.325547342016256300e-23
-2.009987132242583910e-23
-2.342567648838253784e-23
-2.256331981387945892e-23
-2.467006952686052817e-23
-2.203151491976075393e-23
-2.372207568519641734e-23
-2.185285569284905776e-23
-2.396342301279221748e-23
-2.335307598230534252e-23
-2.326221021169423417e-23
-2.326920387409200669e-23
-2.130123914908129723e-23
-2.239078400905977825e-23
-2.212458958700030451e-23
-2.162261557769749560e-23
-2.179996219918637309e-23
-2.216749042364363492e-23
-2.099553418903690415e-23
-2.298442196164785029e-23
-2.507865342943520454e-23
-2.234075993170627265e-23
-2.239136604532084910e-23
-2.314979738888827746e-23
-2.299683068142235466e-23
-2.290493098598855414e-23
-2.381231211634124722e-23
-2.307896258320552132e-23
-2.352515773438215539e-23
-2.301638467414074012e-23
-2.261545193614631633e-23
-2.190840246365206153e-23
-2.299667782893525507e-23
-2.537974070282845216e-23
-2.672032670826081942e-23
-2.390090528851443336e-23
-2.369998821048751987e-23
-2.627935885477802172e-23
-2.336692669109092017e-23
-2.360038235334446963e-23
-2.301756848958509017e-23
-2.471850705914710282e-23
-2.306205356408314978e-23
-2.439581983957236315e-23
-2.354074830817495675e-23
-2.510928369083952725e-23
-2.450116189313509597e-23
-2.299440808809751002e-23
-2.568841223581030968e-23
-2.403961940885795369e-23
-2.376501750630080929e-23
-2.265977898716123585e-23
-2.261713996927266830e-23
-2.362723303189087476e-23
-2.459152429374266312e-23
-2.314381699781300079e-23
-2.508370956447485162e-23
-2.336767834134054485e-23
-2.355096147404454313e-23
-2.360472842195746246e-23
-2.327398933371772790e-23
-2.508039820472474796e-23
-2.388346780214680552e-23
-2.434659436712375743e-23
-2.447436252757670722e-23
-2.206417936375516608e-23
-2.386235783056852510e-23
-2.130652467489578906e-23
-2.324628905606217419e-23
-2.521342280206215019e-23
-2.462352008740554086e-23
-2.416849038395078516e-23
-2.506958041695178566e-23
-2.581666814096891906e-23
-2.370630779447218645e-23
-2.538490318062039768e-23
-2.243331398096134459e-23
-2.282218923414456662e-23
-2.415202221903829059e-23
-2.556267621348364037e-23
-2.490624823101325510e-23
-2.415048326942862812e-23
-2.380600868876102718e-23
-2.374196298539886163e-23
-2.180893878196343688e-23
-2.465480393379402960e-23
-2.449350274267235529e-23
-2.400813600569622558e-23
-2.431279805687957722e-23
-2.511692815498233834e-23
-2.240613780084668825e-23
-2.585716613242835849e-23
-2.498908617895146636e-23
-2.338075636042962380e-23
-2.480152872475342212e-23
-2.419842115325613495e-23
-2.483602263534439065e-23
-2.420886146164728772e-23
-2.526477528595030008e-23
-2.636515373001482491e-23
-2.538822276093553770e-23
-2.493544613872726378e-23
-2.533035928760864099e-23
-2.441537478269159050e-23
-2.492802378995026464e-23
-2.368757153737273669e-23
-2.554700699123805209e-23
-2.545870050316854056e-23
-2.625828695776821287e-23
-2.398083758279966316e-23
-2.540316896688256130e-23
-2.582026776989230548e-23
-2.628959285336530707e-23
-2.433240762980425470e-23
-2.386794061816423788e-23
-2.503219842165907783e-23
-2.486261469492448758e-23
-2.501673435586906111e-23
-2.534730570148891064e-23
-2.517636719342197733e-23
-2.477464304964530926e-23
-2.413638710223071844e-23
-2.396873772597339207e-23
-2.691444515077769336e-23
-2.648712268114749718e-23
-2.447049357218758803e-23
-2.544936999411275194e-23
-2.618804438738123926e-23
-2.596373510695764847e-23
-2.368430374639439794e-23
-2.275506877088567948e-23
-2.556281525089744498e-23
-2.522825049161089281e-23
-2.468881409933082303e-23
-2.433599763907124628e-23
-2.544717517271773230e-23
-2.371390094043507828e-23
-2.318675811390070272e-23
-2.511374719706817615e-23
-2.422019056880472881e-23
-2.239316193772989357e-23
-2.482097488209488508e-23
-2.383374356280308638e-23
-2.299943064271040623e-23
-2.564158345379409562e-23
-2.322233635001480284e-23
-2.445987181777178907e-23
-2.391947675611889871e-23
-2.343308705580163332e-23
-2.405142845513996877e-23
-2.499076989181952136e-23
-2.432739392998733650e-23
-2.444044884912870739e-23
-2.377996289705060270e-23
-2.352695724787307416e-23
-2.502952435705663425e-23
-2.478712511945892923e-23
-2.438576892685382185e-23
-2.315890611164906380e-23
-2.439272909279074294e-23
-2.535359394655858584e-23
-2.530362528613332026e-23
-2.522842616112796152e-23
-2.430466437337560929e-23
-2.474003606187926060e-23
-2.426640295287121388e-23
-2.469305829575601292e-23
-2.428911194421885372e-23
-2.391287542585815407e-23
-2.582996765972696120e-23
-2.252522134650783598e-23
-2.549878287794103053e-23
-2.413513471935897823e-23
-2.417220829365770201e-23
-2.366994886735703095e-23
-2.384378168462900993e-23
-2.302481075818807537e-23
-2.446418204512374519e-23
-2.508753147930145257e-23
-2.441197926293029339e-23
-2.584428291246930734e-23
-2.474625655914178200e-23
-2.394497082058723362e-23
-2.525376921555829485e-23
-2.388007752760885674e-23
-2.580016377249522186e-23
-2.421271332638607254e-23
-2.568052681997666635e-23
-2.479121688275111740e-23
-2.389125289987961429e-23
-2.226765877767392607e-23
-2.594266815147475804e-23
-2.466282352910485580e-23
-2.421698602481911478e-23
-2.477285592529659656e-23
-2.384901190457690253e-23
-2.517710687811855898e-23
-2.423725569243937249e-23
-2.373215171662488283e-23
-2.309883863471323119e-23
-2.603603944097086078e-23
-2.450560969819167608e-23
-2.378357209334813918e-23
-2.491208138777686483e-23
-2.560954673544423510e-23
-2.596044196395007571e-23
-2.419062473462831520e-23
-2.413315486752330104e-23
-2.416475613836586705e-23
-2.522674400868578989e-23
-2.561646163176919719e-23
-2.569014826748748811e-23
-2.558753632583178469e-23
-2.404756103936375618e-23
-2.581373374632845273e-23
-2.488359443532753259e-23
-2.421353764727015517e-23
-2.633645725746525026e-23
-2.500698857029496900e-23
-2.408111158089519133e-23
-2.489173920470645530e-23
-2.611226587295070115e-23
-2.494829118462323743e-23
-2.444646979656099684e-23
-2.534869811484754078e-23
-2.555111075132982155e-23
-2.282422484539693850e-23
-2.324867312472029977e-23
-2.484496466015289320e-23
-2.495133761672613230e-23
-2.303136401121687868e-23
-2.358655179266497528e-23
-2.301766974757730346e-23
-2.353744246047172161e-23
-2.379559582986721545e-23
-2.200285159633030370e-23
-2.519334520321541252e-23
-2.462222226126820355e-23
-2.459865711556954883e-23
-2.524317495134709169e-23
-2.430297849538080186e-23
-2.440116590981156444e-23
-2.362736127278657811e-23
-2.553223189964409906e-23
-2.397189132347041233e-23
-2.498136028819934337e-23
-2.471243483167907454e-23
-2.533619674536756894e-23
-2.333072715001098819e-23
-2.471145704701484801e-23
-2.287436910229578475e-23
-2.353764797616096169e-23
-2.598531048086203237e-23
-2.449507363134954083e-23
-2.478613412860404797e-23
-2.474301411441322117e-23
-2.467469370066610944e-23
-2.355699321050914483e-23
-2.452326970867490581e-23
-2.511809496063402304e-23
-2.510249938561932353e-23
-2.430844480091816511e-23
-2.288380183828827233e-23
-2.498838876639868739e-23
-2.450559300188475484e-23
-2.168234938551053648e-23
-2.409635982509743513e-23
-2.455604272669482597e-23
-2.602830453350964774e-23
-2.483152091192674464e-23
-2.617012587460336833e-23
-2.387692380379472699e-23
-2.370826747190386170e-23
-2.290616698054717527e-23
-2.378412644624584553e-23
-2.346441656185516021e-23
-2.507290440395552834e-23
-2.415398362160305550e-23
-2.447205806465180287e-23
-2.456905534682435152e-23
-2.407978174227453150e-23
-2.536168035833516292e-23
-2.442682138376785192e-23
-2.583021473940240185e-23
-2.505213959520658221e-23
-2.515316707700831303e-23
-2.518124166225853442e-23
-2.397088437162381661e-23
-2.433629652363519029e-23
-2.498170499435372736e-23
-2.455321183274047419e-23
-2.334339362187439048e-23
-2.597276907146804063e-23
-2.468874514233554490e-23
-2.403477093085180320e-23
-2.433451790739374214e-23
-2.407417923855223330e-23
-2.430841876095182134e-23
-2.427730877846933907e-23
-2.431132337370063486e-23
-2.472335123548611068e-23
-2.576434108469580616e-23
-2.536207568865503887e-23
-2.412809079293906502e-23
-2.434840353409402843e-23
-2.353628286032978514e-23
-2.433639190582198324e-23
-2.555215507662437485e-23
-2.420700283684766963e-23
-2.397292536639561554e-23
-2.456059033080308569e-23
-2.340471996200827274e-23
-2.514909108500482713e-23
-2.357187372568480034e-23
-2.541598643470386739e-23
-2.373361280347439483e-23
-2.442376332614684750e-23
-2.366176121162049281e-23
-2.305100697963997656e-23
-2.511818690587455403e-23
-2.574235018621541080e-23
-2.585953177642161316e-23
-2.442852290521670656e-23
-2.444266874167009350e-23
-2.379759514021193298e-23
-2.466628903781485895e-23
-2.465982793588353606e-23
-2.483187951522612557e-23
-2.516670102710140444e-23
-2.574094696734738482e-23
-2.321126575646153988e-23
-2.466513709919436595e-23
-2.498632157519043288e-23
-2.612655828884480177e-23
-2.560849725263196827e-23
-2.568372094423784069e-23
-2.469793009080193774e-23
-2.580976900334037877e-23
-2.509718423373100008e-23
-2.527083238231377072e-23
-2.453308356370795517e-23
-2.359864527800392653e-23
-2.595983611383386060e-23
-2.425868857577387544e-23
-2.405500783842286451e-23
-2.539788290734605607e-23
-2.306246928296653190e-23
-2.514138502235153587e-23
-2.433492498974246456e-23
-2.502650845426707700e-23
-2.410188122300280920e-23
-2.405119300720456160e-23
-2.481450618001501085e-23
-2.557849073697738143e-23
-2.558603875098006926e-23
-2.511138023202672534e-23
-2.475805107501502292e-23
-2.486859474238444836e-23
-2.487380921774732917e-23
-2.572166755064637116e-23
-2.692028332555754487e-23
-2.445757502395406654e-23
-2.415396667812245387e-23
-2.414036649658742813e-23
-2.529500826354030040e-23
-2.463113898666176462e-23
-2.525063352709019414e-23
-2.491611333782412888e-23
-2.468374095694690959e-23
-2.633887728251905309e-23
-2.434652493977001950e-23
-2.364830307606573448e-23
-2.444907525998551508e-23
-2.604494963738848313e-23
-2.364228909291323844e-23
-2.594975936480331891e-23
-2.483613940446560178e-23
-2.439282888672632141e-23
-2.501844205939849205e-23
-2.576890897199165638e-23
-2.522355302566318360e-23
-2.328070500114723050e-23
-2.424078574848098658e-23
-2.268776809937265073e-23
-2.530725259296315015e-23
-2.389792508186034417e-23
-2.514121832025042118e-23
-2.386055335893339431e-23
-2.409703875750312067e-23
-2.363011114744635268e-23
-2.556340524097967468e-23
-2.403289091045284249e-23
-2.499781798902605759e-23
-2.466723604282031923e-23
-2.458429728127871615e-23
-2.424632147243404896e-23
-2.402665004753486939e-23
-2.338857718554318993e-23
-2.405698873190904274e-23
-2.443810600985151314e-23
-2.358871990057945154e-23
-2.389374383973931303e-23
-2.438215602007873866e-23
-2.491527515785314829e-23
-2.384335466604366325e-23
-2.422839598925475681e-23
-2.447864415430012634e-23
-2.233882870063372729e-23
-2.342727500668511971e-23
-2.443248469253789098e-23
-2.430692331608172252e-23
-2.420420759285264947e-23
-2.527613950747231174e-23
-2.251285397283282336e-23
-2.461962241126281803e-23
-2.296949305081914930e-23
-2.379032346257999765e-23
-2.246108492366652630e-23
-2.401239187082178606e-23
-2.470643408498239534e-23
-2.444080047655047974e-23
-2.514399747474279229e-23
-2.271145596344834584e-23
-2.302943723069974911e-23
-2.347315710346768826e-23
-2.361973802067772081e-23
-2.389111298134849903e-23
-2.343352871402877536e-23
-2.290709064972329520e-23
-2.494882330539264265e-23
-2.271693304042210225e-23
-2.259070509580796426e-23
-2.293193628036160662e-23
-2.340000511191835385e-23
-2.387945632611959734e-23
-2.309130845517992805e-23
-2.295015032260773932e-23
-2.269740521518903074e-23
-2.401487439858341784e-23
-2.296401452518230624e-23
-2.252640784837019903e-23
-2.407829833868632477e-23
-2.431918097980104804e-23
-2.433210443726669964e-23
-2.286149957807877328e-23
-2.276697531419347406e-23
-2.250497623972774646e-23
-2.394879934466308939e-23
-2.335024036081819920e-23
-2.434737494256934234e-23
-2.257979360025219931e-23
-2.254729753308776939e-23
-2.203816904462428847e-23
-2.292051586466045478e-23
-2.324429534783668266e-23
-2.321240175816158629e-23
-2.067635030240426188e-23
-2.394478284979616156e-23
-2.287997089985711677e-23
-2.338805137904902454e-23
-2.315811084762019957e-23
-2.384968987544936799e-23
-2.192253418768979363e-23
-2.286393137188110175e-23
-2.355082069094995178e-23
-2.275611048100087731e-23
-2.246671204389430139e-23
-2.328942198140302547e-23
-2.302105332883996557e-23
-2.199671600610417220e-23
-2.278148832234244001e-23
-2.301113766801722024e-23
-2.182087527313254503e-23
-2.182052943521657290e-23
-2.212640575714867893e-23
-2.291819104672618960e-23
-2.151314782872282219e-23
-2.218384945527399962e-23
-2.140219901718224718e-23
-2.213846200119821907e-23
-2.124700216633465065e-23
-2.034687290981177416e-23
-2.288658993238298171e-23
-2.140023890299631003e-23
-2.087525403156583679e-23
-2.147818093613356106e-23
-2.223093280366898854e-23
-2.176336899995533531e-23
-2.160972286748098203e-23
-2.161016727495735631e-23
-2.136298678101463177e-23
-2.060191459098290868e-23
-2.079390639169201556e-23
-2.152504878603601999e-23
-2.088426515253992016e-23
-2.239630932749252220e-23
-2.127508952290655504e-23
-2.205609782307720336e-23
-2.185081503710284527e-23
-2.122908359118079712e-23
-2.077298283393710771e-23
-2.147444925378786070e-23
-2.156835669672764273e-23
-2.089705921246722317e-23
-2.127171114964250607e-23
-2.137856932244383248e-23
-2.200486310185541670e-23
-2.064127050559151824e-23
-2.097363407218539401e-23
-2.092207571758833291e-23
-1.918278405300779333e-23
-2.082438547483604378e-23
-2.151747077000772803e-23
-2.063920773446513459e-23
-2.274576601370592091e-23
-2.099279050209153586e-23
-2.230503331632543630e-23
-2.054309349076197809e-23
-2.105400104014140901e-23
-2.047186505439132292e-23
-2.176333633028762495e-23
-2.104991717400968883e-23
-2.084652494823662225e-23
-2.011295579697296272e-23
-2.090604476726099070e-23
-2.015989108620833405e-23
-1.958648868755850899e-23
-2.088942214693443640e-23
-2.151326491599068599e-23
-2.096155189991859761e-23
-1.996799530086017472e-23
-1.988975885601860439e-23
-2.193849599678999589e-23
-2.039274421391674606e-23
-1.985694639396031559e-23
-1.992598430023248585e-23
-1.940977287370159990e-23
-1.895256188908674972e-23
-2.015285390294057051e-23
-2.060216121089957777e-23
-1.995315706979006131e-23
-2.037822582052346499e-23
-2.082332665434403835e-23
-1.987240131223916925e-23
-2.057502006016263164e-23
-1.882769455760638770e-23
-1.895329574819877365e-23
-2.045411052094237785e-23
-2.019818691363583260e-23
-2.032615726512142848e-23
-1.894705811667034316e-23
-1.957771391743363871e-23
-1.975131619515887347e-23
-1.907337338780661593e-23
-2.076351520216647140e-23
-1.982253830448600158e-23
-1.884500380280967058e-23
-2.037619487595234188e-23
-2.010788960523390755e-23
-2.030122529978125803e-23
-1.954505855355206919e-23
-1.983028218576143142e-23
-1.898042222911490252e-23
-1.958396365911838229e-23
-1.854880115967626886e-23
-1.918112716010343077e-23
-1.998134501816259213e-23
-1.885942977322880353e-23
-1.987255399423715850e-23
-1.992090249073703005e-23
-1.860112818270195227e-23
-1.887329553028864626e-23
-1.843525265527704643e-23
-1.918525383756731552e-23
-1.900940853199592339e-23
-1.832765590586947350e-23
-1.913474435829555720e-23
-1.972805021877019847e-23
-1.892639162426203413e-23
-1.929951035237843500e-23
-1.858769923329170348e-23
-1.864503287686015464e-23
-1.824427601884916504e-23
-1.886458684266208311e-23
-1.858816219152479230e-23
-1.877468150077800584e-23
-1.899020051179458685e-23
-1.844642324670049849e-23
-1.948099002477081337e-23
-1.856357393122111049e-23
-1.743512277154998336e-23
-2.012191276325018434e-23
-1.834547019776406769e-23
-1.991191311147270363e-23
-1.961008369059209391e-23
-1.851192886462484123e-23
-1.860546840573729734e-23
-1.814904190246343014e-23
-1.835018616745464191e-23
-1.859891706721590708e-23
-1.916077225651349750e-23
-1.940405209580021869e-23
-1.844756579785450034e-23
-1.849015427683592552e-23
-1.887347572806568020e-23
-1.699799321159500299e-23
-1.819158766712377099e-23
-1.760556808025444429e-23
-1.829846924691729059e-23
-1.806232482364452682e-23
-1.868579659258863034e-23
-1.804578771259104855e-23
-1.753579630636783187e-23
-1.711917088963535085e-23
-1.873952371580316866e-23
-1.787565627757533746e-23
-1.870552116752305665e-23
-1.790584456264308160e-23
-1.678820648022425858e-23
-1.861195051273048305e-23
-1.819183731477046711e-23
-1.685519711958391245e-23
-1.777521370229530791e-23
-1.747042008997836569e-23
-1.824675788626649501e-23
-1.749462704225960111e-23
-1.706238259798476477e-23
-1.770908100539456737e-23
-1.682783323457480638e-23
-1.688514255364160352e-23
-1.737231470996383099e-23
-1.758089539553698533e-23
-1.788451078423678034e-23
-1.734587525210170103e-23
-1.740012875554446497e-23
-1.663533654779396861e-23
-1.672360311938850701e-23
-1.814402844312972223e-23
-1.752416114145623098e-23
-1.615199020303233686e-23
-1.864984162627644510e-23
-1.755097467686194573e-23
-1.687759505649972336e-23
-1.762053529880928739e-23
-1.808611333306734319e-23
-1.643197304949830397e-23
-1.784627844908178623e-23
-1.631411999307643347e-23
-1.693337717553981814e-23
-1.652311315486887017e-23
-1.698307222059213484e-23
-1.645337968315779195e-23
-1.699836227656617200e-23
-1.658164018224231393e-23
-1.621813912713223838e-23
-1.687141070512724409e-23
-1.745566162183520790e-23
-1.625532091445374438e-23
-1.613607972439559660e-23
-1.729876377400961198e-23
-1.701865962560606727e-23
-1.652398799920706406e-23
-1.721886450075336077e-23
-1.606152344297267605e-23
-1.666757187355097610e-23
-1.756109945777838235e-23
-1.730721406859402132e-23
-1.683779670597836790e-23
-1.554493306924166392e-23
-1.542300850006438256e-23
-1.704396289078895732e-23
-1.644602114350291240e-23
-1.656775196063919153e-23
-1.605710711391718561e-23
-1.621583158950851121e-23
-1.586047383143297705e-23
-1.594757025791150209e-23
-1.647224501221908451e-23
-1.695328071752417140e-23
-1.675879867313151543e-23
-1.556922744770754179e-23
-1.655674744031973568e-23
-1.578480057838269236e-23
-1.604980026090997501e-23
-1.567385456228111586e-23
-1.591714839022951550e-23
-1.533751253562309712e-23
-1.587269041218948113e-23
-1.553173780987504432e-23
-1.620743074130161254e-23
-1.600019085440402110e-23
-1.580618005910930695e-23
-1.595751132818211637e-23
-1.642287203307185323e-23
-1.475372438135352197e-23
-1.567155574135874715e-23
-1.554313328780707288e-23
-1.555795046876167248e-23
-1.561500188985419877e-23
-1.508084061732270844e-23
-1.582265337133472534e-23
-1.451855123124723935e-23
-1.407866678950849671e-23
-1.473130965208842272e-23
-1.451161423569179392e-23
-1.530587127139556044e-23
-1.435814944896373475e-23
-1.500969961768885578e-23
-1.517607380047791225e-23
-1.552235844810228885e-23
-1.465719610781973738e-23
-1.511106069110074010e-23
-1.453353395913178342e-23
-1.547179320640567527e-23
-1.526804444839874131e-23
-1.438807626189201398e-23
-1.490777023361281080e-23
-1.482646297415631279e-23
-1.475328063465856295e-23
-1.455928321651122552e-23
-1.508398063512214456e-23
-1.529020112679470046e-23
-1.442345481125201971e-23
-1.488222297920804229e-23
-1.488803202850714768e-23
-1.396123670422046825e-23
-1.442696419331200890e-23
-1.527060518572210211e-23
-1.416237756994149900e-23
-1.421803266408362414e-23
-1.489511222336432278e-23
-1.312830747352582234e-23
-1.319303334196106902e-23
-1.362604042281346801e-23
-1.350513139911650620e-23
-1.373099939517900412e-23
-1.341271834085630162e-23
-1.440326845919596103e-23
-1.369280398810607816e-23
-1.378343864807869353e-23
-1.322704341361865770e-23
-1.420891903472017982e-23
-1.416514600677845058e-23
-1.412148865297871750e-23
-1.360054655859225614e-23
-1.383956510572278428e-23
-1.336262927720392871e-23
-1.376967670135555921e-23
-1.422152324403271381e-23
-1.377354542795709913e-23
-1.396094932345946420e-23
-1.506849285745016637e-23
-1.321663483212986601e-23
-1.332912546993222878e-23
-1.348333751246115078e-23
-1.330897939369572553e-23
-1.368023852564603113e-23
-1.301463047472982984e-23
-1.338964419511647468e-23
-1.311192409891840316e-23
-1.307351262901618407e-23
-1.347703069886937090e-23
-1.359525180428711282e-23
-1.362530150054559622e-23
-1.326216735292808554e-23
-1.387923936606749885e-23
-1.395243143487314953e-23
-1.288004879813400072e-23
-1.294077424755288744e-23
-1.293004378160418647e-23
-1.343670815111695985e-23
-1.215729645184151736e-23
-1.335939283515455306e-23
-1.270161606046068288e-23
-1.277862550383711410e-23
-1.348278924123559136e-23
-1.260541202354418277e-23
-1.298437255590630838e-23
-1.346610268540730402e-23
-1.314208772696094961e-23
-1.246185024921687767e-23
-1.273578243527536215e-23
-1.275045994604268888e-23
-1.307369379517994190e-23
-1.139979983456339861e-23
-1.245623416776365175e-23
-1.261821796138695221e-23
-1.254341251704029662e-23
-1.292945967462487984e-23
-1.250320419043070350e-23
-1.212485416736867415e-23
-1.267493507058180844e-23
-1.283865044400202180e-23
-1.285590357118752789e-23
-1.215129354257962752e-23
-1.237238623631235017e-23
-1.142721627822178420e-23
-1.221944625523949408e-23
-1.234452624116032499e-23
-1.197384310348665946e-23
-1.215961466307724467e-23
-1.214838263017666677e-23
-1.208044464477632635e-23
-1.221104740200163287e-23
-1.156917977906977216e-23
-1.208387980175735672e-23
-1.266436038260673316e-23
-1.193781704922883694e-23
-1.162765504360185750e-23
-1.148107329733965850e-23
-1.215275980920267127e-23
-1.168802758479159139e-23
-1.172639683222409362e-23
-1.160141053552113484e-23
-1.141278486639438566e-23
-1.156446551677502853e-23
-1.123994651164544604e-23
-1.103227782051637085e-23
-1.135868770336113479e-23
-1.200283352100468803e-23
-1.188296158147162001e-23
-1.172191145128664669e-23
-1.173900484749773931e-23
-1.137319921221669592e-23
-1.104456303191355379e-23
-1.156598433733129197e-23
-1.120491059380944487e-23
-1.157884459469227139e-23
-1.154475415714268851e-23
-1.142435839665313698e-23
-1.087494426268727084e-23
-1.168142441785255909e-23
-1.122825336334545499e-23
-1.158454548486233189e-23
-1.125844974851467204e-23
-1.136920248163647021e-23
-1.126776770287385484e-23
-1.114573385537955848e-23
-1.099011654728093067e-23
-1.097793117128182139e-23
-1.131567742711418792e-23
-1.155432902881091105e-23
-1.057206243707558464e-23
-1.000751536489071308e-23
-1.076864019098492177e-23
-1.067077027557811273e-23
-1.106807419883237427e-23
-1.103531631765838770e-23
-1.067901132014778786e-23
-1.079622111338304911e-23
-1.109431520504695621e-23
-1.033115356939883510e-23
-1.090952549760176333e-23
-1.063377431369125582e-23
-9.914292083756235791e-24
-9.845241774031264871e-24
-1.010333856019445013e-23
-1.000642439404447245e-23
-1.008999349357853999e-23
-1.010191742100128454e-23
-1.063739340175038857e-23
-1.004450965831920514e-23
-1.060376894757668347e-23
-1.022765600057579445e-23
-1.085421618160105401e-23
-9.808814396253717542e-24
-1.018868288609059612e-23
-1.029694462210849663e-23
-9.387370523110445031e-24
-1.004528868653634632e-23
-9.924078446120293358e-24
-1.024652469074674970e-23
-9.967550298704075495e-24
-9.866200052898228594e-24
-1.013009872807546672e-23
-9.817950532604524450e-24
-1.018932758798429569e-23
-9.655656624396799993e-24
-9.821531977154356662e-24
