0.000000000000000000e+00
0.000000000000000000e+00
5.235714729012167682e-12
5.497540346804905245e-13
2.139257713093142426e-13
1.039602999143308692e-13
2.637429530478214294e-14
1.992605133116466417e-14
5.277483632972215742e-15
7.870595597986452006e-15
7.857249025498858682e-16
-3.499188311276163042e-16
2.671042265616988327e-15
-1.062398566450373607e-16
1.121569025605326478e-15
6.188581912136714686e-16
6.220987390461750873e-16
4.895172229400537516e-16
2.630375414037483293e-16
3.428812891805767761e-16
2.351594769840451843e-16
2.002569754658349383e-16
2.158548636784957581e-16
2.044807241664137523e-16
2.056530533125050057e-16
4.742046846915514924e-17
3.565922421575004903e-17
2.939117407799965586e-17
-5.445591682088148265e-18
6.461399464261438083e-17
4.436552172871747874e-17
3.344770748620871436e-17
5.763492277119273502e-18
2.485115529946624703e-17
2.560430988617876048e-17
1.408342244387854847e-17
2.429222059029252701e-17
4.536979817363113071e-18
1.207147877290808931e-17
9.456756613514646101e-18
7.927478364696129927e-18
8.754881958717602899e-18
1.124895729925614258e-17
1.531881477529896397e-17
1.137159147032282388e-17
2.328646312266348392e-18
8.251727756334159123e-18
7.039102161529975774e-18
4.879941013119299721e-18
5.765313119463779946e-18
7.065116094003310300e-18
7.897833660693116201e-19
4.848599004220478507e-18
4.639190282186000711e-18
4.826185782446395422e-18
3.362852210564592054e-18
3.472721265612810754e-18
3.492105856714108026e-18
3.064270521551498985e-18
3.371444143825809068e-18
3.477293075595325214e-18
2.666987398095833498e-18
1.915465709002004064e-18
1.459502650368437902e-18
1.311958700705419343e-18
1.630926060143960414e-18
9.319622137554502781e-19
1.321537462191555083e-18
1.446440256268013401e-18
6.392626110677171328e-19
2.042571571032725473e-18
1.364373178276541547e-18
1.372922699407350605e-18
1.476078982569846390e-18
1.060295478769256780e-18
9.006632840026475219e-19
1.141023433394135136e-18
1.255365628079185564e-18
6.482749016108206446e-19
5.169670197114951348e-19
1.114457266883232673e-18
7.157332950393685983e-19
1.057153894602301818e-18
5.385902643451217415e-19
5.303589015407388917e-19
4.543205228722043597e-19
4.882237523821482644e-19
5.240913694369449428e-19
4.268404751393334955e-19
4.180075682641824894e-19
2.297101881245844775e-19
3.555906248572486876e-19
5.627430230568641889e-19
4.949936695823827663e-19
3.016188791001947640e-19
4.186318815871640314e-19
3.945855888457592740e-19
2.959937352762366601e-19
3.314835920484562011e-19
3.191472472843341490e-19
2.138091010201745404e-19
2.989642957991811020e-19
3.300414119496960076e-19
2.829509569117532938e-19
2.341521812057521316e-19
2.310545644561433577e-19
1.555153724454389540e-19
1.636786142383289856e-19
2.138223091774201668e-19
1.979413838584796598e-19
2.669338855676138390e-19
2.307430259301913848e-19
1.133356716753638283e-19
1.392353315394345319e-19
1.630341303273771414e-19
1.328013426918115595e-19
1.066960863962403833e-19
1.894767990234124770e-19
1.485352553225831453e-19
1.158154868322665158e-19
1.155248660949263342e-19
1.015032349177858203e-19
1.167387713512617415e-19
1.076967614085009686e-19
1.405497945021013640e-19
1.045159736911094904e-19
1.223770375427118933e-19
1.352399536432707631e-19
6.497664162044216547e-20
9.349847016149603641e-20
7.503764426067639807e-20
6.050493968482310851e-20
1.065637143377656541e-19
9.219644853103002553e-20
9.658823279329825050e-20
7.426857035093957096e-20
7.563401678071595212e-20
6.688678668657083425e-20
6.958149493904526752e-20
3.305714753570990821e-20
8.216363787640648394e-20
6.392814684536235848e-20
3.619752141580898835e-20
4.984121212169904192e-20
5.286213654652751874e-20
6.686340941036248987e-20
8.083269075544696903e-20
4.148656183372024384e-20
3.959749983170551404e-20
4.973493148542464067e-20
4.737990827645500946e-20
6.026680069830966171e-20
4.278482785665252972e-20
5.254910395302231217e-20
4.433013006006626671e-20
3.145608129986947385e-20
2.326448586714204719e-20
3.640977521702022045e-20
3.902364752064707428e-20
4.695012862904418350e-20
2.957921958022652167e-20
3.977683321383278287e-20
3.616074006086983531e-20
3.434066888075276801e-20
2.092027025220248074e-20
2.407705771494947127e-20
2.186437039974458003e-20
2.673009165859811941e-20
3.166057841948804686e-20
2.669004228035695123e-20
2.997710871384316544e-20
1.637188184260317364e-20
3.242582094180192650e-20
2.406525317320208923e-20
2.319412784394796688e-20
2.855413991774747894e-20
2.757633618010013099e-20
2.809599839271570931e-20
2.646246879822128950e-20
2.405765110592909818e-20
2.907868237995095840e-20
2.786971801204564907e-20
1.524909336210099049e-20
2.299975497566974073e-20
1.979140342571714592e-20
2.658721845411525072e-20
1.369223036600647510e-20
2.057553063460449568e-20
1.458111028277006993e-20
1.739754943816926704e-20
1.805623005456881490e-20
1.758349258388899458e-20
2.573714444792582540e-20
1.628291225518019857e-20
1.513715742638207441e-20
1.147062076171459637e-20
2.061536290084257700e-20
9.309397857526453808e-21
1.141290403651122204e-20
1.147368345603565304e-20
1.690736764537462421e-20
1.677052607050891062e-20
1.261481467795904925e-20
1.346561888294702520e-20
1.076204789603766040e-20
1.062627975090606210e-20
9.611597459714804299e-21
1.316820756151269810e-20
1.116529568668694357e-20
1.150949016262918724e-20
1.233430781405592501e-20
1.014601007345586010e-20
1.243486804225632541e-20
9.698706951532241064e-21
7.515958081288819983e-21
9.086124044685489049e-21
5.475865944952153902e-21
7.476236795455632177e-21
9.318967479744555415e-21
8.542245592655918930e-21
1.037318113452361457e-20
9.763339329296280724e-21
1.159620594663617801e-20
6.066354097693959852e-21
1.037421057760016366e-20
8.529887380144377715e-21
7.757062543343315969e-21
7.138123727034474160e-21
9.321741805781175180e-21
8.017157358858173863e-21
3.729174312754395373e-21
6.904156106853693134e-21
6.789537420117834871e-21
3.857594732429295294e-21
6.732715033986940745e-21
6.462564002293967586e-21
4.670723796785318048e-21
5.958288106440713423e-21
4.812706161826053432e-21
6.022028640745904643e-21
4.658958579404794630e-21
4.478570256874104670e-21
2.806637610498835145e-21
3.594651105819999894e-21
4.145215382815314275e-21
3.594453399245746756e-21
4.225271958430052455e-21
4.417346012084011215e-21
4.617275370175764521e-21
4.701331561705378642e-21
2.637459529201804203e-21
4.211365250676549713e-21
1.656846695675634246e-21
3.811996700951728964e-21
4.300632751203354764e-21
3.944705796212495364e-21
4.815061094633808941e-21
4.869509966484187940e-21
5.262042351568935647e-21
3.896493944594161255e-21
4.570880908132958802e-21
4.652182844679388386e-21
2.491614316012476004e-21
3.092689943817712456e-21
4.132203024127165074e-21
3.560934770068830650e-21
2.788161746055622752e-21
3.403958461974345471e-21
3.527280229045876182e-21
4.223557487041713779e-21
3.725510141671511331e-21
3.482628094697699268e-21
5.190480885987945330e-21
3.751112898031058957e-21
4.942176264424186615e-21
3.774227845785121804e-21
3.626722064912734015e-21
3.464054284609235007e-21
2.730493701277492394e-21
3.051999427989792831e-21
3.844675107029376463e-21
2.782430770214480717e-21
3.583997717514756604e-21
2.476036149068337163e-21
2.493112595301030243e-21
3.025258391111838319e-21
2.633293665158485850e-21
2.871222747303353847e-21
3.151004424070619737e-21
2.373138169153221666e-21
3.577542084825217988e-21
2.541513528054467955e-21
1.641553116079340778e-21
2.312689703318624163e-21
1.983370335038526737e-21
3.030391878803721188e-21
2.282380630753719353e-21
1.962392640360854247e-21
2.943697119899026732e-21
1.811950744127048423e-21
2.021596556864321289e-21
2.221118950362782180e-21
2.473837400670056800e-21
2.654608979364737030e-21
2.291768856263416080e-21
1.849781427115486081e-21
1.817331519285912380e-21
1.609697035478582059e-21
2.171984399495431910e-21
2.200182032407443540e-21
2.295204417640650595e-21
2.168493421083684439e-21
1.297391625413917399e-21
2.224719750948700982e-21
1.818645926122543368e-21
1.782753783311739351e-21
1.227263548887825192e-21
1.766209479374035186e-21
1.785825127222380696e-21
3.055129164268774391e-21
1.991525246740977061e-21
1.710629459437210984e-21
1.782312025134215971e-21
1.731546715907205218e-21
1.628130064424213484e-21
1.674111222410212086e-21
1.676867369159210670e-21
1.237620700581369314e-21
2.016343425449654737e-21
1.806068063775834791e-21
1.237524058954764358e-21
1.622582270283961647e-21
1.764668107413775913e-21
1.356011923979581635e-21
1.421905893855460811e-21
1.217525628586634461e-21
1.815084967390331332e-21
1.740713744722570827e-21
1.357316453319863137e-21
1.204272803043803190e-21
1.602001172430693954e-21
1.446948302786932583e-21
9.880466419609946280e-22
1.400684988392560239e-21
7.817326407156349178e-22
1.264030031969630059e-21
1.798326313846244738e-21
1.471534481563442755e-21
1.877408490111658968e-21
1.474728427978209636e-21
1.357002220616172899e-21
1.448234809005194787e-21
1.051002113149001958e-21
1.154747113109052944e-21
1.548618717571561783e-21
9.278598093547323368e-22
1.614666522020817330e-21
1.319257853322163381e-21
1.506988595688518606e-21
1.160199393474405480e-21
8.555018287433915995e-22
1.225040484768137748e-21
1.563978908419919248e-21
1.098135650835699294e-21
9.269629501927613756e-22
1.163676869984566909e-21
1.017671344160441308e-21
9.230567167160204758e-22
1.023102427087986448e-21
1.011518329252470309e-21
1.174750775330222013e-21
1.225401050436957593e-21
1.160366425653557443e-21
1.021494553141939138e-21
8.255960297528664912e-22
1.418436451705132395e-21
5.665238223919745682e-22
7.633019378640668738e-22
6.755929260283946914e-22
8.116728105477236073e-22
9.387353419558397351e-22
9.002430713038504533e-22
6.359372724544078239e-22
1.155748022164897890e-21
1.084598085993713213e-21
6.648916719646730717e-22
1.039884134679041037e-21
9.707969996258294467e-22
1.251662290200558973e-21
7.368744679296969733e-22
1.010005568186808951e-21
7.525201280127210282e-22
8.051482160792781340e-22
5.584421625129090495e-22
1.303557634096475430e-21
5.812452012997913428e-22
9.198789144548446626e-22
1.056452911877706195e-21
6.640850681292291877e-22
7.607329449690503520e-22
7.054496999200601459e-22
1.044688993197977881e-21
6.799236592454457014e-22
1.017662236754042340e-21
7.375722043816663817e-22
7.246590592496103176e-22
6.170504813591179915e-22
4.928841289163638167e-22
6.276764545063219480e-22
5.976146914723600467e-22
6.850662161588861984e-22
7.298774063507886121e-22
5.792624897064685297e-22
6.792039105878147862e-22
5.849926222565343316e-22
5.565775180945146822e-22
4.835993166702090827e-22
4.714242199185415305e-22
7.832272826404832444e-22
4.474480022590866443e-22
7.761916649738284490e-22
4.425905475467229977e-22
7.435638319599149699e-22
7.800385478518490444e-22
6.836132585608846979e-22
4.941706535046101028e-22
3.592772138970350602e-22
5.182185120247629635e-22
4.895212304732934594e-22
5.237650226632021620e-22
6.350448641502486984e-22
5.167807025717618697e-22
3.224927109669779429e-22
5.521861792899716599e-22
4.887015471634273874e-22
7.164035612019600132e-22
5.329825197571390379e-22
4.996053175956536004e-22
5.978926169270014658e-22
5.686960495638505521e-22
5.373753153828650255e-22
5.556809917698139470e-22
4.541433827622185126e-22
4.685777354343803884e-22
6.168740528947852842e-22
5.294641928841063123e-22
5.211834181437613247e-22
4.710461038405382338e-22
5.600284848001518942e-22
5.046321534314302023e-22
4.478485830456742212e-22
4.073887070692898793e-22
3.028649322973459360e-22
4.671175031366524012e-22
5.436431649180906513e-22
4.699055270360336626e-22
2.814182571525832128e-22
4.200615477724064362e-22
3.386482059094657218e-22
4.971958955766610600e-22
3.598764660818925195e-22
4.667668729506428824e-22
4.219701659783504024e-22
4.044886521189548630e-22
3.775104719830762843e-22
3.919822762726708347e-22
3.503318655399349082e-22
3.584453067177315500e-22
3.805686514420263168e-22
2.297043379241559170e-22
3.602391956140388089e-22
4.165939722460126403e-22
3.903919255229847202e-22
4.678185644040011233e-22
3.128232968743546165e-22
2.771185291613546367e-22
4.258241378936006950e-22
2.183706725312979644e-22
2.408592873978206498e-22
2.948274318642930263e-22
2.093300147868140126e-22
3.351690180419572830e-22
3.699058986337545040e-22
3.746951891034145809e-22
3.307998030879179018e-22
3.569382510353350827e-22
3.635161540528356842e-22
2.896479492488087340e-22
2.442780086323399611e-22
2.055120399602939921e-22
2.462364727636083767e-22
2.370771612237672387e-22
3.175500140295961913e-22
3.026733388249546155e-22
2.975379030057098309e-22
3.010476475451734282e-22
2.890330336766601948e-22
3.494461583815517958e-22
2.226104271216247723e-22
2.063770427720526527e-22
2.683940517533560419e-22
1.819523509812123543e-22
2.447921149576045142e-22
2.340549128540814372e-22
2.401492446966289037e-22
1.947377067650975824e-22
2.298153470487576879e-22
1.475676704777535028e-22
2.487880334520766402e-22
2.501952235079982819e-22
1.612752019430180385e-22
2.023841084085082510e-22
2.179595892570854605e-22
1.765682421927671278e-22
1.750534778032801827e-22
2.601688546343270188e-22
2.087068380840654118e-22
1.679853554136571888e-22
2.159542827250859384e-22
2.456367867139880504e-22
2.156606666460715658e-22
2.891269972251655128e-22
1.570367916149676073e-22
2.245909671202599427e-22
1.418941804300202600e-22
1.776971627314864973e-22
1.375970225722269530e-22
2.202184873378499215e-22
2.437354790558112389e-22
2.673260980577310609e-22
9.178826651103144991e-23
2.153564159441869439e-22
2.055603273385181881e-22
2.546609458164696899e-22
3.266646084310198238e-22
1.326671223427252184e-22
1.651460304094553889e-22
2.433029807436696580e-22
1.571285788774193959e-22
1.785009626699875647e-22
1.820821392714749445e-22
1.482570359055383115e-22
1.921469227674717067e-22
1.227458975259598311e-22
1.710899876541968609e-22
2.060906409861746928e-22
1.171509862303659860e-22
1.310024035134656840e-22
1.879942114523441270e-22
1.875495781092327650e-22
1.479194996335648944e-22
1.243253948865781245e-22
1.876106684811968871e-22
5.083644370916020856e-23
1.536166831477257798e-22
1.367736806702353324e-22
2.121913715154144789e-22
1.702703656473623764e-22
1.368456286337236442e-22
1.687597770917082850e-22
1.606918527391773103e-22
1.369804628317541880e-22
1.541561046783764805e-22
1.084925821307077432e-22
1.179746554261996935e-22
1.600627726220479263e-22
1.815323489349609539e-22
7.555513089708529253e-23
8.199535039923125488e-23
6.831425189051194569e-23
1.224792661200140029e-22
1.117962453294025868e-22
1.638602612218530266e-22
1.247764874388658429e-22
1.225102616283989629e-22
1.133440734398002956e-22
2.080166052333938785e-22
1.205632109041928955e-22
1.463976037030188505e-22
1.343187083031811973e-22
1.274501349338021841e-22
1.220937271034045372e-22
1.208676180867059139e-22
1.326351270815834925e-22
1.150206995905427484e-22
1.124632732217685531e-22
1.194637257711374087e-22
1.182726398522558550e-22
1.265157320487913033e-22
1.141253021276935509e-22
5.445822693825326276e-23
1.173062534252944486e-22
9.577084641654759112e-23
8.500800770249481574e-23
1.130380593342062495e-22
1.494241702752395645e-22
1.518897869626033016e-22
1.533566881186567020e-22
8.240965852133677625e-23
1.150830903396917947e-22
1.156462080302044652e-22
1.298353424451554896e-22
1.729981572374866081e-22
9.141197114871680347e-23
9.418932616438194945e-23
9.126092337939048375e-23
1.133418852212918091e-22
1.044416378421745032e-22
6.595748752379604880e-23
7.851036650457747113e-23
6.127139320192319719e-23
6.804071747606932472e-23
9.135706946202454941e-23
1.240376494275067246e-22
9.948891267003749949e-23
1.267553097940313715e-22
7.877548887270634035e-23
9.433898876911563686e-23
1.241920366258449978e-22
6.746279426706492897e-23
1.181833536345664527e-22
8.717183390093295998e-23
7.305428447338669177e-23
8.996133316130077709e-23
1.205777406982062443e-22
7.040134186293905221e-23
9.698228891010707228e-23
7.523511680415681350e-23
1.038114699390849786e-22
6.908596244319361498e-23
7.869667712090442880e-23
1.006432780835841318e-22
5.769408404372598870e-23
7.496840734484318865e-23
6.354652081349039628e-23
7.187831063124199345e-23
8.106957713183663535e-23
1.030213278967344214e-22
7.774009117051732233e-23
8.096305560499902006e-23
5.615453868500010790e-23
7.408407613175753210e-23
7.837727582572956493e-23
8.501247841825138465e-23
7.369026210385313721e-23
5.117608149949260121e-23
9.973346128192342301e-23
5.579270685388538258e-23
6.887469644853954871e-23
5.373017104957253892e-23
6.290966267352028439e-23
6.111679023564239914e-23
9.273797224109595600e-23
9.928577004294009021e-23
8.769039072459140685e-23
1.030290268305425334e-22
5.783511940971997943e-23
6.900647375165134503e-23
7.179509927703022844e-23
8.839151329132400462e-23
9.082604797475197682e-23
5.028457732046556484e-23
8.062809473653294841e-23
8.573949419709496776e-23
8.069345739277155296e-23
8.888269999570766720e-23
4.880892065488976766e-23
4.805533629560639775e-23
5.717909839690905693e-23
5.281212155613792200e-23
6.790824944368595668e-23
5.448606328367940347e-23
3.774913661901486287e-23
5.632908063406099343e-23
5.282924466558161463e-23
6.565063913601380469e-23
4.139592239445411884e-23
8.589215214038592110e-23
7.807117822695366202e-23
9.461445616784126309e-24
6.710053905196368791e-23
5.228965726261062669e-23
4.703582420185644393e-23
7.354860284334617183e-23
4.635766719541404389e-23
4.914552493783837091e-23
8.634155951338464847e-23
4.850653418414730001e-23
6.224002370231893887e-23
6.081737097257589841e-23
3.003512073161263391e-23
4.344589644953269450e-23
4.028890424964555003e-23
3.382078992424087499e-23
5.601499694089352484e-23
5.624787817973593582e-23
7.215657791539969487e-23
3.732731398547932635e-23
5.977300469965425389e-23
4.030979263151298740e-23
5.587307853770143617e-23
5.251182245839836705e-23
4.408053893581937832e-23
4.172566601257072856e-23
5.011607664939357855e-23
5.833131202292756814e-23
6.000423337564809783e-23
3.508636389543061407e-23
7.456239054408449311e-23
6.098254978632750044e-23
3.579069645925295170e-23
3.279257139372540888e-23
1.121548906928520572e-23
5.635886541804293520e-23
5.262794691660773110e-23
5.206143482877289093e-23
1.214879078567445449e-23
2.142396045067303541e-23
3.334068955832861050e-23
5.255116176052632076e-23
2.329131731475541410e-23
6.082916226118040091e-23
4.557574271097982649e-23
3.505466936913472223e-23
3.109742810362253783e-23
3.991282310200536815e-23
2.825185743651118208e-23
3.610946449370238378e-23
6.633182885185528379e-23
3.555010759841580075e-23
3.575321963684773734e-23
4.231997153529861268e-23
4.563189358359451409e-23
2.857440571470899761e-23
5.791042884873553112e-23
2.532616734710775861e-23
1.835116276778622245e-23
1.856795089765161628e-23
3.094817775729220341e-23
1.766127314917045758e-23
3.624087606240118621e-23
4.822043044853009184e-23
2.443201210960099328e-23
3.729544577184764689e-23
5.409335789410405739e-23
1.553950693687948954e-23
3.642875979751943398e-23
4.126530199468442683e-23
3.007234303932718808e-23
2.086177574069720176e-23
1.995356469737583988e-23
3.177915974501071694e-23
4.088661924873153636e-23
3.603859853238137072e-23
3.508443266698508993e-23
1.454291138662402957e-23
2.431996391886731444e-23
2.995416364944110725e-23
5.020973648980759828e-23
2.232907510393085101e-23
1.910773657838547365e-23
4.419230568463619389e-23
3.477662240715164416e-23
3.291702057549595635e-23
2.557525839086808229e-23
2.005802455373481706e-23
3.280238749102671299e-23
3.595036311519403222e-23
4.542840220237522704e-23
2.424580610809805401e-23
4.113269191182499276e-23
4.719907416766812759e-23
2.288269396303013240e-23
4.695104660212002077e-23
3.149573353652023082e-23
2.441068388229688721e-23
1.699675695914510234e-23
3.189894642137531539e-23
1.251827308735653765e-23
2.968923060130456360e-23
2.515042820470489586e-23
2.174589467393849663e-23
2.650421448298811182e-23
2.573829368358977604e-23
2.617981627094453737e-23
3.557466283086744105e-23
2.945585636582746959e-23
1.984831783924056666e-23
9.465396996010580326e-24
1.717538445825221172e-23
2.032356569870030712e-23
1.920881516407934368e-23
1.568038318895402884e-23
2.012761016815213286e-23
1.395478044817419348e-23
1.927119923643274946e-23
2.307229249571992926e-23
2.445927658569243757e-23
8.479900045219076624e-24
2.181779938039375911e-23
3.015332865882323105e-23
2.323163472571895192e-23
2.632110114051426502e-23
1.784297609990683151e-23
7.189545471586038756e-24
2.522561217570879792e-23
2.730290521775485251e-23
2.439093976762230873e-23
1.878135862358094820e-23
2.023333305713088977e-23
1.960146135164855208e-23
2.598688380359953522e-23
3.299862657039432819e-23
1.056279284238393003e-23
1.351279070547643157e-23
1.558693483774840739e-23
2.090961188012844064e-23
3.587904364789117862e-24
1.374660951260989104e-23
2.548437981946516267e-23
2.009431501001547171e-23
2.063646552183486097e-23
1.410608689553090450e-23
1.941206288303676199e-23
2.012918186436010082e-23
1.746113581902027332e-23
1.171622926864145620e-23
1.140061985634581684e-23
1.902193275424016676e-23
2.338232124731357075e-23
1.044571265664912221e-23
1.947643916040597016e-23
2.299724025223302314e-23
3.156043427698713647e-23
1.893654956991406994e-23
1.279836857500399274e-23
1.035248101637331257e-23
4.671089886223528719e-24
1.511183952140855495e-23
1.260632314848239485e-23
2.054837291743079046e-23
2.027887804442309013e-23
2.142198895304515327e-24
6.888743473408046570e-24
1.324090799934465758e-23
8.026387883520195917e-24
1.092143871295414707e-23
1.335230558813559621e-23
7.334528494822570670e-24
1.807649415215440521e-24
8.061330770710123799e-24
1.261372181273985974e-23
1.193552054634529768e-23
-9.601747804965703483e-24
2.442511736374935660e-24
1.204660377312625195e-23
1.656776495345623934e-23
1.226295319373459020e-23
1.175607964987843381e-23
5.932330959914777779e-24
-8.263224737545727339e-25
4.433306575166286914e-24
1.976443518035301728e-23
1.397609901337272308e-23
1.615508370951540590e-23
7.992351373844759285e-24
6.686616889276484918e-25
7.052318071875013150e-24
6.630398603133566135e-24
-9.249260836944761594e-25
1.344228593263285306e-23
1.274703636219860984e-23
3.684927183616481677e-24
9.784330698505254076e-24
9.794308240030392344e-24
1.122629154318582972e-23
2.570577643642445388e-26
7.405537209728140720e-24
-3.748090749759599103e-25
1.391774447284548030e-23
7.258130712966829887e-24
2.100094084855875489e-24
2.002382955131453147e-23
4.109640552973624980e-24
3.750856328657211805e-24
1.286352351755905650e-24
7.900865242078034405e-24
3.072254349991979674e-24
2.788036666693691662e-24
7.629513435083752239e-24
2.317107476228750496e-24
1.565773004427439726e-24
1.229690182529041375e-23
-3.146219005192406602e-26
1.116207105471096593e-23
6.234009581429500360e-24
5.313218866213678940e-24
-1.200052280119240287e-23
3.983856640359453528e-24
-1.998906712927507161e-26
7.741614893936149706e-24
-7.238141281734265036e-24
3.591321897719722801e-24
6.659269238042820944e-24
-2.165773392619477833e-24
-4.741211010301805993e-24
-4.384855211429063383e-24
6.739172839103208247e-24
1.284993917105440534e-23
2.157936273380828039e-24
4.115365596040739388e-24
2.928089099239104779e-25
1.146296090368242708e-23
6.562553447698962195e-24
5.296215948311963137e-24
4.775898229618239673e-24
2.427503010525234967e-24
5.355052075716984317e-24
1.793497423103735675e-24
1.622894539561557449e-24
6.459896201293515951e-24
7.375575975573265216e-24
4.774914684208878187e-24
-1.880784925448172712e-26
-3.205275103172421654e-24
1.889551792711372312e-24
1.082411764596532671e-23
4.542797893723673556e-24
5.971609777505173798e-24
4.758129991015214926e-24
5.708698617550639156e-24
3.910306390348631646e-24
-1.160623374258368800e-24
-5.184547320816469245e-24
2.376705416956252709e-24
8.716029054269862151e-24
-7.536821744669494461e-25
2.631710180092143668e-24
2.498919123581839566e-24
-1.013767799409788518e-23
-4.065432000521090182e-24
2.341685507601088479e-24
4.439292356389520250e-24
1.138207435983774113e-23
3.811267628246995457e-24
-2.623694378697974259e-24
8.758230306275282684e-24
-1.876956166489558107e-24
1.969515827393772427e-24
-1.808505227942679299e-24
-7.825268283042742072e-25
3.946411432464366723e-24
6.784010675650279310e-24
-4.297024240548831727e-24
-1.252183183231254241e-24
2.192445612063809918e-24
-1.251458063790936741e-24
4.266554470584326082e-24
3.558170906738907541e-24
3.858348905140064877e-24
-3.473145701440837473e-25
8.454539820223077512e-25
-3.973389527024934799e-24
2.811162487717347181e-26
-4.646889722270771502e-24
1.069650628359886584e-24
2.806450550548608188e-24
-8.576493488271571983e-24
6.756981166504016393e-24
-5.785815863468875188e-25
-2.808445378695338060e-24
-4.852867281389460430e-24
6.984415185870174611e-25
6.359463598534802903e-24
4.198903861372168282e-24
-2.860486980040838855e-25
5.424295099855091390e-24
-3.462725530775853869e-24
-3.112306852473380528e-25
-8.942469295741477145e-25
1.918032233744958714e-24
7.702731829957778312e-24
1.006170172129788861e-24
-2.626027174935589576e-24
-8.341558635921358049e-24
-2.021713698179707006e-24
-3.399076106359568375e-24
3.796688903007338486e-24
-5.966662806165415499e-24
3.870461694463057202e-24
-2.410008651061053913e-24
-5.372792255428557326e-25
6.197285995955291310e-24
-3.661768889649017796e-24
-4.366143742395139396e-24
4.275451904799278938e-24
-2.471764738259416681e-24
7.351644043958863579e-25
-8.845468090976715739e-25
4.204456078810512559e-24
-6.957387599537773739e-24
2.402535713758321674e-24
-3.153678637847845577e-24
1.317290458828072357e-24
1.901770619929235585e-24
-1.492545833110449834e-24
6.020506799860587967e-25
-2.926246688432953490e-24
4.673756276724799709e-25
2.191737227632521179e-24
-7.934594648970944900e-24
-3.029212972144053550e-24
-7.697649539237963219e-24
-4.005796302043533189e-24
5.131846895731148261e-25
7.940385973205626361e-24
-4.948573423849128123e-24
-4.068476445419648351e-24
-1.618325934572475467e-24
3.769416683570206489e-24
-5.539316191087082098e-24
-5.101143618164207587e-24
7.187326433226735699e-24
-5.612372160986931970e-24
-6.320257044754199630e-24
-6.777612710262280428e-24
-6.303250454773222693e-24
-7.359248657987895408e-24
-4.501074468597365239e-24
-3.577300448511784391e-24
-5.810250738414510180e-24
-6.073516979982066877e-24
-4.298691767284324716e-24
2.198854445871052690e-24
-2.082801192313492951e-24
-3.955242984211379480e-24
-5.166200878433988263e-24
-2.541527604679391021e-24
2.671741158987557710e-24
1.331591378017555815e-24
-3.282327475276109748e-24
5.635383180890621356e-24
-5.916312475513723151e-24
-3.632597839408446388e-24
1.403310596205929999e-24
-1.080350393106948845e-24
3.790899716467058684e-24
-3.507502204510222282e-24
-6.393105668805450864e-25
2.677920297542846213e-24
-2.728921220196933036e-24
-4.509387167157308443e-24
-6.454903517602970125e-24
-6.425330592813127632e-24
-2.372956560648826807e-24
-2.982663319386830570e-25
-2.859751241269127243e-24
2.585509684912454980e-24
5.410337432826900169e-24
-2.789337564541899812e-24
-6.482117210802608666e-24
3.746409503499012166e-24
-2.189850753213715127e-24
-2.012635167843266556e-24
-6.105574349576381633e-24
2.059672702703693911e-24
-1.233214948258531476e-24
5.084862046636477659e-24
2.514506254947143583e-25
-3.428208269267792866e-24
1.624110411975273361e-24
-2.710234689894857802e-24
-3.323871104339567077e-24
-4.420710837913978485e-24
-2.137246827275946591e-24
2.676123107898796053e-25
-3.307801610021497611e-24
-6.212889168049017844e-24
-7.692237409348961679e-25
-2.819728871061389649e-24
-4.465761962908465964e-24
-9.817744683533068524e-24
-4.148577017978744909e-24
-8.760564153507036299e-24
-4.231242989510070830e-24
-6.147866117792140818e-24
-3.157132792163737857e-24
-5.289312682586456024e-24
-4.160106123458242202e-24
-2.579535902378877369e-24
2.189671576084036553e-24
3.068365503088997310e-24
-2.644087396268800382e-24
-1.394940364758849865e-24
-6.310357978661085304e-24
-4.060421346432823393e-24
-4.230755066363692881e-24
-2.849791740683937757e-24
-1.648773203341330071e-24
-2.464559156355367611e-24
-2.007486248801774740e-24
-8.994880034215026007e-24
-7.731463103167483117e-24
-8.003294679891186588e-24
-3.621520672801262103e-24
-8.684345690280209888e-24
-4.456495061313208883e-24
-8.475459023546647109e-24
-3.481694597698183476e-24
-6.724383806812061808e-24
-3.449446666390038963e-24
-1.913799376163868842e-24
-3.267263440917661825e-24
-1.379448373676414103e-25
-5.113057725013411289e-25
-1.574149335906730153e-24
-4.227728818782541372e-24
-1.914662848652418748e-24
-8.608362507335284190e-24
-4.123293729395512398e-24
-2.933826035015598294e-24
-8.236871714399330701e-24
-7.886291846669769847e-24
-6.119137295349045802e-24
-5.104463952067504612e-24
-2.530520148790994175e-24
-5.667981385075757738e-24
-6.888235229475741425e-24
-6.693175059464643681e-24
-3.626969122575767353e-24
-5.626606599923412762e-24
-7.232272205523451508e-24
-3.945315501340048001e-24
-3.474648081796212398e-24
-4.097346228783472311e-24
-5.689011436557876317e-24
-5.149976169824576244e-24
-4.121309265739618953e-24
-3.812774364165534471e-24
-6.289728311573769659e-24
-8.583312837154074168e-24
-7.896805520144283815e-24
-1.037856202123426090e-23
-5.418701507134618489e-24
-8.813313800539879667e-24
-3.771992960070411345e-24
-1.156234734090645504e-23
-7.951549354195003615e-24
-8.696399896567994186e-24
-5.875306267340715574e-24
-1.133604753689506585e-23
-5.603041948063422886e-24
-3.404621274307773900e-24
-6.118960566123187995e-24
-7.092133019941106540e-24
-5.211285987372318876e-24
-5.978288224127543179e-24
-5.148805207445205208e-24
-5.140049476192957449e-24
-6.474075414892272687e-24
-1.187885009468517257e-23
-7.628927347666931029e-24
-1.204850446722298176e-24
-1.090650561391180928e-23
-5.565534921344420537e-24
-3.893570149695318002e-24
-7.370282805708824411e-24
-9.673339376670223040e-24
-6.983825022795080467e-24
-4.587506769763763087e-24
-5.777649432906013146e-24
-6.458660323406966630e-24
-4.411816516766499813e-24
-5.746953985876855654e-24
-1.472255614644330927e-23
-4.706373178056539130e-24
-5.300315647078463220e-24
-6.052419614733267518e-24
-5.960914135796100568e-24
-5.045600494305121981e-24
-5.412934902113141453e-25
-9.495022921143913113e-24
-8.039865338183343503e-24
-5.301869620136811875e-24
-7.003508455545540036e-24
-5.115004442880800552e-24
-4.896061684558506406e-24
-7.995434041450431079e-24
-1.869073004700940862e-24
-5.369101513790586497e-24
-3.332899976163339352e-24
-3.171567376128874215e-24
-4.597684309225947156e-24
-5.782857431246359128e-24
-5.110673882857562907e-24
-1.036038774716561400e-23
-4.851665799333172332e-24
-6.104837892424275584e-24
-7.299413957926215093e-24
-6.524684181009035525e-24
-4.086653141989158894e-24
-3.936508374493881432e-24
-3.412353297977442348e-24
-6.712468783547379920e-24
-7.775576186269177153e-24
-8.452537679936658653e-24
-5.348313274842464480e-24
-7.612381871809426163e-24
-1.249297870127597911e-23
-5.313874530474921980e-24
-1.072916790276345556e-23
-7.358452098856650511e-24
-2.137669306932392915e-24
-9.882491564400101484e-24
-9.664876296376019597e-24
-8.403746147791421067e-24
-8.058159018613199060e-24
-7.258415083910931680e-24
-8.700511051501895108e-24
-8.282564175330939937e-24
-6.821360812791578669e-24
-5.389028894300736438e-24
-9.527874253328195164e-24
-7.614111001068178520e-24
-7.102880485080834779e-24
-1.236513329049083797e-23
-8.298745450114063849e-24
-9.101085792830224221e-24
-6.958614541156422183e-24
-9.191204882015437434e-24
-1.017724226356469688e-23
-7.711970979366895245e-24
-9.085483975143817321e-24
-9.461000957396196121e-24
-7.843699045100902624e-24
-7.030540183240249441e-24
-5.601508338093487242e-24
-1.060144337302773876e-23
-1.158307211720190156e-23
-7.020539106340918949e-24
-5.951361456030418647e-24
-6.719991084846392645e-24
-6.623921135423074634e-24
-1.060669929757800363e-23
-7.758811804513708708e-24
-1.081386747867646777e-23
-1.224323778262476113e-23
-9.006750348103395912e-24
-7.857749415105396109e-24
-1.068619916682435187e-23
-7.911196821130772481e-24
-7.398011037430181094e-24
-7.065606611796373849e-24
-9.255646936433584490e-24
-7.923327777924431708e-24
-5.267215408995467119e-24
-8.700160962121521253e-24
-9.338823556809719264e-24
-7.708497969291696193e-24
-1.403546098002293816e-23
-9.610668620850791038e-24
-8.735294202025474866e-24
-1.143834814260608714e-23
-6.274138347856068217e-24
-9.319742586611875981e-24
-7.155383532440934903e-24
-8.723552438692261006e-24
-1.037179564082427786e-23
-8.659727648156320347e-24
-7.381355551173695731e-24
-1.031911841794392143e-23
-9.774284969473565135e-24
-1.114527801132869693e-23
-1.029504040170656922e-23
-1.151083691578937869e-23
-9.509793635441928135e-24
-7.680231315897524566e-24
-8.416469599350631409e-24
-9.578655784977832085e-24
-5.501465543920369577e-24
-1.031172752160826342e-23
-9.602568791119287833e-24
-1.063380154714178502e-23
-4.185155342474518558e-24
-8.505724952968499494e-24
-1.107307568665993022e-23
-9.628681395584473074e-24
-8.563898513082549691e-24
-1.124924125789933393e-23
-1.196756487238632341e-23
-6.415021064702345926e-24
-1.195288259673190108e-23
-1.187129681756775092e-23
-9.733879513141925367e-24
-9.720869224070178921e-24
-1.057683037420466298e-23
-7.232450615339282798e-24
-8.553690706492687381e-24
-1.109972258515109783e-23
-1.203328595656721489e-23
-9.736917996188482190e-24
-1.074220632830035339e-23
-9.536326642211321626e-24
-9.319171574944121404e-24
-9.520791464506068286e-24
-7.910505457610648736e-24
-8.996483893004865398e-24
-1.148101224265282300e-23
-1.299994750814446793e-23
-1.424128092450141724e-23
-8.551565736267697723e-24
-8.601767802343516611e-24
-7.839801923613061579e-24
-1.031149247772164885e-23
-1.059507056050023467e-23
-1.095371570644590319e-23
-1.126133482465072877e-23
-1.055697326713198609e-23
-1.058163260826888845e-23
-1.109622202924793592e-23
-9.085086785845403270e-24
-7.978651085005328573e-24
-1.070444955141848043e-23
-1.112366809637284788e-23
-9.707259110482572613e-24
-9.954109915243522521e-24
-1.232860259377430293e-23
-9.620417203048890177e-24
-1.071565002163922369e-23
-1.014404628644822165e-23
-8.714645862691502003e-24
-1.103099650739258709e-23
-1.339180119352556514e-23
-1.123038337538947725e-23
-9.514527372259721449e-24
-7.457768544320485288e-24
-8.683385112257444034e-24
-8.166693298210908532e-24
-8.893617603062860360e-24
-8.493064864711777023e-24
-1.156294037829007853e-23
-8.693580441454775198e-24
-1.021383026438143830e-23
-9.666746123912417718e-24
-6.939173880868370853e-24
-1.042511129654864343e-23
-1.002126807173291866e-23
-8.999295556025248391e-24
-1.042165923527518954e-23
-8.838823866579096048e-24
-1.144661290084759609e-23
-9.247540867253491246e-24
-1.158275688171958248e-23
-9.184181560991601443e-24
-1.203717192591139114e-23
-8.747655032180706701e-24
-8.924147199268812803e-24
-9.270470221024879376e-24
-9.555822983077980200e-24
-8.692367099558326215e-24
-1.054548869712503657e-23
-7.188931037978303278e-24
-1.129937487330219623e-23
-8.598578413718502556e-24
-9.410194285774288796e-24
-9.264914248918695386e-24
-9.340267123700442493e-24
-8.034159181857833291e-24
-8.785267118358161113e-24
-7.968988380481652950e-24
-7.790428627557860668e-24
-9.160543193804982320e-24
-6.732767860512697304e-24
-5.071915066708620104e-24
-1.072806178177924379e-23
-9.615398920324975913e-24
-8.199820660790217851e-24
-7.535284360965036898e-24
-8.794930033469179677e-24
-1.086227626822551976e-23
-1.108412275689715881e-23
-8.467296303325838967e-24
-8.366980976778814026e-24
-8.568319105712856329e-24
-7.520446186233085157e-24
-7.154573433707330680e-24
-7.280040202914060088e-24
-8.549337608415771269e-24
-7.859224356394625801e-24
-9.563273888134680008e-24
-7.439197462908303979e-24
-9.322953279848000503e-24
-9.421111905419655739e-24
-1.072169835974927536e-23
-8.006482355206625494e-24
-8.825360639834130967e-24
-9.304464044557944209e-24
-1.063679454391558238e-23
-8.455785414802082259e-24
-8.656129833723702542e-24
-7.969249295524165654e-24
-9.369803721504541196e-24
-7.120433052248590001e-24
-9.221768501467568513e-24
-8.689002486556145554e-24
-1.118033986572067029e-23
-1.072211192228990856e-23
-6.201600043845490467e-24
-9.267823250957678470e-24
-8.757665444050002704e-24
-1.137117466315531578e-23
-1.102157209567103700e-23
-7.625367413960317739e-24
-1.035034492491941163e-23
-9.486525032639376361e-24
-7.669811133170077112e-24
-1.206482357178773383e-23
-9.096415739705563719e-24
-1.208216789277416704e-23
-8.214227148450105908e-24
-1.031102173775914819e-23
-8.609394333486251272e-24
-1.049964514420994691e-23
-9.012817965675819861e-24
-6.636946773040726526e-24
-7.345164986221814808e-24
-1.216689446032261310e-23
-9.774015748560680499e-24
-1.120295364494953313e-23
-8.708458341307772193e-24
-9.131952720590834240e-24
-7.967149852205730393e-24
-9.169908220404630998e-24
-9.458257421140628379e-24
-8.957563581966055092e-24
-9.302037516303806535e-24
-8.070357294024248832e-24
-7.303228764272066991e-24
-8.123597903105878926e-24
-1.048391065391657830e-23
-8.817086091100992530e-24
-7.515025515663025714e-24
-9.326022180967038305e-24
-9.153414434378092561e-24
-9.593110837311865716e-24
-9.128585771073442126e-24
-9.393671127870096405e-24
-9.604170857619498706e-24
-1.012176805797519486e-23
-7.764847787454833935e-24
-8.633927435446232127e-24
-1.009296706202282437e-23
-1.179423805718741395e-23
-9.211459178390065144e-24
-6.736725278037806325e-24
-1.038671586942240888e-23
-9.888963438000731446e-24
-1.007204996455458489e-23
-9.328761357510583870e-24
-9.992486139786380139e-24
-7.271983032839429062e-24
-9.750828510559043997e-24
-8.126464379146217296e-24
-9.641128080003294440e-24
-1.129782587617350144e-23
-9.393826915066043930e-24
-1.008721726058416038e-23
-7.024386282727938920e-24
-9.946916603399815632e-24
-9.154317503378011967e-24
-9.456365490055728588e-24
-9.302289981058270172e-24
-9.126296408256193942e-24
-1.012774885973996674e-23
-9.696685621095501444e-24
-9.093941921771947183e-24
-8.762964335631695912e-24
-7.645086917122388885e-24
-8.806558951146212587e-24
-9.580306516617770423e-24
-8.528103394000910597e-24
-1.118207332127905381e-23
-9.926319182112592530e-24
-9.487261010459112132e-24
-9.458610569372142298e-24
-1.046900418137716950e-23
-1.031317843257874491e-23
-9.735268276282275797e-24
-9.900479264458754935e-24
-8.482491636912472818e-24
-1.128343374356505845e-23
-8.778350152597824298e-24
-9.025832461527670586e-24
-9.891170723124006762e-24
-8.425122801047005630e-24
-1.096522610739321566e-23
-1.037002952659098985e-23
-1.090713823196943851e-23
-8.329010713336510865e-24
-9.396675335340663098e-24
-8.654351269049830928e-24
-9.380311195171508303e-24
-1.001856386104052389e-23
-1.041940547521313147e-23
-9.981252259697122773e-24
-1.187823210366225436e-23
-8.198991937158859309e-24
-1.182120428569462306e-23
-1.114090047995809230e-23
-1.109459004047533805e-23
-1.242600371881080881e-23
-1.075437885720192406e-23
-1.164328114781358388e-23
-9.664424418769110785e-24
-1.103060734439230954e-23
-1.039423897756592690e-23
-9.835660782454155064e-24
-1.149354909928334210e-23
-1.179538941119539295e-23
-1.021610413088554450e-23
-9.609027134651289321e-24
-1.023576069281173764e-23
-1.012052466875036675e-23
-1.077502340922729154e-23
-9.477142778692302825e-24
-8.499859857369632617e-24
-8.757339722274037886e-24
-9.027347143381525661e-24
-1.167822430355652357e-23
-1.094367512887950280e-23
-8.187229711676192910e-24
-1.167877746808964712e-23
-1.134002433013015996e-23
-1.256141450859259402e-23
-1.004159737230552007e-23
-1.036381955740076005e-23
-1.074999413751370066e-23
-1.173822459567497681e-23
-1.007741918014763823e-23
-9.432092628293678926e-24
-1.060631278834731506e-23
-1.159100379444622257e-23
-1.046823017597541680e-23
-1.184935244154182550e-23
-1.125796214115865365e-23
-1.047905321500335793e-23
-1.000085017099140368e-23
-1.114957837105596276e-23
-1.116031560758228827e-23
-9.970620974005097697e-24
-1.186883531188128492e-23
-1.032475004245817887e-23
-9.206381462279058275e-24
-9.418197499337237670e-24
-1.102530329329742031e-23
-9.295112625217240206e-24
-9.911541066141876126e-24
-1.085514116898444708e-23
-9.354515506151345390e-24
-1.098793678095378261e-23
-1.164550849480109498e-23
-1.148033030541939322e-23
-9.021497600355872869e-24
-1.023892180714522857e-23
-9.176813491565476783e-24
-1.017373491277291372e-23
-1.229850508527657623e-23
-1.075061082892134493e-23
-1.133589595810651673e-23
-1.073297662658623632e-23
-1.114108710772162921e-23
-1.017782789751448306e-23
-1.018830271882513491e-23
-1.085553373483560838e-23
-1.130386391266716841e-23
-1.066661589879294581e-23
-1.178472588482946440e-23
-8.849780302050091913e-24
-1.048916487690619888e-23
-1.105192647992284093e-23
-1.199981510295583820e-23
-1.075183172012389445e-23
-1.127280207108411542e-23
-9.521765111324930569e-24
-1.132894852713080951e-23
-1.150951131712469882e-23
-1.155619352389614833e-23
-1.077192054612351568e-23
-9.368634488374082098e-24
-1.095704702639772978e-23
-1.121524227669057941e-23
-1.020387849038562969e-23
-1.188839669043180221e-23
-1.198751654037670861e-23
-1.004472232045946471e-23
-1.164740388729544910e-23
-1.046298168799252360e-23
-1.055219551595970529e-23
-9.717567743731936710e-24
-9.998717915685651739e-24
-1.020806596213724139e-23
-1.053768002674781904e-23
-1.052493073493803220e-23
-1.001466907704382791e-23
-9.557423830970833447e-24
-9.898686152981996381e-24
-1.188676018299956614e-23
-9.655458233624783631e-24
-1.067436947101597113e-23
-1.100384533307946991e-23
-1.133194972934290879e-23
-1.029043869584431889e-23
-1.114681910506827157e-23
-9.455768361397902160e-24
-1.029115271236925082e-23
-1.095759302122773861e-23
-9.847477870928290655e-24
-1.070326390624955301e-23
-1.185828704785717238e-23
-9.730653883826212034e-24
-1.067904447969263175e-23
-1.116120911119253894e-23
-1.040358899866896786e-23
-1.066601931574264874e-23
-9.301363019929124192e-24
-1.157532149185988001e-23
-1.078975800493581070e-23
-1.045513636858560069e-23
-9.581699382016244397e-24
-1.038659527809891684e-23
-1.058302283260406804e-23
-1.191575397788338771e-23
-1.051418370639326874e-23
-8.819207577981284590e-24
-1.029957947118695862e-23
-1.213459347654146183e-23
-1.141229964838543322e-23
-1.148176560580683874e-23
-1.034495368088647665e-23
-1.057273001336601076e-23
-1.070092795815848374e-23
-1.015530142337350449e-23
-1.235451995877061514e-23
-1.237663551649691511e-23
-9.611289801906227894e-24
-1.159773320944493168e-23
-1.078947009437216470e-23
-1.033304550293889150e-23
-1.020337634837910985e-23
-1.043160275556269139e-23
-1.075905819204438140e-23
-9.625638080731966746e-24
-9.989498678744716193e-24
-1.019800027922942910e-23
-9.144536736403398843e-24
-1.111780118677073545e-23
-9.687465546691312722e-24
-9.674294647933632423e-24
-9.981762405403587877e-24
-1.025588732484866226e-23
-1.067478562073396079e-23
-1.081639994575984949e-23
-9.782131268126164259e-24
-1.014959235251231918e-23
-9.154797959563643488e-24
-1.090261254257006447e-23
-1.054942761575614042e-23
-1.032743531949825923e-23
-1.095950183202527081e-23
-1.038899911360819861e-23
-1.091987356548510926e-23
-1.026765636112300726e-23
-9.040488208665803094e-24
-9.029395183211688007e-24
-1.030368649253050125e-23
-1.058580040824702840e-23
-1.120918271225374487e-23
-1.030129244000857972e-23
-1.180058386481103293e-23
-9.801520139845502905e-24
-1.076570284897491620e-23
-1.014754095550770981e-23
-1.001803797366702217e-23
-9.712967771481527153e-24
-9.966912840779677966e-24
-1.049010211690475161e-23
-9.347819645544182677e-24
-9.670053406794492471e-24
-9.875157598725564094e-24
-9.564466626751995138e-24
-1.006462667827187281e-23
-9.669837778755243973e-24
-9.270577743011897296e-24
-9.282214113944294123e-24
-9.825702767855579653e-24
-1.011232572216797825e-23
-1.081233331811812684e-23
-9.988658281388621502e-24
-1.015155114545424045e-23
-1.049195993031191791e-23
-1.007427570420128827e-23
-8.557372956643106208e-24
-9.694813746910984874e-24
-9.046017843201208455e-24
-1.025313094141828185e-23
-8.685205976062787672e-24
-9.304075963980500764e-24
-1.009821946588162103e-23
-9.702096293392483192e-24
-9.699051404266968400e-24
-9.777040832683245885e-24
-8.995064054698575038e-24
-9.537686790869938532e-24
-9.372623192546582912e-24
-9.030355869120180742e-24
-9.170728549504039950e-24
-8.810608742711147490e-24
-9.759359901071695817e-24
-9.207335247279785062e-24
-9.014747469614573906e-24
-9.972991865137340663e-24
-1.017961949934938844e-23
-8.776034666384013032e-24
-9.548368984575035953e-24
-1.012514901179004182e-23
-8.719116388261508828e-24
-9.548033408648844835e-24
-9.507624997848446967e-24
-8.755307352311061866e-24
-9.487903117764750940e-24
-9.285626221059442603e-24
-9.818509640613339388e-24
-9.280487402414710175e-24
-8.729553302132434318e-24
-8.771141742735082548e-24
-9.695204711767648782e-24
-9.211718726548603785e-24
-8.408628294575259532e-24
-9.723990829502696965e-24
-8.925789865936941604e-24
-8.948357210829050600e-24
-9.457930554631157312e-24
-9.316659582612753843e-24
-9.173638627120900642e-24
-9.380133398571016051e-24
-9.397730593336977172e-24
-9.417345922949578927e-24
-8.602895052475327355e-24
-8.861728573250611241e-24
-8.647823919521737213e-24
-1.030518761533234829e-23
-8.670949112946552003e-24
-9.266189355526915000e-24
-9.940818340799578876e-24
-1.037855531225294883e-23
-9.608532463437577535e-24
-9.954250888488215054e-24
-1.006247435571928763e-23
-9.387202804684043994e-24
-1.018983499215903248e-23
-8.666677371320266882e-24
-9.388336159829493258e-24
-8.728039111954626151e-24
-9.457361112237640574e-24
-8.639442999648025072e-24
-8.515373375955670672e-24
-8.284686256713694263e-24
-8.940564135054201142e-24
-9.324021384494778883e-24
-9.041644085010169728e-24
-9.428978990018154737e-24
-9.398939908720517484e-24
-7.797666248621805534e-24
-8.716424213621250881e-24
-8.262423291108182461e-24
-8.318956102481616251e-24
-9.860769633257268069e-24
-9.352760676715018060e-24
-9.740079942231604632e-24
-8.175299434256253234e-24
-9.687329663462826941e-24
-8.649536540930891518e-24
-8.693365748954337836e-24
-9.798215313710589529e-24
-9.083847443546168046e-24
-9.285482913841246869e-24
-9.307124556999605179e-24
-8.633502808138527489e-24
-8.778064371753499520e-24
-9.031420174493550693e-24
-9.389613794195344815e-24
-8.735251876155428105e-24
-9.497237488731269430e-24
-8.938724117094382864e-24
-8.861023532616774221e-24
-9.648721953209953671e-24
-8.352644974521602072e-24
-9.672158197223446458e-24
-9.383762277513836514e-24
-9.118356668652173472e-24
-1.078246631648721268e-23
-9.254274973841281053e-24
-9.123847918195152720e-24
-9.747428836089888258e-24
-9.010003742528923751e-24
-9.403760944457598914e-24
-8.804384692816246285e-24
-9.336951469814493002e-24
-1.003343616490584973e-23
-9.619948939024461542e-24
-1.018996318924484014e-23
-9.663512365412117096e-24
-9.380871915877464928e-24
-9.879369690152045544e-24
-9.986717314064443474e-24
-9.125977348124599684e-24
-9.018421481369102970e-24
-1.037101174563943428e-23
-9.196249303473315443e-24
-9.713606733345047743e-24
-9.251732450359306109e-24
-8.011726624458383755e-24
-9.058731899892952029e-24
-8.997193893899421400e-24
-8.983839282069680788e-24
-1.006118229505520053e-23
-8.204847737546514919e-24
-9.464556100977178603e-24
-8.809194607489285395e-24
-9.274737187189399599e-24
-8.980708730837776944e-24
-8.579208795481751864e-24
-8.514916120674292394e-24
-9.231985678743272857e-24
-9.296976799779827472e-24
-8.930447400537565596e-24
-8.970279479524380054e-24
-9.167983038525116484e-24
-9.413244684763131110e-24
-9.046633895694502079e-24
-9.137474229560407262e-24
-8.917799475168996720e-24
-9.837915010780473903e-24
-9.022289821239077299e-24
-9.000665133844519529e-24
-8.929580915240413817e-24
-9.400434417537345651e-24
-9.531996837863086559e-24
-9.600970275118298922e-24
-9.635986008525792522e-24
-9.172818340448844393e-24
-9.364274476521723292e-24
-8.996216414358475098e-24
-9.354707581800137929e-24
-8.308141473777649286e-24
-9.174776488008580611e-24
-9.246758803584762178e-24
-9.095960816472224488e-24
-8.350394252311677967e-24
-9.179314409996895906e-24
-8.421958634488027969e-24
-9.880501477996549050e-24
-8.380135477731043840e-24
-8.857169953218573520e-24
-9.172303479841576413e-24
-8.764156887717174043e-24
-9.724139536943280441e-24
-8.737484567541635078e-24
-9.503289797042465305e-24
-9.082966847384842058e-24
-9.615198557204653428e-24
-9.132830041164973370e-24
-8.908010925270729739e-24
-9.172773045926721590e-24
-9.285373389536024320e-24
-9.821483743061929200e-24
-8.479126499580994362e-24
-8.294878339353936688e-24
-9.236220370756164613e-24
-8.850298633028863963e-24
-9.244640180212505567e-24
-9.255790550594063026e-24
-8.223641745616652103e-24
-9.031728742533335123e-24
-9.235490025423231913e-24
-8.876260023861315024e-24
-9.346741412658719215e-24
-8.877182227021437661e-24
-9.008279446120306653e-24
-8.642133852965774983e-24
-8.827312752846640772e-24
-9.372702543256237149e-24
-9.888224813404938339e-24
-8.412756195941310504e-24
-8.969759647198649820e-24
-8.915639230508143364e-24
-8.945726109056756830e-24
-8.754303447976263142e-24
-9.397178214422717498e-24
-8.953427761275936922e-24
-9.621402075644550902e-24
-9.295553906056252614e-24
-9.450949177059857949e-24
-8.277246097687804360e-24
-8.607755972776620286e-24
-8.973135823864303864e-24
-8.811556167605226426e-24
-8.458073310002301036e-24
-9.209649389642717020e-24
-9.006577878616682439e-24
-9.084839705858640293e-24
-9.020182641726011032e-24
-9.450825418584650844e-24
-8.588343640441038911e-24
-8.722070888885677483e-24
-8.710672861572782232e-24
-8.753668275552746946e-24
-8.766260820189135895e-24
-8.868613618725723510e-24
-8.722654189944847900e-24
-8.127692844365345515e-24
-8.378497430252399416e-24
-9.089364765841408246e-24
-9.327399339108530780e-24
-8.544160156079023132e-24
-9.175390232110683978e-24
-8.915426792424449490e-24
-8.958634488012248098e-24
-8.312131978758489199e-24
-9.117283851100347995e-24
-8.874024880205334126e-24
-8.518032985049065960e-24
-8.713512559814140154e-24
-8.507303325126042963e-24
-8.294898059403273123e-24
-8.994016700044962306e-24
-8.490197674200006589e-24
-8.614306407602417144e-24
-9.021132522514416971e-24
-8.589089175119087460e-24
-8.225520380524043669e-24
-7.899943520479576226e-24
-8.863621048733186340e-24
-8.629451991442961645e-24
-8.128456190940107502e-24
-8.765327172632646976e-24
-8.038055199705812246e-24
-7.951929488020731805e-24
-8.137571442779335674e-24
-8.411981688883743123e-24
-7.853422108345561494e-24
-8.542674484712519561e-24
-8.499258122265829621e-24
-8.742903363042626813e-24
-8.653611489827743031e-24
-8.798872516492448405e-24
-8.799898403756654218e-24
-8.958866727815466762e-24
-9.088240371012864584e-24
-8.634425178477481678e-24
-8.867146794129005663e-24
-7.969658509116497792e-24
-8.275931740729774222e-24
-8.647295870062666216e-24
-8.614059350063288081e-24
-8.341585904735460767e-24
-8.358269244426554754e-24
-8.081551218389596593e-24
-7.828269278324840433e-24
-7.640917749277267716e-24
-7.597392491268892355e-24
-8.542482381636366961e-24
-7.929525698954010114e-24
-8.595706356015656410e-24
-8.457489627138089777e-24
-8.378251927606529406e-24
-8.131885166706426302e-24
-7.820470790262382115e-24
-8.040684627681887441e-24
-8.221919036303000832e-24
-8.229379598203420560e-24
-7.474860246094737952e-24
-8.287429740451232165e-24
-7.921342399631778456e-24
-7.803544309297124713e-24
-7.732807263011828714e-24
-7.995116063356546655e-24
-7.801343176126728831e-24
-7.327233223532620828e-24
-7.913626049201334123e-24
-8.091843026552269290e-24
-7.619674645490223669e-24
-8.354591270370794214e-24
-7.948407562683658877e-24
-8.390732809582702323e-24
-7.951093893583628447e-24
-7.567220244021761374e-24
-7.352523945059900328e-24
-7.895594855555791585e-24
-7.555206900288122383e-24
-8.270893819244025283e-24
-7.928366377552279481e-24
-6.598385776536638815e-24
-7.704306261307139053e-24
-7.471191566239839530e-24
-7.127609622644898225e-24
-7.402762382744088143e-24
-7.888731702221444374e-24
-7.488319609894222214e-24
-7.241473797446417625e-24
-7.771845987779124581e-24
-7.140317749279244883e-24
-7.336755233357801763e-24
-8.315671923853322378e-24
-7.799367640112376113e-24
-7.827614835871560916e-24
-7.670194103254900162e-24
-8.319480467954281066e-24
-7.568825953517923571e-24
-7.352727132680512666e-24
-7.414090521525068881e-24
-7.411095546944119503e-24
-7.457263630168920040e-24
-7.404401093607215409e-24
-7.935429627221366599e-24
-7.338842323184238490e-24
-7.195446768692637187e-24
-7.243084047310561508e-24
-7.593694071829932996e-24
-8.413870654431070012e-24
-7.164811164932911377e-24
-7.945326199498670167e-24
-7.266834659689407632e-24
-7.903861221754862228e-24
-7.677139698660869668e-24
-7.593433909746537212e-24
-6.824521190729058939e-24
-7.663867993690765291e-24
-6.852946470960192239e-24
-7.294362143827343775e-24
-7.638847195212216202e-24
-7.457280834562241896e-24
-6.844665326706942643e-24
-7.431611545729836856e-24
-7.488522566478195153e-24
-7.791857378350695488e-24
-7.073965587919680801e-24
-7.490487573397843612e-24
-6.904477722356529328e-24
-7.586493892354993417e-24
-6.849869601743203802e-24
-7.012540954454974045e-24
-7.024029529347561131e-24
-6.903975971566322590e-24
-7.222252984512031498e-24
-6.965624213697977049e-24
-7.096496358307469708e-24
-6.852100506863104942e-24
-7.167805469124814258e-24
-7.413156756713739927e-24
-7.181073418543647895e-24
-7.263630041276237366e-24
-6.366758865780820752e-24
-6.891614822268240414e-24
-7.162174845424827870e-24
-6.808959906727800951e-24
-7.342226842347951388e-24
-7.435515646750205520e-24
-7.074161203354057586e-24
-7.362329805924709014e-24
-7.333869484138032019e-24
-7.670129262428325312e-24
-6.867764277890720081e-24
-7.171451803335829325e-24
-7.083750051966601501e-24
-7.844284062964479588e-24
-7.719970714229655475e-24
-7.105070646116129204e-24
-7.046569515886283385e-24
-7.402092260770274611e-24
-6.990492841376980915e-24
-6.734134245665622458e-24
-6.690718130769098758e-24
-6.616687057746128219e-24
-6.624657275101370690e-24
-7.402287232191507303e-24
-6.864976903361801648e-24
-6.645013015759864334e-24
-6.381688406240910482e-24
-6.682840509085074453e-24
-7.200761996871826766e-24
-6.783560478873050788e-24
-7.243430651898541534e-24
-6.741723954695993856e-24
-7.251751752777310780e-24
-7.239633165326162851e-24
-7.020076132106670416e-24
-7.048735483633572638e-24
-7.164509975104117479e-24
-7.382748660500790665e-24
-7.287440508964057618e-24
-7.322799373669928569e-24
-7.088479570540253961e-24
-6.788261951673975279e-24
-6.828040473694566640e-24
-6.605216517486652686e-24
-6.931296216076372329e-24
-7.297779918374460448e-24
-6.878708506773193346e-24
-7.060958243286988209e-24
-6.934383170334961812e-24
-6.971080934337051235e-24
-6.911537290549544573e-24
-6.395595587890943712e-24
-6.954243271729291981e-24
-6.818757477775368958e-24
-6.817730094341831462e-24
-7.196160736055544791e-24
-7.152130630093847728e-24
-7.092494318441801596e-24
-7.203293984673532880e-24
-7.393380066114733439e-24
-6.724755537857008634e-24
-7.191641900831362381e-24
-7.088109129918047734e-24
-7.017503164152885955e-24
-7.114799820617885575e-24
-6.418484514329885915e-24
-7.281728420347220453e-24
-6.811605690402544461e-24
-7.093127697323526243e-24
-6.808454198672324536e-24
-7.018758020741980714e-24
-7.168133615493276964e-24
-6.731826490471993943e-24
-6.833329617195232274e-24
-7.450967985564608987e-24
-6.603683032436562684e-24
-7.406262967913582869e-24
-6.672151374529333281e-24
-6.541896884662979524e-24
-6.693352841046433829e-24
-6.693753662329417586e-24
-7.070482548880461721e-24
-6.843227080448813111e-24
-7.068944368419216690e-24
-7.021890543381445492e-24
-7.047838591760860910e-24
-6.931346348774973088e-24
-6.816419322061265035e-24
-7.075462747410230800e-24
-7.674935772333954686e-24
-6.685733210450007950e-24
-6.901515375668497128e-24
-6.766529004785376317e-24
-7.109202596949560660e-24
-6.662400930335322531e-24
-6.414631478473598431e-24
-6.992816548866695526e-24
-7.133224131928577599e-24
-6.953287290032601299e-24
-6.894226992806389463e-24
-7.460058724174052502e-24
-7.042002373201963556e-24
-7.298699946627182808e-24
-6.236896172588774177e-24
-7.043771976928381174e-24
-6.212905795091521385e-24
-6.474315177305049150e-24
-6.817944910152484336e-24
-6.708973154021970601e-24
-6.876651714340020888e-24
-6.791484485464560374e-24
-6.606924957971648701e-24
-6.649170700445614487e-24
-6.672928741911693002e-24
-6.568577858809300596e-24
-6.664058585367951820e-24
-6.748352312502866488e-24
-6.941997246272059901e-24
-6.697210513894850901e-24
-6.568706683297007404e-24
-6.616625574044165311e-24
-7.019448497991835069e-24
-6.778705383787836304e-24
-6.885284894875280750e-24
-6.354606783984248371e-24
-6.679072230019493526e-24
-7.189981752726202839e-24
-6.307738022245170318e-24
-6.768864511522826949e-24
-6.894572750223247728e-24
-6.607767345905950188e-24
-6.220979900511938603e-24
-6.612664720762738445e-24
-6.214890117809978271e-24
-6.511660481567889714e-24
-6.740104213010000002e-24
-6.178393921819641530e-24
-6.655813341292428266e-24
-6.471375225356010348e-24
-6.774542751602235561e-24
-6.650443706215687626e-24
-6.312826927636164576e-24
-6.480696577902315547e-24
-6.456077056925030506e-24
-6.520602311564421550e-24
-6.489344859279336610e-24
-6.332016532244874465e-24
-6.531421025062531177e-24
-6.882180302728165604e-24
-6.332946929297878562e-24
-6.567478401479761170e-24
-6.101615477551576585e-24
-6.674720680635061155e-24
-6.436224231068294018e-24
-6.640601424231291867e-24
-6.102716685700752629e-24
-6.928715473381115253e-24
-6.543254549237225121e-24
-6.683230361382455828e-24
-6.533468356959917930e-24
-6.547599129561208641e-24
-6.576969276562557815e-24
-6.149249885897006072e-24
-6.562033601539857954e-24
-5.935784874470355741e-24
-6.693103003346025590e-24
-5.748238293450548679e-24
-6.074346979505714311e-24
-6.212030288433167357e-24
-6.389385355918268530e-24
-6.342217786636838821e-24
-6.347337070627725097e-24
-6.507526228690286566e-24
-6.622250506309688684e-24
-6.081573979215968553e-24
-6.209700506061144842e-24
-6.408308327399903748e-24
-6.145873002673860009e-24
-6.752112769219793015e-24
-6.056123142669338347e-24
-6.411000919883199776e-24
-6.291165551017259925e-24
-6.238338147070917281e-24
-6.344382810679405270e-24
-6.594803252653594826e-24
-6.309555228733442956e-24
-6.403320210175784203e-24
-6.534186841968369174e-24
-6.281322766471046028e-24
-6.448039703283075719e-24
-6.160952716394998035e-24
-6.083695597219472062e-24
-5.802785064219258688e-24
-5.373629227012063730e-24
-5.905142876342937773e-24
-6.027081765933273719e-24
-5.529861794218386198e-24
-6.079961787975175543e-24
-6.481117337415794146e-24
-6.141840639946084418e-24
-5.699023750201568847e-24
-5.830556955119409822e-24
-6.240488649574915004e-24
-5.987479654286402068e-24
-6.113871270338045629e-24
-6.265961142508932195e-24
-6.077396874768907244e-24
-5.726306282513476737e-24
-5.676747304577664509e-24
-6.090661054132485423e-24
-5.895185938610741939e-24
-6.333092307632827648e-24
-5.759260209231164662e-24
-5.837390696486752068e-24
-5.978678836922461032e-24
-5.845033986196936464e-24
-5.820670692270050592e-24
-6.120611496899785582e-24
-6.137034629820343843e-24
-5.545183894020422484e-24
-5.913701072658912689e-24
-5.775942108465167277e-24
-6.080812429472945256e-24
-5.719786685554950821e-24
-6.370695971013066076e-24
-5.741267130706177323e-24
-6.008570113684676425e-24
-5.890581479986731645e-24
-5.615657410092021470e-24
-5.809684684253533766e-24
-5.815451210226514641e-24
-5.548705236906706693e-24
-5.594576054813505159e-24
-5.740805301361195387e-24
-5.662982391635820023e-24
-5.919861178239592917e-24
-6.114329321713793860e-24
-5.865319001648428443e-24
-5.930009961763177253e-24
-5.578147484097837227e-24
-5.622363823678113103e-24
-5.372658921589073023e-24
-5.343770059254728212e-24
-5.609227806825813044e-24
-5.783979506124815768e-24
-5.697113185790053801e-24
-5.793842701347296395e-24
-5.435770644681798571e-24
-5.707277895972146890e-24
-5.498152163912371070e-24
-5.799806892485349217e-24
-5.815643046531170759e-24
-5.534735359431990291e-24
-5.581835505070108413e-24
-5.342862825087424217e-24
-5.518543120531126429e-24
-5.402917927905858822e-24
-5.745276451034649509e-24
-5.787124560587176149e-24
-5.512936581340818453e-24
-5.230014928032442734e-24
-5.953955776748950357e-24
-5.606203128383340632e-24
-5.082514036263819598e-24
-5.020300944343494903e-24
-5.147015016234937368e-24
-5.401612183723968891e-24
-5.306998670675437083e-24
-5.452313485707478730e-24
-5.279406054066481219e-24
-5.446345399430689383e-24
-5.512273219624328317e-24
-5.328227884488602912e-24
-5.522320709532680283e-24
-5.281830967471980181e-24
-5.678394770562946524e-24
-5.705046535190888234e-24
-4.959224986073775011e-24
-5.269519083752664080e-24
-5.649413264842477992e-24
-5.344373019537997668e-24
-5.369060351467034468e-24
-5.060312781631352805e-24
-5.512881492048171957e-24
-5.314972865240755103e-24
-5.241536223668415671e-24
-5.177822955023627154e-24
-5.088586854709856287e-24
-5.527476465219016278e-24
-5.258507730143829201e-24
-5.263611823167884683e-24
-5.383179403007224248e-24
-4.911482069386209392e-24
-5.209115161831931329e-24
-5.219779495351813329e-24
-5.114631640188120257e-24
-5.187958694635526724e-24
-5.302190382111686289e-24
-5.393962540277757667e-24
-4.931802233666924365e-24
-4.948833062309225079e-24
-5.102215490528606340e-24
-5.072773606165833229e-24
-5.298292390709391761e-24
-4.933706613348195252e-24
-4.824402314062696965e-24
-5.231183786042811404e-24
-5.304121190881185070e-24
-5.312271634207273978e-24
-4.766054057490966927e-24
-4.718682676714158253e-24
-5.190334305639386261e-24
-5.069108614615785443e-24
-5.016005913302450476e-24
-5.029819064251147265e-24
-5.098267763724423702e-24
-4.977158097554282079e-24
-4.937333531441170519e-24
-5.188097043273272000e-24
-5.202734431372921179e-24
-5.087347967881484577e-24
-5.027900905892164760e-24
-4.759794508879520247e-24
-4.885296560918975130e-24
-5.025271225242324750e-24
-4.842808003324382047e-24
-4.967207962689966812e-24
-4.856159621729022595e-24
-4.787566324274570330e-24
-5.043557683277261675e-24
-4.990796848045933474e-24
-5.195925603115210380e-24
-5.153509526784041771e-24
-5.230898233664639466e-24
-5.075899728198236119e-24
-4.922281383811651132e-24
-5.107883055252816943e-24
-5.064366413439075849e-24
-4.980134612271859490e-24
-4.783738854115223650e-24
-4.588607683699241236e-24
-4.854180005280154378e-24
-4.720614833057823599e-24
-5.020743786164176906e-24
-4.632026781280843314e-24
-5.057491930158058507e-24
-4.649292189479939859e-24
-4.760222571236137577e-24
-4.827187542880957197e-24
-4.669148822092813085e-24
-4.581554616859136276e-24
-4.540817824173534929e-24
-4.999316420741444525e-24
-4.867721526150160591e-24
-4.732860557433366737e-24
-5.046894754109103614e-24
-4.718860652547875406e-24
-4.910079220556735923e-24
-4.824919143992575058e-24
-4.952771420159772688e-24
-4.966917473053480691e-24
-4.479624094239831604e-24
-4.551131543171785045e-24
-4.655001270740776595e-24
-5.024211200485778058e-24
-4.685930574930275101e-24
-5.221544072945073576e-24
-4.884977540391889687e-24
-4.662778616780596927e-24
-4.155648613246559921e-24
-4.705972799931510088e-24
-4.681422571905552078e-24
-4.459964113627446984e-24
-4.545592587576301844e-24
-4.686304377721093244e-24
-4.686740783674711178e-24
-4.882758519623124172e-24
-4.993504940900905316e-24
-4.891406449258413557e-24
-4.701112789967250788e-24
-4.801947524212673499e-24
-4.843887055257836511e-24
-4.607522179518585761e-24
-4.587624280580813565e-24
-4.676352025928277314e-24
-4.498651488109765320e-24
-4.389694112707467183e-24
-4.269256342215121203e-24
-4.712844638958483672e-24
-4.674938499995667777e-24
-4.692976647820388515e-24
-4.698979365573238853e-24
-4.795446778518978154e-24
-4.631776798260920880e-24
-4.707810729933868422e-24
-4.433215794968953247e-24
-4.809852552731209647e-24
-4.614433358407856295e-24
-4.965423563428825909e-24
-4.433276750866259026e-24
-4.396489970499845948e-24
-4.473434751942938980e-24
-4.887234642543995764e-24
-4.820414239816670714e-24
-4.610168461895870150e-24
-4.676378607406330661e-24
-4.562232975506215840e-24
-4.851183023227867502e-24
-4.571140837993131799e-24
-4.682489929356272959e-24
-4.655354133559342500e-24
-4.638776979882483407e-24
-4.746191871738577251e-24
-4.303035657174383094e-24
-4.592087234315961405e-24
-4.753829774038628297e-24
-4.507547084566726458e-24
-4.585993734115045142e-24
-4.360474832557290106e-24
-4.735409629797991447e-24
-4.568389109902572068e-24
-4.614439720029649507e-24
-4.497934949435134552e-24
-4.374176347806023264e-24
-4.608946390968132015e-24
-4.306453793272230747e-24
-4.372031636581660692e-24
-4.557439231691529724e-24
-4.498442937223396623e-24
-4.378798743404353529e-24
-4.347587876992956199e-24
-4.588242997734187007e-24
-4.559288572541102637e-24
-4.415910268062501902e-24
-4.124620287561037706e-24
-4.327964787273546990e-24
-4.465234607865075798e-24
-4.155341395225236357e-24
-4.348539636843798684e-24
-4.387371734894039781e-24
-4.548363728731636350e-24
-4.270807835486034396e-24
-4.234586546367311971e-24
-4.287368298157574457e-24
-4.429216110598713836e-24
-4.289698490937865446e-24
-4.076729598414572731e-24
-4.388223878812565602e-24
-4.403263291784863515e-24
-4.413236120022051359e-24
-4.108375244198986689e-24
-4.301754113348493870e-24
-4.032905490666086159e-24
-4.116310083977232062e-24
-4.484100227357626656e-24
-4.168773939767923453e-24
-4.212635265888251762e-24
-4.367289046759621202e-24
-4.425957784007557092e-24
-4.273612130240360329e-24
-4.300739794122340157e-24
-4.297034642130471196e-24
-4.353004313163584993e-24
-4.134602486332555914e-24
-4.180773428867583289e-24
-4.308162455987802311e-24
-4.345355653095764127e-24
-4.266282733268131311e-24
-4.214658445597080035e-24
-4.170305698923835293e-24
-4.056575857754301798e-24
-4.006082438147229307e-24
-4.197247679340447872e-24
-3.859951442294985834e-24
-4.194335123091350424e-24
-4.133587705881888365e-24
-3.965011438874785706e-24
-4.047925097270971516e-24
-3.894983387226245465e-24
-4.197456699520091872e-24
-4.280837278624691631e-24
-4.192959814266660475e-24
-4.241017562134271168e-24
-4.026344197312085404e-24
-4.111054620046308615e-24
-3.879826537454116150e-24
-4.048164519641311173e-24
-3.749366931410709009e-24
-4.145399807720185743e-24
-3.966133022791486786e-24
-3.966443238236892237e-24
-4.000921404998824091e-24
-3.996560693095604126e-24
-3.777246986659560590e-24
-4.025417686953795956e-24
-3.818959467688314874e-24
-3.897043644702521446e-24
-4.157060021556455062e-24
-3.998753257139899279e-24
-3.943154104831232182e-24
-4.037635441724841599e-24
-3.639970221768862295e-24
-3.957152695835196839e-24
-3.902088175320019849e-24
-3.706815133357815893e-24
-3.809552479263924282e-24
-3.922990493513704183e-24
-3.804700207780892580e-24
-3.964945486002360012e-24
-3.854279492516831643e-24
-3.626879100621017881e-24
-3.918235429298892274e-24
-3.752691526181024708e-24
-3.944368711025468302e-24
-4.002610382884647170e-24
-3.674675607194761725e-24
-3.965458782713464152e-24
-3.730557884894314517e-24
-3.637499600044580939e-24
-4.005710602664799952e-24
-3.555917415149995253e-24
-3.707635018547447454e-24
-3.756608047927486217e-24
-3.753784373286251445e-24
-3.783518317609235749e-24
-3.699784184668449548e-24
-3.545358940212152619e-24
-3.909645127784805409e-24
-3.818535560966661222e-24
-3.596759826916531377e-24
-3.468147878649037081e-24
-3.673025611278827441e-24
-3.764332026069385999e-24
-3.553465142021684345e-24
-3.498547631927064565e-24
-3.666447293552039112e-24
-3.725075910729859315e-24
-3.741961930813425780e-24
-3.552078035980100454e-24
-3.658556411579942640e-24
-3.491019275266685646e-24
-3.589127628754749567e-24
-3.530384798557804486e-24
-3.603673938784768853e-24
-3.773842712771310168e-24
-3.691046871616784619e-24
-3.514903581679394448e-24
-3.361337415866984230e-24
-3.501831974967027065e-24
-3.440621606279926138e-24
-3.432918798195543394e-24
-3.623385983182996412e-24
-3.231892586171231196e-24
-3.427756611228416824e-24
-3.474629526852844683e-24
-3.396619386926570303e-24
-3.358125201247936800e-24
-3.445112748315199675e-24
-3.346056841128028227e-24
-3.448049413888013288e-24
-3.510045516714377216e-24
-3.453567791999887482e-24
-3.316374601247561622e-24
-3.406649081119659988e-24
-3.318281957760656520e-24
-3.312424311752812939e-24
-3.316447142654285424e-24
-3.444808312279687088e-24
-3.353630480362004561e-24
-3.305172862930188710e-24
-3.367675127497149507e-24
-3.425348926534841869e-24
-3.474259987661830073e-24
-3.357400562824560043e-24
-3.348470354033129966e-24
-3.400415743373943598e-24
-3.365532603595917972e-24
-3.346439643506326351e-24
-3.538748101254126583e-24
-3.391840429636889960e-24
-3.202044608846680092e-24
-3.067760053869618224e-24
-3.209843342335558109e-24
-3.187537785532919298e-24
-3.148756606983370110e-24
-3.155423245353930902e-24
-3.237574594912750789e-24
-3.208032027983784174e-24
-3.425365276266615637e-24
-3.180377591383613448e-24
-3.238543546047484746e-24
-3.194605151164179753e-24
-3.030425929214680349e-24
-3.082073744212835927e-24
-3.330879800055357335e-24
-3.046125585331763221e-24
-2.928125925874167129e-24
-3.004861104636727506e-24
-3.047537834142288289e-24
-3.149809055164203142e-24
-3.258183627750950298e-24
-3.152543348800445767e-24
-3.110678743435284780e-24
-3.016379812878085078e-24
-3.032072622530236251e-24
-3.010695204585634433e-24
-3.032932386292364937e-24
-3.045383343953396611e-24
-2.918090493517985001e-24
-3.215620095306488113e-24
-2.890683163423182467e-24
-3.009197429451406962e-24
-3.147562978373558482e-24
-2.969400910996706225e-24
-2.969788482341829045e-24
-2.935628969732026512e-24
-2.865494255975134406e-24
-2.973266194801606467e-24
-3.127361011617584689e-24
-3.001271708740077848e-24
-3.013156555140142736e-24
-2.868878705994479898e-24
-3.020855988134627296e-24
-2.916903383765142284e-24
-3.023709647983063521e-24
-2.629816945515680713e-24
-2.926185400606546016e-24
-2.655107145059217396e-24
-3.082677512866537897e-24
-2.882508173938550055e-24
-3.025710934342202796e-24
-2.872270219051241926e-24
-2.767743554550326753e-24
-2.927586175519076592e-24
-2.854445669540676598e-24
-2.903851720716327858e-24
-2.814537815417777537e-24
-2.788343574945881202e-24
-2.772637658829886544e-24
-2.727942463612530716e-24
-2.760290560256632951e-24
-2.782418908538933533e-24
-2.884242217601894933e-24
-2.762135270943417070e-24
-2.948424392942336439e-24
-2.698387629242819897e-24
-2.891493706055166195e-24
-2.785390717935339770e-24
-2.775982352952114781e-24
-2.763772444699570551e-24
-2.797699482429322939e-24
-2.830573862287527137e-24
-2.792403564383749618e-24
-2.762903445453136767e-24
-2.819867834860744368e-24
-2.734364000970927166e-24
-2.632023841697780285e-24
-2.743678998232035124e-24
-2.829327895832408459e-24
-2.766854696544444099e-24
-2.688750302042970993e-24
-2.676826728172075426e-24
-2.729674434634125870e-24
-2.749033440770723385e-24
-2.630017924521609529e-24
-2.644794771781665779e-24
-2.682254570046948444e-24
-2.619770246891280106e-24
-2.758533332788698419e-24
-2.646522251531401319e-24
-2.522374848478431682e-24
-2.570210033094112703e-24
-2.741857162059929233e-24
-2.511075167218323235e-24
-2.568191277395933650e-24
-2.660582155066384437e-24
-2.639195279483055271e-24
-2.744152782722582450e-24
-2.687036635399141532e-24
-2.414362749545068930e-24
-2.530923454362389345e-24
-2.417861655627119911e-24
-2.601853463627205543e-24
-2.413524790843115751e-24
-2.667095760133352175e-24
-2.621383498679860650e-24
-2.676819996695533307e-24
-2.547359507865453198e-24
-2.754691282762628060e-24
-2.421524860794571678e-24
-2.663815123087711864e-24
-2.636065849619729316e-24
-2.458391586113844142e-24
-2.549226117834288880e-24
-2.547177723990532720e-24
-2.405084346249794553e-24
-2.520814657267899530e-24
-2.502943827620319245e-24
-2.486313694082979859e-24
-2.538486752381306282e-24
-2.613859737988472944e-24
-2.535638776170182065e-24
-2.519491495520718148e-24
-2.418312858830610977e-24
-2.398733199978386722e-24
-2.586042300847928899e-24
-2.471174183992766449e-24
-2.542691766127452228e-24
-2.418768416610571604e-24
-2.419813818469867111e-24
-2.345782632426461960e-24
-2.417649475088941597e-24
-2.475928558720593995e-24
-2.443096526218973801e-24
-2.368357726143528768e-24
-2.479657538975331802e-24
-2.268189217066387177e-24
-2.377359662915077915e-24
-2.430150606724316958e-24
-2.378958501401098501e-24
-2.634480153722034248e-24
-2.295009855322519931e-24
-2.470695869697429875e-24
-2.471877654315664101e-24
-2.260589108342579498e-24
-2.393231257829828766e-24
-2.382825554306209392e-24
-2.438014194276241394e-24
-2.344091911808298337e-24
-2.404678471962107869e-24
-2.255112930289166859e-24
-2.360980202860502165e-24
-2.401559163405313057e-24
-2.332832988354918521e-24
-2.369696083569049769e-24
-2.340673875904869905e-24
-2.333359362622488536e-24
-2.316102223427151165e-24
-2.421265786353452142e-24
-2.340031152459342195e-24
-2.308180177621023767e-24
-2.275930047831456255e-24
-2.136732512639893065e-24
-2.292745919753181819e-24
-2.325388286580076146e-24
-2.310483431117545227e-24
-2.271361431201601021e-24
-2.204583796304031403e-24
-2.231105609473904249e-24
-2.277081844837682890e-24
-2.256701406677010995e-24
-2.242377281542188442e-24
-2.198627048011066079e-24
-2.224600182836576597e-24
-2.183414896514949338e-24
-2.192213350019100845e-24
-2.212289489889277032e-24
-2.159672796549501123e-24
-2.250548988211549354e-24
-2.178902329141483596e-24
-2.243359411466747238e-24
-2.160953726073928691e-24
-2.256919537359803973e-24
-2.012625154981784179e-24
-2.111289043170766194e-24
-2.284948633072458174e-24
-2.197669527494814342e-24
-2.177452129725588561e-24
-2.210830654053788492e-24
-2.245123580032410759e-24
-2.129236102395663666e-24
-2.057425568609356863e-24
-2.122156996656626621e-24
-2.087818673276898454e-24
-2.153290239975843900e-24
-2.104021950949509039e-24
-2.047333782436894841e-24
-2.119380241938817413e-24
-2.136144794061849713e-24
-2.133518543999886804e-24
-2.121836592252329479e-24
-2.008520386181369362e-24
-2.092909227815345834e-24
-2.001455110105985131e-24
-2.190023477073209971e-24
-2.107825236011040213e-24
-1.991008987695256789e-24
-1.959791080815892582e-24
-2.147488048694299387e-24
-2.038411456495135750e-24
-2.054892830936275004e-24
-2.015396855305594624e-24
-1.936563083975036761e-24
-2.028773561705368075e-24
-2.004799812044845990e-24
-1.907108081200632401e-24
-1.936193426996667013e-24
-1.982733577129795747e-24
-2.119822497848771279e-24
-2.100120743341540154e-24
-1.923001703774773009e-24
-1.940275731583719722e-24
-1.998175756183157503e-24
-1.993221931481201136e-24
-1.931254869741808727e-24
-2.025150608621989716e-24
-1.982578554298311487e-24
-1.901805455851216386e-24
-1.817727084666073209e-24
-1.860216285782828068e-24
-1.856339395528161969e-24
-1.817813324039881457e-24
-1.945821996978572657e-24
-1.774416450688779639e-24
-1.775760690422829032e-24
-1.896920574584434257e-24
-1.991383662911833607e-24
-1.900822584522651608e-24
-1.840663309918500110e-24
-1.804663525042645969e-24
-1.972803312357957814e-24
-1.900204209618104645e-24
-1.890287425004169121e-24
-1.880759654074068575e-24
-1.858805229922200531e-24
-1.932309160326888776e-24
-1.778249180008061474e-24
-1.849152965332442203e-24
-1.846076942446437592e-24
-1.822966115700162777e-24
-1.798682795090813876e-24
-1.804704675202616654e-24
-1.774606368445163532e-24
-1.798151331400204046e-24
-1.700713777647740397e-24
-1.784709384352261312e-24
-1.797104420055249547e-24
-1.714807425909158437e-24
-1.831158275436371823e-24
-1.822910461929770231e-24
-1.709374429607208075e-24
-1.769924636744153456e-24
-1.728822104895855012e-24
-1.724746638151214413e-24
-1.690972175037121769e-24
-1.704516596501520901e-24
-1.681528651321398734e-24
-1.724941998887966005e-24
-1.761337391732493269e-24
-1.647108770909602444e-24
-1.713673260105983220e-24
-1.657049440322412812e-24
-1.701983940967389931e-24
-1.689058051399676698e-24
-1.580438820404761773e-24
-1.656036834173023184e-24
-1.586143788165157747e-24
-1.655521605129682144e-24
-1.601602821003313235e-24
-1.669269328926803084e-24
-1.572971878834808640e-24
-1.585034280631927354e-24
-1.590699620116090510e-24
-1.656836281470102658e-24
-1.590468924073929768e-24
-1.662542477506991753e-24
-1.549174668428659550e-24
-1.553946931666570699e-24
-1.593752434184488661e-24
-1.585091852987218876e-24
-1.573732942622981606e-24
-1.607124601494575982e-24
-1.596164047200534181e-24
-1.568622382615107914e-24
-1.587903791883281712e-24
-1.612503314276281952e-24
-1.534969162778614225e-24
-1.517038051447948438e-24
-1.412058153607419511e-24
-1.503727249827837610e-24
-1.475243765103857229e-24
-1.561471147428756008e-24
-1.587382414683156041e-24
-1.532987261136662911e-24
-1.448496417578891481e-24
-1.468186769902212313e-24
-1.605689245738036976e-24
-1.555212432176417650e-24
-1.504113042564291322e-24
-1.558565790778074371e-24
-1.481293362122159688e-24
-1.525295153225692057e-24
-1.346737172616860456e-24
-1.462772121608742914e-24
-1.421856709650738165e-24
-1.454691368351009457e-24
-1.464427570669619303e-24
-1.371770377046300452e-24
-1.474432797623201880e-24
-1.367894990643653649e-24
-1.396096769660341358e-24
-1.475371754984776644e-24
-1.433426813826027206e-24
-1.420309691562008315e-24
-1.388158906091279448e-24
-1.358709503133580416e-24
-1.322376869727520541e-24
-1.455878810683416975e-24
-1.450489444695813791e-24
-1.309894008896723800e-24
-1.446918525074059970e-24
-1.386547886562742227e-24
-1.360320646935911215e-24
-1.362138911725371544e-24
-1.446759444216947259e-24
-1.316405259627663017e-24
-1.474079951292921831e-24
-1.385756466447204559e-24
-1.378739270849651446e-24
-1.346796082726868544e-24
-1.303345425898019143e-24
-1.364809850144284625e-24
-1.333837847161431324e-24
-1.350791255111026498e-24
-1.304480133171896632e-24
-1.348403104254458978e-24
-1.309274764352550810e-24
-1.348362105224606796e-24
-1.360812958889010038e-24
-1.268452077329920155e-24
-1.317932720716412881e-24
-1.290739082327938043e-24
-1.267598350605263359e-24
-1.236557072637690780e-24
-1.267734567958063576e-24
-1.254443399439410190e-24
-1.371518642589986881e-24
-1.321343082687754217e-24
-1.322060743025440556e-24
