0.000000000000000000e+00
0.000000000000000000e+00
5.241514911119029194e-13
5.494905047001706866e-14
2.140069971875682393e-14
1.039455541698161058e-14
2.636049915936382159e-15
1.992631815352671180e-15
5.281223529468326694e-16
7.875628028001232263e-16
7.860261623280251924e-17
-3.496486084229651154e-17
2.670044194820696185e-16
-1.058643036163820904e-17
1.121842076523168996e-16
6.190676782705315925e-17
6.219114455758947087e-17
4.894169032847687150e-17
2.630457962326510417e-17
3.428303248519224458e-17
2.351411870246013266e-17
2.001700082046322532e-17
2.158510511988365389e-17
2.045150383292523270e-17
2.056569979765020584e-17
4.742857810090788265e-18
3.565354496582595415e-18
2.938858293369158399e-18
-5.449032464284309395e-19
6.460108663904079000e-18
4.438975189960292025e-18
3.346698262379291971e-18
5.757425226628797833e-19
2.486194085833924158e-18
2.559052508797232182e-18
1.408721071813352982e-18
2.428625090923413494e-18
4.535023884085756356e-19
1.207314265255714502e-18
9.457438308121536663e-19
7.936497328372821814e-19
8.755619877833491658e-19
1.124639291634877444e-18
1.532169140432621738e-18
1.137252214882521860e-18
2.331709642208352865e-19
8.247567323629155474e-19
7.040852641250284322e-19
4.880376451411454494e-19
5.766163571487775750e-19
7.061409706975178112e-19
7.891485200609809911e-20
4.848313756900380762e-19
4.640302934638481679e-19
4.825563587875970837e-19
3.361436082464922523e-19
3.473452164058861928e-19
3.491446107539661720e-19
3.064379224557839279e-19
3.370838047877491981e-19
3.477115203087256769e-19
2.666660957435925179e-19
1.914690126786147359e-19
1.459652906164681782e-19
1.311737965090128673e-19
1.631281771920614480e-19
9.314968039998805570e-20
1.321023123371265185e-19
1.446697373420802161e-19
6.389390020000035250e-20
2.042211208925050067e-19
1.364767192350306350e-19
1.373000162105859574e-19
1.476009914993147695e-19
1.060304999271599494e-19
9.007062120095486233e-20
1.141069033955896124e-19
1.255428600845621585e-19
6.481219446826536015e-20
5.171996336366358565e-20
1.114357464139901280e-19
7.158138599402217520e-20
1.057157249687307958e-19
5.387239354246281820e-20
5.303114693325812101e-20
4.543790632645614878e-20
4.881907037021590925e-20
5.242138520061607240e-20
4.270110953780300823e-20
4.180704434014780384e-20
2.298330343751859087e-20
3.554035288072938074e-20
5.628478793206429913e-20
4.950223536113157903e-20
3.014902922752135115e-20
4.186585321431743339e-20
3.946060231827760360e-20
2.959950547544631147e-20
3.314096589005394957e-20
3.190705366822492113e-20
2.138263990222590108e-20
2.989379698119982212e-20
3.300791745617148370e-20
2.829242724866881604e-20
2.341158650885273458e-20
2.309903785258699020e-20
1.554662298433060075e-20
1.637328602009017716e-20
2.137590310429705504e-20
1.979683064115467821e-20
2.669494608172305090e-20
2.306988663660168833e-20
1.133704311769796942e-20
1.392726074044689977e-20
1.630344921065551883e-20
1.328586120528594243e-20
1.066727717512812001e-20
1.894529415036317671e-20
1.485141664677429197e-20
1.158152911675565633e-20
1.155276021411833501e-20
1.014778685061764068e-20
1.167258357096158201e-20
1.077007826485358113e-20
1.405322835521261648e-20
1.045142692975831216e-20
1.223682706094951318e-20
1.352326796792806363e-20
6.498964321991743596e-21
9.350391609030940706e-21
7.502640128603190211e-21
6.052968293636824214e-21
1.065570212148375213e-20
9.220072398619862671e-21
9.657196064879946740e-21
7.427621225258357730e-21
7.563386025139467707e-21
6.686557829751931778e-21
6.956404079151730490e-21
3.307111489843152301e-21
8.215428881135389771e-21
6.393307307195919098e-21
3.619418964683326282e-21
4.982998273246663422e-21
5.285367472235982494e-21
6.685098442960912150e-21
8.083478275826867153e-21
4.147139038717535242e-21
3.959598589204797193e-21
4.972945066682549431e-21
4.738158271986029277e-21
6.026417879241301226e-21
4.280439900701815853e-21
5.253615250370683022e-21
4.433339756988756662e-21
3.145394708055951129e-21
2.325935724800077003e-21
3.640648303480118442e-21
3.901436172947349654e-21
4.694838138740008274e-21
2.958786905430985294e-21
3.978218119678093638e-21
3.616320574791649328e-21
3.432882651289858605e-21
2.092038828207033826e-21
2.408069681738236249e-21
2.187113614243503281e-21
2.672881918116798357e-21
3.165389849760679140e-21
2.668796798724026672e-21
2.997952008447875703e-21
1.636216536602184014e-21
3.243395668224225339e-21
2.407097621373936959e-21
2.319060771324894786e-21
2.855638368482116281e-21
2.757689131673748737e-21
2.809519555429035337e-21
2.646018212025670062e-21
2.407036344751082350e-21
2.907734785898511950e-21
2.787190321953008954e-21
1.524933336609945248e-21
2.300540607652344217e-21
1.979384882482603285e-21
2.658042209278813360e-21
1.368816727808510212e-21
2.057900338131921349e-21
1.458586582296524111e-21
1.739846888772461914e-21
1.806074831854976615e-21
1.758305883947312065e-21
2.573955202787604699e-21
1.628503740312482521e-21
1.513636347695261493e-21
1.147244990793049161e-21
2.061825481008888887e-21
9.305721609921324219e-22
1.141452486162295901e-21
1.147379698034479565e-21
1.690640044595503568e-21
1.677158746127409263e-21
1.261453141225163676e-21
1.346494810157720422e-21
1.076290537609811982e-21
1.062770094192342363e-21
9.612056611560435645e-22
1.317113097616168755e-21
1.116685993272336202e-21
1.150830760269321720e-21
1.233381427576911920e-21
1.014291315833449360e-21
1.243390701241557061e-21
9.697843875698198719e-22
7.514889739954638113e-22
9.086694803689433291e-22
5.477092275747933924e-22
7.475491329586740270e-22
9.319755758690359793e-22
8.545369973558101647e-22
1.037132540993057370e-21
9.765425349178261279e-22
1.159645644481358690e-21
6.067857048192811300e-22
1.037607489689751389e-21
8.530128723903412497e-22
7.759857583549955334e-22
7.139512131179082339e-22
9.319024087994469732e-22
8.016636197031001067e-22
3.729393191058652405e-22
6.905103158876771495e-22
6.790219859581614629e-22
3.858165136485075361e-22
6.733585050704532981e-22
6.460100679294723390e-22
4.672882553105195706e-22
5.957881934023628618e-22
4.811935939149509939e-22
6.020523222197068051e-22
4.657129785936528638e-22
4.478122496786262820e-22
2.807127281759045117e-22
3.594836347954616894e-22
4.144092486904179315e-22
3.594529362849747118e-22
4.225120367254683956e-22
4.416409747772259444e-22
4.617452304679377742e-22
4.702787187073787285e-22
2.637670079751283761e-22
4.210642824232788211e-22
1.657602594236506084e-22
3.811715806547705449e-22
4.302110081030434331e-22
3.946124382826916262e-22
4.816811539059921143e-22
4.870215583836585712e-22
5.261367563914848059e-22
3.896202050209735965e-22
4.570655802017066464e-22
4.652064100287539307e-22
2.492281719290696077e-22
3.092682866593075331e-22
4.132595709987019124e-22
3.561078474833895392e-22
2.788483274465896061e-22
3.403953501310985397e-22
3.527538702957236189e-22
4.223261180473271359e-22
3.726155015132975200e-22
3.483161521246367320e-22
5.190241762495327678e-22
3.751726206842132489e-22
4.941357529201832897e-22
3.773941746080549255e-22
3.626383749633028124e-22
3.464160406271883505e-22
2.730133655334571014e-22
3.052670339559927205e-22
3.844923734622752928e-22
2.782778092079273187e-22
3.584053438599762802e-22
2.477391107478191333e-22
2.492756028315271246e-22
3.026067090668640358e-22
2.633194361300083211e-22
2.871357543673236819e-22
3.150594076059071755e-22
2.373216158859785632e-22
3.577500063501188741e-22
2.541660217238069118e-22
1.640858341676606657e-22
2.311799917634289800e-22
1.983228404017757773e-22
3.030002275646198957e-22
2.281920641748219155e-22
1.962293821432575743e-22
2.944049011738297913e-22
1.811818115670452957e-22
2.021574302372251133e-22
2.220806854884728841e-22
2.474259473535692303e-22
2.654542278044716761e-22
2.292331399675166485e-22
1.849654264754762412e-22
1.817461310165804048e-22
1.610084248217111451e-22
2.172431663278889398e-22
2.200799283981026772e-22
2.295632094440682319e-22
2.168498662278026637e-22
1.296803504561100921e-22
2.224699769563583006e-22
1.818891233465631840e-22
1.782906233773540039e-22
1.227635538554976703e-22
1.766256043395954739e-22
1.785848991679886032e-22
3.054753073761619954e-22
1.991448175293197466e-22
1.710880735563339665e-22
1.782845972554539748e-22
1.731796488590734681e-22
1.627973944034845042e-22
1.673824972025499911e-22
1.676968726030793021e-22
1.237866311058320376e-22
2.016450849239460540e-22
1.806031013516455488e-22
1.237198626999189366e-22
1.622727964858134204e-22
1.764749531530716458e-22
1.355395575204507428e-22
1.421758153935977953e-22
1.217671163879145325e-22
1.815228988525420928e-22
1.740699077073898054e-22
1.357382035673661308e-22
1.203957769312671647e-22
1.601537157292621479e-22
1.446889708758866966e-22
9.880155617811371003e-23
1.400585417367982147e-22
7.815772521673862063e-23
1.263957691235053026e-22
1.798521527392941038e-22
1.472043707827500205e-22
1.877238757791409687e-22
1.474742907209792391e-22
1.356982560653363053e-22
1.447871182974625190e-22
1.050722487519942796e-22
1.155071303322937659e-22
1.549077247023404969e-22
9.281506294469149937e-23
1.614520379811271214e-22
1.319128516598345419e-22
1.506773243231416125e-22
1.160175154092084561e-22
8.551196485126620544e-23
1.225217489167593739e-22
1.563671804515350087e-22
1.097982606229396400e-22
9.270912673916199134e-23
1.163757036828996606e-22
1.018039757861984037e-22
9.232894490999321235e-23
1.023111874898223677e-22
1.011747263573281343e-22
1.174806390441502713e-22
1.225516322110358435e-22
1.160665257324960769e-22
1.021745911913973026e-22
8.256825897528196465e-23
1.418631644668169590e-22
5.665853776629010887e-23
7.632185571055954005e-23
6.756076462035830925e-23
8.116451878821159008e-23
9.388426946681780488e-23
9.003100277605430379e-23
6.359515737823155221e-23
1.156098471970836272e-22
1.084596818830812385e-22
6.648521721171994619e-23
1.039759867749348566e-22
9.707341651478823017e-23
1.251974309149740141e-22
7.371159313755173160e-23
1.009917890595597568e-22
7.525581074853870413e-23
8.050114723097331809e-23
5.586796205861639291e-23
1.303360724163147077e-22
5.812418871933096572e-23
9.198767943866608662e-23
1.056219632026593688e-22
6.640602560445763685e-23
7.606785677770214182e-23
7.055757578986226564e-23
1.044735815862627225e-22
6.799799807471413942e-23
1.017810056194013917e-22
7.374698875621014546e-23
7.244577068263204466e-23
6.169471632999504517e-23
4.928347451290924287e-23
6.277846233116240694e-23
5.976891292836424314e-23
6.850893673425669396e-23
7.297102615857775978e-23
5.793057305591722335e-23
6.794021368296376546e-23
5.847377094229496228e-23
5.567794689099204495e-23
4.836053881926272279e-23
4.713547331598430707e-23
7.832478712029761454e-23
4.472571258274265960e-23
7.762593348869989957e-23
4.425096940864029441e-23
7.435914759802032429e-23
7.800383886972823178e-23
6.837109097346998150e-23
4.942674367649325274e-23
3.594861445084809433e-23
5.183165692503202330e-23
4.893618501490821586e-23
5.236609286563606678e-23
6.350764027572984298e-23
5.168292406663548155e-23
3.226236943748772766e-23
5.522085023563016790e-23
4.887654972990325744e-23
7.164654527428180831e-23
5.330203914094894348e-23
4.995512339574507783e-23
5.978959337076644092e-23
5.687828201791698590e-23
5.373525868602969991e-23
5.557578304548669959e-23
4.542141813077049364e-23
4.685655042547853464e-23
6.169086870982039122e-23
5.294672166374427850e-23
5.212642631227221762e-23
4.710845059210190720e-23
5.601000448591921607e-23
5.047362935010198954e-23
4.478438664796177470e-23
4.074463036957309364e-23
3.029354141775605414e-23
4.672022792050124362e-23
5.436911217134437515e-23
4.699020656856792680e-23
2.814608394439492847e-23
4.201378562984003943e-23
3.385804988102430076e-23
4.970616487456138381e-23
3.598342567021483932e-23
4.668729813233303249e-23
4.220104658465498915e-23
4.045412584656221505e-23
3.774376897367871069e-23
3.919153463538366344e-23
3.503219616405100784e-23
3.585250471263608000e-23
3.805882260551908349e-23
2.297329181444144812e-23
3.602277409846216296e-23
4.165817021066588780e-23
3.904366162766530268e-23
4.679219811737332567e-23
3.128891874984670597e-23
2.771097563695831560e-23
4.257578122879147800e-23
2.184086766525950067e-23
2.408144055611272004e-23
2.948068453492209374e-23
2.093683780112808950e-23
3.350977623301097585e-23
3.698889092400519405e-23
3.747345490655641561e-23
3.308692323548928114e-23
3.569785256399633859e-23
3.635670012835550358e-23
2.896498104613233723e-23
2.443277585249976470e-23
2.055080317984302159e-23
2.462686726659258828e-23
2.371440743074404878e-23
3.174794224606802825e-23
3.026348806933795623e-23
2.975261616404284489e-23
3.009235550087008729e-23
2.890923039718769846e-23
3.494948887166630733e-23
2.225052959549985456e-23
2.063120460761566801e-23
2.682886857463649762e-23
1.819117336731436078e-23
2.447446903880293665e-23
2.340056795563588770e-23
2.402074765904776141e-23
1.947708687817827603e-23
2.298457626134080264e-23
1.475684904265466144e-23
2.487303617109747405e-23
2.500677530928621429e-23
1.611980316503461200e-23
2.024666157699961331e-23
2.179108251853863020e-23
1.765822409928559810e-23
1.750480738725282515e-23
2.601253603475946219e-23
2.087072619224029813e-23
1.679789921303672113e-23
2.158569268987534118e-23
2.456718875574619678e-23
2.156925715682425770e-23
2.891862728640130538e-23
1.570570392749444782e-23
2.245884637188826744e-23
1.418953316157813812e-23
1.776390542533774210e-23
1.375122301402540444e-23
2.202180857718296060e-23
2.436630380325301257e-23
2.673691017972065300e-23
9.181971153418529171e-24
2.153746042398374323e-23
2.055203611696163367e-23
2.546366994150200816e-23
3.266753911948360768e-23
1.326277076188653359e-23
1.651919522445689041e-23
2.433096890260614587e-23
1.571196971086754392e-23
1.784636799622310807e-23
1.820833484397435125e-23
1.482733113214026333e-23
1.921811241460199287e-23
1.227937433677620505e-23
1.710793375914727762e-23
2.060762818218369437e-23
1.171248781957531841e-23
1.310024913239988667e-23
1.879162235782659446e-23
1.875369449036905842e-23
1.478893828990975658e-23
1.243860974071881191e-23
1.876251178910448807e-23
5.081277232795668444e-24
1.536086230926459195e-23
1.367520757043452658e-23
2.121674036384876532e-23
1.702651660940923385e-23
1.368321734545090075e-23
1.687069202088213943e-23
1.606971175914722641e-23
1.369654459503277130e-23
1.541555407063392853e-23
1.084651523878090239e-23
1.179234171849463230e-23
1.600626761347814156e-23
1.815884659447176795e-23
7.551786452565831425e-24
8.199759617141271368e-24
6.836262757137017440e-24
1.224902314174783876e-23
1.117964277172466958e-23
1.638672831797222664e-23
1.247573525801549629e-23
1.224989584947660273e-23
1.133486357411246710e-23
2.079890382704065384e-23
1.205435090704277076e-23
1.463600369456394119e-23
1.343041490297609878e-23
1.274658126330145488e-23
1.220925677215028630e-23
1.208790300219707736e-23
1.326181076788768528e-23
1.149825840219121162e-23
1.124411919217321167e-23
1.194550478721882601e-23
1.182499788344946479e-23
1.265278078427552577e-23
1.141401734117464937e-23
5.445464288364963306e-24
1.173050952176067386e-23
9.571309490640841625e-24
8.504539726921548005e-24
1.130323236361379230e-23
1.494401713577950972e-23
1.519072306090033724e-23
1.533788747037991231e-23
8.241580765712733916e-24
1.150824636859709848e-23
1.156476883386628257e-23
1.298654396698728624e-23
1.730279148434632313e-23
9.140738318358991891e-24
9.418152574704137149e-24
9.125435793294743290e-24
1.133442817589124536e-23
1.044323409498328820e-23
6.599787857119748637e-24
7.853301646887166196e-24
6.127305064793319582e-24
6.803928115309808314e-24
9.139316309042715958e-24
1.240998278914021809e-23
9.946739972034591336e-24
1.267298320708633288e-23
7.877540436809515760e-24
9.433334707756703822e-24
1.241704812949682728e-23
6.742926182435644997e-24
1.182022802178296794e-23
8.716541485146859411e-24
7.304462475243820162e-24
8.997523072031928117e-24
1.205466439458384804e-23
7.038709891269193267e-24
9.694883735327792946e-24
7.523244817763938956e-24
1.038080086976268320e-23
6.910114363422184786e-24
7.866010283648238110e-24
1.006512446741250835e-23
5.766192528989040420e-24
7.497542523599404527e-24
6.356224037799477247e-24
7.185355670803620453e-24
8.106486791649019832e-24
1.030177469227020405e-23
7.772376695066778303e-24
8.099505378620057443e-24
5.618725861581606284e-24
7.408485799483786566e-24
7.837253437248891592e-24
8.500793598701209821e-24
7.367809470603898020e-24
5.116746306643325351e-24
9.975235192964603193e-24
5.578806817669158828e-24
6.886880641225349962e-24
5.372663003031646193e-24
6.289093048495122610e-24
6.109587115631507568e-24
9.273003878468316094e-24
9.930251569894625034e-24
8.770212103665904747e-24
1.030087615222619689e-23
5.785916093992373741e-24
6.900051563069767229e-24
7.176784745740575295e-24
8.840058515097325361e-24
9.083657585896730953e-24
5.025740547184947934e-24
8.064145249300081171e-24
8.575311515095577388e-24
8.072943594100014959e-24
8.887998101245417417e-24
4.884740737690353518e-24
4.805153001346826412e-24
5.717279958414915276e-24
5.283598339389109907e-24
6.792686207742943991e-24
5.447654975805343369e-24
3.773863555888191825e-24
5.633985389619436383e-24
5.282805209351041534e-24
6.565875618842198089e-24
4.144120114771636121e-24
8.590215029147398047e-24
7.805373956137622489e-24
9.478465839311432271e-25
6.710678650101080804e-24
5.229378920198948283e-24
4.702924638282943847e-24
7.354416928782623352e-24
4.634857274766606369e-24
4.916524953032304102e-24
8.635048199208057051e-24
4.850582907385322401e-24
6.225134772835205329e-24
6.082858396224468873e-24
3.003678607743627062e-24
4.344325700602697010e-24
4.027233894218516176e-24
3.381200816386835971e-24
5.602982136011671821e-24
5.624836668497727300e-24
7.214857233252363026e-24
3.735646910724857614e-24
5.978495054872799963e-24
4.032237870403377886e-24
5.587727557459465205e-24
5.251318354997430848e-24
4.409172740155501421e-24
4.170496800734605461e-24
5.012831811627280662e-24
5.831782740862210778e-24
6.000643200482861258e-24
3.507540550374778295e-24
7.456664900984325422e-24
6.097313662980319039e-24
3.579631203471428754e-24
3.279399657922577945e-24
1.123248477402718866e-24
5.636216096956849236e-24
5.262909384652977633e-24
5.204848774618507757e-24
1.215575670411059399e-24
2.141912524322859698e-24
3.333649841210485728e-24
5.254767007223098938e-24
2.328180394224331845e-24
6.083795209925667989e-24
4.560349882163285201e-24
3.505039001574964856e-24
3.110976072032990982e-24
3.992385336241788336e-24
2.823477060066765257e-24
3.611548447506741716e-24
6.635174667127129171e-24
3.554786863302549296e-24
3.576050124992960677e-24
4.233881730177199264e-24
4.563451582243476178e-24
2.857267503091634143e-24
5.792425250906048390e-24
2.532638656149558665e-24
1.834135019839330693e-24
1.855805258813872995e-24
3.094893647638734164e-24
1.765285229296122807e-24
3.624657689670170322e-24
4.822033429023212866e-24
2.442514431770864633e-24
3.729252458949217106e-24
5.409331622898266632e-24
1.551997923260617125e-24
3.642032745294415167e-24
4.127229004584412000e-24
3.008524034509890305e-24
2.085856077879161710e-24
1.995218053189878496e-24
3.177363920816298567e-24
4.089254967231746190e-24
3.603692643551041620e-24
3.507386728627892388e-24
1.454445920071959618e-24
2.432783663786246422e-24
2.995995600916331835e-24
5.021427318063385751e-24
2.234332339864298267e-24
1.910183328873723360e-24
4.420692572609520485e-24
3.478662947647052008e-24
3.290886454228412648e-24
2.557587960637610585e-24
2.006922205018934990e-24
3.280415066091024577e-24
3.594704071679673097e-24
4.541138527777972961e-24
2.425173568716677946e-24
4.113816031255632521e-24
4.718382168317011396e-24
2.289776212887198988e-24
4.694492774066511686e-24
3.149038045959224392e-24
2.441080250472146652e-24
1.698974144987699308e-24
3.189585267560958462e-24
1.249721032796491267e-24
2.968534511255676597e-24
2.517464149057165835e-24
2.173138802733424306e-24
2.651183109371350001e-24
2.573552124099738792e-24
2.616186395186286471e-24
3.557099294775671511e-24
2.945029330495579775e-24
1.985160920278645742e-24
9.452878373450876133e-25
1.716654363804966000e-24
2.033075304854702646e-24
1.921526458365986120e-24
1.567568292734590683e-24
2.012365206548201586e-24
1.394693157943639007e-24
1.927722032632408384e-24
2.307948503907855898e-24
2.444369505951724010e-24
8.475605238679317531e-25
2.182476699158583895e-24
3.015488966373279463e-24
2.324119540679175750e-24
2.632084242526758665e-24
1.784053314901861331e-24
7.189191241219816882e-25
2.522477994114556885e-24
2.730651231083674127e-24
2.438993566699761448e-24
1.879035932550131500e-24
2.023723461122380348e-24
1.959678788640365668e-24
2.599443287899786269e-24
3.300143619123308997e-24
1.056093057016277976e-24
1.352439493246991239e-24
1.558871822703779863e-24
2.090870691602989230e-24
3.597980476531582931e-25
1.374741195844172338e-24
2.548990808446136382e-24
2.009135046543882639e-24
2.065150420298666153e-24
1.410603500263061251e-24
1.943427248435556887e-24
2.012748812221492552e-24
1.745909485989596653e-24
1.171889883100714457e-24
1.140632471386272362e-24
1.902407003634455061e-24
2.337921190064359158e-24
1.044792382204442189e-24
1.946962028934107786e-24
2.299768231914222167e-24
3.155995906096308278e-24
1.893367250219215441e-24
1.279934491285835272e-24
1.036000303936941951e-24
4.658536281105984141e-25
1.511529771641167433e-24
1.261461039861410665e-24
2.054495335419141577e-24
2.028802649109804975e-24
2.144653111353813391e-25
6.877867502103932182e-25
1.324510531074281209e-24
8.027189472567570431e-25
1.092609526579605690e-24
1.334726589799051460e-24
7.330810405411205188e-25
1.806191547786141047e-25
8.061168263743967115e-25
1.261951873397440960e-24
1.194668069378315504e-24
-9.592878660906323062e-25
2.448205431535062400e-25
1.204012325501186826e-24
1.655971009595991239e-24
1.226293561813812419e-24
1.176225181838594160e-24
5.927199543905998230e-25
-8.296082336472503000e-26
4.424517724602399233e-25
1.975404811582406472e-24
1.397495549561319601e-24
1.615609573914425238e-24
7.995024660283050669e-25
6.739789947805819304e-26
7.047757669315032383e-25
6.623914879867648493e-25
-9.246473576152866385e-26
1.344324031726071479e-24
1.274289443388525349e-24
3.687057689969865644e-25
9.778182962289528639e-25
9.794202308812576332e-25
1.122269367024157405e-24
2.027440622676691644e-27
7.416172588279861560e-25
-3.676189667925801835e-26
1.391242073251592364e-24
7.256627402178024626e-25
2.096749138220592719e-25
2.003731068913094187e-24
4.109521281446979346e-25
3.749994201166687778e-25
1.288931733161740969e-25
7.897277720035138600e-25
3.074006095347555657e-25
2.784183210485275241e-25
7.632426940945286775e-25
2.315021438574840890e-25
1.557389243679439406e-25
1.229945866944371482e-24
-2.360803146808759266e-27
1.115518194292702346e-24
6.229146139933164837e-25
5.313021372792351105e-25
-1.200979209827363055e-24
3.984160854182409058e-25
-1.806624245235231146e-27
7.752691125628167423e-25
-7.247160268846632601e-25
3.586443752081273554e-25
6.656671367059153197e-25
-2.165054588537529495e-25
-4.741313364613635034e-25
-4.380890155737931888e-25
6.739927713169887939e-25
1.284556892285090412e-24
2.153508588882511647e-25
4.122637669735146403e-25
2.926273472801124517e-26
1.146377743156878588e-24
6.558723412281968906e-25
5.284764515657585052e-25
4.779109256827478468e-25
2.427910287558293662e-25
5.353557484091158419e-25
1.783635022457268473e-25
1.619144899984898900e-25
6.454868173848097295e-25
7.379235328506650356e-25
4.771882858060613279e-25
-9.427969952309624204e-28
-3.206939007477613512e-25
1.893089276872241710e-25
1.082672987899638332e-24
4.542522379358258223e-25
5.977140853426237231e-25
4.753902735678271951e-25
5.700063417671268571e-25
3.910041534578942285e-25
-1.154997050564041149e-25
-5.184046002459104111e-25
2.378480501330156377e-25
8.718528083029068552e-25
-7.583741373800832650e-26
2.623175616620906230e-25
2.497787360849948461e-25
-1.013868986857215635e-24
-4.065719590758662241e-25
2.350757295862848302e-25
4.437390516147298377e-25
1.138365362728948653e-24
3.811935229176851585e-25
-2.627721676675909516e-25
8.755936902740117446e-25
-1.876225962243035120e-25
1.962249489189589872e-25
-1.803985945912505568e-25
-7.865104564515857104e-26
3.952216862680670140e-25
6.779538066604159206e-25
-4.293656316153433145e-25
-1.246992887215310445e-25
2.183784953338479794e-25
-1.248360729918160893e-25
4.264040959920625472e-25
3.568132923763748671e-25
3.854812163293698334e-25
-3.460244625596690687e-26
8.390314522793031669e-26
-3.966784835362360928e-25
2.587353223933078118e-27
-4.651060664939491458e-25
1.060674379188566329e-25
2.802823648429003854e-25
-8.577797314951758390e-25
6.753701143666452058e-25
-5.791060381457985526e-26
-2.804742305828666271e-25
-4.856512736971938394e-25
7.006543231253655563e-26
6.351393192114089451e-25
4.203137137104242696e-25
-2.881065273300954169e-26
5.422861044908401327e-25
-3.463176144926758161e-25
-3.139131938920763017e-26
-8.907147161369533172e-26
1.916633618049479328e-25
7.708168127955011671e-25
1.009193589050550247e-25
-2.628436548223730253e-25
-8.339765716964665530e-25
-2.020041630119527142e-25
-3.402019419189387431e-25
3.792845183821386341e-25
-5.967313626799052548e-25
3.867409590058543482e-25
-2.412179483032602003e-25
-5.413967848584359624e-26
6.197249415549909132e-25
-3.659818515675590385e-25
-4.365375968132314417e-25
4.271636630405030010e-25
-2.465481162472029565e-25
7.297654109110025151e-26
-8.911480381635497698e-26
4.202862600500569429e-25
-6.959854522488649603e-25
2.401906867949697156e-25
-3.153234694816988706e-25
1.317515776402687121e-25
1.901576730412445921e-25
-1.493871046717188110e-25
5.986217233070425766e-26
-2.931623842525090984e-25
4.684633810516733033e-26
2.195573122721841192e-25
-7.933585794208559029e-25
-3.031575910832655596e-25
-7.694036405197080313e-25
-4.004736970224925369e-25
5.120666675782500197e-26
7.942952619236655638e-25
-4.944502627345849697e-25
-4.065926541642487311e-25
-1.619382146632080328e-25
3.775010272320198897e-25
-5.539101976978912856e-25
-5.099543744907870371e-25
7.186022159537200295e-25
-5.608711408616996725e-25
-6.324713111236686668e-25
-6.776759945321705221e-25
-6.299242362931399426e-25
-7.356109171381727205e-25
-4.498450799349768562e-25
-3.577724623611114578e-25
-5.817945403117524425e-25
-6.075928235726696051e-25
-4.301571608952777403e-25
2.202049468130441584e-25
-2.079400423700149162e-25
-3.956361326241988886e-25
-5.165541702294720766e-25
-2.543922640047274313e-25
2.674525896088337155e-25
1.329276078010502350e-25
-3.284093361994236737e-25
5.631624595725627421e-25
-5.916512455904493549e-25
-3.635289526595419855e-25
1.399922109279336780e-25
-1.073967786600342882e-25
3.793270601408174390e-25
-3.504313787278618638e-25
-6.356292279571513224e-26
2.678257462143271371e-25
-2.724989581666716644e-25
-4.514959740468183088e-25
-6.456013237373772409e-25
-6.422068696064944775e-25
-2.374103524843681395e-25
-2.950968152977040907e-26
-2.859169085911976563e-25
2.587457399873009586e-25
5.408776400843002645e-25
-2.787176336146505738e-25
-6.480348213083353176e-25
3.744661707281922912e-25
-2.191477437770278234e-25
-2.009707361924837728e-25
-6.100963025467242727e-25
2.057579872376199415e-25
-1.238168280753433770e-25
5.086269212662448057e-25
2.494475484597840961e-26
-3.428037297319065874e-25
1.623368248071768991e-25
-2.707999392819619619e-25
-3.319983739038449198e-25
-4.418496049769765434e-25
-2.137780209054797095e-25
2.678768509154877446e-26
-3.305625472096963072e-25
-6.212678236823840331e-25
-7.647837926185034035e-26
-2.816939170257346641e-25
-4.465635189388177965e-25
-9.815855119923357910e-25
-4.148506378412081300e-25
-8.758538816875226631e-25
-4.231054857507403949e-25
-6.149564271623901468e-25
-3.154833556800750514e-25
-5.289948323839762957e-25
-4.161232746400376822e-25
-2.575943766880236013e-25
2.192774995548415121e-25
3.070576976789467970e-25
-2.642519941019350921e-25
-1.390983649594376173e-25
-6.311176264058368892e-25
-4.060084214383030028e-25
-4.230110558663191334e-25
-2.850919236982015896e-25
-1.647855471318759227e-25
-2.466811050147677420e-25
-2.008252463182042689e-25
-8.995274681518425146e-25
-7.733230385073680814e-25
-8.007367669855032788e-25
-3.624014885368701287e-25
-8.684360753540834824e-25
-4.457130634760386097e-25
-8.472271648688455813e-25
-3.482864936877200126e-25
-6.721543650770970250e-25
-3.450653598341501341e-25
-1.915200570394392526e-25
-3.266583619569013497e-25
-1.392815700109208474e-26
-5.109664009383405020e-26
-1.572307967183249305e-25
-4.229140469250605391e-25
-1.912743157417365919e-25
-8.606317526360201651e-25
-4.122381470319311960e-25
-2.938336397524740782e-25
-8.235974868102900820e-25
-7.888994359631183933e-25
-6.120156564706961937e-25
-5.107289406034812694e-25
-2.531287215471784258e-25
-5.662216631294749243e-25
-6.884829234575208471e-25
-6.691853498927173054e-25
-3.624620673836824587e-25
-5.627709837608533098e-25
-7.231436407230924887e-25
-3.944368957995802852e-25
-3.472922828108158213e-25
-4.097950640438461011e-25
-5.689385174367225319e-25
-5.149753425493294753e-25
-4.119472534443618546e-25
-3.813454183144866304e-25
-6.284027163377500892e-25
-8.584874242882609015e-25
-7.897361254883163371e-25
-1.037888338610161835e-24
-5.415965437395460677e-25
-8.814592184078491943e-25
-3.772354159529342134e-25
-1.156150188830690125e-24
-7.950592980289489177e-25
-8.698104430957738625e-25
-5.877673280835681146e-25
-1.133370835128911234e-24
-5.602611452983592506e-25
-3.406350914443469733e-25
-6.117149629485009978e-25
-7.096591854753794864e-25
-5.206041915148893421e-25
-5.974661183565785032e-25
-5.145073562620056497e-25
-5.142347405692340098e-25
-6.473612616260685528e-25
-1.187635288007640014e-24
-7.626648066452762162e-25
-1.203414765693752162e-25
-1.090589764831816175e-24
-5.565708559222259181e-25
-3.894752076629345728e-25
-7.369777548809294273e-25
-9.672463792491954849e-25
-6.981543506102401295e-25
-4.590813406314293423e-25
-5.779042799945710244e-25
-6.458989296824436412e-25
-4.411939769419441957e-25
-5.750261146911667573e-25
-1.472225440356876560e-24
-4.705817607626945215e-25
-5.301005716801474853e-25
-6.053294773100650146e-25
-5.957854614799170457e-25
-5.040677977234467959e-25
-5.374786913374900221e-26
-9.497365397173706040e-25
-8.038564548124264149e-25
-5.302699703656917003e-25
-7.004241927912557152e-25
-5.113059006532518335e-25
-4.897947770450122131e-25
-7.992971908969851987e-25
-1.867656198877625119e-25
-5.369668765786496662e-25
-3.329283811548326331e-25
-3.170310107460658073e-25
-4.596856258140532063e-25
-5.780606240570072792e-25
-5.112371042164281385e-25
-1.036216900193269566e-24
-4.849557050484484094e-25
-6.105359379145429591e-25
-7.299029589378503727e-25
-6.525111878195257385e-25
-4.085535448066314909e-25
-3.934472559000034473e-25
-3.410943464124224460e-25
-6.710203294484021436e-25
-7.773715758800144058e-25
-8.455149689036514199e-25
-5.348617220281284317e-25
-7.608574102839749839e-25
-1.249510373898461392e-24
-5.315495243402737524e-25
-1.073003778983657681e-24
-7.359845423299672292e-25
-2.137161762360015573e-25
-9.885030404452132007e-25
-9.667230062630224571e-25
-8.405820589742129414e-25
-8.056273868670994832e-25
-7.259644315760913191e-25
-8.701709379267304979e-25
-8.286089733644148423e-25
-6.820836833414638013e-25
-5.389598983753287169e-25
-9.530073847860748928e-25
-7.616897848031908960e-25
-7.104955106935787956e-25
-1.236128041224147517e-24
-8.300810523991744434e-25
-9.100104012059138171e-25
-6.955674196380499205e-25
-9.187965721616111356e-25
-1.017729632485208471e-24
-7.711692964515616842e-25
-9.091664211203251437e-25
-9.462378806717029971e-25
-7.841704281925030484e-25
-7.030544415184757485e-25
-5.599305662344938547e-25
-1.060113620078550160e-24
-1.158236682009852267e-24
-7.023053076917791019e-25
-5.953060499046083352e-25
-6.718839199514066360e-25
-6.621990688884578822e-25
-1.060246094439193342e-24
-7.758427572805986792e-25
-1.081120660115530239e-24
-1.224503748953205818e-24
-9.005404778881188366e-25
-7.856760652702770871e-25
-1.068322522984833821e-24
-7.911697760100043566e-25
-7.397286886439357964e-25
-7.067805650874616175e-25
-9.256059983555760324e-25
-7.921385018368115835e-25
-5.264839746060410419e-25
-8.703968871576784577e-25
-9.339032947579016178e-25
-7.709657290512802200e-25
-1.403556319952965729e-24
-9.613384641888319139e-25
-8.739757179711055617e-25
-1.143901139367754895e-24
-6.270989314292277488e-25
-9.321217882252760641e-25
-7.155561132518894141e-25
-8.722431857207644380e-25
-1.037221880972656984e-24
-8.658456979140395520e-25
-7.378820143985041865e-25
-1.031896951680700395e-24
-9.775469966737941643e-25
-1.114741188849802975e-24
-1.029568875278087021e-24
-1.151200431054685277e-24
-9.510286159165891960e-25
-7.678341981668147281e-25
-8.417389509372582692e-25
-9.576541912494193736e-25
-5.504747664553848844e-25
-1.031191246198883454e-24
-9.601662160872444762e-25
-1.063305970052033408e-24
-4.184560401972290450e-25
-8.506471061989138561e-25
-1.107165817653951801e-24
-9.629956839931109138e-25
-8.564935917359062699e-25
-1.124935820644509305e-24
-1.197033509099321207e-24
-6.414652613075674678e-25
-1.195409326960743673e-24
-1.187282945604582933e-24
-9.733514817510446809e-25
-9.719977551424366371e-25
-1.058159382436260337e-24
-7.234107502532410545e-25
-8.558043754049073571e-25
-1.110051723417785544e-24
-1.203157298774135319e-24
-9.736409587358556849e-25
-1.074249425964621200e-24
-9.538128616671183491e-25
-9.319487744650935060e-25
-9.517768428643029412e-25
-7.911187517343662465e-25
-8.997573634451539541e-25
-1.148318891264705669e-24
-1.300028075523048715e-24
-1.424142887487754728e-24
-8.556185333225066976e-25
-8.603175335927234914e-25
-7.840230917847931394e-25
-1.031486413838304398e-24
-1.059840743268646066e-24
-1.095467611028898215e-24
-1.126232145977740911e-24
-1.055925609444564538e-24
-1.058271181852978906e-24
-1.109677368881338804e-24
-9.087423866239447823e-25
-7.978203928317543960e-25
-1.070271803059951703e-24
-1.112476422402603425e-24
-9.710808256887199130e-25
-9.952477621698123938e-25
-1.232975304887789843e-24
-9.623146046279188594e-25
-1.071568035738093367e-24
-1.014285916249149939e-24
-8.714696877733073444e-25
-1.103195229001270502e-24
-1.339073824647281963e-24
-1.123011491949014806e-24
-9.516601242903636825e-25
-7.457579521805568817e-25
-8.684932850664968149e-25
-8.167840220068276960e-25
-8.895856198305439405e-25
-8.491016296690772388e-25
-1.156722446203480855e-24
-8.694477550858745730e-25
-1.021349678852931608e-24
-9.666037453564248007e-25
-6.938042868982390086e-25
-1.042685126525055442e-24
-1.002069809978785916e-24
-8.998038486987725325e-25
-1.042126439488992072e-24
-8.840829211260967768e-25
-1.144712844891212454e-24
-9.247399908804497783e-25
-1.158678370378259689e-24
-9.183763022893234182e-25
-1.203946177312121486e-24
-8.748931063136705399e-25
-8.924423730267497677e-25
-9.266457649141768871e-25
-9.557233453497702650e-25
-8.692613433238173048e-25
-1.054575961972283399e-24
-7.189624498650877816e-25
-1.129810588336774951e-24
-8.600038560984869921e-25
-9.411366009951777586e-25
-9.263934621984354924e-25
-9.340215244641975583e-25
-8.034113123112460829e-25
-8.785713043135454982e-25
-7.967753683492167180e-25
-7.792341455782277359e-25
-9.160495086491453631e-25
-6.734493445860317932e-25
-5.071801024836674485e-25
-1.072950623397118862e-24
-9.615425452543353314e-25
-8.198760073176183727e-25
-7.532356790684851154e-25
-8.794625400588477591e-25
-1.086187047346041455e-24
-1.108400970992628076e-24
-8.466901829085670103e-25
-8.368945510207464162e-25
-8.569485595599082125e-25
-7.521500863758301140e-25
-7.154100908541980880e-25
-7.280284544833279908e-25
-8.549659412609403105e-25
-7.859027154105217197e-25
-9.560767859060241865e-25
-7.439282099827385262e-25
-9.322934182742096438e-25
-9.420791425431720197e-25
-1.072181323180347317e-24
-8.006569217742807813e-25
-8.826486096520782777e-25
-9.304477985836950747e-25
-1.063624089952273937e-24
-8.455118963691296916e-25
-8.653936996767192703e-25
-7.968604481566606166e-25
-9.369590100854613751e-25
-7.117738055989936131e-25
-9.223101808089300659e-25
-8.688532594446298439e-25
-1.118140618008791366e-24
-1.072160860368000636e-24
-6.202292768847681127e-25
-9.268519272803438417e-25
-8.757319436610771050e-25
-1.137095169600213751e-24
-1.102156240733524523e-24
-7.626002630990332393e-25
-1.035177691994847735e-24
-9.486961933118938727e-25
-7.668816829943920528e-25
-1.206400181622615791e-24
-9.096602898741351113e-25
-1.208177229566050834e-24
-8.214055815338090231e-25
-1.031187161346477414e-24
-8.611133938664145446e-25
-1.050118594608398750e-24
-9.012764728878619511e-25
-6.637676757581095103e-25
-7.345065872683864174e-25
-1.216556822894983901e-24
-9.774785535071907469e-25
-1.120449258368608591e-24
-8.708018852792644412e-25
-9.132965460821097387e-25
-7.968220859370400016e-25
-9.170850442994169758e-25
-9.456429489051247902e-25
-8.956971459669064857e-25
-9.302550072743561827e-25
-8.070124600984024140e-25
-7.304466898010166551e-25
-8.123507164330930373e-25
-1.048455223789364704e-24
-8.817204459533853785e-25
-7.514409137688371376e-25
-9.326826433141180744e-25
-9.154022260316258733e-25
-9.592027414540672999e-25
-9.127480816901986015e-25
-9.391402696847922045e-25
-9.604224594241762838e-25
-1.012216310935267333e-24
-7.766321915572533270e-25
-8.632001078474007496e-25
-1.009328845799747139e-24
-1.179623896433007805e-24
-9.211955996814805263e-25
-6.739204462053507014e-25
-1.038607286160059868e-24
-9.889234613740905972e-25
-1.007297403336740610e-24
-9.328710667783197827e-25
-9.991321833279493751e-25
-7.270817076492635769e-25
-9.751386365735174031e-25
-8.125072423783449078e-25
-9.641351490293710438e-25
-1.129798828344481023e-24
-9.396185882664578072e-25
-1.008707605203837886e-24
-7.024710230592165306e-25
-9.946988623197238220e-25
-9.155566593258212121e-25
-9.454210521246592864e-25
-9.300946244317181593e-25
-9.126427007589369059e-25
-1.012568334223437798e-24
-9.697736336424724472e-25
-9.095102850744005217e-25
-8.763287749014216830e-25
-7.645478585799781824e-25
-8.807601770348436183e-25
-9.580392966058031045e-25
-8.528788668605914384e-25
-1.118266544358369394e-24
-9.925743717209372546e-25
-9.488392427812061768e-25
-9.458356804045295923e-25
-1.046935131740640524e-24
-1.031367831204441202e-24
-9.736602552391210543e-25
-9.901307960411476437e-25
-8.481574798528184788e-25
-1.128281816305653428e-24
-8.777292392043972626e-25
-9.024769750778128149e-25
-9.892528553505270985e-25
-8.423905803168624622e-25
-1.096454759495570514e-24
-1.037017580388838744e-24
-1.090705319048400107e-24
-8.329875979074660057e-25
-9.395102576523012639e-25
-8.655393480210329875e-25
-9.380467901806466380e-25
-1.001854311514271077e-24
-1.041716074911873625e-24
-9.980503885600157979e-25
-1.187714869333064245e-24
-8.198064561597885098e-25
-1.182190830724615018e-24
-1.114093682773508643e-24
-1.109326733954408115e-24
-1.242485853482115166e-24
-1.075413839765490613e-24
-1.164495627254985530e-24
-9.664854609399871962e-25
-1.103026164592278906e-24
-1.039347528115416865e-24
-9.836650139317572028e-25
-1.149416636776554845e-24
-1.179581540145064375e-24
-1.021645220637313477e-24
-9.609434074751347601e-25
-1.023572794084927711e-24
-1.012207940596272221e-24
-1.077480410002064937e-24
-9.476447152996093529e-25
-8.499126365204636771e-25
-8.757980338810624465e-25
-9.028792204641541299e-25
-1.167895879040019851e-24
-1.094337118538877777e-24
-8.186725556861146920e-25
-1.167838968923466378e-24
-1.133972350577612089e-24
-1.256080194635160173e-24
-1.003966893214955846e-24
-1.036373773284626082e-24
-1.075023063276908388e-24
-1.173969899629762998e-24
-1.007792670607967506e-24
-9.432188371114121469e-25
-1.060457074028696081e-24
-1.159147312301824231e-24
-1.046914186502835362e-24
-1.184981087880318526e-24
-1.125808917303807856e-24
-1.047974969128533734e-24
-1.000116430999413912e-24
-1.114919608801189204e-24
-1.116063434712307441e-24
-9.970126622348496992e-25
-1.187004056744642611e-24
-1.032464644205942623e-24
-9.207747802145166515e-25
-9.418775521128201348e-25
-1.102569463419703028e-24
-9.294762459331903398e-25
-9.910917403898700571e-25
-1.085518655609728223e-24
-9.354946951439119765e-25
-1.098587809976069199e-24
-1.164551226532444625e-24
-1.148125920997636610e-24
-9.022285810555413026e-25
-1.023905486481125588e-24
-9.177733361776005063e-25
-1.017420925317400039e-24
-1.230004933618738295e-24
-1.075114146010089141e-24
-1.133608648631505028e-24
-1.073406243386244936e-24
-1.114091085040898007e-24
-1.017884567068536071e-24
-1.018641136101588011e-24
-1.085786351818450968e-24
-1.130480846521972780e-24
-1.066686569169540613e-24
-1.178486842099554355e-24
-8.849576312609231089e-25
-1.048978632367117666e-24
-1.105142132807266091e-24
-1.199942528779152440e-24
-1.075015910464566945e-24
-1.127349052910201407e-24
-9.522350516347535761e-25
-1.133008990479986050e-24
-1.150967210746432238e-24
-1.155641694044791617e-24
-1.077239090605471125e-24
-9.368229973811544594e-25
-1.095610149737555853e-24
-1.121580582068653029e-24
-1.020316630726426204e-24
-1.188797084991392602e-24
-1.198713541905809020e-24
-1.004561830115230859e-24
-1.164831250167389215e-24
-1.046332985277095091e-24
-1.055109165352270117e-24
-9.717128928597255287e-25
-9.997913108405499594e-25
-1.020885034186705271e-24
-1.053739333006664252e-24
-1.052513152304029743e-24
-1.001411683392847781e-24
-9.558325520159143751e-25
-9.898883004246511619e-25
-1.188765455036210776e-24
-9.655348251847839044e-25
-1.067412803103718738e-24
-1.100343712110725317e-24
-1.133140084492444061e-24
-1.028997101011101699e-24
-1.114532947353588740e-24
-9.455312044417786049e-25
-1.029182333035323497e-24
-1.095747505757255177e-24
-9.846800483872343292e-25
-1.070364111422646846e-24
-1.185798712665296600e-24
-9.730210625567961483e-25
-1.067971809350000399e-24
-1.116183522851635145e-24
-1.040391235776712659e-24
-1.066530119925108065e-24
-9.301910122792125700e-25
-1.157647799433801477e-24
-1.079015160852712606e-24
-1.045613404097252789e-24
-9.580562646479797258e-25
-1.038673522594198033e-24
-1.058210871298285168e-24
-1.191600239018970555e-24
-1.051463298588644961e-24
-8.820144825581374680e-25
-1.029938161744364258e-24
-1.213637441510103772e-24
-1.141149706418390610e-24
-1.148297101994463824e-24
-1.034411127993259002e-24
-1.057310833238858162e-24
-1.070108556616291667e-24
-1.015530706455552744e-24
-1.235546290075366661e-24
-1.237703406380764054e-24
-9.612299881414109751e-25
-1.159721343418931773e-24
-1.078968654692092030e-24
-1.033244425958087712e-24
-1.020323264232539597e-24
-1.043063756809143150e-24
-1.075836986825825081e-24
-9.626671129350073806e-25
-9.989033511454920871e-25
-1.019832180001044725e-24
-9.145532936678099710e-25
-1.111739002215092683e-24
-9.689151130943589787e-25
-9.674411915437321929e-25
-9.981997376000745508e-25
-1.025416343333646030e-24
-1.067514958069296786e-24
-1.081727956226412620e-24
-9.782229001450146932e-25
-1.014983596670927523e-24
-9.155341912803903160e-25
-1.090337410507071436e-24
-1.054797903704453868e-24
-1.032816470685258853e-24
-1.095952493874629899e-24
-1.038895672956723837e-24
-1.092055097504437738e-24
-1.026739128642580231e-24
-9.041724559999490472e-25
-9.030174732649451726e-25
-1.030419375045514338e-24
-1.058543202996085019e-24
-1.120992185322591193e-24
-1.030094624090603926e-24
-1.179937118758703611e-24
-9.801922715038631273e-25
-1.076597134185931418e-24
-1.014890554400378302e-24
-1.001741771878910254e-24
-9.712632761078885980e-25
-9.966733522024870720e-25
-1.049053545526029373e-24
-9.347130009369370543e-25
-9.670116569690646502e-25
-9.874962299038772460e-25
-9.564106147245494218e-25
-1.006508934621588710e-24
-9.670006413194222139e-25
-9.271204221096519604e-25
-9.283309347578946329e-25
-9.826079715270946468e-25
-1.011333046391577115e-24
-1.081163740906098446e-24
-9.988598603208753184e-25
-1.015161121289161262e-24
-1.049028897195585950e-24
-1.007399071104824963e-24
-8.556419317299347922e-25
-9.693792200231048796e-25
-9.045638948595803935e-25
-1.025229306397262253e-24
-8.685735882713431195e-25
-9.304620629292191193e-25
-1.009876525879981947e-24
-9.702185120597549691e-25
-9.698047891358660432e-25
-9.776899045021036635e-25
-8.995041898667267216e-25
-9.537599560215508540e-25
-9.372281977558390908e-25
-9.030184869158836082e-25
-9.171930046789351437e-25
-8.809650800289284542e-25
-9.759521521213653622e-25
-9.207108725721894482e-25
-9.015102862153748505e-25
-9.972787789337913816e-25
-1.017957027172961394e-24
-8.776281907301067874e-25
-9.548690463054776476e-25
-1.012537367907050221e-24
-8.719163233217328133e-25
-9.548277088454181003e-25
-9.507710617301405998e-25
-8.755522292933167679e-25
-9.488496413120974634e-25
-9.286163209340877210e-25
-9.817436948718809606e-25
-9.281348368472646022e-25
-8.730073860225034239e-25
-8.770141721125424580e-25
-9.694979306478382586e-25
-9.212356425581001172e-25
-8.407865717211884013e-25
-9.723206481314442513e-25
-8.926817385013509307e-25
-8.948896191224488230e-25
-9.458330397602003160e-25
-9.316095463843827226e-25
-9.173547684209584758e-25
-9.380072579811433708e-25
-9.398042417835207500e-25
-9.417415466407277025e-25
-8.602771242161967690e-25
-8.862261119361724395e-25
-8.647881628981852105e-25
-1.030492729875840220e-24
-8.670877305413818307e-25
-9.266115406360497874e-25
-9.939929554773552162e-25
-1.037950877663635642e-24
-9.608826273907648055e-25
-9.953694061853016092e-25
-1.006202341960161069e-24
-9.387506597633854022e-25
-1.018944651777290975e-24
-8.666877369027941409e-25
-9.388148411537959778e-25
-8.728448045927878667e-25
-9.457427645097314171e-25
-8.640195818456381131e-25
-8.515367930649597317e-25
-8.284955255422723072e-25
-8.941690216438457544e-25
-9.323893584776362298e-25
-9.041627788549795722e-25
-9.429326183384517002e-25
-9.398436277092918139e-25
-7.796531127093691481e-25
-8.716712126105842355e-25
-8.262031373048174893e-25
-8.318775602437804414e-25
-9.860992975749683443e-25
-9.353044196719717688e-25
-9.739943273805664182e-25
-8.176244859331964868e-25
-9.687921825737934095e-25
-8.650166884995228052e-25
-8.694189061523355238e-25
-9.799030970442674143e-25
-9.083371137313877930e-25
-9.284357028604199340e-25
-9.306191151843927375e-25
-8.633782502157701021e-25
-8.778867069722171263e-25
-9.031637728002664641e-25
-9.389983246395695559e-25
-8.736043388578126467e-25
-9.497763636263691300e-25
-8.938774771182204375e-25
-8.861501165488919598e-25
-9.649051245281404245e-25
-8.353074588750267324e-25
-9.672065900124525161e-25
-9.383937786155300298e-25
-9.118435317538268908e-25
-1.078235750677841030e-24
-9.253300226909928700e-25
-9.123566721694264145e-25
-9.747506335574266851e-25
-9.009368312765384570e-25
-9.403663618707788772e-25
-8.803965326926646632e-25
-9.337485871945181795e-25
-1.003296574287483889e-24
-9.620184440621644270e-25
-1.019039773209071505e-24
-9.663747152907211759e-25
-9.380721643571079873e-25
-9.878913223882570615e-25
-9.987385565658073164e-25
-9.126649601278096614e-25
-9.019255099648411746e-25
-1.037144031185968933e-24
-9.196755830453498483e-25
-9.713743017170561540e-25
-9.251317683362067630e-25
-8.012282986795033422e-25
-9.059647451732977683e-25
-8.997680567925777803e-25
-8.983331053324331029e-25
-1.006122403393622533e-24
-8.204685165833782069e-25
-9.463889035442950189e-25
-8.810044383344191608e-25
-9.274950572480095166e-25
-8.980207182796001969e-25
-8.578902945716823240e-25
-8.514988326687083188e-25
-9.232371732409849627e-25
-9.297932307824027111e-25
-8.930940016506582136e-25
-8.969937918977266091e-25
-9.167844501761455871e-25
-9.413197110345323380e-25
-9.046336784934865685e-25
-9.137637884450557473e-25
-8.917571655647558259e-25
-9.838064592176662443e-25
-9.022540136961793811e-25
-9.001440304129921538e-25
-8.929328394539023890e-25
-9.400354315731314638e-25
-9.531634369314354331e-25
-9.601390117924825592e-25
-9.636236043720054492e-25
-9.172953414191699188e-25
-9.364558383798217790e-25
-8.996787524569741651e-25
-9.354830497886178373e-25
-8.307893845987751337e-25
-9.174941020706356303e-25
-9.246570377075004115e-25
-9.095520303869453984e-25
-8.351499651796879677e-25
-9.179319392326075466e-25
-8.422149946004616559e-25
-9.880984634941731576e-25
-8.380164846935719517e-25
-8.858318679855393553e-25
-9.172335046843332768e-25
-8.763824938102369305e-25
-9.723367007652588595e-25
-8.736879336314937838e-25
-9.502932872637058283e-25
-9.083069593780281564e-25
-9.615463577602864226e-25
-9.132786785605997272e-25
-8.907989566047942891e-25
-9.173491868096713964e-25
-9.284971211360138860e-25
-9.821400693351411314e-25
-8.478305346716730470e-25
-8.295187814509737128e-25
-9.236212505561448626e-25
-8.849984667369001554e-25
-9.244571385839342928e-25
-9.256372023122270305e-25
-8.223285775344112920e-25
-9.031546750427235518e-25
-9.234830855089346408e-25
-8.876760600992213130e-25
-9.346603065711139390e-25
-8.877174460587008768e-25
-9.008173842049910172e-25
-8.641113154267185576e-25
-8.827853890425526568e-25
-9.373048461317693295e-25
-9.888275950674048342e-25
-8.413199160796689409e-25
-8.970454312681968991e-25
-8.914624945904718509e-25
-8.945065287195020102e-25
-8.754490263419136266e-25
-9.397347163378239582e-25
-8.953390115036413728e-25
-9.621716942942005575e-25
-9.295231946062743152e-25
-9.451143041606638013e-25
-8.278192373808434390e-25
-8.607070788528316519e-25
-8.972593051561170795e-25
-8.812038644014955865e-25
-8.458075864557995078e-25
-9.209829670515281681e-25
-9.006725113514897546e-25
-9.084974212506874168e-25
-9.020517708848515622e-25
-9.451267040708624404e-25
-8.588899598891502287e-25
-8.722875813179919237e-25
-8.710611184412530269e-25
-8.753050817803928471e-25
-8.766213658970502713e-25
-8.868554021983980756e-25
-8.722317076394125692e-25
-8.127450535793362832e-25
-8.378410273021377611e-25
-9.089457097814269625e-25
-9.328046766700407915e-25
-8.543854535552830357e-25
-9.175735984750723686e-25
-8.914690426563326738e-25
-8.959265758998251126e-25
-8.311555373037654971e-25
-9.116853090377729339e-25
-8.873897977127129567e-25
-8.518298574781654493e-25
-8.713794177761451071e-25
-8.506997844687718041e-25
-8.295814943282766401e-25
-8.993939266968953119e-25
-8.489494203237995964e-25
-8.613881331178676880e-25
-9.021283496463470615e-25
-8.589574690658851707e-25
-8.225652480907428563e-25
-7.899925924742649924e-25
-8.862827295634339669e-25
-8.629436481876273309e-25
-8.127819042845540832e-25
-8.765438232093709296e-25
-8.037608688148088255e-25
-7.951705580184885833e-25
-8.137833396072946861e-25
-8.411677762980321924e-25
-7.853633418094340532e-25
-8.542095700155383636e-25
-8.499256433531668343e-25
-8.742582481799836044e-25
-8.653702584112437710e-25
-8.798612927858773630e-25
-8.799643424263793707e-25
-8.959266623938181862e-25
-9.087867278467275461e-25
-8.634717380210055150e-25
-8.867191579754678535e-25
-7.969559378033602818e-25
-8.276132147024167136e-25
-8.647773127528310132e-25
-8.613830663504601864e-25
-8.342052954162338434e-25
-8.358486687538524588e-25
-8.081945718789458268e-25
-7.829436760889045128e-25
-7.641446164524796440e-25
-7.597094669426530564e-25
-8.543039036838368319e-25
-7.929871322318107725e-25
-8.595771091462863679e-25
-8.457699121425071338e-25
-8.378618778606373835e-25
-8.132275804160128860e-25
-7.821287774354354891e-25
-8.039944002574002428e-25
-8.222057874359345379e-25
-8.229377734562805376e-25
-7.475270776078839603e-25
-8.287439599147638419e-25
-7.921797969159707501e-25
-7.803916276275659691e-25
-7.732009731465017426e-25
-7.995822835400345000e-25
-7.801609427824904321e-25
-7.327505898238164881e-25
-7.914057082861367493e-25
-8.091272621152820258e-25
-7.619805119379989431e-25
-8.355079091288387684e-25
-7.947929140064984223e-25
-8.390164586084177862e-25
-7.951428740064236818e-25
-7.567142297571649583e-25
-7.352398095820823169e-25
-7.895983479137746025e-25
-7.554634972797898418e-25
-8.270929911860725331e-25
-7.928269044372015264e-25
-6.597664838354964319e-25
-7.704697310055694372e-25
-7.471960363341426401e-25
-7.127476939653092658e-25
-7.402570836723530916e-25
-7.888622599439762842e-25
-7.488440638976854105e-25
-7.241500584934327792e-25
-7.772145836040079523e-25
-7.140391081388918737e-25
-7.336239404001595452e-25
-8.315947393026876129e-25
-7.799451512873335083e-25
-7.827701810337121458e-25
-7.670394902627422454e-25
-8.319371318557568410e-25
-7.568740685100760615e-25
-7.352238773391816632e-25
-7.413667832768997755e-25
-7.411138142647660043e-25
-7.457331222116045988e-25
-7.404156726971809107e-25
-7.935700776600387501e-25
-7.339084530949925918e-25
-7.195566107567268943e-25
-7.242556683980476896e-25
-7.593496146967671405e-25
-8.414134591517869583e-25
-7.165759533164423479e-25
-7.945498950818737195e-25
-7.266328995640643599e-25
-7.903595375572350828e-25
-7.676670380718220313e-25
-7.593420417542488282e-25
-6.824542808867957822e-25
-7.663246491343037083e-25
-6.852829903788906910e-25
-7.293892538331464150e-25
-7.639007174249095075e-25
-7.457461737501405366e-25
-6.844678947020157445e-25
-7.431959477026797823e-25
-7.488550675691272883e-25
-7.792134888395912408e-25
-7.073958395135266868e-25
-7.490385649971399778e-25
-6.904910960456219239e-25
-7.586859178541175685e-25
-6.849912371568918886e-25
-7.012392176513904738e-25
-7.023939375318349590e-25
-6.903939144707124141e-25
-7.222579453084650774e-25
-6.965819762861187026e-25
-7.096717884321718271e-25
-6.852543537317522821e-25
-7.168186303895493058e-25
-7.413434923199908801e-25
-7.181752398655834750e-25
-7.263597331227093390e-25
-6.367161654737638510e-25
-6.891763769645867172e-25
-7.161941477644853907e-25
-6.809177471836647602e-25
-7.342319189286861907e-25
-7.435147002102971762e-25
-7.073805803480321516e-25
-7.362339794209672005e-25
-7.333431644352174694e-25
-7.670206634119928030e-25
-6.868016906679604984e-25
-7.171667031027934559e-25
-7.083664517032007167e-25
-7.844500909727822402e-25
-7.719866718450283819e-25
-7.104976348371104319e-25
-7.046846321117235000e-25
-7.401960074678560150e-25
-6.990964514325052314e-25
-6.734709652307082902e-25
-6.690353237999614139e-25
-6.617003584401504657e-25
-6.624794270332179861e-25
-7.402115714346916239e-25
-6.865099025519160687e-25
-6.644742616099631196e-25
-6.381782479610140668e-25
-6.682713650443400501e-25
-7.200589229570065846e-25
-6.783581873594571883e-25
-7.243866520803792759e-25
-6.741941011398534436e-25
-7.252199635470995611e-25
-7.239516366591209089e-25
-7.020480126068267250e-25
-7.048951556108052033e-25
-7.164485223776172107e-25
-7.382905703287516347e-25
-7.286770124586653552e-25
-7.322533019199993984e-25
-7.088533310276271303e-25
-6.788292021339893356e-25
-6.827715104528166265e-25
-6.605715326400104626e-25
-6.931335421637143348e-25
-7.297107079906509483e-25
-6.878606571332741926e-25
-7.060769599319658492e-25
-6.934107554711797475e-25
-6.971569403366737231e-25
-6.911066150221827602e-25
-6.395099532491557101e-25
-6.954160431852429549e-25
-6.818791083377307096e-25
-6.817601130275115264e-25
-7.195690406242831677e-25
-7.151845173906566413e-25
-7.092667989776529963e-25
-7.203144402251942250e-25
-7.393463275654667016e-25
-6.724871448429839724e-25
-7.191694223469656622e-25
-7.088078252261817486e-25
-7.017359970022230315e-25
-7.114951041095823661e-25
-6.419044585269800626e-25
-7.281932775101409880e-25
-6.811606395251456727e-25
-7.093327543395444840e-25
-6.808263979305198060e-25
-7.019188289539305599e-25
-7.167933647893141780e-25
-6.732244457550074410e-25
-6.833623154295613808e-25
-7.451164956020221290e-25
-6.604150060520657801e-25
-7.406349077492912932e-25
-6.672313421918096630e-25
-6.542077293880144311e-25
-6.693567923135645690e-25
-6.693625676589575037e-25
-7.071180495269516551e-25
-6.843170618263981216e-25
-7.068871989475744914e-25
-7.021764426396578234e-25
-7.048021320279779095e-25
-6.930940189890244977e-25
-6.816441475739507571e-25
-7.075354189059475087e-25
-7.674659819709379836e-25
-6.685044292219791060e-25
-6.900931609560941507e-25
-6.766738713039769623e-25
-7.109113582800783778e-25
-6.662851430575671246e-25
-6.414131927520417737e-25
-6.993186766604748957e-25
-7.133363569017299013e-25
-6.953578740003179094e-25
-6.894003650663660333e-25
-7.460085031727652774e-25
-7.042210093188365644e-25
-7.298595618116629436e-25
-6.237113716939020768e-25
-7.043381930203962340e-25
-6.212874659744679349e-25
-6.474444759224010646e-25
-6.818129046125862940e-25
-6.709232184917949570e-25
-6.877020850473904986e-25
-6.791513917446166372e-25
-6.607068725112942395e-25
-6.649055657336717786e-25
-6.673436595991744119e-25
-6.568681561501952200e-25
-6.664227130714928726e-25
-6.748012675927987478e-25
-6.941712026255392684e-25
-6.697263170857525044e-25
-6.569213070957741594e-25
-6.616276515684939752e-25
-7.019414093274932613e-25
-6.778581289525206987e-25
-6.885650385718795670e-25
-6.353975631492660518e-25
-6.678406258177033672e-25
-7.189947266241304103e-25
-6.307739959430194485e-25
-6.768829546662861066e-25
-6.894269122994436221e-25
-6.607766705514084319e-25
-6.220788963497463774e-25
-6.612284186359306447e-25
-6.214713248022842831e-25
-6.511833530039022899e-25
-6.740456650876821432e-25
-6.178354515378164089e-25
-6.655986861280013955e-25
-6.471690000221407683e-25
-6.774751470848321090e-25
-6.650875350560733689e-25
-6.312420285693194682e-25
-6.480743819745405370e-25
-6.456302149898601287e-25
-6.520516072173960955e-25
-6.489813015328743405e-25
-6.331624739486198658e-25
-6.531593110494937796e-25
-6.881990004614850545e-25
-6.333067518236572111e-25
-6.567748031600470062e-25
-6.101764688257483650e-25
-6.674639711274721543e-25
-6.436310353623004579e-25
-6.640834028789663908e-25
-6.102865041284878750e-25
-6.928920430215498893e-25
-6.543390287463505427e-25
-6.683248765421589870e-25
-6.533636170743143634e-25
-6.547573872844503543e-25
-6.576700595586592992e-25
-6.149584008230801519e-25
-6.562208547506601454e-25
-5.935255522599264735e-25
-6.693360933230042192e-25
-5.747866494260709355e-25
-6.074606868932802366e-25
-6.211519005935880559e-25
-6.389435753678341077e-25
-6.342412585127002986e-25
-6.347491498024905169e-25
-6.507311718413069618e-25
-6.622198887441931885e-25
-6.081302713687465362e-25
-6.210192727989017990e-25
-6.407968515983275551e-25
-6.145514732850552098e-25
-6.752055643158005654e-25
-6.056690024034763516e-25
-6.411379712005176517e-25
-6.291486051520671337e-25
-6.238474857180520157e-25
-6.344329020402329099e-25
-6.594628630761792558e-25
-6.309804369419860407e-25
-6.403454758103747769e-25
-6.534029990587981527e-25
-6.281172467293878385e-25
-6.447904585611638507e-25
-6.160813022029005198e-25
-6.084030788647098073e-25
-5.803087460670058607e-25
-5.373346637709588855e-25
-5.905121832246115747e-25
-6.027177829978337712e-25
-5.529968538576976491e-25
-6.080053079073065337e-25
-6.481236002502671853e-25
-6.141674167861590619e-25
-5.698997489530730293e-25
-5.830266079508697536e-25
-6.240661605751727934e-25
-5.987525237068207410e-25
-6.113857768471667316e-25
-6.265844415681248882e-25
-6.077558724378969786e-25
-5.726659471936713840e-25
-5.676944274275552786e-25
-6.091056905144771667e-25
-5.895477417103081933e-25
-6.333547062055692229e-25
-5.759410406617432880e-25
-5.836995093875810647e-25
-5.978476367899563476e-25
-5.845131430056392357e-25
-5.820557894803533857e-25
-6.120815465161904460e-25
-6.136923712062417470e-25
-5.545372445169336136e-25
-5.913788174355914003e-25
-5.776157216840119473e-25
-6.080777623127281555e-25
-5.720054050217865681e-25
-6.371049139852596474e-25
-5.741372533275575911e-25
-6.008485662864764445e-25
-5.890735442627703900e-25
-5.616078957609018811e-25
-5.809555900478423236e-25
-5.815519065705487130e-25
-5.548575960675361166e-25
-5.594813999272395714e-25
-5.740784508173620870e-25
-5.663044654001282556e-25
-5.919685844558792797e-25
-6.114318681459491015e-25
-5.865344687468066156e-25
-5.930121820574337475e-25
-5.578265538156495910e-25
-5.622451736160277549e-25
-5.373051859828174107e-25
-5.344165709900641913e-25
-5.609163313520248120e-25
-5.783710367396781769e-25
-5.697187229174012163e-25
-5.793029219623848754e-25
-5.435969753239558829e-25
-5.707708328567687554e-25
-5.497952851157683849e-25
-5.800005070770588152e-25
-5.815641817441624746e-25
-5.534899173761650044e-25
-5.581994197896072516e-25
-5.342795429904208947e-25
-5.518646084376365552e-25
-5.403024961255092430e-25
-5.744966066045402911e-25
-5.787277599439599553e-25
-5.513152873103726749e-25
-5.229946385702243785e-25
-5.954374264577297296e-25
-5.606467159901731613e-25
-5.082599007559712790e-25
-5.020237172718735753e-25
-5.146752597045006577e-25
-5.401843310583116315e-25
-5.307003819579315732e-25
-5.452635968753096132e-25
-5.279580005237346628e-25
-5.446139972669804676e-25
-5.512343815083358762e-25
-5.328411615585739702e-25
-5.522370770266923994e-25
-5.281849547420329095e-25
-5.678612484166447834e-25
-5.705076423295093507e-25
-4.959179810886345092e-25
-5.269545282309436700e-25
-5.649381487111540607e-25
-5.344218019463000196e-25
-5.369101404929033266e-25
-5.060460620720806530e-25
-5.512874035860633992e-25
-5.314796080138873334e-25
-5.241258296645049740e-25
-5.177588409397273721e-25
-5.088872121612593870e-25
-5.527620212621284671e-25
-5.258687093203516094e-25
-5.263589100083375403e-25
-5.382840514272379318e-25
-4.911519072447856208e-25
-5.209356517981750633e-25
-5.219962734093070747e-25
-5.114367820560500945e-25
-5.187778338788285206e-25
-5.302331804656904246e-25
-5.393900165964468628e-25
-4.931773873465073259e-25
-4.948715680550033292e-25
-5.102082884613968661e-25
-5.073261622687524488e-25
-5.298146223680423121e-25
-4.933742428016599248e-25
-4.824530594841844213e-25
-5.231051141209715007e-25
-5.304417839661904924e-25
-5.311845634126291622e-25
-4.766274354897260145e-25
-4.718352821408403779e-25
-5.190356235716868564e-25
-5.069208319650942525e-25
-5.016014804717571217e-25
-5.029785733059521568e-25
-5.098141255573416382e-25
-4.976875880739754006e-25
-4.937230257296378320e-25
-5.188094353429298355e-25
-5.202839044784552814e-25
-5.087335808181127296e-25
-5.027888998464465336e-25
-4.759743234254597157e-25
-4.885513016278462067e-25
-5.025614241908985792e-25
-4.842630417169666116e-25
-4.967114284230461058e-25
-4.856293364899815181e-25
-4.787544958396314466e-25
-5.043611963576572384e-25
-4.990708142505035543e-25
-5.195889767716372823e-25
-5.153313451768146216e-25
-5.231309996129990939e-25
-5.076118352303772448e-25
-4.922562056110093364e-25
-5.107956686028618562e-25
-5.064263745988534716e-25
-4.979785318412407199e-25
-4.783651127976252318e-25
-4.588401117842273598e-25
-4.854137827293493458e-25
-4.720697455310076813e-25
-5.021225323950331158e-25
-4.631877637458970914e-25
-5.058026220373520926e-25
-4.649135192607913869e-25
-4.760142119984688775e-25
-4.827121810293789348e-25
-4.669160331692930999e-25
-4.581508652784859078e-25
-4.541033768168055472e-25
-4.999277777248014390e-25
-4.867666956819403322e-25
-4.732970193443784940e-25
-5.046894524599282787e-25
-4.719014514785114772e-25
-4.910351496480464478e-25
-4.825385888439465621e-25
-4.952759673830067765e-25
-4.966857641991988368e-25
-4.479753394899849451e-25
-4.551143982921375555e-25
-4.654821073954558396e-25
-5.024315161734278761e-25
-4.685877792038118076e-25
-5.221669329015424381e-25
-4.884947448001172292e-25
-4.662670214489021507e-25
-4.155856475857216063e-25
-4.705847591769337783e-25
-4.681374872880951221e-25
-4.459630273336708325e-25
-4.545200145766028651e-25
-4.685907507926869151e-25
-4.686626064987378322e-25
-4.882651436898399954e-25
-4.993390269308597416e-25
-4.891624220972166777e-25
-4.700991920283457251e-25
-4.801773835672918309e-25
-4.843813398946326258e-25
-4.607504464475658557e-25
-4.587602654767652793e-25
-4.676207784397938838e-25
-4.498894378129800000e-25
-4.389535034240241016e-25
-4.269525752539047641e-25
-4.712713219970166639e-25
-4.674981893582004395e-25
-4.692934915270615228e-25
-4.698783231384715226e-25
-4.795464735093497727e-25
-4.632070819100599544e-25
-4.707661565132859263e-25
-4.433355245349172773e-25
-4.809495918997822365e-25
-4.613989707860889331e-25
-4.965535824131064818e-25
-4.433332519777632258e-25
-4.396562273236933825e-25
-4.473445132659073974e-25
-4.887384077335968476e-25
-4.820387502101638961e-25
-4.610251896627606952e-25
-4.676489163913892779e-25
-4.562462818808382292e-25
-4.851523191095500191e-25
-4.571003313688719163e-25
-4.682548214642783398e-25
-4.655145530006084134e-25
-4.638570552890335933e-25
-4.746314174655766336e-25
-4.303113783513135027e-25
-4.592090228564683340e-25
-4.753663720712408808e-25
-4.507641324432741579e-25
-4.586192838833944826e-25
-4.360492831832797447e-25
-4.735573181519550364e-25
-4.568304015287144448e-25
-4.614539983641556489e-25
-4.498095696213409678e-25
-4.374320714741243350e-25
-4.609292106699840669e-25
-4.306790637563858798e-25
-4.372064069903800410e-25
-4.557247460117624311e-25
-4.498214709450788862e-25
-4.378684956866430316e-25
-4.347800516649163757e-25
-4.588413432820864338e-25
-4.559341869225433076e-25
-4.416278372730004892e-25
-4.124804466293459449e-25
-4.328474559157023113e-25
-4.465441527134824454e-25
-4.155456440080160019e-25
-4.348389231419539244e-25
-4.387479044562233252e-25
-4.548511473761187958e-25
-4.270656782431452729e-25
-4.234967874843759734e-25
-4.287425894043655857e-25
-4.428881897752551326e-25
-4.289807886694476048e-25
-4.076786345801553350e-25
-4.388253957696276364e-25
-4.403211742480846425e-25
-4.413352397484706567e-25
-4.108488020016164530e-25
-4.302031929835952621e-25
-4.032968874292188834e-25
-4.116310782700582471e-25
-4.483996356594786703e-25
-4.168991470386515051e-25
-4.212552152430308623e-25
-4.367457196556343865e-25
-4.426084877164869951e-25
-4.273675359297762344e-25
-4.300954944202897219e-25
-4.297050925297583113e-25
-4.353446810830120296e-25
-4.134527085860026547e-25
-4.180922937925351541e-25
-4.308412758510210420e-25
-4.345490022622693283e-25
-4.266211100213401279e-25
-4.214688408430413334e-25
-4.170481600307531314e-25
-4.056699038184995648e-25
-4.005976240870258767e-25
-4.197424343102272415e-25
-3.859968774506972267e-25
-4.194425253600713736e-25
-4.133919967960187372e-25
-3.965027674822132788e-25
-4.048177371658308512e-25
-3.895195069485745682e-25
-4.197210076887116708e-25
-4.280923110434864000e-25
-4.192959254978703066e-25
-4.241239230267267685e-25
-4.026299416572185915e-25
-4.110923384803967581e-25
-3.879837146299020208e-25
-4.047994364669929303e-25
-3.749550953194659502e-25
-4.145599783185934378e-25
-3.966139739243285586e-25
-3.966347637178264206e-25
-4.001028798614418388e-25
-3.996722615005120236e-25
-3.777312718668373463e-25
-4.025157860278003261e-25
-3.819045119941794858e-25
-3.896933604365634808e-25
-4.157304157056170588e-25
-3.998821550442993498e-25
-3.943257574323174624e-25
-4.037509182910440794e-25
-3.640036918909404599e-25
-3.957304686536628091e-25
-3.902107334214174589e-25
-3.706735529650443547e-25
-3.809565146069753077e-25
-3.922864841044095768e-25
-3.804746104678244992e-25
-3.965108163181265190e-25
-3.854320803632011459e-25
-3.626843049200821514e-25
-3.918208470523618444e-25
-3.752689549626799247e-25
-3.944651388872387964e-25
-4.002558596163918042e-25
-3.674685317840193285e-25
-3.965467859184092456e-25
-3.730570695513308239e-25
-3.637629620022798025e-25
-4.005627116776221054e-25
-3.555835403372441069e-25
-3.707620637076438997e-25
-3.756328245119472045e-25
-3.753622552489659118e-25
-3.783625149029223351e-25
-3.699859225073564491e-25
-3.545389079977978725e-25
-3.909739436864059506e-25
-3.818601818870028118e-25
-3.596882900529337526e-25
-3.468211574332206394e-25
-3.672893735829856223e-25
-3.764392337517881744e-25
-3.553483847196403287e-25
-3.498624082308176879e-25
-3.666376176055390005e-25
-3.725263267143773113e-25
-3.741963871854761470e-25
-3.551901246750585159e-25
-3.658791327597462174e-25
-3.491218324231376931e-25
-3.589082620056928282e-25
-3.530215322361568412e-25
-3.603597527448839151e-25
-3.773754579840905125e-25
-3.690922498293851236e-25
-3.514922801971664308e-25
-3.361063429483524510e-25
-3.501889845532107599e-25
-3.440478933272591582e-25
-3.432997795628951384e-25
-3.623486477049970465e-25
-3.231604146741073813e-25
-3.427775123249972443e-25
-3.474648839931706302e-25
-3.396574969601002988e-25
-3.358030325609686344e-25
-3.445093524794748842e-25
-3.346007596405835718e-25
-3.448012980298809233e-25
-3.510013516141638811e-25
-3.453728154062514183e-25
-3.316353930755693568e-25
-3.406777115262350366e-25
-3.318445820708245957e-25
-3.312574491756386077e-25
-3.316325280599297086e-25
-3.444917986869260597e-25
-3.353729961739966110e-25
-3.305188423871756538e-25
-3.367495869450505840e-25
-3.425426739464944771e-25
-3.474101494328345707e-25
-3.357441154832375726e-25
-3.348640167922958412e-25
-3.400511048092392331e-25
-3.365444289863194363e-25
-3.346285746448520407e-25
-3.538631600874667755e-25
-3.391762161262956793e-25
-3.202126037654397119e-25
-3.067911737438358813e-25
-3.209824164685201457e-25
-3.187370232274519790e-25
-3.148847661647712790e-25
-3.155388439554746260e-25
-3.237590377586160106e-25
-3.208020241258462555e-25
-3.425380221956513706e-25
-3.180308202220187027e-25
-3.238555414938978673e-25
-3.194880830479882939e-25
-3.030591907509089640e-25
-3.081979632283623575e-25
-3.331022971515563097e-25
-3.045979077739344149e-25
-2.927930212864009969e-25
-3.004801359630372961e-25
-3.047531135146274694e-25
-3.149723185350007843e-25
-3.258235133159520138e-25
-3.152728093842926215e-25
-3.110691174813974673e-25
-3.016361480117689064e-25
-3.031996998517572221e-25
-3.010776180453136817e-25
-3.032921086802111322e-25
-3.045391355329086817e-25
-2.918385444888281120e-25
-3.215760739564560614e-25
-2.890725804797106299e-25
-3.009327238077431104e-25
-3.147467958674653965e-25
-2.969264573931579779e-25
-2.969809497284321842e-25
-2.935501574313713951e-25
-2.865577139210047561e-25
-2.973478003699297314e-25
-3.127356082773137738e-25
-3.001203824555945286e-25
-3.013134399465892885e-25
-2.868715686592315244e-25
-3.020867778033793214e-25
-2.916854989332221003e-25
-3.023720211419341256e-25
-2.629975780576890137e-25
-2.926260764415082768e-25
-2.655038595923426219e-25
-3.082792667308800176e-25
-2.882566395998328639e-25
-3.025875900795582212e-25
-2.872352721624723306e-25
-2.767687378488270920e-25
-2.927644996569403453e-25
-2.854575590756523761e-25
-2.903829970998871973e-25
-2.814439109650527948e-25
-2.788192706669453521e-25
-2.772521967529555765e-25
-2.727890395485233022e-25
-2.760248281410167355e-25
-2.782230216436365632e-25
-2.884374515769314624e-25
-2.762198269650743049e-25
-2.948320455464796558e-25
-2.698436016657939710e-25
-2.891545982222850915e-25
-2.785398867337455611e-25
-2.776041788801437342e-25
-2.763817610172665105e-25
-2.797772652647474270e-25
-2.830542241681840199e-25
-2.792328172732697496e-25
-2.762981367609349237e-25
-2.819998460642040313e-25
-2.734471302028281604e-25
-2.631988487805833556e-25
-2.743690725322730463e-25
-2.829158525782747109e-25
-2.766926532044889559e-25
-2.688792239439316737e-25
-2.676910974833826134e-25
-2.729712697715688017e-25
-2.748768191011630476e-25
-2.630010987699921239e-25
-2.644867747458738515e-25
-2.682148846528787636e-25
-2.619736749831227591e-25
-2.758516619757076904e-25
-2.646523849646467259e-25
-2.522184474707242173e-25
-2.570104195320210933e-25
-2.741847606980721002e-25
-2.511050909762114781e-25
-2.568235034218517527e-25
-2.660548539234641324e-25
-2.639235150782230141e-25
-2.744234053503976867e-25
-2.687123953152543785e-25
-2.414290202244359515e-25
-2.530817882522917928e-25
-2.417956870005103763e-25
-2.601856717098949058e-25
-2.413624779794192058e-25
-2.666881421688442092e-25
-2.621520540972716927e-25
-2.676816596934970394e-25
-2.547335203874821584e-25
-2.754630042634915524e-25
-2.421597729467897465e-25
-2.663781317943548171e-25
-2.636013243165962762e-25
-2.458399069507847678e-25
-2.549340626457372219e-25
-2.547048746275804750e-25
-2.405267077706356049e-25
-2.520859417058365164e-25
-2.502913119473702871e-25
-2.486313339961842915e-25
-2.538496175621123212e-25
-2.613815385821225691e-25
-2.535621810822822477e-25
-2.519459812159716210e-25
-2.418232879297081645e-25
-2.398763948656459552e-25
-2.586125121982196868e-25
-2.471126417141039982e-25
-2.542785319063520420e-25
-2.418796749150233683e-25
-2.420029355888092368e-25
-2.345866434571667042e-25
-2.417508604169573404e-25
-2.475922297782714678e-25
-2.442832001744253770e-25
-2.368307361366874820e-25
-2.479663193980820165e-25
-2.268329715224202247e-25
-2.377379903237020071e-25
-2.430193007772142858e-25
-2.379016224595435831e-25
-2.634471294674526064e-25
-2.294966579646691781e-25
-2.470738995615388393e-25
-2.471978568799099680e-25
-2.260398609754928985e-25
-2.393191430060201071e-25
-2.382828363316613454e-25
-2.438122954991424621e-25
-2.344141562391293945e-25
-2.404827959181984351e-25
-2.255064738672258716e-25
-2.361000412417909063e-25
-2.401658223424803762e-25
-2.332778187964932159e-25
-2.369615557403701485e-25
-2.340602227225122742e-25
-2.333388393346573966e-25
-2.316108947192785450e-25
-2.421281190730410992e-25
-2.339957400580441614e-25
-2.308174875338157975e-25
-2.275953176975723074e-25
-2.136900660994635981e-25
-2.292920363043058703e-25
-2.325288476426088418e-25
-2.310372242110447107e-25
-2.271370338596949134e-25
-2.204601377019159091e-25
-2.231069130681121228e-25
-2.277101436647030941e-25
-2.256727287058830180e-25
-2.242334467987379771e-25
-2.198587579881578520e-25
-2.224456146169493690e-25
-2.183446220636602184e-25
-2.192200047104205606e-25
-2.212219595278588367e-25
-2.159728454916733296e-25
-2.250528874436302766e-25
-2.179047214066267121e-25
-2.243581742399359658e-25
-2.160908273962827788e-25
-2.256860220393541099e-25
-2.012687667724141805e-25
-2.111264094345418292e-25
-2.284881585869482932e-25
-2.197601382942035712e-25
-2.177553559147852437e-25
-2.210703501595677809e-25
-2.245176483210620020e-25
-2.129157793921924201e-25
-2.057472467799305757e-25
-2.122157661437230053e-25
-2.087794156206065793e-25
-2.153323064112925642e-25
-2.103996547715058763e-25
-2.047378644813130880e-25
-2.119367640491266697e-25
-2.136056596164248236e-25
-2.133569755570709210e-25
-2.121832630592840778e-25
-2.008545968912023977e-25
-2.093068723347068328e-25
-2.001430168234469487e-25
-2.190134367903188180e-25
-2.107996621333326616e-25
-1.990918834542735685e-25
-1.959871467430399720e-25
-2.147570942824014875e-25
-2.038416803027945104e-25
-2.054801903938691439e-25
-2.015459630094887741e-25
-1.936550214202431204e-25
-2.028772045709869260e-25
-2.004821483766844135e-25
-1.907070895827063562e-25
-1.936293225834850806e-25
-1.982700756234914448e-25
-2.119812864441392653e-25
-2.100079863600733563e-25
-1.923099390916603292e-25
-1.940282174438775915e-25
-1.998145118454277391e-25
-1.993298364989970172e-25
-1.931299443338766218e-25
-2.025196104381761749e-25
-1.982548145153295787e-25
-1.901894710107858103e-25
-1.817798889071615086e-25
-1.860331223895580744e-25
-1.856347892450364146e-25
-1.817869369405565564e-25
-1.945969426937768040e-25
-1.774459055820453940e-25
-1.775845857450067644e-25
-1.896888017000860595e-25
-1.991425794081142871e-25
-1.900762417499900973e-25
-1.840544268361884877e-25
-1.804701111692451266e-25
-1.972749666158134234e-25
-1.900141082930180007e-25
-1.890351259268082159e-25
-1.880806041549996752e-25
-1.858791681497749765e-25
-1.932268249171655635e-25
-1.778182538454645971e-25
-1.849106942382110621e-25
-1.846036961451515885e-25
-1.822964101546981107e-25
-1.798650194371828167e-25
-1.804695213658692601e-25
-1.774679217283899909e-25
-1.798121129123366391e-25
-1.700698308177767176e-25
-1.784797250592270121e-25
-1.797245046077764951e-25
-1.714787062456156944e-25
-1.831216904580129259e-25
-1.822966505312218585e-25
-1.709433889380262010e-25
-1.769959241963763207e-25
-1.728734216224414505e-25
-1.724838645784483072e-25
-1.691100811671574114e-25
-1.704543585034825671e-25
-1.681673666825714300e-25
-1.725024489932305366e-25
-1.761316500224904482e-25
-1.647116054850878248e-25
-1.713786302794241384e-25
-1.657028995535088701e-25
-1.702103080219467715e-25
-1.689158299726335109e-25
-1.580422852308967597e-25
-1.656105354079200274e-25
-1.586141691421859114e-25
-1.655480857123216872e-25
-1.601639941987531525e-25
-1.669299915826591608e-25
-1.572986749040235585e-25
-1.585076582763312342e-25
-1.590703255358732726e-25
-1.656914737927375170e-25
-1.590527408648662005e-25
-1.662507009547869382e-25
-1.549171182619512010e-25
-1.554006507717180109e-25
-1.593831441488222734e-25
-1.585124724516297279e-25
-1.573697715333524871e-25
-1.607189113265247668e-25
-1.596180832289861918e-25
-1.568685196527247958e-25
-1.587942673218018367e-25
-1.612515592478839854e-25
-1.535006929299515963e-25
-1.517058979241845296e-25
-1.412072648794029918e-25
-1.503765738561541171e-25
-1.475285049010966006e-25
-1.561574578222886540e-25
-1.587388009230696417e-25
-1.532908379900602422e-25
-1.448535811725103007e-25
-1.468207776696102046e-25
-1.605684936826892639e-25
-1.555177998262324594e-25
-1.504150780251680667e-25
-1.558608063085997419e-25
-1.481288803296310265e-25
-1.525350711189757738e-25
-1.346703538484906909e-25
-1.462788369882225999e-25
-1.421834048075157444e-25
-1.454710095013170221e-25
-1.464463968060340880e-25
-1.371800326668984625e-25
-1.474436763303217884e-25
-1.367928763538736676e-25
-1.396088550935589021e-25
-1.475461600530334788e-25
-1.433402212489193929e-25
-1.420326917106980277e-25
-1.388167674165419556e-25
-1.358631610753221262e-25
-1.322436305632543122e-25
-1.455897135636521138e-25
-1.450474889239320257e-25
-1.309890077601986198e-25
-1.446895721705876565e-25
-1.386557859711283508e-25
-1.360312608595242890e-25
-1.362155490401698501e-25
-1.446686060593979131e-25
-1.316269722728492755e-25
-1.474066843385079779e-25
-1.385694672154275261e-25
-1.378684530718267827e-25
-1.346863313148387362e-25
-1.303309824188798592e-25
-1.364687333314345890e-25
-1.333804836998748639e-25
-1.350731349365670121e-25
-1.304541784398406783e-25
-1.348521398368269978e-25
-1.309313999976773017e-25
-1.348282116682877535e-25
-1.360843440389636207e-25
-1.268431110125039149e-25
-1.317864693692858911e-25
-1.290751537448740658e-25
-1.267630913767793683e-25
-1.236587674542990617e-25
-1.267709092868322338e-25
-1.254464233843909571e-25
-1.371572985799912107e-25
-1.321389705401419354e-25
-1.322195310579814906e-25
