0.000000000000000000e+00
0.000000000000000000e+00
3.465365422923702335e-12
3.100909819776555432e-12
1.974433318365046174e-12
1.102504466897187273e-13
2.557483596872780062e-13
1.041955701660229620e-14
6.921129908589072307e-15
3.205009394643830898e-14
-2.695777248291179267e-15
1.748377799176214945e-14
8.565276159921622053e-15
3.130206441379552739e-15
-2.046610391429669449e-15
7.612832774920549663e-15
3.454283771360383439e-15
2.678573577641015794e-15
3.331749898253520106e-15
2.741158569407241254e-15
2.226976343777013178e-15
2.085352442110510388e-15
1.762052000197213196e-15
1.875901323523004812e-15
1.131020495551802973e-15
7.210162828548632685e-16
6.462665721940097035e-16
6.198502082644020426e-16
-1.303780355871578682e-17
7.404683148115416107e-16
4.408550390653626625e-16
4.041600788152328111e-16
3.568757090731581778e-16
1.800660447493992109e-16
1.499325769513282901e-16
8.069021821526501056e-17
2.829672351942306163e-16
1.547326297987924685e-16
5.139541053603512175e-17
1.738764942638252828e-16
9.827441712241288469e-17
1.081436513360124641e-16
3.357843227273855356e-17
6.933562960743258444e-17
1.110318474811868648e-16
1.419555134701336349e-16
9.115042464640054110e-17
2.056546176055979249e-17
5.220352721844708351e-17
6.181113798454569942e-17
4.287475947775015025e-17
6.527959612375545505e-17
5.994590472778849771e-17
3.786530872376875389e-17
5.901051254938164776e-17
1.869631168790251475e-17
2.443100059514643296e-17
3.057909667413590208e-17
2.071702719267492111e-17
2.039923256818663638e-17
1.423714799572503408e-17
2.828090323459214196e-17
2.241341217690044176e-17
9.664835894733999190e-18
1.488424575861106710e-17
2.046227012034981699e-17
2.109620709751009648e-17
2.659274511834480192e-17
1.707803159095272916e-17
2.145656936674535297e-17
2.275880148478888920e-17
1.419530576769976319e-17
1.259417173844591784e-17
9.220390478355581037e-18
1.559156501309053625e-17
1.125785669508889763e-17
7.941065898902505808e-18
1.182050847024691620e-17
1.025196276453151575e-17
9.719532033747490662e-18
1.146257268903275396e-17
5.477821712562232243e-18
7.804639190138303015e-18
5.651256315099310523e-18
4.133375931827720693e-18
6.179749138722619512e-18
5.645389173970687848e-18
5.341923490283016428e-18
5.224899601755085810e-18
3.441296075811280546e-18
2.766608049046079325e-18
4.358576538832227309e-18
3.106796438968185711e-18
4.733017692009597994e-18
3.797607705184799832e-18
3.353951349235723177e-18
4.769210504886889588e-18
3.521152996090638794e-18
2.459497461219017383e-18
5.018325361053534152e-18
2.107296446566306791e-18
3.346132141911503566e-18
2.249690974623516241e-18
1.927723692148777390e-18
2.550489908242943056e-18
1.368861989056286502e-18
1.605563721488276887e-18
1.783526632776182590e-18
2.005346096556752284e-18
1.636002523507894866e-18
3.098911730096932063e-18
1.538529721414032410e-18
1.946023698408803644e-18
1.574088555683442580e-18
1.340417947473015698e-18
2.014323419668579393e-18
2.049361532968389619e-18
1.425736633692390409e-18
1.755754016040395709e-18
2.198164083738871834e-18
1.910646066249902327e-18
9.977805176624097042e-19
5.363708717416066196e-19
1.176986501821402812e-18
1.030614487102737395e-18
1.435065834293891049e-18
9.954407201636458900e-19
1.066882131746024287e-18
1.260535725475749304e-18
1.007542394525247788e-18
1.043436603312063417e-18
9.014485547251740758e-19
6.656761017301588247e-19
8.530203970962966894e-19
7.150836188810888331e-19
7.662520525297104906e-19
5.177840932681017679e-19
5.508441734681728433e-19
6.456703117217572382e-19
8.179297170336057255e-19
5.883397298904634696e-19
1.050015136790694623e-18
5.519393725794515376e-19
5.609441529514516962e-19
6.659285951955308039e-19
4.398594569206994308e-19
5.203951490748941105e-19
5.534489204363306699e-19
6.193875275117586387e-19
6.142221849679042379e-19
5.822012003623339852e-19
6.171005330914497542e-19
2.648091349980737674e-19
4.574523421629286491e-19
3.622845417846247337e-19
4.446781735232582934e-19
3.946994070848226533e-19
3.595875429203520603e-19
3.095554679996323668e-19
2.419467647949567959e-19
4.513909524697893626e-19
2.705137038768198829e-19
3.915923324922324966e-19
4.205985508395597832e-19
3.945347088548399378e-19
3.654133018379264960e-19
4.081167649957519298e-19
3.700844020660757619e-19
1.844417260612570544e-19
2.714590969052900740e-19
2.679650615955996697e-19
2.262310880713868775e-19
3.638277433532193800e-19
2.044517234536494975e-19
3.089557120416404453e-19
1.183097624400302143e-19
2.086901765397906594e-19
2.272103037512022203e-19
4.263135497476227981e-20
2.325160165008876810e-19
2.502993991998454446e-19
2.127024450556687009e-19
1.238044279150915260e-19
2.075347020866743859e-19
1.702935871516581024e-19
2.842608295820817367e-19
1.792185169391797149e-19
1.462205641723995546e-19
2.365298228876270783e-19
1.232446791406022765e-19
1.680696892113366068e-19
1.905008508006247419e-19
1.828296765266513702e-19
1.447282179505544558e-19
1.894031261047660616e-19
1.924733053263429104e-19
9.721441584746220600e-20
1.883482459035337005e-19
1.657741335677244589e-19
1.190474051563264420e-19
1.344684817195506286e-19
1.285432686148296750e-19
1.628778166862703131e-19
9.552240353072641180e-20
5.941918755088826468e-20
1.149395447237364805e-19
1.471181420013393527e-19
1.100059064144019040e-19
1.341960454638132127e-19
9.760919262844722388e-20
9.695943359208141380e-20
8.312315023735815312e-20
1.012489174719046551e-19
7.657689516136281759e-20
1.141293163373724400e-19
1.112614610132666738e-19
9.600013440363822815e-20
9.667880080457581596e-20
7.919237549126533967e-20
5.638804661254881197e-20
8.950496897136844996e-20
6.549513814140883970e-20
4.395680791926429126e-20
9.728439181793420524e-20
8.665333917932744912e-20
5.133420733754550049e-20
7.830048793313103232e-20
5.311268710811410862e-20
5.661117129967630050e-20
8.533865956635211218e-20
7.939756715322664963e-20
7.950327385388571086e-20
6.557323146221270023e-20
6.306625553243682848e-20
6.515846606980051585e-20
6.339596469544111658e-20
5.135034610141461719e-20
5.744329891540783783e-20
6.480022581576759086e-20
6.766183693721196280e-20
7.867782501997985251e-20
6.503921586080532039e-20
5.525863804004959276e-20
5.629147185374040985e-20
4.880953616544003974e-20
5.977791746322800833e-20
5.519837512300548801e-20
5.001623195103946155e-20
4.720573423786682578e-20
5.884960122109062102e-20
6.633951254730865310e-20
5.213391250341787194e-20
2.412569627948829805e-20
5.095483317413614257e-20
3.759689475690009714e-20
2.716698283987834002e-20
2.776022576299731196e-20
5.037730027259943271e-20
3.454856060705492318e-20
5.041646155838196221e-20
4.024311528756777654e-20
2.964339981966172248e-20
5.580713369545711903e-20
4.704928617550694640e-20
2.437979422798468861e-20
3.387725840471464502e-20
3.706131836700980628e-20
2.825167955769284883e-20
2.366648250771265333e-20
2.806378746533299110e-20
4.370921747051647781e-20
3.821017331931416962e-20
2.059210437218582236e-20
2.228912487734079366e-20
2.083104322786123649e-20
2.918552680231472913e-20
2.568434676468354441e-20
3.797264600130038897e-20
4.089408494671733093e-20
3.042202655899933590e-20
2.865809909920846884e-20
3.853859772349402175e-20
2.419418925079391879e-20
2.832083758167491578e-20
3.473473321116691991e-20
4.127796938345100280e-20
3.161841038309857130e-20
3.298282870215719029e-20
2.714171255581469077e-20
3.498420943396391431e-20
1.901946049385488271e-20
3.167940781364583430e-20
2.171580129586867968e-20
3.868959395192317748e-20
2.963414191561328621e-20
2.625531236244696801e-20
1.966180382938671863e-20
2.918032124064925873e-20
2.284153885431169360e-20
2.709337356909058557e-20
1.814837878504528595e-20
2.951998423094270732e-20
2.283261079235818635e-20
2.683186319459647303e-20
2.110693327609147823e-20
2.031428974307891818e-20
2.350743927061601933e-20
1.250623861040363268e-20
1.448298233499484885e-20
1.929261455234132396e-20
2.184928271223729018e-20
2.051072248346209136e-20
1.899367183175833540e-20
2.473576211768439295e-20
2.479487094603945971e-20
2.122666981233494855e-20
2.338067079874293527e-20
1.467985952101143736e-20
1.761321316135271543e-20
2.034931689859462685e-20
1.141663637401123567e-20
1.875917801221377632e-20
7.298839397940710016e-21
1.601697625387476518e-20
1.490573166217266634e-20
1.573605043159378255e-20
1.862213539412453192e-20
1.728399023173721655e-20
1.686373798187440100e-20
1.017955513861572378e-20
1.470620858459339585e-20
1.350559727432697528e-20
1.470562746001586551e-20
2.095075065582015165e-20
1.633563447969481955e-20
1.910476348942483708e-20
1.278661351346816623e-20
1.789335849183676492e-20
1.512812726467943882e-20
1.863414525743734400e-20
1.777965404223080881e-20
1.102774052992475186e-20
1.191693638942163377e-20
1.621406850062545686e-20
1.766508029921762073e-20
1.699900127831125169e-20
1.485433259075473698e-20
1.106113645958640257e-20
1.454550536947043006e-20
1.511723071479906173e-20
1.471576875648274284e-20
1.366705226153947032e-20
1.870503019082039489e-20
1.145476118043957999e-20
1.343571111062807482e-20
1.474195144288188748e-20
1.187569305440849071e-20
1.037147178217418087e-20
1.423785525102031380e-20
1.273575896112534903e-20
1.012978809398904553e-20
1.143070815198753599e-20
9.752255082571872998e-21
1.596529374919305662e-20
1.346759084674017731e-20
1.273132628717667800e-20
1.015829349435920524e-20
9.708122890257185899e-21
1.277736318891835017e-20
9.514313906418392877e-21
1.212336510910115183e-20
1.097373182578512402e-20
8.702696213497770640e-21
1.168898225930248654e-20
8.608146487975868418e-21
9.055447140892675679e-21
1.196125530866329583e-20
1.159498244198682276e-20
1.066435228555852423e-20
1.150864166393182268e-20
7.207595052839083665e-21
1.235760672041787559e-20
1.033931389143679178e-20
1.109617414334192592e-20
1.020219566562815936e-20
1.019302732606819123e-20
8.360242717589107646e-21
1.033326882375647474e-20
9.068586196801137001e-21
6.921737633792810889e-21
1.102321550416466603e-20
8.056537721966946431e-21
9.634537446876781007e-21
9.744137678824689265e-21
1.035422988303059522e-20
6.258327011138107869e-21
8.280062797722310446e-21
8.057183084642272454e-21
9.302762284028249210e-21
7.909812055386178476e-21
8.453718856069872261e-21
6.146126942653514761e-21
6.293510253293818045e-21
7.105595881475983363e-21
6.542753065196574698e-21
6.674551156923021962e-21
5.436912791134081441e-21
8.503888439900643969e-21
6.472940204373006370e-21
7.957919682228209861e-21
7.106412052745887571e-21
4.923860282137771939e-21
7.308502440060158700e-21
6.356231141945372799e-21
5.863632318728284022e-21
9.328767320295950023e-21
6.298809705238041034e-21
4.300804520208243331e-21
7.105709872444956693e-21
6.154919333169952623e-21
4.649759238338506532e-21
6.324768409759792851e-21
7.545014580750889387e-21
7.452847124059355968e-21
4.879420867135074981e-21
4.007796333811005118e-21
6.752925405325386380e-21
6.205260215772663411e-21
4.058892717701590899e-21
4.203288652554436320e-21
5.387443598283508169e-21
5.506854879327443894e-21
6.704568213089797276e-21
3.745633374348198941e-21
6.059702379401981687e-21
5.304778580259139885e-21
4.712637741126689732e-21
4.827012956243290612e-21
5.676780324558562293e-21
5.763682776830474370e-21
5.862582575473226382e-21
4.153407031629274325e-21
4.930673132967917512e-21
2.847298593233947905e-21
6.362885458355733928e-21
4.431857621964801912e-21
4.680029412328197036e-21
3.401117839552619882e-21
3.655213071406990824e-21
5.684185100022660816e-21
2.142603416779455934e-21
5.177406731974991450e-21
3.640658491742776876e-21
4.345217889228694365e-21
6.004360763553920582e-21
5.295611191180639947e-21
3.092136814883480718e-21
4.550148352472522469e-21
2.457550863697930782e-21
4.101121514821495786e-21
3.774483644367031162e-21
3.174114636650199381e-21
3.460568056071662261e-21
5.620808394011709987e-21
3.892975512701276448e-21
3.196096476664499264e-21
2.751582107141899707e-21
3.788759989929965435e-21
4.896636759506495410e-21
3.490000677985593488e-21
3.131893493049108618e-21
4.260038705729922579e-21
3.814980649518520811e-21
4.629269952954530975e-21
3.021505663502467268e-21
4.351240974655702984e-21
2.896513667150658715e-21
3.137979378250210324e-21
4.245888085403567691e-21
2.881079754848062592e-21
2.891368091409309199e-21
4.702737757355955694e-21
2.680649568305290323e-21
3.115805749806873884e-21
2.431821189519063619e-21
3.414583462430299808e-21
1.743513441031190534e-21
2.739121562333933922e-21
2.355946250498688069e-21
2.194601405668690059e-21
3.018308506782922702e-21
2.951889142870563268e-21
2.690110309042247277e-21
3.113243771240932635e-21
2.315562422128686283e-21
1.619616512765137249e-21
1.716719414945288736e-21
3.851861086937766529e-21
2.173069988338022758e-21
2.732934627283260936e-21
1.600604474100927954e-21
3.587259002367588164e-21
2.127111623471065491e-21
2.317304965516174710e-21
2.109768998700040037e-21
1.434317198450528545e-21
2.654460356745323764e-21
3.336981354807897623e-21
1.965751407889156380e-21
2.480432363732323638e-21
2.479393061010889656e-21
3.035845048650715511e-21
2.201900736218850974e-21
1.421571391123809840e-21
1.971682727464904116e-21
1.320572652706729641e-21
1.946755511631257961e-21
2.263059960097766611e-21
1.586547129250802249e-21
1.873770343894028816e-21
3.066445993264138908e-21
2.288972253865181981e-21
1.444106194919416834e-21
1.741680629363515420e-21
1.532792036456118802e-21
2.631453802838135486e-21
1.927339500274196477e-21
1.071261587776217635e-21
1.101353583928035491e-21
2.288969658210006992e-21
1.013696002852928490e-21
1.755910374281237641e-21
1.870391899200351035e-21
2.277492752345951221e-21
1.411308840400497689e-21
1.535180282281319713e-21
1.861031512135387147e-21
1.512878297140813349e-21
1.610145713307784209e-21
1.836287527708721085e-21
1.621015977810985939e-21
1.823952098837398505e-21
1.638974236578644927e-21
1.640812876601698739e-21
1.370673722914140428e-21
2.241808417669578565e-21
1.913087041363523280e-21
1.892527201015742119e-21
1.924893069956149152e-21
1.178020091048056118e-21
2.240168863674501078e-21
1.429349720217152977e-21
1.899531664045077117e-21
1.524670818475466975e-21
1.563061115826785058e-21
1.272207817362741552e-21
1.298677456560927646e-21
1.960845555555154177e-21
1.277462543398596471e-21
1.968400980095499965e-21
1.747463950850710760e-21
1.130525707356977106e-21
1.218527686724483468e-21
1.712405014182555735e-21
1.114732410518388974e-21
1.576191383797173271e-21
1.315504286736458484e-21
7.401625006736759668e-22
1.494329751900882593e-21
1.306671127240468511e-21
1.224478308008583426e-21
1.106167275534598560e-21
1.067107996564905327e-21
1.495465629110327713e-21
1.422630158346206632e-21
1.688773671048658014e-21
1.264559703299215434e-21
8.259034388901520099e-22
1.723969475160591990e-21
8.507459771289775828e-22
8.544003457548478031e-22
1.265894861279224547e-21
1.312281680259405972e-21
1.255862679058722314e-21
1.549869980166165137e-21
1.502079832982062416e-21
7.035016861888416930e-22
1.289044175092612134e-21
1.173968944903013716e-21
1.377055382778089828e-21
1.077197803554636875e-21
9.533503611282324964e-22
1.310281699432185519e-21
1.004780386080038080e-21
1.571311636648256348e-21
7.664100086669442055e-22
1.114185676180774937e-21
6.733425050677238444e-22
8.382476497972805367e-22
1.220295050518009550e-21
1.460868404747977002e-21
1.334071328793673758e-21
8.107986110394628353e-22
1.077009537204303780e-21
1.039876108492429462e-21
7.312803860868830237e-22
1.322762576680656209e-21
8.714571651803671111e-22
8.289106594681103720e-22
8.260796172059733787e-22
8.875557850144659542e-22
1.271327848268545226e-21
8.153216658196433660e-22
1.055389799749472094e-21
1.099734351054579468e-21
1.060154775429849556e-21
1.566829395243646661e-21
1.363910903734993696e-21
1.670824364772019555e-21
9.743433728064040067e-22
9.008270358943382853e-22
7.727673325242551069e-22
1.397681825334946846e-21
1.228320498247269080e-21
6.964187794658500033e-22
1.173028913716087311e-21
9.771757748543819029e-22
8.465556292679584094e-22
1.102603676819180010e-21
9.828955617664268139e-22
1.072974078759266475e-21
8.286998626527021792e-22
6.963245117119821781e-22
1.086166081126235234e-21
5.619966056420187860e-22
1.408642017968662156e-21
7.475991292521053372e-22
9.986797788269465688e-22
1.030876934085480446e-21
1.057219873054449993e-21
9.788781818122454436e-22
7.209312069146410074e-22
5.856151667423031029e-22
1.237031760833518170e-21
1.060809708843065611e-21
6.509925860203145293e-22
7.473962185401599180e-22
1.059340334587748964e-21
9.042633868862804190e-22
1.106542131152369024e-21
1.084748537802725224e-21
7.964184440145336179e-22
9.498273733685996947e-22
9.823067740809559695e-22
7.355459134398307924e-22
8.767857987279185009e-22
6.493692780262698622e-22
1.126099808929201522e-21
8.082313157135334306e-22
7.597213744372066014e-22
6.588053933263212039e-22
4.760467218256464323e-22
7.034026480607828091e-22
9.170875269167186351e-22
9.600479296167108196e-22
4.007242275731879376e-22
4.063237424382123080e-22
4.818530411405132192e-22
6.692325619877284404e-22
5.316403175023479144e-22
6.588663286899043121e-22
7.061076125636349556e-22
6.768480481513644305e-22
7.771578043105257527e-22
6.694644531447699267e-22
4.336847779585039765e-22
9.224649270799768903e-22
8.715597530241530654e-22
5.906470516831677013e-22
3.140240959296032978e-22
5.028547663740793671e-22
3.132639661043374678e-22
5.775330107866570683e-22
4.397357665696662836e-22
5.877649674507053416e-22
3.667611422664149843e-22
5.994033483035809426e-22
5.320799683190330807e-22
4.348444757626788238e-22
6.293510625929872823e-22
3.453347241250329903e-22
4.197911283777084213e-22
6.911162222045675333e-22
6.066912471309067337e-22
3.792672904458479647e-22
7.255099972823735270e-22
6.455837038227500269e-22
9.110599934420535959e-22
6.677492508337095992e-22
4.622822314935591345e-22
5.564883602951611796e-22
4.824773182700907865e-22
5.670768247030786085e-22
3.982287378075018031e-22
5.864088195860909546e-22
5.572573861673124461e-22
4.544641505689224327e-22
5.739569406446012574e-22
5.726194916485923259e-22
5.784056492218389893e-22
2.578078075364192391e-22
3.833876105518839464e-22
3.162106844192365412e-22
5.041628984503619061e-22
2.177478962536074614e-22
3.877581815206820565e-22
4.348339376320540031e-22
4.789436711843917042e-23
5.346143477890902287e-22
6.239789896195529923e-22
5.577429335666869313e-22
5.728883399414311715e-22
5.033265074370123653e-22
2.338830249286755176e-22
3.932806347290278349e-22
3.672916549479568026e-22
2.782180977729084572e-22
5.812080500907620449e-22
2.953767711972292393e-22
3.386976176763131134e-22
4.836257607313372066e-22
5.547937290028113995e-22
5.542767142827654326e-22
4.324616217948390852e-22
5.687711409029588663e-22
3.665641801027517812e-22
3.446520015142953699e-22
5.855570018619490216e-22
4.140722035832414927e-22
4.251129450076962543e-22
3.080411117520921547e-22
4.039944332448100687e-22
4.531153260610632402e-22
6.295504147169508055e-22
4.495796480820796270e-22
1.730698491868469229e-22
3.986204434078008184e-22
3.268412661309507251e-22
4.607763448480353313e-22
2.647891999066266781e-22
4.055232632633621603e-22
3.502638689831860482e-22
3.463788298357780099e-22
6.429400749975151026e-22
4.440815715657742189e-22
3.764328164748625628e-22
3.294770338774899158e-22
4.582388264382202141e-22
5.141630001087932623e-22
5.412658614674981577e-22
4.190217413670135153e-22
3.767550415614316227e-22
5.115004691980745656e-22
2.153579453746670866e-22
2.797387165699475834e-22
3.458488632911709778e-22
4.921792372831298624e-22
4.318203139926093953e-22
3.923599966339154336e-22
3.670201774917916542e-22
5.501927175375866409e-22
2.560883990625904819e-22
2.834265429604980560e-22
5.701480214331401387e-22
3.367465092001910062e-22
2.849370081197402441e-22
4.714195876124896150e-22
4.619852008693493420e-22
2.468866480780573792e-22
3.223353946343804396e-22
3.419237711249078114e-22
2.705167280193686327e-22
4.592018651255011314e-22
2.390765029401761851e-22
2.591061339600849816e-22
3.512955185051435224e-22
2.483368420887931707e-22
1.818575848661760487e-22
3.590820147300588861e-22
3.560555466815239434e-22
2.654254773706763656e-22
4.212641789830048093e-22
3.007152908075684243e-22
2.488881472155049613e-22
3.477455856108620178e-22
1.577387313239365426e-22
1.143091201203732507e-22
1.999690995035040657e-22
3.723437428859781395e-22
3.203742831621691261e-22
2.163007715814351067e-22
3.022115259693748974e-22
3.581562126827796884e-22
2.334055242244758201e-22
3.042642991417996896e-22
2.532658534023000126e-22
2.827939735005989013e-22
3.595083221391369725e-22
2.727641279537331039e-22
2.773069686295932784e-22
2.169202907321727061e-22
2.785203294981301608e-22
-1.260099807067129714e-23
2.885192359211633382e-22
2.952397771314397329e-22
2.303229986634103147e-22
3.199504508189750962e-22
1.770857541695894217e-22
2.275699755133784171e-22
3.094782110868702606e-22
2.396977376340229567e-22
2.688089986722889478e-22
1.472021673553833177e-22
2.072461565453353731e-22
6.491345698111986405e-23
2.430715626385632472e-22
2.843562390443969410e-22
3.043082093744937968e-22
1.582124947423355702e-22
2.408899554302752161e-22
2.582650219096841226e-22
1.605283287955398533e-22
3.070087085652499303e-22
1.059971493211621673e-22
2.490123214819406048e-22
2.389153849369756895e-22
2.414088424503326498e-22
1.793940156300409610e-22
1.368250742151355042e-22
2.241180095254662966e-22
1.692587887675814478e-22
2.202695940052706303e-22
2.947670283974056351e-22
1.410751251684891923e-22
2.113445424417178110e-22
1.173257282143516074e-22
2.627085630764357257e-22
2.422924135630559855e-22
2.222452451683084789e-22
1.455564768481592192e-22
1.705980822851657503e-22
1.062751864857144112e-22
2.645018386005467094e-22
1.123249741979238585e-22
1.657609231859151881e-22
1.413282969435778972e-22
1.461226420050248933e-22
2.253311908289957034e-22
8.711148393918341285e-23
-1.635496209694831597e-23
1.150803766496225395e-22
1.279962817897970091e-23
1.094139335524738069e-22
9.830266549847184935e-23
1.466627342073866000e-22
1.237411482231188938e-22
1.102436574039056715e-22
1.278361905306313026e-22
1.570868192566460116e-22
1.847584159948454051e-23
1.809357257387094656e-22
1.551415210178415123e-22
7.313478695612085192e-23
3.437480607280814814e-23
1.694164097201898260e-22
1.854936977042695861e-22
2.007852505110073788e-22
1.376323815098545014e-22
1.346281145964291285e-22
1.821859930132995006e-22
5.459453617558731721e-23
1.038286602990935861e-22
9.673030254785822137e-23
1.128507434688526461e-22
2.167092734279735163e-22
1.804623384661579886e-22
1.884426967527945083e-22
3.794019261759518067e-23
2.106960477672714945e-22
5.793425540783810068e-23
5.817826046018526333e-23
1.744550173942477417e-22
9.730443381188588608e-23
1.711061200046506340e-22
1.507314506315350454e-23
1.237609815070760612e-22
1.370643802820123692e-22
2.290270376771029088e-23
1.277225106135822840e-22
1.582357632702931639e-22
6.164616901760264541e-23
1.863815225182731891e-22
-2.569822994196714150e-23
1.228039211122105622e-22
6.482362070969386156e-23
1.498947698533569881e-22
1.602542720547111422e-22
1.131025361157602747e-22
-2.913851754421317391e-23
1.128215994187970398e-22
2.151433613597270314e-22
3.483124780516266354e-23
9.823241010446810863e-23
1.321947764601961939e-22
7.246733904560520226e-23
1.512412639890248522e-22
3.303602270240543706e-23
-3.533234630199293749e-23
9.088958901546005339e-23
1.090154291070666713e-22
2.663219073126614263e-23
1.018710939198034590e-22
8.629558734730695503e-23
1.261890771294868016e-22
3.588804600589884830e-23
3.088385483584785049e-23
4.093767945072111197e-23
1.887262570742958887e-22
1.013927799857929782e-22
-1.109911163304785293e-23
1.598651738230266697e-22
8.790254301439940941e-23
-4.737174148361000783e-24
4.235125777495613669e-23
3.282379443962015705e-23
6.853992236152645422e-23
1.107778750709709387e-23
5.085929799272184517e-23
-1.895970234163308615e-23
6.538043043113830606e-23
9.290860382101936236e-23
3.881733803540844768e-23
4.383621441339483355e-23
-3.626585877126412054e-23
5.847754649124560920e-23
-6.437588085403707109e-24
8.416951155563551994e-23
1.297926765044280547e-22
9.894020863617768628e-24
7.226970175294623381e-24
-2.846633843629041894e-23
1.279397050380161887e-22
9.329116914707261096e-23
1.695876036151856218e-22
3.240196051772269112e-23
1.029330069758025096e-22
-2.330834386426523676e-23
8.291508279802577560e-25
-5.051204447078401171e-23
-7.146387209053667931e-23
6.553803170618170024e-23
9.984090328322961037e-23
9.364926105161644910e-25
1.392477407738649130e-22
-2.116984320047334786e-23
-1.537981086780988413e-23
-1.182168035278144081e-23
2.306558274156085911e-23
1.506717680781627968e-22
2.900249852287509831e-23
2.271065330100334921e-23
7.684433807047894269e-23
2.805369402599384809e-23
2.635194069373588471e-23
2.573988765814440238e-23
4.672010952045903585e-23
-5.149832591712457665e-23
5.760410194991388670e-23
3.777817177836157555e-23
4.499232406453632160e-23
2.759478334575866510e-23
2.335203239706704980e-23
2.937927843015991156e-23
1.264452703620352957e-23
1.163036651162877519e-23
1.495462639970335207e-23
-6.286956331526514942e-23
9.915649588674772831e-23
-2.057004349253873400e-23
-4.486661593076576194e-23
5.587050942032825439e-23
7.090900517566773274e-23
-2.998671841118951084e-23
3.821960635319156812e-23
6.618206259400611128e-23
4.806821355556382039e-23
-5.867740508563347276e-24
1.600172652680353280e-23
6.829430549889340205e-24
-4.423473827878794077e-24
-3.840620884669107137e-23
-3.163654635077882823e-23
7.402115771995393010e-24
1.550005380724472000e-23
3.492823267291137582e-23
2.158255391306101052e-23
1.162214834829016987e-23
4.604527828493622901e-23
9.807351724272537156e-24
-2.762371300424729088e-23
-1.895716784349415560e-23
-7.992648033352984566e-24
2.528032807202217029e-23
2.973599203688326648e-23
1.939676339864817597e-23
-8.565601918302866540e-23
5.208227451403351925e-23
-3.160476631925475994e-23
9.756392932450682689e-24
1.295513337492395029e-23
-5.291038904341121107e-23
3.825310451262331856e-24
-3.094514057556930760e-23
5.895216032113217426e-23
2.373752143422670772e-23
2.854782114418262115e-23
3.842228564901050233e-23
-1.644525694898399271e-23
1.893879284624786938e-23
-1.117753943999894782e-23
-1.247905108998594380e-23
-9.704777703138736651e-23
-1.198265568204584392e-23
1.025060922822387831e-22
5.739862281395184757e-23
3.976193450434003134e-23
-3.544814688808556736e-23
-7.404046142750729322e-23
4.442275950383255276e-24
-1.553510816697815118e-23
-2.933248524869380421e-23
-2.215286015523386836e-23
1.728872688999383066e-23
1.536051611718633956e-23
1.347249447225148200e-23
4.591221055216667725e-23
3.349518917489060820e-23
3.134733121718454536e-23
2.826069975797508881e-23
-1.049000932046470837e-24
1.730435170944839065e-23
1.394465967914332517e-23
-1.084960985160725776e-22
-2.490803570162875226e-23
4.648268461717131075e-24
1.539596174111204061e-23
4.759787249755794997e-23
2.345887317817281011e-23
6.663548407092628387e-23
-3.839728297005466108e-23
-5.040750430628412416e-24
2.856595535553276060e-23
4.352377291691943698e-23
-5.915759721820522817e-24
1.900366396389143159e-23
-3.995338012413120608e-24
6.410317402870402461e-23
3.409460256757736044e-23
-1.717625999527444367e-24
4.037160537285125078e-24
-5.455931718913626650e-23
-5.506910035805345062e-23
1.519033593833011130e-23
2.442313656907762342e-23
-3.864577916622624963e-24
4.606556960213682984e-23
-2.159700891576548752e-23
-1.667326970678920184e-24
-3.496879308606490477e-23
6.563653576450576227e-25
-4.601227654190693426e-24
-3.085244108179504170e-23
5.652562465337758080e-24
-1.122369680610994667e-24
6.493155450517226174e-24
2.533139805175814253e-24
-4.274709757881163797e-23
-1.127098868973890053e-23
-3.320607857443244949e-23
1.210394553433543923e-23
-6.273017277714973061e-24
1.955928013529465587e-23
-3.681128331156444736e-23
-4.548331401043622308e-24
4.817341758132805164e-24
-2.267342488476101616e-23
-5.266108199316046858e-23
1.277929208881293420e-23
-1.005597735779565393e-23
7.412780563625081465e-24
3.850834421270812972e-24
-9.425002110373092440e-24
-1.306695747983842118e-23
-4.771266548589719944e-24
-4.114454089569248419e-23
3.158570963975444175e-23
-8.295515088391189454e-23
-4.467773709789757794e-23
-5.492271969076075755e-23
-5.970502591216762956e-23
-9.304165661609070779e-24
-4.417518419394179170e-23
-6.144339417169880317e-23
-4.220181489768840808e-23
-2.903640806773454423e-23
1.456141470243861276e-23
1.621680698642381807e-23
9.328074401171871169e-24
3.945166806322223272e-24
-1.784129550754656128e-23
-3.513403837262111515e-24
-4.585156676382497163e-23
-4.164646435182906043e-23
-2.199189451601468663e-23
-1.935291125082294640e-23
-2.927164092584604276e-23
7.136096200344846933e-24
-5.283811146076441357e-23
-2.474982696286344849e-23
-2.885105743248846312e-23
-1.046208774013663991e-23
-2.167571793792921267e-23
-1.727530338799335738e-23
2.763389902640772014e-23
-1.906174860285302157e-23
-1.524939709750188956e-23
-3.364852851482132298e-23
-3.568302889564313244e-23
-4.262931136003948849e-24
3.392992926476149833e-23
-2.791136360799331484e-23
-4.509093465661916763e-23
1.796430591935720145e-23
-1.313611454158727948e-23
-4.273289926019391030e-23
-1.472242236238288931e-23
-3.787803433690878139e-23
4.317296250747496344e-24
-6.488811077143228447e-23
-1.246127019450793396e-23
-2.325228429072905304e-23
-5.591408798464420494e-23
-5.678398263328376612e-23
-4.392050442475026796e-23
-8.182366310156442673e-24
-1.040164068811219741e-22
-3.047327856428083512e-23
-4.610779512539856386e-23
-3.094016459155747248e-23
-4.260429298549351770e-23
-4.648535519241526731e-23
-4.697683851478872261e-23
3.113113004075255235e-24
-4.845616968268717030e-23
-6.483289263315803875e-23
-1.460114127779118412e-23
-3.875773181676526257e-23
-3.723581672789861863e-23
-8.290113285901784897e-24
-6.240278550621565444e-23
-3.144205866134081367e-23
-4.710029806777364969e-23
-3.399332964832604704e-23
1.155878881540599664e-23
-1.080982210538553455e-23
-3.819200137722559192e-23
-5.473348461607681656e-23
-4.312316195567897717e-23
-1.009374175514002385e-23
-3.216316882387174516e-23
-5.324084203081169580e-23
-4.851038468673201498e-23
-5.965005939819556195e-23
-6.464054913645075573e-23
-2.404327961638473506e-23
-1.714550933623203083e-23
-4.629186514439229814e-23
-4.884866540180738353e-23
-1.785267719776749140e-23
-1.476250243478348711e-23
-5.872324345429616063e-23
-7.828490800010858369e-24
-2.404391683541245912e-23
-4.000983365875932362e-23
-4.675970388411876198e-23
-2.356405375839942155e-23
-4.091256447359595983e-23
-6.020794756395468721e-23
-5.142939232391484094e-23
-3.701127596884451067e-23
-5.601870263084437962e-23
-6.103516171469021687e-23
-5.203974327573413190e-23
-4.859414061775652167e-23
-8.511344452581453832e-23
-3.940890594971672058e-23
-3.685816549707108155e-23
-4.947951718338598090e-23
-5.029554279936410838e-23
-7.361976560775217538e-23
-7.905063699900932224e-23
-3.596639238156460880e-23
-4.084824058673320168e-23
-7.167514006249182669e-23
-5.373778012819158351e-23
-4.022162415435108163e-23
-7.214489774701486801e-23
-6.270494253751453746e-23
-2.702260516414574219e-23
-3.173838969644896662e-23
-4.012225115303650990e-23
-6.816298562566902086e-23
-5.196413889471826398e-23
-6.888978514600559442e-23
-5.108252393348376712e-23
-5.659892425675171678e-23
-8.956728015072726584e-23
-5.524910961698870367e-23
-6.543988715528968337e-23
-6.658301523489353032e-23
-7.524113471538373224e-23
-9.438725887672064335e-23
-9.453206670114845664e-23
-5.546923006621477556e-23
-7.056936007796624396e-23
-8.766056990670142879e-23
-6.737735535705021484e-23
-6.535263727189333886e-23
-5.812982074152978061e-23
-1.044076854438595111e-22
-6.703788130574467851e-23
-7.000141008372417675e-23
-9.815792239331665448e-23
-3.357599511558036084e-23
-6.157295802871325587e-23
-7.362774636599896097e-23
-5.925207344914696673e-23
-4.003653427030433204e-23
-1.105713323658545594e-22
-9.330946302524786869e-23
-8.432723141389489773e-23
-4.952126999240648781e-23
-2.169385596713966841e-23
-8.356006442516280923e-23
-7.938134774466735541e-23
-9.656355426130781256e-23
-5.362829854126032832e-23
-9.245681552700089775e-23
-5.157380859379108690e-23
-9.974994021606911986e-23
-5.005020522403694849e-23
-4.079155204341939582e-23
-8.384001868104720425e-23
-8.823876380769340378e-23
-7.514077652429308877e-23
-5.599295839156176237e-23
-7.295900083782531908e-23
-8.135756395241883931e-23
-8.221774236578426364e-23
-8.493968741045570016e-23
-5.453149976543144288e-23
-9.084243375794621293e-23
-7.809515950936256214e-23
-5.806403500244915078e-23
-5.579461488964209534e-23
-6.169993483657094595e-23
-8.408244735701835377e-23
-8.871405769297717890e-23
-7.826248310064324951e-23
-8.853777271946073054e-23
-8.477655609138457882e-23
-7.658861683554542139e-23
-8.228289834886070478e-23
-1.116989859206174073e-22
-1.027742575694649459e-22
-8.857288960292131960e-23
-9.061998246586197943e-23
-8.506399880086605384e-23
-9.258549106186660323e-23
-1.073362572979124993e-22
-5.146891598118026957e-23
-7.495525248702401742e-23
-9.851753514669831747e-23
-3.905300278295556351e-23
-6.809399822376900337e-23
-8.141281030040352892e-23
-7.169689372798754096e-23
-6.955778723681850237e-23
-5.283753181819771006e-23
-8.505153000150762630e-23
-7.049814022444577414e-23
-5.143338740357981181e-23
-1.020575232122328237e-22
-4.782415109940302275e-23
-5.442142297199136775e-23
-7.655381030311572351e-23
-5.352584183613651453e-23
-6.711659817809257621e-23
-5.979166052073997873e-23
-8.282826881210106958e-23
-7.389489838336781115e-23
-7.730753201019268879e-23
-9.383941431699599140e-23
-1.087013016157288571e-22
-4.879608741568560221e-23
-8.419414065142505056e-23
-6.877831565859159348e-23
-5.369510006759942726e-23
-8.075854520075781262e-23
-7.772615329821021584e-23
-6.717323344992662241e-23
-1.031130363021728689e-22
-7.089010443333522651e-23
-8.917413063789128923e-23
-8.628714284790625691e-23
-9.479507038951211927e-23
-1.065965102008105283e-22
-9.537789258347678867e-23
-9.985298637775171739e-23
-6.771254808343841717e-23
-7.415669896297655225e-23
-7.665997253145720366e-23
-4.930361065577833251e-23
-9.703290667400685706e-23
-4.694588460984997724e-23
-7.535920949134066325e-23
-8.692959387200974555e-23
-5.925140961128745024e-23
-7.618882096668827172e-23
-5.858904904470638128e-23
-6.731549691980702197e-23
-9.513835801242523027e-23
-6.638765043870083827e-23
-1.011794713025133167e-22
-8.318908018305713884e-23
-5.738880034536597289e-23
-1.005647648897537992e-22
-6.615850856093028571e-23
-6.894110730680271151e-23
-9.224275108785073672e-23
-8.223059617103847548e-23
-8.128714983442886115e-23
-6.349223846760571620e-23
-6.306918666886354063e-23
-8.196853374072708923e-23
-8.515517212398047870e-23
-6.733954387336547417e-23
-9.668006739039385688e-23
-6.654780101410976550e-23
-9.081277495417410660e-23
-8.617466352680945501e-23
-7.894169991773061838e-23
-8.239244285673259447e-23
-7.528594823704586123e-23
-6.527974506598013922e-23
-7.344572904849249562e-23
-7.457093967350350855e-23
-7.315660813205399458e-23
-8.364168894173065525e-23
-7.908675330420711525e-23
-9.091952931044746638e-23
-7.906083485819446849e-23
-8.952005121968235515e-23
-8.959352710247081923e-23
-7.051366545279265304e-23
-7.101972532963757305e-23
-5.887919026430826271e-23
-1.008027751211071548e-22
-8.113837713407369348e-23
-9.003634908562375230e-23
-8.734582622266033324e-23
-9.064338050553833411e-23
-7.967932503420645909e-23
-9.041402089645821529e-23
-8.771124603900464194e-23
-7.461302039613920999e-23
-8.672996530888349064e-23
-8.737585045426834295e-23
-7.524637280869990496e-23
-7.450725239582817954e-23
-9.577847513536308924e-23
-7.359787418215993842e-23
-6.459795086325841048e-23
-6.435887809166838137e-23
-9.227635063160995958e-23
-6.493260742380313733e-23
-7.247266866380035655e-23
-7.453486277251613445e-23
-7.316347694922657249e-23
-9.721787677438239613e-23
-6.556307836542867858e-23
-8.243367762435800035e-23
-7.425199802088233698e-23
-9.598029158679067649e-23
-8.276842998383133749e-23
-5.780754266813742114e-23
-8.015829227744253276e-23
-8.912728694831218290e-23
-7.251781773742846363e-23
-7.684731188445727062e-23
-8.661590128078881691e-23
-8.065123084346983584e-23
-7.374474710089558363e-23
-8.555841041382418558e-23
-6.815443142496856462e-23
-5.817747531840287390e-23
-8.703617479031381521e-23
-9.486891364532590689e-23
-5.722426770442379852e-23
-8.348867174185760460e-23
-8.687457533400476614e-23
-7.326662690755617114e-23
-6.520595184318017496e-23
-7.966798988494063724e-23
-7.384011863634046379e-23
-6.993707023974620534e-23
-7.877068774055901523e-23
-7.441832317506131306e-23
-8.368191105128981446e-23
-7.375481245570665964e-23
-7.544807962676515972e-23
-7.784528870780974713e-23
-8.229666562760191696e-23
-7.081802026897629255e-23
-6.627446793726459904e-23
-6.445828101490810054e-23
-8.935037089806305953e-23
-6.634101760917047690e-23
-7.989269048148801336e-23
-9.543095305213976539e-23
-7.914418746678417536e-23
-7.816491243027695902e-23
-5.476099590566679136e-23
-8.312556965078507069e-23
-5.561159599793023136e-23
-6.113679233643699422e-23
-6.368620413892661431e-23
-7.695832157489629533e-23
-7.652979872076715476e-23
-6.570404207359025019e-23
-7.354072362908015921e-23
-7.890833807230817356e-23
-7.603449327613602696e-23
-1.063961384269442859e-22
-9.566259240151808261e-23
-8.605679457578422924e-23
-7.554933727184324743e-23
-7.370410020500611897e-23
-8.537879751629425723e-23
-8.918296163209885624e-23
-7.874412628209995852e-23
-8.155086054946968304e-23
-7.057364955080153528e-23
-8.227128484009315179e-23
-9.222119497189125106e-23
-8.789005260184124264e-23
-7.228538466798526055e-23
-8.310264560047373495e-23
-8.250572284785783573e-23
-8.206746094388769654e-23
-7.928437176052092131e-23
-9.202838179828921100e-23
-9.264172499519150555e-23
-8.253867675933732590e-23
-6.014405520146237086e-23
-4.698108739840360567e-23
-9.079118693151517529e-23
-6.321233050294641914e-23
-7.288902648841391899e-23
-7.807551903406919260e-23
-9.421444232657402014e-23
-6.852850414725326286e-23
-8.105099293405404118e-23
-5.176109892212581210e-23
-8.505919160761319844e-23
-7.234823501060424511e-23
-8.314853162901573055e-23
-9.257399944521620963e-23
-7.872357618819726529e-23
-8.837781511511244971e-23
-8.051167764603891140e-23
-9.078015309682880627e-23
-8.158356013273489901e-23
-7.311514652974543294e-23
-8.617165149166578817e-23
-8.636461269432263877e-23
-9.340378333461510989e-23
-8.866561046876208958e-23
-8.459123157783598216e-23
-7.424607793297136964e-23
-8.392426383201911033e-23
-6.035774106106205541e-23
-1.002554669629474020e-22
-9.155855543368279225e-23
-7.717128630964915226e-23
-8.022734564696830506e-23
-7.776755107208347966e-23
-9.073514550015985995e-23
-7.514466541713413176e-23
-9.715874720526415006e-23
-8.068220226602502410e-23
-8.808436341345559383e-23
-8.358528884555763469e-23
-1.001298829246186665e-22
-9.309428955006125714e-23
-8.499322228077666672e-23
-7.807290428152872163e-23
-9.554471359750872976e-23
-7.463776510288867361e-23
-8.685202583173018370e-23
-7.574385636163474103e-23
-8.419970097774773541e-23
-8.416039097510302033e-23
-8.187801677629729728e-23
-7.496327913792568638e-23
-8.937371424160557568e-23
-8.345361155247606103e-23
-9.601146775620895504e-23
-9.518010828815649331e-23
-9.285269065411935493e-23
-7.784708500227771766e-23
-1.047780346930413013e-22
-9.537812526876496406e-23
-8.130412450445100204e-23
-8.281886814388137535e-23
-8.265413929837830020e-23
-8.762161084439048582e-23
-8.036766776312630769e-23
-7.850403064538032112e-23
-9.039918729738189064e-23
-8.389912560057878575e-23
-9.173296688173803996e-23
-8.658266508133488603e-23
-8.235747311350220028e-23
-8.171664365654120247e-23
-9.568699560598998919e-23
-8.990153118723818326e-23
-1.125556332027446997e-22
-8.166917827361401516e-23
-1.102914594000583646e-22
-9.611108890642020945e-23
-8.095578371061185387e-23
-8.446851440668510025e-23
-8.782458355762072891e-23
-8.593460005459841392e-23
-9.869144513549641935e-23
-9.116390699888923296e-23
-7.933713560559219880e-23
-8.507719837087573223e-23
-1.062470857716616091e-22
-9.288420569301419025e-23
-1.055594925928069134e-22
-9.971060643541651911e-23
-9.790122021628837706e-23
-9.119519184714288764e-23
-9.610733368190379807e-23
-1.014674096630437548e-22
-9.373636533320769181e-23
-9.878591352980122567e-23
-8.716225064587469930e-23
-9.245916078314469735e-23
-9.070610878758485988e-23
-8.155635817092538031e-23
-8.799832695856956626e-23
-8.967021270964022887e-23
-9.738325795934732641e-23
-1.049365563268661446e-22
-1.002407883826888119e-22
-8.963061361889055519e-23
-8.172024707967274807e-23
-8.529172143981495977e-23
-9.165500276116137793e-23
-9.722624721753462029e-23
-7.626836485665924063e-23
-9.201929114034400304e-23
-9.849528100774687587e-23
-9.093399628578500358e-23
-9.175575814117609927e-23
-8.685242110106003190e-23
-9.376332064865831911e-23
-8.955036786018201666e-23
-9.851982098067589975e-23
-8.978671007428566306e-23
-9.934707570330541534e-23
-9.809018431902366746e-23
-8.597541443376478091e-23
-8.179794395613476832e-23
-8.856312656322308016e-23
-9.111821138167193306e-23
-8.722465646782572006e-23
-8.216213853812440689e-23
-8.332793193684182388e-23
-8.628371141726230793e-23
-9.262893965217708238e-23
-9.608672666714520724e-23
-8.710885752266917822e-23
-8.512430833736363017e-23
-8.217173704460920184e-23
-8.882994540170695349e-23
-9.547069969133805929e-23
-8.652108947887977480e-23
-8.371372941252956571e-23
-8.791452832749724494e-23
-8.836342368515291317e-23
-9.146205796670124502e-23
-8.704659883465017114e-23
-7.432790579619403682e-23
-8.365544778924103417e-23
-9.280055912149055551e-23
-9.436412284733011907e-23
-8.530697350578518928e-23
-9.849371203051703297e-23
-9.361469390097981052e-23
-9.124325813553727921e-23
-9.215893361605148026e-23
-9.565577251506030682e-23
-9.447811375861580522e-23
-8.516533998123373416e-23
-1.002076198177983063e-22
-8.425825662759227026e-23
-1.017377650687097872e-22
-9.654992457559467191e-23
-8.719325931176790320e-23
-1.079503699349140889e-22
-8.844650047537097398e-23
-9.674056361125058709e-23
-9.042397412888396399e-23
-9.023477163673915462e-23
-8.526085329041577423e-23
-8.538992030884749989e-23
-9.298627840374216642e-23
-1.046378493996067952e-22
-8.411650644106416554e-23
-8.749330022340705874e-23
-9.926744814711367333e-23
-8.589097416728079946e-23
-9.099155385572193360e-23
-9.288912658874630749e-23
-9.794821125283349191e-23
-9.298569642776764873e-23
-8.343007095014695723e-23
-9.344092701881429920e-23
-9.283455937529862929e-23
-1.063252126005487516e-22
-8.066106075942291598e-23
-8.442298260051117701e-23
-9.265353110941216221e-23
-9.498890248915206525e-23
-9.028541338089846868e-23
-9.089309368101709380e-23
-9.209420358262326664e-23
-8.063777452171901213e-23
-7.036814922561461435e-23
-8.658430087736216983e-23
-8.812021707974304693e-23
-9.930191802994167553e-23
-8.490319047574032155e-23
-7.905260995677695168e-23
-9.182505822590732771e-23
-8.112550672073061962e-23
-9.728251966700743410e-23
-8.787402524965265525e-23
-8.863882503737312285e-23
-7.815391651705402862e-23
-9.391953924696176538e-23
-8.261685440795359065e-23
-9.370700183913200401e-23
-1.001880201022626095e-22
-9.264410512185795775e-23
-9.398812613263804430e-23
-9.798159634724714243e-23
-7.498311359925042538e-23
-9.663329128782777184e-23
-7.731534756164348115e-23
-8.030841274483013840e-23
-9.105321407523630812e-23
-7.844833620513236291e-23
-9.575309765480614230e-23
-8.702051628162702808e-23
-8.905427660086617401e-23
-8.003724098256536241e-23
-8.496550182656299416e-23
-7.600068304743477578e-23
-7.679340429255088771e-23
-7.435123478519530477e-23
-8.263256889750992553e-23
-8.870458963140309046e-23
-9.183515085627323186e-23
-8.183975136188705450e-23
-7.964182309427805557e-23
-8.431474282893194146e-23
-9.285229960566648309e-23
-8.944494597788293528e-23
-7.440275477525633914e-23
-7.563692431298225763e-23
-8.793628234919673519e-23
-9.086809572253270258e-23
-9.361648168718489867e-23
-7.955390899879931270e-23
-8.008090117435698657e-23
-6.721075392595833647e-23
-9.150494057284684752e-23
-8.805591969115483528e-23
-8.268492851592185350e-23
-8.354956122882195858e-23
-8.359553159736680442e-23
-9.427474951420929358e-23
-8.439609257846878900e-23
-8.499936540819631842e-23
-8.302636438804468508e-23
-7.565123299368947531e-23
-8.153852287360741471e-23
-7.392692756694956364e-23
-8.193182633641297106e-23
-7.855374542879338739e-23
-8.242798985041898316e-23
-6.922141109169282087e-23
-8.762876180554037510e-23
-8.651299818417069659e-23
-8.368650201713337511e-23
-7.171352798466825556e-23
-7.210651234188393799e-23
-8.443069011744047288e-23
-7.077215237000827348e-23
-7.939796513416979118e-23
-6.479926871062932788e-23
-8.278188859398010274e-23
-8.741571137716494272e-23
-7.743401923864641667e-23
-8.249483640408483618e-23
-7.618310004233373911e-23
-8.025155419858920631e-23
-8.328792534898177475e-23
-8.265659543666864595e-23
-8.029808798398009914e-23
-8.069475080813887423e-23
-8.049644802670065142e-23
-7.781311905077693536e-23
-7.813951520023566233e-23
-7.489337824020942455e-23
-8.336523867056059318e-23
-6.874635629492588007e-23
-7.384857958989665243e-23
-7.269268158529306075e-23
-8.290430437685337274e-23
-7.871085030798171440e-23
-7.689649915176982232e-23
-7.622466792068858322e-23
-7.851917277621820013e-23
-8.436363175372070441e-23
-6.561102713927108841e-23
-8.201901376402732397e-23
-6.621093038978010251e-23
-8.153236372880749931e-23
-7.526041905785939349e-23
-7.886745922259027459e-23
-8.140018181782581596e-23
-6.769399774331658941e-23
-8.293010407336549840e-23
-7.433435280471027213e-23
-7.880140848790351936e-23
-7.681584509424054507e-23
-8.345125855831379217e-23
-7.855599366171778617e-23
-7.426723985181413205e-23
-7.866140004018468331e-23
-8.190803491683796562e-23
-7.769675945562733548e-23
-7.297020849804018439e-23
-7.888591608518152143e-23
-8.188525175787125586e-23
-7.447486948759911975e-23
-7.840303950149662845e-23
-7.427026859567633592e-23
-7.770452006172382935e-23
-7.144784046565657059e-23
-8.131400853431398183e-23
-8.663908295782038869e-23
-8.104327651415512214e-23
-8.064816798697777978e-23
-8.878746555131959997e-23
-7.876168214616944759e-23
-7.570294551293133327e-23
-7.853340311649411890e-23
-8.650751121525637195e-23
-7.336792059246148518e-23
-8.793586226134450389e-23
-7.902597579229145033e-23
-8.520685214116836284e-23
-7.322802439533001170e-23
-7.788384156818900988e-23
-8.482014180781135433e-23
-7.216674377004587384e-23
-7.849039895517525757e-23
-8.192154867389514636e-23
-7.900967018785574019e-23
-8.055426126053236155e-23
-7.601887603318325673e-23
-6.934217173752060636e-23
-6.280679065878138015e-23
-7.577852181467352486e-23
-7.662273070188025001e-23
-7.759067547886404006e-23
-7.369937200277711008e-23
-7.300569738117312030e-23
-7.414641315834282225e-23
-8.911880715845411358e-23
-8.446270303821456338e-23
-7.750353885720925666e-23
-7.366499113853929254e-23
-8.174464963183874175e-23
-8.547536385885028713e-23
-7.400763176411140070e-23
-7.357626720824866232e-23
-8.370138398666267661e-23
-8.024514493161268171e-23
-8.594797887013000374e-23
-8.008461611568499758e-23
-7.418245180849221795e-23
-7.873047621769366739e-23
-8.229776036527116137e-23
-7.868464016702775714e-23
-7.547412024733587185e-23
-7.005237180044230782e-23
-8.811813333318572754e-23
-7.678536739740659301e-23
-7.962029251258920115e-23
-8.562074448588026784e-23
-8.620221324351660993e-23
-8.260128529151625578e-23
-8.611642571694805725e-23
-8.624144684228525218e-23
-8.409700513389910222e-23
-7.589240436088148552e-23
-8.746430490133003670e-23
-8.483789748849021769e-23
-7.329835553935271825e-23
-7.662036595304882155e-23
-8.084275736409026629e-23
-7.257155682431061375e-23
-7.407412872309148606e-23
-7.856652417703096006e-23
-8.310559997793724183e-23
-7.566806513717506114e-23
-7.601992998820936400e-23
-8.061334051316062042e-23
-7.067398425916618180e-23
-8.219739676594228136e-23
-7.539610166853341433e-23
-8.717592888777703514e-23
-8.057054476242050787e-23
-7.960303799876083058e-23
-8.247056971579438308e-23
-8.108148329336529699e-23
-8.003430938435230608e-23
-7.202605776906347545e-23
-7.939812771833228131e-23
-7.762514281258957819e-23
-8.315028921885748382e-23
-8.678292411265073669e-23
-8.085803462799791933e-23
-7.149814387230123245e-23
-7.240282682346647347e-23
-8.365445480097661873e-23
-7.798894792110605618e-23
-7.577385332663001393e-23
-8.272380805498501594e-23
-8.038601809758416929e-23
-7.796534677517997902e-23
-7.970762811542964127e-23
-7.705646297978932997e-23
-8.419821519133230981e-23
-7.053016589833858564e-23
-8.031567588576648388e-23
-7.416897137626449166e-23
-8.471564198560028479e-23
-7.746990504522600117e-23
-7.297415285995521670e-23
-7.275934966900993134e-23
-7.707830427680127536e-23
-7.202089676081455834e-23
-7.610198269796980602e-23
-7.042250015553025429e-23
-7.877326650541499110e-23
-7.049150458248688115e-23
-7.831607075977550400e-23
-8.051485023021494315e-23
-7.089424762255829773e-23
-7.407365573726147567e-23
-7.659551493092947453e-23
-7.379165664217531953e-23
-7.363668884027742103e-23
-8.293917575253704132e-23
-8.135596859102455898e-23
-7.566198019267813666e-23
-7.706866601780167808e-23
-7.494867857892738148e-23
-7.915283652402024368e-23
-7.760884947969291306e-23
-7.800223385067424449e-23
-8.112319547308197866e-23
-7.363566084675608387e-23
-8.240077065312087576e-23
-7.313711983693909439e-23
-7.824475864025378325e-23
-7.293101646022801476e-23
-7.162740480423276438e-23
-7.818854648653599681e-23
-7.696524412984759349e-23
-8.004132394898145885e-23
-7.685537142026012695e-23
-7.841391186852317963e-23
-7.751112284907534004e-23
-7.160016506009468033e-23
-6.575822281273610083e-23
-7.351537663562371610e-23
-7.701388042920698186e-23
-7.365887289851564854e-23
-7.967329858493126506e-23
-8.136685633428587466e-23
-8.063767634884112169e-23
-7.844375368186936262e-23
-7.169899713366409280e-23
-7.232334091809324478e-23
-7.840966874207482191e-23
-7.222088141264133694e-23
-7.974289038797692224e-23
-7.161616518973577041e-23
-7.649385834696360266e-23
-7.459636243799346510e-23
-6.961714043008989088e-23
-7.687687816576740843e-23
-7.791180436415641533e-23
-6.926083933029587860e-23
-7.870576909612019667e-23
-7.465158105079545512e-23
-8.086755850621507353e-23
-8.046469229643171669e-23
-7.126513570506330447e-23
-8.184951856267916669e-23
-7.115556972329325744e-23
-7.733252689478503716e-23
-8.139911983159358794e-23
-7.429316556416231765e-23
-8.130001354330632122e-23
-7.161092722637666952e-23
-7.205863852560122424e-23
-7.301352392296649738e-23
-7.522198899429144394e-23
-7.231454339352646773e-23
-6.959607119388817560e-23
-7.148607802574726762e-23
-7.429571413762444328e-23
-7.710942245427754833e-23
-7.873532060257913813e-23
-7.233864418079988364e-23
-6.920011847435907749e-23
-7.894820069024529283e-23
-6.940373097987915904e-23
-6.367395846681712130e-23
-6.752530238953958541e-23
-7.431109888124043071e-23
-6.345760319339661703e-23
-7.064258513710874512e-23
-7.067005714416035934e-23
-6.917100462865679405e-23
-7.265330894020122482e-23
-7.554790054480202055e-23
-7.469437314643806951e-23
-7.505931811850423922e-23
-6.423553950157941758e-23
-7.384116474158283948e-23
-7.440535980858319959e-23
-6.896665676867806040e-23
-7.026997952386515683e-23
-6.599393148783785680e-23
-7.423396214649803206e-23
-6.717377539549479476e-23
-6.856586797230971088e-23
-6.905977551730560275e-23
-6.842838560110540582e-23
-6.367963248566457042e-23
-6.968713337824436798e-23
-7.094291103913241427e-23
-7.090035515854217336e-23
-6.789134510617095261e-23
-6.763880110791118232e-23
-7.050471900625808042e-23
-6.914262682576950077e-23
-7.174954414707415388e-23
-6.360130070901451253e-23
-7.175957216641817364e-23
-6.457683073702780333e-23
-6.425615496184431544e-23
-7.259818852304350032e-23
-6.545668090200691994e-23
-6.716552813824298412e-23
-6.570191527749059761e-23
-6.012520739656046674e-23
-6.463001938222273104e-23
-6.818870545346030177e-23
-6.873256380447383600e-23
-6.687217964688206508e-23
-6.862039397495163711e-23
-6.621320566404084576e-23
-6.391985080671004507e-23
-6.802563292014792839e-23
-6.885585048804984167e-23
-7.169340509642319129e-23
-7.075316843986023587e-23
-7.086529820287974946e-23
-6.696038087437756244e-23
-6.840740335334054620e-23
-7.008165032696374467e-23
-6.345678997367943934e-23
-6.234085249789454882e-23
-7.209227078895432070e-23
-7.167574776912586467e-23
-6.329623668718155393e-23
-6.288673522691151938e-23
-6.314956238723393338e-23
-6.040913405349992455e-23
-6.396610759869236114e-23
-6.285815647893991062e-23
-6.260867902700970211e-23
-6.691425014443377089e-23
-6.539619672792327731e-23
-6.479248369547894122e-23
-6.416098617809918477e-23
-5.996092657981018155e-23
-6.217061880827170998e-23
-6.751398013049954777e-23
-6.184303617268616644e-23
-6.680409973742227664e-23
-6.051772702396629469e-23
-6.209197613472450966e-23
-6.061921195104372846e-23
-6.125122588775111005e-23
-6.324741513492952111e-23
-6.679675716348612991e-23
-6.349583725959052841e-23
-6.631933521532332748e-23
-6.398273822644496180e-23
-6.108077947735602850e-23
-6.594585025350352124e-23
-5.940857157929696943e-23
-6.529414420129911512e-23
-6.176434404645036439e-23
-6.079580064521383035e-23
-6.029572125880456324e-23
-6.438631048644418486e-23
-6.354701381674384719e-23
-6.267201387422144538e-23
-6.067702466508862272e-23
-6.189369917405965076e-23
-6.495619830089363651e-23
-6.287180630798847597e-23
-6.391881664563832030e-23
-6.637694465619875988e-23
-7.080709961733705142e-23
-6.847456496722891410e-23
-6.581121682222322123e-23
-5.933582838280120981e-23
-6.084465975805870743e-23
-5.909786084482232276e-23
-5.975126007078582015e-23
-6.462102426219996721e-23
-6.246931638267432217e-23
-5.527744369818486550e-23
-6.772234741789715141e-23
-6.325239141072812408e-23
-5.506025977252824487e-23
-6.090852839109353510e-23
-6.417265034819724391e-23
-6.448152947047123602e-23
-6.012092062479125862e-23
-5.992901585207889446e-23
-6.226863472935378382e-23
-6.223383238017449906e-23
-6.349617892933425337e-23
-6.432283214587809054e-23
-6.670573593607735184e-23
-5.738466823449344363e-23
-6.309921256853564998e-23
-6.574356694425197595e-23
-5.923465401358128781e-23
-6.309730877572182335e-23
-6.081895475976057265e-23
-6.228877480397818628e-23
-6.376807472731956743e-23
-5.889191557860960023e-23
-5.777379758274546506e-23
-6.385943533703738778e-23
-6.061210783150603386e-23
-5.853913428876363113e-23
-6.142474720239445994e-23
-6.354087599401642604e-23
-5.684872735925868217e-23
-5.810796326956670329e-23
-5.898275761303350592e-23
-5.819938769269881391e-23
-6.552755099051807426e-23
-6.136488381052559801e-23
-6.256931549698771851e-23
-6.326504999113649654e-23
-6.573278615154769707e-23
-6.540417188190718776e-23
-6.254371285550242466e-23
-5.578819393730974116e-23
-6.363507670447889808e-23
-5.827410445370084145e-23
-6.505152378854478059e-23
-6.698930884891276688e-23
-6.532036776331514305e-23
-5.993573623066979371e-23
-6.086430925535500877e-23
-6.133310726753141958e-23
-6.015868675444333620e-23
-5.917064952962021235e-23
-6.380789264249375001e-23
-5.960876174711252169e-23
-6.600607486623804312e-23
-5.867594249344615077e-23
-6.163375884173744353e-23
-6.330808741483475888e-23
-6.392230772914456619e-23
-6.434257353276503666e-23
-6.595115604390093987e-23
-6.037219214038555890e-23
-6.103075465259262534e-23
-6.488979232504665952e-23
-5.927409587161642465e-23
-6.023650989700068422e-23
-5.949348732563805906e-23
-6.070169738028230380e-23
-5.998415345596673641e-23
-6.054925491366361963e-23
-6.183506593793982668e-23
-6.241097980168372333e-23
-6.030407474632599111e-23
-6.089847304977114742e-23
-5.636689161347641931e-23
-5.781373001493279941e-23
-6.656451663230420918e-23
-6.011006875575772164e-23
-5.676435219798704676e-23
-6.016098569229076736e-23
-5.525473415647471438e-23
-5.935476509220706969e-23
-6.673246354192441333e-23
-6.180339143871904209e-23
-5.980114035750112801e-23
-6.311175665861475701e-23
-6.112207758376684082e-23
-6.061205039104308874e-23
-6.080725160373666598e-23
-6.052814883851905394e-23
-6.065997623648964134e-23
-5.953804306808469205e-23
-5.529888723588328335e-23
-6.070769944852224446e-23
-5.842045565275061987e-23
-6.230126328593264312e-23
-5.641613253577013623e-23
-6.104804654071263223e-23
-6.052636880847021885e-23
-6.201559524530368701e-23
-6.003070042927265583e-23
-5.913910483364409093e-23
-5.887069281980061997e-23
-6.307127217159190529e-23
-6.320593493909103534e-23
-6.352979318566444280e-23
-5.977575199124215214e-23
-6.066201379935328832e-23
-5.684101237897616298e-23
-6.019584259195168878e-23
-6.195250485951170143e-23
-5.878447110857140185e-23
-6.413287654244301105e-23
-5.651264686233980703e-23
-6.012792375758845606e-23
-6.345646334421783746e-23
-5.922260972956618267e-23
-5.814946799847800015e-23
-5.926522705450596538e-23
-5.821747928928482905e-23
-5.683534922062062075e-23
-5.675272242196882755e-23
-5.782124632075717452e-23
-5.795110194958022954e-23
-6.086923596643460319e-23
-5.423906478891052207e-23
-6.089273971626190541e-23
-6.362304379452408006e-23
-6.297904260164155928e-23
-6.313290358141964013e-23
-5.547905524101753810e-23
-6.059308566194511764e-23
-5.801060292789266804e-23
-6.114284491416883575e-23
-5.964004497383965122e-23
-5.719347402917651603e-23
-5.844140776520962514e-23
-5.662604910481725446e-23
-6.327194560847829426e-23
-5.852428576229310159e-23
-6.040798434944949134e-23
-6.131785442052542143e-23
-6.081234949477064673e-23
-6.112452297154818694e-23
-5.649126525716273224e-23
-5.368526391280239171e-23
-5.313732596716414236e-23
-5.590786712396639077e-23
-6.154267887755923231e-23
-5.465659574971766445e-23
-5.555595870000878258e-23
-5.895490610897930384e-23
-5.447565493169992256e-23
-6.083640344105263478e-23
-5.744443750594610591e-23
-5.640933533361352434e-23
-5.619122760650404431e-23
-5.972506148815297012e-23
-5.562601982927165485e-23
-5.916114865456715045e-23
-5.461833820717028732e-23
-5.375662345504552473e-23
-5.455963855578276513e-23
-5.072747797087778090e-23
-6.038650697948849647e-23
-6.092832112140051820e-23
-5.826695882291629673e-23
-5.384729573340528085e-23
-5.718841960542865369e-23
-5.593411378317931173e-23
-5.215542288709485753e-23
-5.824271009281930307e-23
-5.535026589791325000e-23
-5.679245332228381562e-23
-5.577683789240337131e-23
-5.528444669416256089e-23
-5.890936251063197969e-23
-6.024488475781423361e-23
-5.697158010671502312e-23
-5.749594556691812891e-23
-5.570653888774441421e-23
-5.467946687393279672e-23
-5.347039379040496533e-23
-5.779681289293802530e-23
-5.640830605619984814e-23
-5.439139290519790906e-23
-5.445354171691688238e-23
-5.608058312792075139e-23
-5.525222927144400093e-23
-5.511735691357088429e-23
-5.383061344817632297e-23
-5.178016408793202421e-23
-5.563616743057550462e-23
-5.637300015643395360e-23
-5.381737265441603142e-23
-5.634762718431462535e-23
-5.460550990100842785e-23
-5.590427091103187712e-23
-5.431430086698922040e-23
-5.621192674955063217e-23
-5.536099375101066354e-23
-5.523127675493137029e-23
-5.295236419435079125e-23
-5.206350523686800004e-23
-5.268539435790370011e-23
-5.291245039505147685e-23
-5.396881160341023833e-23
-5.142501193104956996e-23
-5.354766881658507146e-23
-5.172603565563232331e-23
-5.391086091614712290e-23
-5.450774272912979324e-23
-5.431370637210745945e-23
-5.087099764391709794e-23
-5.207628162654357827e-23
-4.958455782037176593e-23
-5.217007169913594150e-23
-5.145856411692043728e-23
-5.309817266546902537e-23
-5.191241114977334394e-23
-5.193831518157723113e-23
-5.435225286841508489e-23
-4.897229888281097797e-23
-5.009417818090968757e-23
-5.112939745271484703e-23
-4.877695374852407475e-23
-5.113100686874093587e-23
-5.163567307712790670e-23
-4.924228413222641844e-23
-4.854751884820185066e-23
-5.155514973165793029e-23
-5.173352369718487903e-23
-4.852476921105095879e-23
-5.040049749624079338e-23
-4.662295566312115289e-23
-4.689432282916900369e-23
-5.096993082718258231e-23
-5.378014203805830663e-23
-4.787524485338992138e-23
-4.993733448238743559e-23
-4.935742718069828177e-23
-5.139926023025864426e-23
-5.048477330400858458e-23
-5.328907904726768422e-23
-5.348384318597891622e-23
-4.834980985258935341e-23
-4.841207110037663141e-23
-4.329121544761478637e-23
-4.786923719749533612e-23
-4.713152145934238933e-23
-4.899768907635211843e-23
-5.227712114291492372e-23
-4.512969875126033000e-23
-4.773248942671574856e-23
-5.006432770792453866e-23
-4.885293041885278688e-23
-4.632584548925405978e-23
-5.027380171314419595e-23
-5.020102750716230433e-23
-4.640669617639966841e-23
-4.960648749097486184e-23
-4.911295973677333113e-23
-4.698863377001313026e-23
-4.737195725863904000e-23
-4.707391736215162814e-23
-4.951227376158753016e-23
-4.459909547067155265e-23
-4.660593758583812554e-23
-4.366990897125210165e-23
-4.541677620412860861e-23
-4.768915018082748757e-23
-4.669365675939773938e-23
-4.704252132421347598e-23
-4.500504451529301244e-23
-4.809411802767484237e-23
-4.690913137228216120e-23
-4.525511598340849970e-23
-4.183220464496601546e-23
-4.127129116306049351e-23
-4.688707172591309127e-23
-5.058776544902148417e-23
-4.755645231367069982e-23
-4.671727760664982018e-23
-4.665873557589621835e-23
-4.620944511969071184e-23
-4.501931756526139487e-23
-4.577616482309567315e-23
-4.644163099080575252e-23
-4.609403546108413331e-23
-4.649095521847386337e-23
-4.508508953041686246e-23
-4.822328428732572838e-23
-4.264359943580440798e-23
-4.656708593645714051e-23
-4.832725329767299668e-23
-4.544783898648648457e-23
-4.510451649091053366e-23
-4.579180664718022428e-23
-4.588616002639502128e-23
-4.553776877952850249e-23
-4.252767063318744043e-23
-4.537529518652733645e-23
-4.382414521951087245e-23
-4.564863532657431894e-23
-4.554003713546958285e-23
-4.452749958345703095e-23
-4.360896255036966869e-23
-4.351117416239298784e-23
-4.503457947729292435e-23
-4.523913520990922677e-23
-4.359015120809196773e-23
-4.363777933424238784e-23
-4.222322886107953796e-23
-4.247342115198829547e-23
-4.259633370762895744e-23
-4.384674594258537383e-23
-4.484230239518265526e-23
-4.575281079000355467e-23
-4.177166475142743438e-23
-4.254119815832473768e-23
-4.149610307316467465e-23
-4.369835352833611556e-23
-4.128390301945038136e-23
-4.180920172003737628e-23
-4.231311571391934024e-23
-4.018093748936756002e-23
-4.404359813954659762e-23
-4.101165784919194677e-23
-4.503449239890233327e-23
-4.288608227244723368e-23
-4.422665012267023790e-23
-4.494725621612977419e-23
-4.361413512511659629e-23
-4.554061599656635478e-23
-4.463063528883085676e-23
-4.348207885457698714e-23
-4.210651360992391846e-23
-4.411204216371305491e-23
-4.025847399047389021e-23
-4.329164103957160866e-23
-4.254562636051053034e-23
-4.252676583186171810e-23
-4.722449493111010108e-23
-4.469222427141936485e-23
-4.286564738671893612e-23
-4.299694118635628345e-23
-4.404221475818538423e-23
-4.176281474510053677e-23
-4.494915483643328262e-23
-4.043380384691640123e-23
-4.082017357960864203e-23
-4.297322061742190965e-23
-4.338732076962776107e-23
-4.119118598855992575e-23
-4.431809638858587344e-23
-4.278818809239377924e-23
-4.423636811695287530e-23
-4.010697405116288907e-23
-4.368193624392604804e-23
-4.233123785542323064e-23
-4.317106291514255444e-23
-4.175628553196873141e-23
-4.099591143310838598e-23
-4.454214311025061805e-23
-4.242869395181043200e-23
-4.347575943234584454e-23
-4.142542803304769533e-23
-4.229932888611427796e-23
-4.119603871158628716e-23
-4.107787042367090844e-23
-4.217796053310415102e-23
-4.140803061677429946e-23
-4.019480538348954495e-23
-4.036059235667331081e-23
-4.344555510069979131e-23
-4.192394188621371986e-23
-4.136743071905388102e-23
-4.131023371801954273e-23
-4.505094912444827698e-23
-4.166064824829335004e-23
-4.051678756337166151e-23
-4.116740925258788573e-23
-3.992228963891882050e-23
-4.203300958699221204e-23
-4.131447617773888345e-23
-4.162097793505902840e-23
-3.967196331169800043e-23
-4.209880126414520302e-23
-3.957674338746720350e-23
-4.073242257470803921e-23
-4.466238090927077176e-23
-4.457224617891410245e-23
-4.167975319366531658e-23
-4.222315322726836848e-23
-4.077013623820410188e-23
-4.159227428136727141e-23
-3.977007807119766944e-23
-4.227291714132431606e-23
-4.315267090520836911e-23
-4.063774832144625591e-23
-4.007539950829702752e-23
-4.152269014412066107e-23
-4.102201704183068557e-23
-4.307632268554815319e-23
-4.193986802446701685e-23
-3.920155284401656640e-23
-4.204741825404873681e-23
-4.024840833111527935e-23
-3.934704279244613242e-23
-4.183566690013454064e-23
-3.814592006470818705e-23
-4.069794200502999860e-23
-3.931915071117748064e-23
-4.104754556375182974e-23
-3.953187234510316125e-23
-3.839337395555347462e-23
-4.229684487438718077e-23
-4.254692558868361026e-23
-4.164153197141372154e-23
-3.820884525901297735e-23
-4.097433317475563387e-23
-3.829421726420471754e-23
-3.712282753104610850e-23
-3.934270710393803295e-23
-4.089237742054235267e-23
-3.935843240792734976e-23
-3.996042585653930363e-23
-3.930858664478329922e-23
-3.736851032469389119e-23
-3.712022165065666703e-23
-3.926630245191615881e-23
-3.998993732988971448e-23
-3.663980027261372291e-23
-3.932284872224995085e-23
-4.087637050209392913e-23
-3.928046157194506540e-23
-3.886268636028484455e-23
-3.804659207435441998e-23
-3.845881709090820205e-23
-3.811685350318932925e-23
-3.957746798798558796e-23
-3.553206570811645880e-23
-3.782968650436170012e-23
-3.881395385985014860e-23
-3.665186975981846612e-23
-3.978078888509131093e-23
-3.793621613789977997e-23
-3.666281962668538994e-23
-3.608503698272337594e-23
-3.748795938610940035e-23
-3.466028170183550277e-23
-3.801431708810807208e-23
-3.749839281178538573e-23
-3.953787455418688537e-23
-3.726286368004518805e-23
-3.764015516957095959e-23
-3.914474091895536087e-23
-3.631809292870690602e-23
-4.079428477915718988e-23
-3.637075194607554712e-23
-3.710669529988750298e-23
-3.623746920126394323e-23
-3.664272153111365264e-23
-3.649054010981435359e-23
-3.518432824351233884e-23
-3.732948711439931476e-23
-3.500133947498308568e-23
-3.775703075011810667e-23
-3.823432377718576992e-23
-3.678307750813982855e-23
-3.461715148083364892e-23
-3.575761584005190034e-23
-3.706883768436529438e-23
-3.587723595926883100e-23
-3.758397568335132942e-23
-3.660684294620981419e-23
-3.734139691491962678e-23
-3.413675819045343761e-23
-3.477024313995968192e-23
-3.673543975333875679e-23
-3.660033851110180799e-23
-3.268174016004924696e-23
-3.661275988295325057e-23
-3.560567538558802668e-23
-3.453335520838713375e-23
-3.611847024873642000e-23
-3.709858023015631238e-23
-3.595622916437435833e-23
-3.329615419709986063e-23
-3.464745061565836787e-23
-3.344494246099338007e-23
-3.449384051668060729e-23
-3.283054152666897094e-23
-3.291936188157808169e-23
-3.330756999379318900e-23
-3.492890730903620722e-23
-3.283098775692390884e-23
-3.408880676868002226e-23
-3.516383186212565806e-23
-3.290170292774245686e-23
-3.456949013946586603e-23
-3.316679052842590995e-23
-3.715522194778644800e-23
-3.384142649688427487e-23
-3.214122561101346366e-23
-3.356589868215782549e-23
-3.427991109597117162e-23
-3.252956014381004058e-23
-3.425451145116275246e-23
-3.458515676105702425e-23
-3.473421888651208517e-23
-3.476954322676864274e-23
-3.351243266698326575e-23
-3.280443014688649633e-23
-3.210255164584196354e-23
-3.137696296562047514e-23
-3.411210469958575142e-23
-3.177336140495020353e-23
-3.343136212336436715e-23
-3.195709833704943429e-23
-3.237956770409148581e-23
-3.351015113735124582e-23
-3.247055817563098772e-23
-3.254598825807955497e-23
-3.299116708048897627e-23
-3.185250034310033943e-23
-3.221391596470481144e-23
-2.987810834847225321e-23
-3.294344517433760355e-23
-3.171126064157540961e-23
-3.101920804547630953e-23
-3.357612899740303132e-23
-3.033019651475630514e-23
-3.308343132624759518e-23
-3.060410357652831142e-23
-3.288282849345866031e-23
-3.248424450064459638e-23
-3.111331182007345164e-23
-3.160985322362808052e-23
-3.110653657119363043e-23
-3.032183956423077669e-23
-3.051005279188563906e-23
-3.200537088980654646e-23
-3.036521970778891675e-23
-3.100041001442263992e-23
-3.155110573170296802e-23
-3.089325516839628726e-23
-3.015151671682807249e-23
-3.087756032862780505e-23
-3.001063699531512626e-23
-2.972438290901050828e-23
-3.148579290755194249e-23
-3.190848356526313260e-23
-3.038164231857961457e-23
-2.983794803483310676e-23
-2.985726183417638857e-23
-3.099183429482350474e-23
-2.922394112925101902e-23
-2.836930869064217229e-23
-3.014005259006875566e-23
-2.869037007776836918e-23
-2.833769170848832566e-23
-2.959119426476960320e-23
-2.788662000610462730e-23
-2.811333876884349332e-23
-2.802949804744210911e-23
-2.887185846686233816e-23
-2.926572177968252740e-23
-2.943217975998475218e-23
-2.724405584975004278e-23
-2.984919331451876579e-23
-2.973428710072799754e-23
-3.090197727787633441e-23
-2.959929195165636514e-23
-2.894976519150052497e-23
-2.719775522115419609e-23
-3.041742416805008968e-23
-2.761573717710081232e-23
-3.037270273974862925e-23
-2.875193430442558343e-23
-2.759188466006586464e-23
-2.814652848890416879e-23
-2.795719678831704769e-23
-2.822235990360003914e-23
-2.892745737134397924e-23
-2.796911787747471333e-23
-2.760213080782477005e-23
-2.688197867561142990e-23
-2.740885185833442831e-23
-2.679603556990074583e-23
-2.853603702355598970e-23
-2.664995629150239364e-23
-2.706651321063781164e-23
-2.813114411939746346e-23
-2.626636056610697617e-23
-2.643830981870539709e-23
-2.545985056250509420e-23
-2.715701598159654688e-23
-2.842742592599893363e-23
-2.696417482759452856e-23
-2.713971995217599965e-23
-2.691028445926117717e-23
-2.750933781710968443e-23
-2.718512065732370849e-23
-2.601090780842219291e-23
-2.689890022192166773e-23
-2.528097688368692016e-23
-2.554183377775649076e-23
-2.559717097046926228e-23
-2.516784980719704138e-23
-2.604187557931356372e-23
-2.696516909707578736e-23
-2.348683158631653104e-23
-2.741299017866385397e-23
-2.640269434977249228e-23
-2.608682807725041983e-23
-2.539688351646866743e-23
-2.724357143335317348e-23
-2.506193565917544632e-23
-2.606268376643632206e-23
-2.574040472101021017e-23
-2.534942612928482592e-23
-2.477187588503400051e-23
-2.580649807381988850e-23
-2.464686684599435375e-23
-2.478167057428612501e-23
-2.563573188969313051e-23
-2.545609966603824451e-23
-2.642135646875343982e-23
-2.421413390534956409e-23
-2.580958383126259186e-23
-2.557389040300125240e-23
-2.546317747439654120e-23
-2.612830078324129445e-23
-2.355443995222105122e-23
-2.447239647284913904e-23
-2.456673678674865618e-23
-2.517281641121101507e-23
-2.462468816645356673e-23
-2.571312636738966930e-23
-2.381091875348144861e-23
-2.427521771879477673e-23
-2.382772708431129996e-23
-2.571823320196238389e-23
-2.429622467347457899e-23
-2.620982441937780746e-23
-2.429937937800061286e-23
-2.388423673631357882e-23
-2.410111116700124776e-23
-2.396711318559358909e-23
-2.259188484696986996e-23
-2.402701045157490445e-23
-2.527658225092732305e-23
-2.415937585151183099e-23
-2.511361639999792614e-23
-2.321763207102648274e-23
-2.359553936654461616e-23
-2.431170817018887142e-23
-2.550313166528355193e-23
-2.281646753994810134e-23
-2.572091548205099061e-23
-2.280949494570890215e-23
-2.408665280157292952e-23
-2.412458720303895421e-23
-2.513246579879232873e-23
-2.518301564792119220e-23
-2.349757522134897575e-23
-2.320383468605291212e-23
-2.325592343405503007e-23
-2.210252873633309328e-23
-2.405287599271739912e-23
-2.272003515678108261e-23
-2.327479220917410579e-23
-2.182611244864109279e-23
-2.325323320734358929e-23
-2.389027350576559182e-23
-2.254772604417681703e-23
-2.135376828781458350e-23
-2.251284841428834421e-23
-2.320553351993148718e-23
-2.237710153490493979e-23
-2.319029843940624942e-23
-2.202680329628498474e-23
-2.477863923556485456e-23
-2.178134282130566416e-23
-2.203972027644175624e-23
-2.107839163932789685e-23
-2.339652399184338910e-23
-2.358717695110024450e-23
-2.307461789022183376e-23
-2.218160398836741574e-23
-2.233917958128249079e-23
-2.198946031452828268e-23
-2.256300669233443112e-23
-2.226682335524182265e-23
-2.191913438018058527e-23
-2.113998796946490892e-23
-2.362359573203967039e-23
-2.076476408469061858e-23
-2.249789081285083401e-23
-2.213206608908934782e-23
-2.338063919743583205e-23
-2.305773048164371856e-23
-2.242459010234352681e-23
-2.239620761590904176e-23
-2.106829132957359053e-23
-2.061021408907842467e-23
-2.131224185817530648e-23
-2.094161749584730159e-23
-2.182304763106560757e-23
-2.192420667480876688e-23
-2.227272863703618574e-23
-2.189497793819801600e-23
-2.185311366322079141e-23
-2.034630160619400202e-23
-2.023852646640210716e-23
-2.054685929423754204e-23
-1.978010283237788023e-23
-2.109926196261443682e-23
-2.227669316747498583e-23
-1.978919881867461991e-23
-2.074197294389833973e-23
-2.080233386880340314e-23
-2.060262204660585294e-23
-2.084854956882525260e-23
-2.143686759225319686e-23
-2.067709058328112415e-23
-2.121933552174077028e-23
-1.951126878138889838e-23
-2.053613149345256879e-23
-1.986677175317792033e-23
-2.088464843589025110e-23
-2.010003542761845102e-23
-2.076869858753251597e-23
-1.903757620921508115e-23
-2.137038320312651208e-23
-1.998010805423385351e-23
-2.089259743580950186e-23
-2.000529506863405404e-23
-1.931751639812982589e-23
-2.034440239412821151e-23
-1.995336949456199137e-23
-1.942410656795879967e-23
-1.988253248112254541e-23
-1.929615656822592511e-23
-2.008999074218996348e-23
-1.907242006614621567e-23
-2.081923249922356250e-23
-1.875222652866255289e-23
-1.965981949626095535e-23
-1.990168549340837821e-23
-1.826252765864843798e-23
-2.019355056834936480e-23
-1.944114117319631932e-23
-1.986972778223554619e-23
-1.995999164506657675e-23
-1.904464070085084237e-23
-1.877634726601942870e-23
-1.959045854797422328e-23
-1.874091508842867119e-23
-1.898350322664626620e-23
-1.850934935468325810e-23
-1.967892679656225087e-23
-1.892687175778234070e-23
-1.920850008013867063e-23
-1.916734310645112445e-23
-1.906462104897603535e-23
-1.838351649255104970e-23
-1.866281010123734223e-23
-1.847248054427839541e-23
-1.818365115199527338e-23
-1.838946470749713968e-23
-1.883588811388195221e-23
-1.810234519361668019e-23
-1.847649564332112200e-23
-1.878422397691676340e-23
-1.863674385206729094e-23
-1.821760174879024685e-23
-1.785972074144425169e-23
-1.824923002721803439e-23
-1.749575017233100971e-23
-1.738361483249428937e-23
-1.680244499272300265e-23
-1.767462687318714977e-23
-1.807864936359690009e-23
-1.708437221878212608e-23
-1.869247205011996570e-23
-1.806089323639712125e-23
-1.759862838643276394e-23
-1.782462388935678572e-23
-1.783084832065058271e-23
-1.732210446681427132e-23
-1.735803105647998683e-23
-1.783989831420892218e-23
-1.731387018005829606e-23
-1.764589648377055838e-23
-1.787666350412006357e-23
-1.707577227024067278e-23
-1.780240691784435790e-23
-1.671120317066069251e-23
-1.779751679412950899e-23
-1.794259114893382890e-23
-1.745382356527261111e-23
-1.732497658874101834e-23
-1.702672331197904212e-23
-1.722474798473805445e-23
-1.630384023127736049e-23
-1.583364236028802543e-23
-1.693554163585389643e-23
-1.633958830526245269e-23
-1.624667874747744242e-23
-1.722792238891569723e-23
-1.625224490669195167e-23
-1.660387655787785499e-23
-1.492007426391093311e-23
-1.653302841277239508e-23
-1.565483211642514842e-23
-1.680867972031376532e-23
-1.656459314655109998e-23
-1.620864920084522837e-23
-1.666397427543182516e-23
-1.670298366429747314e-23
-1.604632862578876265e-23
-1.593940601221490836e-23
-1.488054762197934858e-23
-1.522722383474755750e-23
-1.635634875466808736e-23
-1.569564791353660133e-23
-1.561929007123520177e-23
-1.611906982063893257e-23
-1.571732915247418975e-23
-1.638155122351255012e-23
-1.578299111869312208e-23
-1.567937781823890305e-23
-1.632902195294579741e-23
-1.586434844169350322e-23
-1.579785958395764319e-23
-1.508732668875858099e-23
-1.551262607356357097e-23
-1.626939332341923328e-23
-1.540657829510037690e-23
-1.580770942363887693e-23
-1.515820913327325099e-23
-1.478961127070170048e-23
-1.484128872354051214e-23
-1.468666334538780897e-23
-1.475028115832799204e-23
-1.480589266146370912e-23
-1.471058901027652946e-23
-1.509803989632553083e-23
-1.479942555207378502e-23
-1.506132855517042638e-23
-1.428749869369217888e-23
-1.564913419135177109e-23
-1.568921677683470618e-23
-1.348839707252879900e-23
-1.400876572589561346e-23
-1.451282126407753285e-23
-1.404290464588664866e-23
-1.428516467791443354e-23
-1.415316228213694293e-23
-1.404310917100804929e-23
-1.426811297321112420e-23
-1.389356165940689290e-23
-1.408606207305851881e-23
-1.415595711479989711e-23
-1.458634069309369036e-23
-1.386087030092780183e-23
-1.376615897418374512e-23
-1.378659483819938096e-23
-1.381657913059647012e-23
-1.355672870425889803e-23
-1.335181173318456948e-23
-1.417617056906126972e-23
-1.406836454320683480e-23
-1.318616636104994113e-23
-1.323243454980787649e-23
-1.281700063735384727e-23
-1.341603477958224125e-23
-1.329295298100094410e-23
-1.336564187760222728e-23
-1.285870587084024117e-23
-1.309489602107594838e-23
-1.359145906221037788e-23
-1.343158666350289870e-23
-1.287638485093408990e-23
-1.311354740834150013e-23
-1.253569561169479392e-23
-1.276118055150125820e-23
-1.331238359569985741e-23
-1.304536215743126172e-23
-1.343074226733679715e-23
-1.272254136137031799e-23
-1.343089481598423870e-23
-1.209677809809181462e-23
-1.197487490790612289e-23
-1.311061993528072014e-23
-1.284095971912477030e-23
-1.264117387376632604e-23
-1.263188869843330151e-23
-1.272979602046913948e-23
-1.328556046614557264e-23
-1.216953504633214844e-23
-1.282847011168133510e-23
-1.246749633713512965e-23
-1.173058241051305303e-23
-1.241472592696507635e-23
-1.211657092561039231e-23
-1.195083029600322048e-23
-1.269481216138275497e-23
-1.240269658955286463e-23
-1.158317637362780165e-23
-1.304933226556182901e-23
-1.233871823768984487e-23
-1.276815539837593314e-23
-1.166057473221888237e-23
-1.223346555351114648e-23
-1.234418481711150998e-23
-1.194171095110414145e-23
-1.209306347198849178e-23
-1.111580905023906497e-23
-1.181952595865903884e-23
-1.108718503972090004e-23
-1.283856845838579684e-23
