0.000000000000000000e+00
0.000000000000000000e+00
1.864875477267865091e-11
9.563714638824069481e-13
8.290095353829520421e-13
3.477162655514306772e-13
1.022371577103459350e-13
7.412085907674256668e-14
5.506879111379574369e-15
4.232017462773170136e-14
-8.268137443262499099e-16
-3.180967470633106392e-15
1.154691507469909649e-14
1.316914165203852480e-15
4.471373233315661400e-15
2.873220834525445757e-15
3.446156002379749497e-15
2.495123260225822093e-15
1.558442489254180611e-15
1.266606801946464852e-15
1.204910142181880070e-15
1.232123022508685201e-15
7.691991344390530537e-16
1.116150090452858408e-15
1.223149578200502018e-15
6.962709349416065200e-17
1.329279641599771452e-16
2.284317846172104920e-16
-1.708273993465921026e-17
3.098130516827161819e-16
2.621730233528744792e-16
1.580990724555794294e-16
6.616205453626587258e-17
1.047399641176898144e-16
1.484672744542993770e-16
5.967165294143347444e-17
1.088107143937421830e-16
5.148190624136696735e-17
5.819009031164613046e-17
6.224507616073198208e-17
6.114944731586662030e-17
1.756559392700945972e-17
7.325763809202303801e-17
7.398815718187175525e-17
4.367703703336600133e-17
9.981190029975692081e-18
4.862586962344472745e-17
3.189706698953909913e-17
2.550114849615157524e-17
1.612893211120762955e-17
3.933346626266585305e-17
6.589827368246708643e-18
2.765899238112782162e-17
2.476163630762495066e-17
1.780256816968492187e-17
1.286412878839557068e-17
1.383830168368534947e-17
2.325446025600309777e-17
1.518996969871550910e-17
1.516409365747634604e-17
1.999732177433714207e-17
1.324774015220634031e-17
1.127016651378599655e-17
9.788215219359490648e-18
4.738177936874529051e-18
8.594288084968342402e-18
2.441191358142362094e-18
6.490635086646076550e-18
6.602057196176411184e-18
4.510595422020256329e-18
8.294535705227408078e-18
6.761965654728799396e-18
7.014631211916860210e-18
6.316037285564538259e-18
5.892593757039508247e-18
3.178712277938479697e-18
6.339945858649213194e-18
7.013954365513302364e-18
3.392222029559965105e-18
2.310712490067766291e-18
4.957944756721509886e-18
3.985359553810159982e-18
4.508976407463617104e-18
1.984982646901533618e-18
3.176856563676586178e-18
2.215676872792789151e-18
1.368589390887937668e-18
2.770866584604034209e-18
2.470705329788517752e-18
2.193057619512715888e-18
1.787389415138185606e-18
2.190897826562519571e-18
2.963241683328875353e-18
3.006826360821330025e-18
1.285864307160504851e-18
2.070947632501602625e-18
2.405150742946457113e-18
1.143940295826309653e-18
1.972924586951386404e-18
2.297923253970783493e-18
1.269171809426189178e-18
1.478378761938412303e-18
1.904054588621029688e-18
1.901810392871565137e-18
1.113485009664437112e-18
1.483054408269297288e-18
8.465480578797462720e-19
1.095717600040168188e-18
1.315475284211435099e-18
1.218753392335973409e-18
1.258269183989748854e-18
9.529282470780996793e-19
8.555728853788356495e-19
5.033577315577879615e-19
8.056055762807220411e-19
7.493263606131505510e-19
5.142166933017877549e-19
1.076792705140308546e-18
1.049826979713514008e-18
8.334569277501518978e-19
7.402966402600598195e-19
6.945083057689729977e-19
6.576503167607891884e-19
5.166402390114084317e-19
8.334121178204921452e-19
5.765552288065052567e-19
6.132869836763652694e-19
8.005397312116197448e-19
3.612238958046688556e-19
4.945456779515591225e-19
3.216956028836155584e-19
2.997464508144390782e-19
4.321336371013023157e-19
5.527431514115774178e-19
4.208283776236937100e-19
4.710493446442105942e-19
3.840268736298811245e-19
3.757905945603725066e-19
4.017498797258521105e-19
1.884854787846231872e-19
4.523215064376541588e-19
4.260812407466986030e-19
2.111858319410639439e-19
2.999249126206531449e-19
2.983075470891534746e-19
3.185500362746844105e-19
4.229211635632603071e-19
2.184143528904267861e-19
2.480827002422489415e-19
2.343999022484591262e-19
2.702342477523644524e-19
3.153024284964187616e-19
2.627641878353983555e-19
3.262428479148460624e-19
2.664993034294432977e-19
1.732932533850754225e-19
2.090814141184503772e-19
2.143208041015027395e-19
1.998907681333358039e-19
1.933445040435083387e-19
2.326632175518731258e-19
2.134126202226461104e-19
2.026780383659814979e-19
1.912201189580853309e-19
1.579291218936758531e-19
1.370649679655092090e-19
1.419467503995983161e-19
1.476088152090082650e-19
1.639555048530907429e-19
1.930674578452463723e-19
1.461738146049666948e-19
8.634975208195669470e-20
1.966223905546013396e-19
1.679249778812842739e-19
1.276936159730570149e-19
1.477784685895809758e-19
1.506159309627632791e-19
1.812697437883394961e-19
1.518745283481323308e-19
1.360018391672543232e-19
1.543708805233033853e-19
1.664784030678554185e-19
1.084020613304725691e-19
1.262819288029728847e-19
1.341569181016580512e-19
1.496394871045980636e-19
1.157715521649166463e-19
1.116007786353925366e-19
1.164069818622764654e-19
1.098884122568097619e-19
9.110051767239951762e-20
1.191788791464333235e-19
1.380835886956957444e-19
9.104566013107083274e-20
8.317969594813247395e-20
8.003515514549447353e-20
1.246345703853108957e-19
5.318238672271704938e-20
8.115498725437726756e-20
5.184189984049856393e-20
1.091431529300641542e-19
1.026849318258481180e-19
8.440846500671311546e-20
5.884646552291620908e-20
5.622530280059679557e-20
5.575259083779616190e-20
5.940618733093758277e-20
6.380737765744239570e-20
6.752702919689884122e-20
6.761762220601409997e-20
7.859992778850414527e-20
6.142189619102338176e-20
7.038652857124837224e-20
7.167382405022069207e-20
5.163014598317357204e-20
7.239013206185251636e-20
3.515909329953311252e-20
5.708050198353590947e-20
6.426834554976098848e-20
5.860610420862694707e-20
6.211520678327372442e-20
7.078537899282739712e-20
6.885309393078260714e-20
4.039378375672778240e-20
5.847384126446163349e-20
5.275234970136768101e-20
5.507392495860068770e-20
4.789136719118316321e-20
6.439353092050359913e-20
5.401668540245193845e-20
3.417551714869506802e-20
5.151811867899681642e-20
4.426308308400531054e-20
3.933356876770480111e-20
3.768591879272372093e-20
3.694420447710280695e-20
4.073159637466132323e-20
3.847232983007120133e-20
3.660569337431038550e-20
4.490890859913095707e-20
3.531070557429781692e-20
3.367822094054646947e-20
3.003206849454021072e-20
1.988199733035702179e-20
3.213090284020499911e-20
3.506053801380716421e-20
2.524850484280484311e-20
2.992781193672093354e-20
4.032465502246807118e-20
2.024751672169205460e-20
2.417326053469326465e-20
2.711270159824796209e-20
2.264835414098216863e-20
2.299884860629235143e-20
2.489116286206252162e-20
2.970722282710386736e-20
3.184237356196918164e-20
3.127672003654364652e-20
3.444933609429025702e-20
3.174274642963031371e-20
2.739535788997834698e-20
3.254304308241246825e-20
2.163384327658227588e-20
1.884394720630786800e-20
3.060433624367864348e-20
2.124573439080527479e-20
1.881249191420337223e-20
2.460851982465521137e-20
2.492535216740177327e-20
2.242515317445030589e-20
2.370588839699607434e-20
2.193844074150366479e-20
3.019495735327729890e-20
2.499984147661075676e-20
3.118803310191537290e-20
2.239372884044503349e-20
2.697345465022531315e-20
1.856136221307412366e-20
1.999031727204976500e-20
2.116836601380643470e-20
2.589365925220245143e-20
2.199618619635995577e-20
2.000803541912842079e-20
1.627137999870047844e-20
1.752330258017280298e-20
2.060752410168526674e-20
2.195081194118464175e-20
1.891123869376774943e-20
2.152475438155826881e-20
1.749129466260675106e-20
2.290880108153455375e-20
1.746291253147460137e-20
1.279497607267490344e-20
1.351093696342404609e-20
1.454423129325037876e-20
2.268000158448358196e-20
1.369499509084721088e-20
1.541188927170989013e-20
1.994430807913101771e-20
1.344224700404637427e-20
1.529968816000309707e-20
1.780438288710849282e-20
1.695587292754405628e-20
1.610710584668401372e-20
1.580160716499737859e-20
1.102113534144999100e-20
1.350709089595150752e-20
1.008847772180176336e-20
1.577782998223508436e-20
1.398340233607001149e-20
1.672207076681257622e-20
1.524258606431107874e-20
9.567116016632945487e-21
1.260284530274237617e-20
1.343950370487395296e-20
1.271271225866616386e-20
1.318204482484747831e-20
1.110385172552285925e-20
1.025232463623195331e-20
1.763963444436131887e-20
1.268227864442301803e-20
1.149966815893101313e-20
1.316226466834229709e-20
1.295613417263814899e-20
1.121466346732106303e-20
1.348564763701758562e-20
1.456514238851252343e-20
9.290214270751727100e-21
1.350451377831934752e-20
1.280564823374723569e-20
1.051458896163003265e-20
8.885004096753703456e-21
8.769217025067536562e-21
7.736597377544757411e-21
9.494581266723549903e-21
1.063312325382473063e-20
1.187032021867247631e-20
1.129087143184058939e-20
8.919142913901592295e-21
8.561827895443066849e-21
8.811900140179817466e-21
9.893957821528821668e-21
9.533217546921086497e-21
9.968586356621305089e-21
7.431403173171360788e-21
7.534207954380670855e-21
1.082392152581960493e-20
9.193443161673552125e-21
1.141933618038675583e-20
8.919050639268041885e-21
9.964291119289876029e-21
8.300086603989579890e-21
7.126370073252499481e-21
8.235655724082455169e-21
8.331698554210874528e-21
6.536702015136959880e-21
1.047792369986356733e-20
6.386644988375675893e-21
9.435829678901044746e-21
8.098472950884324427e-21
7.112411379399922595e-21
7.430760784349757780e-21
9.154536128538553150e-21
7.507455417375216415e-21
5.792822565571924792e-21
9.375361129515706773e-21
7.089732413386835487e-21
6.011379440449454165e-21
6.524951200394274146e-21
7.031323565958427264e-21
6.382122484621630888e-21
8.701709241621344497e-21
8.250665841579479688e-21
7.065385362813426812e-21
5.295604848647736837e-21
8.518121422837202047e-21
5.739599410829102586e-21
6.119039907198885357e-21
4.137950460346065012e-21
6.698549863952721584e-21
4.854431387177122124e-21
5.377300230902863053e-21
5.109696361431057747e-21
7.126415620556682048e-21
7.363402387737646608e-21
4.243711891341819938e-21
5.446938083257849862e-21
5.851319459203557084e-21
6.844962232279849398e-21
5.776565030379707295e-21
7.092174260749989583e-21
5.207688822644108832e-21
5.749891835651045426e-21
5.031344773893985452e-21
6.422734643692372452e-21
4.717264773275667432e-21
6.147845800594603973e-21
6.827098666330531122e-21
4.539284194885643966e-21
4.827371023638748189e-21
5.023733438251121760e-21
5.940631965898329334e-21
4.754811599798078961e-21
5.631029562758092915e-21
5.438568540097175900e-21
4.733327811367942088e-21
3.649959975959245787e-21
4.778693390147731358e-21
3.501560911773486429e-21
4.185834199505430440e-21
4.005292586068916096e-21
4.366739670801490093e-21
4.644158000953878999e-21
4.795958349432644296e-21
4.303349844413533737e-21
4.782322349200091350e-21
3.624934389423528850e-21
4.164035311301779789e-21
5.064212203598434938e-21
3.534153656570481498e-21
4.440555787008202666e-21
3.637724132216296413e-21
5.121348368472085464e-21
4.624093623826584782e-21
4.819814865215800550e-21
3.654157485388022382e-21
3.771174768717333601e-21
4.085684668373645901e-21
3.377355377225204812e-21
3.370645501123853357e-21
4.202033617327628670e-21
4.512533507173076672e-21
3.104656380752519756e-21
4.024852256963030317e-21
3.538831519215998734e-21
3.893537108942114119e-21
3.488991756494540269e-21
4.116531567932976789e-21
4.414710738535345448e-21
3.731272418362305898e-21
3.827446585927680843e-21
4.262728187390594331e-21
3.088703605453665617e-21
3.566931887625143303e-21
4.913004851979480396e-21
3.274679620895495800e-21
4.047016946888402061e-21
3.075993289235913996e-21
3.578488455484865567e-21
3.135129970397113644e-21
3.251385029623844389e-21
3.168448848484853576e-21
2.474636048477733036e-21
2.968503830446260444e-21
2.742124398528298025e-21
2.863295884398323338e-21
2.231090816692776926e-21
3.005898277431774772e-21
3.166321243891551650e-21
2.850300176779319299e-21
2.449583184057280765e-21
3.234417119996839341e-21
2.787821988012377644e-21
2.319888064632803295e-21
3.013893954434655355e-21
2.883503779688804714e-21
2.166615822309887365e-21
3.037967205992237486e-21
2.840144688323687354e-21
1.986896390248462594e-21
2.570649076110724132e-21
3.161948198888154751e-21
2.618891098580211446e-21
2.976189684591487991e-21
2.537493423333467811e-21
2.046735610666034183e-21
2.790508029574705470e-21
2.000422146706743040e-21
2.090007437944916280e-21
1.911171783406366213e-21
1.692644737901387473e-21
2.226990305637165323e-21
1.792874169195524735e-21
2.715814043481549566e-21
1.884840713320394374e-21
2.322375328319160734e-21
2.325492408668728871e-21
1.871903997523055734e-21
1.938776943519215605e-21
1.703145309662508810e-21
2.334335112280528156e-21
2.091732358755837120e-21
2.417866822241048612e-21
2.265928491133525412e-21
1.992151101069342494e-21
1.976607898626359119e-21
2.115698552912576991e-21
1.827927748447054033e-21
1.651763498027769579e-21
2.198030076737509056e-21
1.991866049469137701e-21
1.813010609319222693e-21
1.814483092742502327e-21
1.919840927267164489e-21
1.724484912010841993e-21
1.840497729664605896e-21
2.065706587757550660e-21
1.201569113912230370e-21
1.930656016494188379e-21
1.884747506967392577e-21
1.374385004326751442e-21
1.436484745713755504e-21
1.708936139187368604e-21
1.460439338459372789e-21
1.584360820424010325e-21
1.757761991201969616e-21
1.485296766874981437e-21
1.363380765289577388e-21
1.728507218905841091e-21
1.737191248851053588e-21
1.643438933411862459e-21
1.581141963797397169e-21
1.352021453513262900e-21
1.416185393678384050e-21
1.481307993785710624e-21
1.508674051409928204e-21
1.337594702351324753e-21
1.460522663843277938e-21
1.820152368994414697e-21
1.793516366168887404e-21
1.356932479634511578e-21
1.311214865644517696e-21
1.549966418946804160e-21
1.836945439135655857e-21
2.035649467612508358e-21
1.122099183206933428e-21
1.489233533526342643e-21
1.485607484135125445e-21
1.511271280240549466e-21
1.334299595569218032e-21
1.726936775418021431e-21
1.045387012577025313e-21
1.349789522210019568e-21
1.116040857477063832e-21
1.601669576481187959e-21
1.702445619834330912e-21
1.149752837598811066e-21
1.310985760870990546e-21
1.257967466627799897e-21
1.459039038694784524e-21
1.353817727685901226e-21
1.250624672601798342e-21
1.330764056063443931e-21
9.400177115661799445e-22
1.331529720401946498e-21
1.163439512495425105e-21
1.505211688870420949e-21
1.349423312406021980e-21
1.161633675965800765e-21
1.271245947639258363e-21
1.334149871109765552e-21
1.192597925006282281e-21
1.167623936974264102e-21
8.764208240439029302e-22
1.195515224688386039e-21
1.173876919997902521e-21
1.250301426484767622e-21
1.002989722094196637e-21
9.574840429390334400e-22
9.955055999472980578e-22
1.051342707954381574e-21
7.272961167146159780e-22
9.583097055933239285e-22
1.134986222471685942e-21
9.575979833456839682e-22
9.353962083640629827e-22
1.390775634735725212e-21
1.100594032944812469e-21
1.297666478287993952e-21
1.139983087386811079e-21
1.008798563056431297e-21
1.037856042816609741e-21
9.620225161987908304e-22
1.035058558887544050e-21
8.870267390513746160e-22
1.077834799443732644e-21
1.019330909590121324e-21
9.775037285909004705e-22
1.146772600260562134e-21
1.070382362676044634e-21
6.824529254575712320e-22
8.299707603839369191e-22
8.029390597975187936e-22
8.114137710864497528e-22
9.842921873966457414e-22
9.659217713131099603e-22
1.036041885909175821e-21
9.999241512023835776e-22
8.493752974486300200e-22
9.010196719831512860e-22
1.017094278351233346e-21
9.484634411662018826e-22
1.176488419920524857e-21
8.421387456762662498e-22
8.447447274356023512e-22
9.503540717823671809e-22
9.355876585989227877e-22
8.629057271966208836e-22
7.782199124761655077e-22
7.875281503420086931e-22
7.049834529339822155e-22
7.885864719433993421e-22
8.950220136192864076e-22
9.405491183082153019e-22
6.533683473084204139e-22
1.064739444790092883e-21
7.888864481244369819e-22
8.286901760585749265e-22
9.380657199154040362e-22
7.730106821633108138e-22
9.795618710203826537e-22
8.264644501960652617e-22
8.974132891750692963e-22
8.380995234795529799e-22
8.085343473526461741e-22
7.187163735076548025e-22
7.263194267024383602e-22
6.711266827441135401e-22
9.871622956494251726e-22
7.962211856224879450e-22
6.300543942797057025e-22
8.647590766160023018e-22
7.700174165830147764e-22
8.601146969112101584e-22
5.800853637051639064e-22
6.440618974481798501e-22
6.846526094261547654e-22
7.833456989727313687e-22
7.841975536754290167e-22
6.487702524135592751e-22
5.592299126876398393e-22
6.347626936032114350e-22
6.794967419186697514e-22
7.302367520947110599e-22
7.141473469197729031e-22
4.505668432924900953e-22
8.368987184547676389e-22
5.991213049673992744e-22
5.276681164328021618e-22
5.136983816913141649e-22
5.840848626121603730e-22
5.383439105561388808e-22
7.425326174461307237e-22
7.809858208655353423e-22
5.698492986479770465e-22
6.944572106760111438e-22
5.070397376242110269e-22
6.405556088347120692e-22
5.947352096138551414e-22
6.984078951341433020e-22
6.237871596249337813e-22
5.199702905086010587e-22
5.848304596114325100e-22
7.336996065067852847e-22
6.504424526508461361e-22
6.203799585617802898e-22
4.760215043180281615e-22
5.403666116994867342e-22
5.471845456220481120e-22
5.650531502440834564e-22
6.527664658402113436e-22
5.880499637195823012e-22
5.027749610151636948e-22
6.868059456200171940e-22
5.429916184599504202e-22
5.637652177007757101e-22
5.019427006541446127e-22
7.171788080742015367e-22
5.294184908070159726e-22
4.628313172379871541e-22
5.135694507742228497e-22
4.523888856525821463e-22
4.465934417425144915e-22
5.835776189870138973e-22
5.155301527024052410e-22
4.959134412836861884e-22
4.786166617295305010e-22
4.788980165042523200e-22
6.246177063388457845e-22
6.475202902661332348e-22
3.558031183744190343e-22
4.063538537102880798e-22
4.875356492489057758e-22
4.566402929561570706e-22
4.410208615713464194e-22
5.329670593359094467e-22
5.263475121390737095e-22
3.999062687801350226e-22
4.473182370957553000e-22
4.349483512922824501e-22
3.749221653463558118e-22
3.695581345180600614e-22
4.146314725751374867e-22
4.214267037831957327e-22
4.396152626656619976e-22
4.987014368338717177e-22
4.619787422534222034e-22
4.143786321709571139e-22
5.283084728003694873e-22
4.460199217780822723e-22
3.761117766970009791e-22
4.442998809348052974e-22
2.796200714639466949e-22
3.967048856117294429e-22
4.703996021689689590e-22
5.176591093967998306e-22
2.840558808459992827e-22
2.701908536998408032e-22
4.074094536841174418e-22
3.823631952563248443e-22
4.434473312125942141e-22
5.082713588862933312e-22
3.404931429382537681e-22
2.925010084488602466e-22
3.595904333395173197e-22
3.756664628161756726e-22
2.779647482884181069e-22
4.168388108019555561e-22
4.421672291746068539e-22
4.307699577468580344e-22
3.241220930987927879e-22
4.464545375993628895e-22
4.424599731991571498e-22
3.823455277842702702e-22
4.130504550042678751e-22
3.312626786630993676e-22
3.492025682280132359e-22
3.277591063794235878e-22
3.112264368541115512e-22
2.370008313466735051e-22
4.008931014788633129e-22
3.820624509613269395e-22
2.352820974403118459e-22
2.857707449088952711e-22
3.671600005795985832e-22
3.285469590453944015e-22
3.609802914062648462e-22
3.703115393132921263e-22
3.013918252199469060e-22
2.624322672868623906e-22
2.799986376118195114e-22
3.327847017416005862e-22
3.250146694179298899e-22
2.868234291655814567e-22
3.351315488582640052e-22
2.465544128697603738e-22
2.446508797013645155e-22
2.648277712403737056e-22
4.352159563493068868e-22
2.573322255736089233e-22
2.932098993050377869e-22
3.380913434913405698e-22
2.637211618952216125e-22
2.411926135735772716e-22
3.132485806646534174e-22
2.385265708095598535e-22
2.766485511507670556e-22
3.623316338968065063e-22
3.581628288250314880e-22
3.224297985215169827e-22
3.260799886890694896e-22
3.185392791666534894e-22
3.421711162314538802e-22
3.568909736306398173e-22
2.826807340207188966e-22
3.019052478201935300e-22
2.417337725282691345e-22
2.969477917450008472e-22
2.400438972532973810e-22
3.098659109974102979e-22
3.004587068732400790e-22
2.497123994702597270e-22
2.813370054988643004e-22
2.582409478795838226e-22
2.937822985036003347e-22
2.820476560241282707e-22
3.105602128018296511e-22
2.726733614943793280e-22
1.850875348008023022e-22
2.978189825644266850e-22
2.674233432915662434e-22
2.208128376411737204e-22
2.040747768968752749e-22
2.454296051354547963e-22
2.456763154854336222e-22
2.521448755445106484e-22
2.075558559865374772e-22
2.193471862971218300e-22
2.029567920647609808e-22
2.892532497726770026e-22
2.559490256951981154e-22
2.679913341859507127e-22
2.679435642985174307e-22
2.434117012244203389e-22
2.145612876795479711e-22
2.138508152169917815e-22
2.956688749253565747e-22
2.464617254543598103e-22
2.295707924582873599e-22
2.528479918164793733e-22
2.378591262992670672e-22
2.745320574898778411e-22
2.400551346783827908e-22
1.751904259109580023e-22
1.962443300022098949e-22
1.981729970733216560e-22
2.725206934409383862e-22
1.820862944383888285e-22
1.772205023685992087e-22
2.608335584942384450e-22
2.507317451431583495e-22
2.282822151691294151e-22
2.213144203474879030e-22
2.289516274339676362e-22
2.305385639713881886e-22
2.149948934165327545e-22
1.805742892312762852e-22
1.807829388294376385e-22
1.883815083481321249e-22
1.987626415334514464e-22
1.840903002392461141e-22
1.907951677526403216e-22
2.284643594029399452e-22
1.991445154802218458e-22
2.505971257962243157e-22
1.798483586405158148e-22
1.783120480160690563e-22
2.348316579578259949e-22
2.193175279017401120e-22
2.029922663090585604e-22
2.541530526411022963e-22
2.075466727957277870e-22
1.378279577002371625e-22
1.538002091346879130e-22
1.656270439997929854e-22
1.591173494255349591e-22
1.528275757939044281e-22
1.951488083317829179e-22
1.785115417600014425e-22
1.270598820029207258e-22
1.547567470411285173e-22
1.849037237977881719e-22
1.606660233670478220e-22
1.539014600564207017e-22
1.465755880092682534e-22
1.348175545656524336e-22
1.657660804414526511e-22
1.865639685972965447e-22
1.537452921931953854e-22
1.140296071615400629e-22
9.370139144885440386e-23
1.534767126195540562e-22
2.489372606163388135e-22
2.111318369650315482e-22
1.999149820259766139e-22
1.689418965143556966e-22
1.474149425865413587e-22
1.631163746702978095e-22
1.492177764238435155e-22
1.259442701097654335e-22
1.207625049382560725e-22
1.805384523583322772e-22
1.453978351246536388e-22
2.062382352304464127e-22
1.805497806606979641e-22
1.655459178191027296e-22
1.534213544394941158e-22
1.345514790356197525e-22
1.136936460571097249e-22
1.415649256751134464e-22
1.408072357469451258e-22
1.447952004410330525e-22
1.854087524107853078e-22
1.415393845168409365e-22
1.169545286326073215e-22
1.047576301109323340e-22
1.650709654362873647e-22
1.265810893953627383e-22
1.490855601159801426e-22
1.102755727083921108e-22
1.548226133633573370e-22
1.113581467311793625e-22
1.531234055648668617e-22
1.261862551319653634e-22
1.912483513935873043e-22
1.602209970804503021e-22
1.186814074315226520e-22
9.869283795685289627e-23
1.563526664353771644e-22
1.260616232788499724e-22
1.494282264159526114e-22
1.153797876775105167e-22
1.524559814894133617e-22
1.523185847097395245e-22
1.064760363133142748e-22
9.012974889929166514e-23
9.964930829854782169e-23
1.295292345641755934e-22
1.505543499734101774e-22
1.091453185586700136e-22
1.454990751841452321e-22
1.270931732672138770e-22
1.562070349653489280e-22
1.326154714434814747e-22
1.424511871625787584e-22
1.247952414410490789e-22
1.160283470219465689e-22
1.022711436545930508e-22
1.437816262733468887e-22
1.157583644962546595e-22
1.702660294281846873e-22
1.355145954465146651e-22
1.262438473134166501e-22
9.126902891593233118e-23
8.548685619863441882e-23
1.144291160018883192e-22
1.440846898268499613e-22
1.219766077072568677e-22
1.233950439824908406e-22
9.471976764161667645e-23
1.166472088297352286e-22
8.934415896139339623e-23
1.025379126153042098e-22
9.895720928370995203e-23
8.571149537667079447e-23
1.418251156535029732e-22
1.156253301713573547e-22
1.338432712315472952e-22
1.104644618951622201e-22
1.054225544274944847e-22
1.320094087626728501e-22
9.858740726776807657e-23
9.750478150696889282e-23
1.655339719610079066e-22
1.575474917563559642e-22
9.339556312363202977e-23
1.418792803199661354e-22
9.351343571153909340e-23
9.969809660133488112e-23
1.096837245068130486e-22
1.193840526490054615e-22
1.050657662776379621e-22
1.466123806487505716e-22
7.933636365101499019e-23
1.002236341488203017e-22
1.020754591823448749e-22
8.143898551724572707e-23
1.064016147571077732e-22
1.350591352763213110e-22
1.245904867968481344e-22
1.073303030982104420e-22
1.036384982439628290e-22
1.002573731544164731e-22
1.100632225659841595e-22
8.277858801952486231e-23
1.029769033166627179e-22
8.023898811063666337e-23
5.662487246608464265e-23
1.027383107237036961e-22
1.124206753218172111e-22
8.012161436980864172e-23
8.576661929074772395e-23
8.474073703595192424e-23
1.138249474930171014e-22
9.712217834678957859e-23
8.471637967530867430e-23
1.063686754705826027e-22
1.013862487914834818e-22
8.649972944855110145e-23
9.030323144114327920e-23
7.614458541390974843e-23
9.194570415947848584e-23
9.020872745454825346e-23
9.104315335594369953e-23
8.188317468333724623e-23
7.144779568952483662e-23
7.780240899073697228e-23
7.082022600592166413e-23
7.290316107331860641e-23
7.108108468406285587e-23
9.652139852044403487e-23
1.024698361191445535e-22
1.097266248795875913e-22
7.306910537514525913e-23
7.688629737486222673e-23
9.950667161429383837e-23
7.776960841665363383e-23
9.351788506691184409e-23
8.231166152753215812e-23
8.788838375425620177e-23
6.492926606089954564e-23
9.437691586067171086e-23
8.676626851845321303e-23
9.540277715145190039e-23
6.732204690318986899e-23
6.971706637568745486e-23
7.097476631983065429e-23
8.224501283209858796e-23
7.871397762568823326e-23
7.728288406674729508e-23
6.579411405776256327e-23
8.918032161566259840e-23
4.969954041703143563e-23
6.969309603190389015e-23
8.476385611547343183e-23
9.403708202481264683e-23
5.030262054134926854e-23
8.354055800112495655e-23
6.734460065560494824e-23
8.373934087122063823e-23
7.141545209430032963e-23
7.167422292624740733e-23
8.063786680522258637e-23
6.028132610569195396e-23
5.268789568346601395e-23
6.096276249744608622e-23
4.583320104223595958e-23
6.167698853942576896e-23
8.982227733585907277e-23
6.003385176041285902e-23
5.393613103947435923e-23
6.407543004683269396e-23
6.892596273213579862e-23
6.958352405707456575e-23
8.088158965798139860e-23
5.364833267338668657e-23
6.256938394343537535e-23
7.084197533695468687e-23
9.571928113219103546e-23
6.267636683559553900e-23
5.321378956439707606e-23
8.232820471874277977e-23
5.192123316012461637e-23
6.032936610132905412e-23
6.728407494521768843e-23
8.572889653547555782e-23
6.834034849333616208e-23
4.984806614948586126e-23
5.796436148940328572e-23
5.132770677272090142e-23
4.989335873871034759e-23
6.701903136699378724e-23
4.465198294464488776e-23
5.587144196469628428e-23
5.693861850642325721e-23
6.662061907978443241e-23
5.169244377158961643e-23
7.590016188674074735e-23
7.938571645827071822e-23
6.242526349676280831e-23
5.743859809244043439e-23
6.881093554905524180e-23
4.121641579867094660e-23
7.688146594231990525e-23
3.273240372149249254e-23
6.735915391008603807e-23
7.075896698701350180e-23
7.509862263433029575e-23
6.135816098628850341e-23
6.886878616963298617e-23
6.018057309119053053e-23
4.036165980316364392e-23
5.336967324634123158e-23
4.377731977819729979e-23
5.488489254764553797e-23
7.353254819362027138e-23
5.583279263797485685e-23
4.453723203573967145e-23
5.850151648372084993e-23
3.734402635084197032e-23
4.776893742938489549e-23
4.446846390408788089e-23
6.879297400044554829e-23
5.249548469440670630e-23
5.120865001857878388e-23
4.903086193243416366e-23
6.023864677609413706e-23
4.413364001448298787e-23
6.240276371985063329e-23
6.485734805006871717e-23
6.809818669306791108e-23
7.667407283270355884e-23
6.861868671260014718e-23
7.348503342070539804e-23
4.020964284067402219e-23
4.517773690429538271e-23
5.357559925750356967e-23
4.514866196233413584e-23
6.156051939104874410e-23
5.160612627827742140e-23
5.524860943285956381e-23
2.686311110682336602e-23
4.253883341139283168e-23
3.675779559770403207e-23
5.799678573857366813e-23
3.089326420741253671e-23
3.586398312175674272e-23
3.810399411328927403e-23
4.792009360005061982e-23
3.469758819514015734e-23
5.018172346651903407e-23
6.008503496843987566e-23
4.543471267311667723e-23
4.117056767006258758e-23
3.687858794658379060e-23
5.175987559122864364e-23
4.789753620756613230e-23
5.183601963360738983e-23
3.661400795608230187e-23
4.347106873034335478e-23
4.299426656243779090e-23
3.503259582870854091e-23
3.092453987260235450e-23
2.247478544151832901e-23
4.485911811571967467e-23
5.883528479115375384e-23
4.788737489989569586e-23
2.383235736037928404e-23
3.435943777457526015e-23
4.082963819263929104e-23
4.501813750006577662e-23
3.184728846631956560e-23
3.575234313347310524e-23
5.302764705583773976e-23
3.814141927588003763e-23
4.948584152027633764e-23
3.375255653706029670e-23
4.293571737788951547e-23
3.505839077736414783e-23
4.653696051073092366e-23
3.403522746912934628e-23
3.361428458464027020e-23
2.013947159605686112e-23
3.841461107722386972e-23
3.279755954572004447e-23
3.042829735089780877e-23
1.421324735491003909e-23
3.253324338718062406e-23
2.457115318948077943e-23
2.023915938350398873e-23
1.546545827783880701e-23
3.510614045598893288e-23
3.132876497929148441e-23
2.983946802749594777e-23
3.469253352479503296e-23
3.856909909082265857e-23
3.554265734084477290e-23
3.864920113771507070e-23
2.966748918293559795e-23
3.928095163652540478e-23
1.654573760910735477e-23
3.558258938181561488e-23
4.962703593603422805e-23
2.234148382992870753e-23
4.129858071646294634e-23
2.988559487276520870e-23
2.915440394791764209e-23
1.644443601966099930e-23
1.433485648382369393e-23
2.786558981229565841e-23
1.880375990989194909e-23
3.147122576714452402e-23
2.751067503110436586e-23
2.120581073882932635e-23
1.288409287184514083e-23
3.518134483426487738e-23
3.627296026950735291e-23
3.126156163254021651e-23
2.300548625096243994e-23
2.962637900251901400e-23
4.192186280108132928e-23
3.244279355678450746e-23
1.680047289793940807e-23
2.710997533359480923e-23
2.123937339015258318e-23
2.276331219086048452e-23
3.745858772706404003e-23
2.109296265829873294e-23
4.294071362585526743e-23
3.117864826004917804e-23
3.493940271999305466e-23
3.359331107703259508e-23
3.317152584475900217e-23
1.967316413837485322e-23
4.050829223164165843e-23
2.075463000408773734e-23
2.547185058553958409e-23
2.403447736932157790e-23
2.983869676991972733e-23
2.787550955101317553e-23
3.140409580042037872e-23
2.812140214062197723e-23
2.078862224284295465e-23
1.756494174940166760e-23
2.280394726987107478e-23
2.716701263875346724e-23
2.018266878667517558e-23
2.150800577690379115e-23
9.436244354975075678e-24
2.961177974506866177e-23
1.302355879330120438e-23
2.757123784113258043e-23
2.499374588398220750e-23
1.981158980431489044e-23
1.652654632759139749e-23
2.049005476852520017e-23
2.082014426792206249e-23
2.637029933871458989e-23
2.346454758318043611e-23
1.470617776945559454e-23
2.402653795979011751e-23
1.666501566164063901e-23
1.431175629639808355e-23
2.546405694086030461e-23
1.507453124984431122e-23
1.133253170099225085e-23
2.615383120870979507e-23
2.422368916174644479e-23
1.649684192086325375e-23
1.545464584347897770e-23
1.818038071823383030e-23
1.191041837443037998e-23
2.032976073434268230e-23
1.661498662244621794e-23
2.127719235808494162e-23
1.712480925655912618e-23
2.815094795526324525e-23
1.342960158115214926e-23
8.440232647912186005e-24
2.073587621696318527e-23
2.599381447172306731e-23
2.463145772071319492e-23
2.333144416936073807e-23
8.849827893265224617e-24
2.081563431732728024e-23
7.130718234093997413e-24
9.182635944077101730e-24
8.193173312129925531e-24
2.182224513378343589e-23
8.566380306631723558e-24
1.828844221259729671e-23
1.543735381139037954e-23
2.587689171668463450e-23
1.103849050432513454e-23
1.550246001103334957e-23
3.237653874791528913e-23
1.806393580218477944e-23
1.247385830119772972e-23
2.006920041719395005e-23
7.079423509234024167e-24
1.419101335140150627e-23
9.110911398897835498e-24
7.983598880333733527e-24
2.345074999782989733e-23
1.750789707869576223e-23
2.152714783185147641e-23
1.262384409217041655e-23
6.442198433363422286e-24
1.561961333460293765e-23
1.205838518377908180e-23
1.320937518322159490e-23
1.863401253554228880e-23
1.153008594639945393e-23
6.137417136773477390e-24
-1.446394115709970482e-24
1.428661382732745197e-23
1.394625865843982048e-23
5.835282728760887921e-24
1.547269743394014370e-23
1.322686077796927085e-23
1.186033078795910097e-23
1.020981577756374671e-23
1.534004059654023501e-23
2.498616176303403444e-23
1.473948220280014718e-23
8.236770449901205806e-24
1.272560261599851190e-23
8.756035400002470926e-24
1.670524163770615852e-23
7.924092875566449667e-24
1.597869019959456435e-23
7.377511639181948579e-24
1.044062304835347581e-23
1.828467891784596000e-23
1.199602390625486064e-23
8.826447946700447270e-24
1.314070075518051599e-23
1.356871833346758964e-23
1.036191376379528453e-23
8.764109471970992435e-24
1.133919165151270949e-23
1.164594766393865485e-23
8.485057718635762284e-24
1.006094158932701617e-23
1.507647142060105629e-23
1.361012358310162831e-23
1.274770743518245051e-23
5.683825033562050368e-24
3.776053708974110928e-24
3.955260134064075508e-24
1.563620131828496744e-23
8.767908889994991568e-24
7.623213776643626364e-24
7.242942391830385835e-24
7.785944553890290883e-24
6.726659270891291930e-24
-1.373165542858446373e-24
9.452883358787324361e-24
5.105419051989373357e-24
9.128758735702102050e-24
6.487658333207539480e-24
1.131166868706545528e-23
1.119629723707409577e-23
2.698129747365198572e-24
1.079096469922075995e-23
1.895538806116509589e-24
7.318506286972021833e-24
8.894892644770620394e-24
9.784533743815812449e-24
1.033954957162793327e-23
1.580679189815335996e-23
1.069427455599815955e-23
-7.515124982677604342e-25
6.033428080127296442e-24
4.948724845366136148e-24
1.948743875824092540e-23
1.290921338269085434e-23
1.304261051967082334e-23
8.166889415996590049e-24
7.395985429476598393e-24
4.061654559344235431e-24
1.385508540254865260e-23
5.856372887307652762e-24
1.481069246249049831e-24
1.799941572330531445e-23
6.931997598371357518e-24
1.335373841366578092e-26
7.288442526326102478e-24
1.655868093300671530e-24
1.253362979412403414e-23
3.940560433048510747e-24
2.921477528320687279e-24
6.565809767248294587e-24
6.637136274290107992e-24
3.667518548825394034e-24
7.925922261138637232e-24
8.928452617573440656e-24
5.912818545154405604e-24
9.686263778489271228e-24
5.695001963197925139e-24
1.080542662820192835e-25
1.255527270149150471e-23
-2.066464646026848403e-24
7.764260929824284428e-24
5.564227789484528003e-24
3.880969524404883177e-24
9.314637003813336040e-24
1.324309237509955734e-23
3.491025516965633254e-24
6.531228625279728998e-24
1.396725591428547549e-23
2.746399617683333996e-24
1.361776083466655237e-23
8.343403340469176553e-24
1.752263180323755931e-24
6.905377489715797571e-24
3.537354209137789115e-24
8.896962530310849249e-24
6.953373188991299888e-24
3.378182525245433306e-24
1.262283757405475093e-24
4.972440771379807663e-24
9.355096363747588170e-24
3.281431810032891128e-24
6.603957249495537356e-24
5.269051774277748807e-24
5.961987286419694576e-24
-4.467372748331615296e-25
2.105242649942471802e-24
4.122635797213741377e-24
5.771395123380844669e-24
5.590150260639424329e-26
8.317879840472622435e-24
-4.678024140277668359e-24
6.736709241312157702e-25
3.079377619811017349e-25
3.923659577352508850e-24
-5.125345094665328070e-24
7.531922881168817355e-24
4.766471184372402510e-24
3.297019634354551902e-24
5.371045532705387876e-25
6.524054596996569560e-24
3.194364805518776748e-24
5.285064904032465931e-24
-6.887038362184998327e-25
-4.764038523803390188e-25
1.259223391705537849e-23
1.543978731754715286e-24
4.029198705154375192e-25
7.350649502592646335e-25
2.006452892414281706e-24
3.640654673656438691e-24
-3.355563143937857874e-24
-6.759537608217400461e-25
2.756166088364116516e-24
-4.697440098634473417e-24
3.735222104757349648e-24
-3.284076331657200947e-24
4.018079980080870829e-24
-1.369003679023271383e-24
5.650038509182481313e-24
6.993251911091516363e-25
1.664440724446648278e-24
1.108898391234961524e-23
2.907497747198759095e-24
-3.625108723563429356e-24
-1.786204225989095038e-24
-4.553377411471411225e-24
3.746777794949031284e-24
1.098431302287613404e-24
3.805425174676717120e-24
-2.329408877884866703e-24
-1.510182045455985603e-24
7.236198622994095796e-25
-2.312781055001988316e-24
4.807982031108352132e-24
2.993446620093883279e-24
5.159955578315643421e-24
4.642007698248104526e-25
-6.740351872719014965e-25
3.074558512272723994e-24
2.922634244010278687e-24
-4.654400347260911092e-24
-2.056924302835468686e-24
-2.746257268255535466e-24
-1.507750581610107945e-24
3.599645959476974722e-24
-1.185110487352275055e-24
4.663930308309340589e-25
-7.857336241159610105e-25
-5.204003308936968802e-24
-4.925674768891444398e-24
-8.520180771358235213e-25
5.759091246876327574e-24
1.020563753968942691e-24
-1.201076162656278049e-24
-1.223667385575224241e-24
-1.600128835795698038e-24
-1.030756745351057302e-24
2.978926083261552672e-24
8.155376615867665886e-25
5.708168676047326855e-24
-4.902246981493332650e-24
-3.812060282134223379e-24
-3.650231228081188349e-24
-4.851016797948082752e-24
3.301239098934204136e-24
-4.999850906641655032e-25
-1.760789763216987362e-24
-4.938524059495675544e-24
1.831520240606923086e-24
1.012928993957434026e-25
-7.046788052347679805e-24
-3.494889707714639972e-24
-3.377108486739903235e-24
8.639506947586205500e-25
-6.874120704741530275e-25
4.350464336674454087e-25
-3.113227900203081068e-24
-3.526315115213174244e-24
-6.687553521877275989e-24
-2.377260300725494548e-24
-4.259346913999069372e-24
-1.041584062943074087e-24
-3.895245444666738609e-25
-3.936379314398978825e-24
1.455102112008373942e-24
-1.498554270726547273e-25
-3.566442000320927251e-24
-7.382708453473774250e-24
3.047660558073106023e-24
-2.117265801731070266e-24
-6.071670338721219534e-24
9.232290038645332705e-25
-5.382365885935122866e-24
-1.011149756380416278e-23
-4.787769034721871517e-24
4.535094612356649414e-25
-5.617140584820287692e-24
-5.251397052439066053e-25
6.029068157193220988e-26
-4.265666411398673475e-24
-6.716224334869128013e-24
-6.291819638987047273e-24
-9.441320070703117778e-24
-3.804540902642523935e-24
-8.055778579706793131e-24
-3.400662652283098949e-24
-5.023341948552367637e-24
-1.123195749835869197e-23
-2.876316641637417002e-24
-1.396497840361928495e-23
-1.651906291845845923e-24
-5.894423007002891925e-24
-5.656938129639644891e-24
-4.170167544952966528e-24
-7.318386318333507323e-24
-1.108077345633526458e-23
-6.237019422434133471e-24
-4.503397226326786878e-24
-5.926492588916411177e-24
-5.117535597013180608e-24
-8.021641934454709306e-24
-3.684002884810753149e-24
-3.489285634911045167e-24
-5.537528309914233660e-24
-3.817897666929286865e-24
-5.623095312404173313e-24
-1.070385181925058277e-23
6.529026589404447085e-26
-6.199333078708335771e-24
-6.502821444566189659e-24
-1.199234358774413107e-23
-7.071730645500934495e-24
-3.443922864653006200e-24
-8.610557741720538301e-24
-9.850128647914475410e-24
-5.045212513100645040e-24
-5.014455112016071717e-24
-6.045791160888861275e-24
-6.584012076988665597e-24
-7.192658045485435326e-24
-8.718917165659709273e-24
-1.108337257595801009e-23
-1.047991849851341095e-23
-5.986171339681138706e-24
-6.266706510698907874e-24
-9.351149580504138359e-24
-4.717510447395616519e-24
-1.096911640662412930e-23
-8.137409691074367699e-24
-7.830637387149426476e-24
-9.932393901465693118e-24
-6.808298424007450949e-24
-4.186568752271047175e-24
-5.817251322998875308e-24
-5.942225517410131421e-24
-2.184469071077061514e-24
-7.447439092092857335e-24
-1.325032730218017508e-23
-4.595934813642224865e-24
-2.238631934542570804e-24
-8.716961954281468561e-24
-5.813225253354679471e-24
-7.221028362916279461e-24
-1.100876367760525708e-23
-8.622680266976210527e-24
-1.225217477048432769e-23
-9.753114571487272287e-24
-1.355993599640954765e-23
-4.530668041746300880e-24
-7.958603155921058625e-24
-1.085619455375662449e-23
-9.673088769323906111e-24
-1.065339202047714698e-23
-9.674056723093319405e-24
-3.193924092273159268e-24
-7.835293619502871134e-24
-5.549319076817956873e-24
-1.273518048065626315e-23
-7.800650663192647674e-24
-7.089757937790645662e-24
-5.266349841356086812e-24
-9.761910790637143613e-24
-7.448889454207580629e-24
-1.206378737786059325e-23
-9.064459749134600664e-24
-4.261950456700550551e-24
-9.062212358901489696e-24
-1.059911367275883182e-23
-8.269770985909307493e-24
-1.181563874375256580e-23
-1.205042245666170359e-23
-1.002655749668746145e-23
-1.075250034066867091e-23
-8.392795640180527835e-24
-9.151427106435423639e-24
-8.619462588996957801e-24
-8.065784564044599234e-24
-1.130517558778985616e-23
-9.552061708261203190e-24
-1.009046201568973138e-23
-7.631835313812834523e-24
-1.003001960926499833e-23
-8.479372404160686972e-24
-9.592414363208567368e-24
-7.566289161715417205e-24
-1.103006943545442876e-23
-8.540208574796088427e-24
-1.208025867858398702e-23
-8.768718116720659604e-24
-1.277543479995403495e-23
-4.578215502265630185e-24
-1.007289716797328416e-23
-6.388526414453468330e-24
-8.263157063100402714e-24
-1.107263277308699149e-23
-6.427551826950817653e-24
-8.707890170492701953e-24
-1.156688173462848412e-23
-9.736234196507080943e-24
-1.081497112076301836e-23
-7.669490227976663516e-24
-9.473994780476364162e-24
-1.221984362456989466e-23
-1.246634711469607110e-23
-8.337205354471744537e-24
-6.947819589868934620e-24
-8.708791494171534421e-24
-1.168126372318220550e-23
-1.143847747983511619e-23
-8.339462712346988100e-24
-4.393314777863343465e-24
-9.872933017019880594e-24
-1.359333161108018472e-23
-9.597807079003213161e-24
-8.654034641837444301e-24
-1.171346581654901209e-23
-7.432183412337039610e-24
-8.267714415041571065e-24
-1.069484193630259318e-23
-1.049988519842675997e-23
-1.190201382656639244e-23
-6.033728712965443235e-24
-1.300866469864674334e-23
-9.683473967416351112e-24
-1.340603810521148741e-23
-9.267303719742155407e-24
-1.066791205172997406e-23
-1.050920511350402827e-23
-1.086085465014233710e-23
-9.694427881477184694e-24
-9.864107136388612716e-24
-9.348094818750397490e-24
-1.149528784274308613e-23
-8.729908968249143855e-24
-9.163042031550066132e-24
-1.159818262133715450e-23
-6.878677071935107877e-24
-1.181089683273537107e-23
-1.120472862685442517e-23
-1.060594879339743781e-23
-9.197944386378265131e-24
-9.920616647793537288e-24
-1.311298044478053100e-23
-1.440356463669286441e-23
-9.579544284332737671e-24
-1.273386540036745267e-23
-1.269436725057022770e-23
-1.264860012964853763e-23
-1.052746868144555768e-23
-1.287268762154848583e-23
-1.000276865060329664e-23
-1.219899749032493648e-23
-1.430117353447185747e-23
-1.454880403509266409e-23
-1.456367670543118286e-23
-1.238313476178563687e-23
-1.019213896696029556e-23
-1.338478459365808877e-23
-1.344238179545281686e-23
-1.300135332462693981e-23
-1.030735388670379513e-23
-1.096081145553030109e-23
-1.600272374467597649e-23
-1.251615583276205879e-23
-1.152129856654585357e-23
-1.201227467733422224e-23
-1.177026385559975738e-23
-1.162208226718548770e-23
-1.150793227964882708e-23
-9.860615649231843460e-24
-8.935334745548150294e-24
-1.176040193644901955e-23
-1.253388069502078950e-23
-1.385651418895583356e-23
-1.142567651414487646e-23
-1.395425477048027829e-23
-1.512768913212615965e-23
-1.195835364284992708e-23
-8.458294724824491941e-24
-1.226064123291818449e-23
-1.118952188922551427e-23
-1.461901945341473171e-23
-9.561612127400823407e-24
-9.652474380646817224e-24
-1.142707464120231384e-23
-8.725749967129603574e-24
-1.030400001137133877e-23
-1.537285398733675041e-23
-1.127170193414776933e-23
-8.834936306424457308e-24
-1.218119679166992110e-23
-1.131895891297557679e-23
-1.052510236395995731e-23
-1.471892290370969666e-23
-1.133660438468484575e-23
-1.203085820866601835e-23
-9.076161643511434977e-24
-1.233684372521168815e-23
-1.215083486015290259e-23
-1.023224554128536744e-23
-1.268042323537813449e-23
-1.360670200229054410e-23
-1.082740794510466806e-23
-1.227913491271597765e-23
-1.294412829776849023e-23
-1.202816256947796391e-23
-1.091430462443395633e-23
-1.490439533040359801e-23
-1.134157164813176341e-23
-1.213057789931721066e-23
-1.284800933624432076e-23
-1.037757236616479548e-23
-1.168718060251841365e-23
-1.073593722780029238e-23
-9.239156010742170988e-24
-1.373882242641995732e-23
-1.036793151116273855e-23
-1.432854338747146030e-23
-1.394604705815694502e-23
-1.273378883506322680e-23
-1.205702083194945447e-23
-1.343197667197270823e-23
-1.511384442783029002e-23
-1.464046217824136164e-23
-1.323501514928920967e-23
-9.251876526635373892e-24
-1.148898485661869836e-23
-1.489023707053003138e-23
-1.224929375887054408e-23
-1.331649394920546522e-23
-1.538247837423173730e-23
-1.669976510052405709e-23
-1.414923644422281915e-23
-1.535808468985163952e-23
-1.540156043882064872e-23
-1.334091165242768801e-23
-1.485270306417254505e-23
-1.288419901785207422e-23
-1.474808885381833660e-23
-1.219364343061111858e-23
-1.397077048157866076e-23
-1.261125717837221748e-23
-1.053211713743463488e-23
-1.087003754486632236e-23
-1.219626940581032751e-23
-1.014005084107439661e-23
-1.339135959597874040e-23
-1.130534770882239737e-23
-1.389782241131018168e-23
-1.029159221517619834e-23
-1.052715172123190941e-23
-1.170748500561622329e-23
-1.199138288350805775e-23
-1.589652264164685473e-23
-1.375488149451252367e-23
-1.527156479668209601e-23
-1.233759718668802457e-23
-1.755750557591195834e-23
-1.081392443488443373e-23
-1.435868650162985618e-23
-1.449195129970351046e-23
-1.569195681937029437e-23
-1.254765229345272149e-23
-1.418785568266367346e-23
-1.478849097053822897e-23
-1.454593560145632236e-23
-1.246035496697147199e-23
-1.617323828145474276e-23
-1.515020180629078624e-23
-1.510521128796706417e-23
-1.347782149751765209e-23
-1.374073861319871126e-23
-1.769476947745266996e-23
-1.389057606875157680e-23
-1.656257795967270282e-23
-1.566570602380177927e-23
-1.511471237383909577e-23
-1.798236356186713399e-23
-1.333485523172846962e-23
-1.645431282367640065e-23
-1.842295339146922650e-23
-1.258416589019107032e-23
-1.626812293872765025e-23
-1.521291134763687049e-23
-1.419880794027662495e-23
-1.680416315904707152e-23
-1.463007259165888551e-23
-1.564484091157880996e-23
-1.514162134538099310e-23
-1.699896195404782479e-23
-1.592689438340387100e-23
-1.599898391642462700e-23
-1.544373784262651389e-23
-1.569453500246198197e-23
-1.564628004027215416e-23
-1.631371999294846144e-23
-1.659053177607736558e-23
-1.509335574743484695e-23
-1.178700497220253033e-23
-1.436728987403020214e-23
-1.332664286437749465e-23
-1.556775329301101722e-23
-1.792987315619469440e-23
-1.390049704409614223e-23
-1.618447305068893654e-23
-1.224331927786762496e-23
-1.546664591369381121e-23
-1.713017709685143375e-23
-1.335123173658268310e-23
-1.542097979146343001e-23
-1.669226517043087964e-23
-1.594953665932383407e-23
-1.487303974339755423e-23
-1.618411590785794396e-23
-1.764745622832559821e-23
-1.485967410834903375e-23
-1.711548953844419714e-23
-1.526444476769084382e-23
-1.401228803945633193e-23
-1.727369379943645089e-23
-1.533407828589136325e-23
-1.568341802338294575e-23
-1.498075569466338103e-23
-1.677491071038479116e-23
-1.685865268625835668e-23
-1.722888414409220638e-23
-1.834429592019999738e-23
-1.832855614927011135e-23
-1.812908390881690390e-23
-1.788053201208502624e-23
-1.613974670937548514e-23
-1.373244021515468894e-23
-1.470424642441711743e-23
-1.760753932071834952e-23
-1.734655827729716465e-23
-1.534469649539652545e-23
-1.770905827344491335e-23
-1.579893502617844456e-23
-1.875171638059351606e-23
-1.432038583989808884e-23
-1.846231703651111946e-23
-1.644205862380456058e-23
-1.845082879165010885e-23
-1.716422707525191032e-23
-1.331002328121315170e-23
-1.760669118702407833e-23
-1.649369967197824635e-23
-1.686834629345928576e-23
-1.800952445786985688e-23
-1.541162637283771704e-23
-1.666287348162523326e-23
-1.535836820747631684e-23
-1.891114660611542445e-23
-1.578087604605810006e-23
-1.506616421909883768e-23
-1.818271858476353160e-23
-1.572117327461469408e-23
-1.614983289808291067e-23
-1.741697609833207694e-23
-1.466938097693003235e-23
-1.812305337304808817e-23
-1.588068256475867633e-23
-1.664950956013649337e-23
-1.926988220958828142e-23
-1.560788991685837121e-23
-1.701860374551912636e-23
-1.699256411912980266e-23
-1.771946234745760106e-23
-1.826465445409428942e-23
-1.845561820686705325e-23
-1.540741127571982185e-23
-1.797373969019002233e-23
-1.893294070706221279e-23
-1.718549952562387988e-23
-1.822597473849844111e-23
-1.753106242600296633e-23
-1.620355587877021857e-23
-1.815510676547655388e-23
-1.781965227384492153e-23
-1.790166320869543616e-23
-1.458742656696861803e-23
-1.936844869203255634e-23
-1.849040291031538130e-23
-1.648619488141231808e-23
-1.640321642762408402e-23
-1.781800783859064927e-23
-1.741415877499078919e-23
-1.898024331532489076e-23
-1.662445040525671609e-23
-1.827580027416306250e-23
-1.655410382253134170e-23
-1.643351370714170107e-23
-1.862686830876531674e-23
-1.783496702647392216e-23
-1.675807813255823334e-23
-1.613115112249783308e-23
-1.933978886584462493e-23
-1.500825420575663457e-23
-1.673347105029533585e-23
-1.841867337818166352e-23
-1.861218248749434832e-23
-1.807150575662964638e-23
-1.711430576087296439e-23
-1.754059669182549364e-23
-1.835637500470484036e-23
-1.679969321666911574e-23
-1.764959050505574902e-23
-1.865672524327097550e-23
-1.927976265379568040e-23
-1.956380587313937002e-23
-1.635406209464603635e-23
-1.607928428559355508e-23
-1.772147938083799208e-23
-1.924478556346212120e-23
-1.778085146390916999e-23
-1.767757471684341851e-23
-1.814946421855699190e-23
-1.688525034681953954e-23
-1.804549618869602096e-23
-1.880802218562422053e-23
-1.797783433601115807e-23
-1.909780331005916823e-23
-1.970388011928736536e-23
-1.784166847452373788e-23
-1.749622963936397797e-23
-1.710516182110755500e-23
-1.713312662158078651e-23
-1.787300717348595500e-23
-1.919644874133604382e-23
-1.739474935882236476e-23
-1.903194673723845630e-23
-1.957940668439029630e-23
-2.023899190426869459e-23
-1.945345671256818070e-23
-2.009010322771568246e-23
-2.119358343872873751e-23
-1.789593215658114572e-23
-1.864597207040218808e-23
-1.671885988647117219e-23
-1.870224893586725150e-23
-2.041514962543749467e-23
-1.873809105001334750e-23
-1.942500604177735376e-23
-1.826393535358711018e-23
-1.688672867895978494e-23
-1.761790126806634781e-23
-1.532382541539987049e-23
-1.701325450963595490e-23
-1.993918347114634795e-23
-1.754560796259651540e-23
-1.891758869192015356e-23
-1.776095766903684905e-23
-1.844609566006119755e-23
-1.743812744969137984e-23
-1.964565583925951631e-23
-1.698161670704669428e-23
-1.783237927308759230e-23
-1.974169584197446765e-23
-1.765647367076534394e-23
-2.001582666448555652e-23
-1.665740929046000898e-23
-1.635385374474162161e-23
-1.781496353376529319e-23
-1.861986419270399360e-23
-1.816646239629967200e-23
-1.695992479197383658e-23
-1.905888573529891072e-23
-1.950161535001197013e-23
-1.576350093035485616e-23
-1.898455362504842921e-23
-1.774637046294107069e-23
-1.851892292649528473e-23
-1.838224188104249401e-23
-1.781608467164287425e-23
-1.825741577368228529e-23
-1.828830296938585811e-23
-1.915394100530802704e-23
-1.789318899539245010e-23
-2.009047552875552868e-23
-1.670756305230496591e-23
-1.885512226787924024e-23
-1.821292766387948055e-23
-1.817084618625320665e-23
-1.881419942522768015e-23
-1.833476805719830300e-23
-1.869408580900658937e-23
-1.760059408024574783e-23
-1.804366995318866543e-23
-1.623806330235167382e-23
-1.788763974152567912e-23
-1.856532765393537518e-23
-1.963284494751111182e-23
-2.083482970176164506e-23
-1.879621102151494181e-23
-2.000813681952731638e-23
-1.959317430680189040e-23
-1.843453100160093322e-23
-1.731181816789509679e-23
-1.767411456272739414e-23
-1.831735940770644628e-23
-1.745294432027052873e-23
-1.999317315588421598e-23
-1.941700876328622267e-23
-1.828859696658627503e-23
-1.809720023828504889e-23
-1.891983539949356018e-23
-2.076171522822079731e-23
-1.876327766744606712e-23
-1.985428121402301748e-23
-1.861734891953199330e-23
-2.005648315372069919e-23
-2.079473771280934435e-23
-2.019295233636142492e-23
-1.572417987141614018e-23
-1.952825604635175801e-23
-1.676983149026035088e-23
-1.954338943672869596e-23
-1.923412405786482731e-23
-1.798977107243559271e-23
-1.698917727662265397e-23
-1.891265191033364159e-23
-1.968773564097733172e-23
-2.085035402041619755e-23
-1.998764776000819091e-23
-1.756708394139848759e-23
-1.868979164918028987e-23
-1.991649005091889262e-23
-1.774926906713051189e-23
-1.929255558611574513e-23
-1.935602203795098158e-23
-1.890124952660338357e-23
-1.945033132284631452e-23
-1.783286546580249850e-23
-1.907990620649939731e-23
-1.813412115360774037e-23
-1.798716780996567808e-23
-2.032354397061522619e-23
-2.028954824138571324e-23
-1.950194602370904461e-23
-1.769992888893578954e-23
-1.736934859338984023e-23
-1.969568923050416672e-23
-1.844036505333440506e-23
-1.998657735703506646e-23
-2.112910810490698083e-23
-1.727550304306621570e-23
-2.057209769653741610e-23
-1.958165216881386777e-23
-2.011233694856931644e-23
-1.945839932779347908e-23
-2.093138475674886628e-23
-2.091520378862750225e-23
-2.128874845744941337e-23
-2.117079307667502627e-23
-1.932710148176626601e-23
-1.920365462806255383e-23
-2.021463720508728352e-23
-1.874547268914640491e-23
-1.906584585117221507e-23
-1.721829267451426208e-23
-1.934818782573470949e-23
-1.955346512474276399e-23
-2.024664044984235255e-23
-2.003269789852623447e-23
-1.923011800096069826e-23
-1.766209370504905494e-23
-1.881843226637577483e-23
-1.938059101683255690e-23
-1.903460656851441039e-23
-2.024065898429471839e-23
-1.946244380940087828e-23
-2.221461640131100800e-23
-2.020635646030635666e-23
-1.997748840242259726e-23
-2.010345923454132543e-23
-2.049100900294532351e-23
-2.125629858026594610e-23
-2.135838719713117227e-23
-2.077907699683002897e-23
-2.178575292889802339e-23
-1.998633808790386308e-23
-2.076740276908996220e-23
-1.905791222890852239e-23
-1.954119654980020174e-23
-2.204058384980498395e-23
-2.150655306008815652e-23
-2.015730007691585182e-23
-2.062453782203664597e-23
-1.988810684450716862e-23
-2.060201264376670677e-23
-1.856160068677432137e-23
-2.038899579322038845e-23
-1.947454856253344074e-23
-2.092331476377628881e-23
-2.055034184562895850e-23
-2.140422431320660192e-23
-1.996688434787380140e-23
-2.167864192286381604e-23
-2.117750673088707304e-23
-2.121388196947649687e-23
-2.195502559368380983e-23
-2.065491978524062546e-23
-2.082679765309909115e-23
-2.012774414320702189e-23
-1.902488778931792214e-23
-2.268437782030767926e-23
-2.067769771771465476e-23
-2.058330665259951554e-23
-1.995732376987414597e-23
-2.124046929565614882e-23
-2.188868418538463677e-23
-1.978317316092343412e-23
-2.369891204309550192e-23
-2.210316840953376658e-23
-1.968679060491404162e-23
-2.232818957033074528e-23
-2.094868997635686370e-23
-1.997566025172900126e-23
-2.180812031778366436e-23
-2.168481419017163099e-23
-2.269392860724100014e-23
-2.155963799284150421e-23
-2.173371687904462311e-23
-2.215095854570589260e-23
-2.293731658212503116e-23
-2.276313574737367596e-23
-2.050171544861823277e-23
-2.298330334822629313e-23
-2.290022787436644110e-23
-2.188760079611212811e-23
-2.192764791293017407e-23
-2.162078670230162886e-23
-2.295199145082427298e-23
-2.078920487205521725e-23
-2.050049500385917039e-23
-2.136966970954228411e-23
-2.258121733230385617e-23
-2.275335612596311609e-23
-2.144742174139708249e-23
-2.483860555652000129e-23
-2.142467600947855698e-23
-2.071890221288658852e-23
-2.005576187350738438e-23
-2.224159110983523683e-23
-1.960521841165662484e-23
-2.080528373958039295e-23
-2.317965633901236865e-23
-2.200093449086361764e-23
-2.146282776963503120e-23
-2.231866743758225986e-23
-1.999947793877793984e-23
-2.138315047293148085e-23
-2.301757730735882071e-23
-2.212833651810168373e-23
-2.136782043116065933e-23
-2.196507114550039637e-23
-2.325384938847943909e-23
-2.300375694755392180e-23
-2.263297367572227648e-23
-2.180313814216240774e-23
-2.355059507779968579e-23
-2.129968307007391209e-23
-2.414739962658129893e-23
-2.028648328761958900e-23
-2.132607070845469909e-23
-2.291364189481214504e-23
-2.045825314131165347e-23
-2.260684774928067054e-23
-2.146295877575009492e-23
-2.227862941819085699e-23
-2.251327686298123776e-23
-2.217949692610206014e-23
-2.038419314349692892e-23
-2.136359267841941238e-23
-2.214925759935130973e-23
-2.117594928916095170e-23
-2.291317759243502332e-23
-2.273837899368231496e-23
-2.318239466686229364e-23
-2.199666585266079685e-23
-2.141513639612240204e-23
-2.283285400696227531e-23
-2.067701671464316196e-23
-2.361442281287863662e-23
-2.218318916531122231e-23
-2.184898253030249472e-23
-2.125635917866640565e-23
-2.498897763984477623e-23
-2.187188362390321191e-23
-2.267181080182740177e-23
-2.145894492273021646e-23
-2.299759328101900755e-23
-2.361171663066325619e-23
-2.199148412537744433e-23
-2.171975235783781883e-23
-2.481414484845113770e-23
-2.327848624403565669e-23
-2.311661152175155707e-23
-2.411374032179405982e-23
-2.186987296429714138e-23
-2.219158520744244096e-23
-2.244445548186375504e-23
-2.295553938020131444e-23
-2.125309359432324695e-23
-2.497224322590067948e-23
-2.151567375056316164e-23
-2.255365871548823132e-23
-2.277821270139522832e-23
-2.208663928184339519e-23
-2.214478303637494849e-23
-2.418686351290265532e-23
-2.314764397519177448e-23
-2.255540632107098597e-23
-2.161978334997499383e-23
-2.201569539444160710e-23
-2.416910986880710443e-23
-2.321917700659913657e-23
-2.419876477501289253e-23
-2.253408947265581863e-23
-2.278853986528794181e-23
-2.252562650750461202e-23
-2.346809566679621605e-23
-2.271753303166064161e-23
-2.361523352826216425e-23
-2.363069702806861049e-23
-2.379996918555007916e-23
-2.374898567271887261e-23
-2.337976418734733346e-23
-2.275119132570487599e-23
-2.261397173903058090e-23
-2.204015106223161780e-23
-2.209802541073995716e-23
-2.052194799605640965e-23
-2.176489775861197727e-23
-2.343430396182968564e-23
-1.982498431788546869e-23
-2.253532238322249361e-23
-2.298293907683731810e-23
-2.190342573801765489e-23
-2.203896137914399823e-23
-2.179517523134383288e-23
-2.355156168539095255e-23
-2.161737495436754112e-23
-2.261333116820969071e-23
-2.300678581563201257e-23
-2.255907363690372186e-23
-2.255913054761361914e-23
-2.190767594339435614e-23
-2.262241655577033474e-23
-2.380013490778299786e-23
-2.307554513405662614e-23
-2.311890074177045975e-23
-2.345806728298042209e-23
-2.373693874452008514e-23
-2.266272499591835113e-23
-2.302006625600841318e-23
-2.304930002681400790e-23
-2.329265054097087476e-23
-2.153911586842291948e-23
-2.315155915138467883e-23
-2.220610146730125603e-23
-2.395040052678294514e-23
-2.163710774179770821e-23
-2.489421754063216590e-23
-2.189081513094893771e-23
-2.297231796820181916e-23
-2.072701712355036552e-23
-2.108996346188509355e-23
-2.266204337598311690e-23
-2.420732599884500741e-23
-2.439092567366305837e-23
-2.290201338254077199e-23
-2.234043095835926990e-23
-2.151980826573932968e-23
-2.347731017973329549e-23
-2.467154547991944964e-23
-2.388194101748844351e-23
-2.421252275816951530e-23
-2.196358343812672096e-23
-2.225049689419933262e-23
-2.180187641091557603e-23
-2.163741323692556816e-23
-2.339291007098432583e-23
-2.297211795943924988e-23
-2.320439062303578539e-23
-2.321693698857475830e-23
-2.256350079661073664e-23
-2.329370010047596066e-23
-2.318107443779342338e-23
-2.428308358588260584e-23
-2.257561627403755808e-23
-2.305226519482041956e-23
-2.303022111850278351e-23
-2.212026490856774583e-23
-2.289977860497542819e-23
-2.218030851513043070e-23
-2.389673190966941388e-23
-2.402892761237529225e-23
-2.330139581117069212e-23
-2.302848346486525200e-23
-2.433761835208897410e-23
-2.251448904924949902e-23
-2.116090163996346716e-23
-2.076240646456785625e-23
-2.142725664501324817e-23
-2.188686918464561964e-23
-2.185540592900742628e-23
-2.277210798178043956e-23
-2.215852720094670438e-23
-2.301408889458891718e-23
-2.296060697846781425e-23
-2.211894928037314410e-23
-2.338301146303100335e-23
-2.238284543702222205e-23
-2.342648990645005208e-23
-2.394074179868882490e-23
-2.094975988602874097e-23
-2.259968425670700934e-23
-2.415748892373380662e-23
-2.249834053244804593e-23
-2.354010719131800633e-23
-2.241234509352325753e-23
-2.363738301792191254e-23
-2.322668694945241920e-23
-2.282883096346361801e-23
-2.326164676524543670e-23
-2.260539441830303895e-23
-2.373739511896826241e-23
-2.322761476562135796e-23
-2.350278629877699304e-23
-2.298003926575349764e-23
-2.272270268505137026e-23
-2.289502201167883500e-23
-2.310292365547440383e-23
-2.279298815993245006e-23
-2.332380987576545877e-23
-2.408208928468090144e-23
-2.300028656631725792e-23
-2.248549098432940096e-23
-2.260592138156309133e-23
-2.283650979944897219e-23
-2.296220303567416426e-23
-2.313785525860971335e-23
-2.131874756818460987e-23
-2.191652575910843832e-23
-2.353029578227114054e-23
-2.340322772338767452e-23
-2.451105305417610286e-23
-2.210742467232504576e-23
-2.152050587958706442e-23
-2.262652030224799001e-23
-2.295002389923433838e-23
-2.279905070340841663e-23
-2.242410885878457082e-23
-2.324107322880971367e-23
-2.228608049099397727e-23
-2.242409739506652308e-23
-2.327221109755476624e-23
-2.309019531478044327e-23
-2.490259439744469150e-23
-2.313137214852482152e-23
-2.169083854758009258e-23
-2.231849710509185648e-23
-2.234329969891695741e-23
-2.185693720776830038e-23
-2.232006304496106459e-23
-2.234769348660836424e-23
-2.275009495990790044e-23
-2.341376696091106123e-23
-2.274554919085645736e-23
-2.485806121627936282e-23
-2.424988338904762303e-23
-2.376164342553609321e-23
-2.370331577650591741e-23
-2.264910259642198519e-23
-2.338531282356509459e-23
-2.395513797573377646e-23
-2.243572898804216972e-23
-2.283747707846973754e-23
-2.208250018493033580e-23
-2.296787052957229234e-23
-2.249213615767369411e-23
-2.380315645192220061e-23
-2.251674527943798357e-23
-2.355335782981469522e-23
-2.228209558077414782e-23
-2.220579106903791451e-23
-2.325534685190426707e-23
-2.293342828796831274e-23
-2.167161772360701957e-23
-2.134112243993883742e-23
-2.504394012447023853e-23
-2.341556472789914655e-23
-2.272981270063570152e-23
-2.337222729766098695e-23
-2.223172152135557486e-23
-2.417384523619718840e-23
-2.269943578147482814e-23
-2.366364834036672373e-23
-2.353978440703494497e-23
-2.097380335290350828e-23
-2.261824452816548724e-23
-2.276907212633215822e-23
-2.391370693270734600e-23
-2.264481626420041321e-23
-2.530592526367597042e-23
-2.368312015400838231e-23
-2.225808693625799762e-23
-1.996177186770488862e-23
-2.441532745094482167e-23
-2.326948331121184750e-23
-2.135096109043320717e-23
-2.267458386283186234e-23
-2.311785563155365376e-23
-2.335062421441868961e-23
-2.367320118606575539e-23
-2.447321180052531999e-23
-2.440391482190300211e-23
-2.375177117717841820e-23
-2.380760443327639362e-23
-2.378947351325357487e-23
-2.282779093474143557e-23
-2.294615862777907783e-23
-2.303489973501835482e-23
-2.269637535175701981e-23
-2.181652494589537161e-23
-2.086528019275971215e-23
-2.407233003225394985e-23
-2.293016230882615456e-23
-2.338590044130346379e-23
-2.398934330282821955e-23
-2.420920702779920449e-23
-2.330243383702835306e-23
-2.393761331304104714e-23
-2.264448767794255113e-23
-2.472807211604781266e-23
-2.229520627909326041e-23
-2.441313239477485402e-23
-2.280204800368645593e-23
-2.257582934262794979e-23
-2.336245401066737176e-23
-2.464519249577093657e-23
-2.408204374795737912e-23
-2.242960993703771440e-23
-2.352170207908964589e-23
-2.285341912520960403e-23
-2.521972428025022864e-23
-2.337129347327482406e-23
-2.452094182957142278e-23
-2.420525254265767893e-23
-2.386400645828099291e-23
-2.439107092727075848e-23
-2.228378247504781546e-23
-2.333197568975814092e-23
-2.359948572889561334e-23
-2.365156974640910337e-23
-2.384582579541502845e-23
-2.278712653182043146e-23
-2.365460831055072471e-23
-2.329181174168011011e-23
-2.321478002757224908e-23
-2.246776331201085682e-23
-2.321193097007590443e-23
-2.360797528227933950e-23
-2.245379216140432663e-23
-2.334692041797324280e-23
-2.433791444226217549e-23
-2.353145780008292410e-23
-2.289658857277165194e-23
-2.284484878833778022e-23
-2.436694413714305991e-23
-2.404710345619854863e-23
-2.313465529015947040e-23
-2.199610196567786488e-23
-2.287298728647223886e-23
-2.339250323912956163e-23
-2.157937584889701209e-23
-2.369370939773256036e-23
-2.350656193755025486e-23
-2.356761386748417606e-23
-2.276400581489381516e-23
-2.231322702471740481e-23
-2.234636758989484800e-23
-2.446274582707218054e-23
-2.307123949552926921e-23
-2.245489604813146132e-23
-2.241554521383573321e-23
-2.316711430421332015e-23
-2.303166106175597254e-23
-2.164545163197859049e-23
-2.259928365232131493e-23
-2.166376821864433488e-23
-2.140027335471264808e-23
-2.268118601994779358e-23
-2.230125603500540646e-23
-2.214100740235046051e-23
-2.347041041452312077e-23
-2.295931323385946584e-23
-2.336315955248914585e-23
-2.230178606480282146e-23
-2.203281316163691509e-23
-2.310637495044692841e-23
-2.290297890965927924e-23
-2.186916885212096545e-23
-2.391654131808428529e-23
-2.332561534105413987e-23
-2.333536602581297107e-23
-2.221394764023260375e-23
-2.229091083422249928e-23
-2.115910852880576569e-23
-2.121455019934501612e-23
-2.264587537913635620e-23
-2.089634752915315575e-23
-2.280883999596798366e-23
-2.238781432810682782e-23
-2.223948104158262935e-23
-2.118077421754086527e-23
-2.162497183603181090e-23
-2.263156142241761243e-23
-2.291090845439845734e-23
-2.380967232064747651e-23
-2.323371387840402003e-23
-2.217268568885144319e-23
-2.187407942364081807e-23
-2.126011728819966901e-23
-2.150578809969097415e-23
-2.031317266036409886e-23
-2.196215955728290229e-23
-2.154054010775981877e-23
-2.142858251157657740e-23
-2.200461734409273360e-23
-2.181533434559098930e-23
-2.043923856032428388e-23
-2.164046163923797482e-23
-2.139226428600615466e-23
-2.248013189431013559e-23
-2.303911704060141028e-23
-2.205448672138397229e-23
-2.181701786970486765e-23
-2.220719169893444316e-23
-2.074453116733215715e-23
-2.248462130759019526e-23
-2.147830601720229269e-23
-2.026373877436010466e-23
-2.082975252426440375e-23
-2.106838863721712673e-23
-2.167837365351067553e-23
-2.263013269777247689e-23
-2.187385313177385544e-23
-2.039600623943251104e-23
-2.254404686632681142e-23
-2.136647630831457819e-23
-2.194190982286187079e-23
-2.264680833101307146e-23
-2.035971142315304004e-23
-2.264484519420048367e-23
-2.090573330758052884e-23
-2.042704472692916393e-23
-2.239783120874253514e-23
-1.988143525202604406e-23
-2.173299714510848618e-23
-2.119932689155374706e-23
-2.076445171937524597e-23
-2.117793831113205270e-23
-2.156778671364382909e-23
-1.968111068950518042e-23
-2.184828874884295806e-23
-2.217419785273152621e-23
-2.047770914341655602e-23
-1.987678028487287674e-23
-2.228248522869084933e-23
-2.047262722656054454e-23
-1.969006247429960305e-23
-1.998787613609463108e-23
-2.054671621278868368e-23
-2.191197887252453701e-23
-2.182962260604032564e-23
-2.039502430838158287e-23
-2.088539368708922351e-23
-1.976607601585821325e-23
-2.156158418896209799e-23
-1.997317285133300996e-23
-2.021039740426308094e-23
-2.194430858959343831e-23
-2.171170759942350749e-23
-1.980855597838535922e-23
-2.006699446606394805e-23
-2.029542001008962386e-23
-1.975531646138996287e-23
-1.946788296858170068e-23
-2.100929253648919443e-23
-1.874043740105406278e-23
-1.981815724116440616e-23
-2.060569613318863507e-23
-1.997125993011959240e-23
-1.946054704671406835e-23
-2.007306389944674469e-23
-1.950961101120452364e-23
-2.037379614611574813e-23
-2.024485307377753485e-23
-2.073276959956241171e-23
-1.901543976189792957e-23
-1.963711432432971889e-23
-2.014261920454583656e-23
-1.951765622973706684e-23
-1.959413204677275325e-23
-2.029558634557942652e-23
-1.956600619013127269e-23
-1.936293757016861116e-23
-1.989045279917016611e-23
-1.983549740033101951e-23
-2.067621734210474830e-23
-1.992338823693731297e-23
-1.964515723502908194e-23
-2.063728020704990595e-23
-1.943021823175540832e-23
-2.015986046374763975e-23
-2.060771795706932075e-23
-2.078286786393222211e-23
-1.966605387457108360e-23
-1.846423110023940642e-23
-1.866927762705714274e-23
-1.954881483495440226e-23
-1.900168495480593154e-23
-1.853597173064351409e-23
-1.909987330095738499e-23
-1.897235268562190398e-23
-2.045123972211056836e-23
-1.929483163650768021e-23
-1.950605418299306298e-23
-1.855260287782240062e-23
-1.797536040214971119e-23
-1.836400813699584293e-23
-2.001701405651482931e-23
-1.930418806664020228e-23
-1.737448641501196738e-23
-1.830501743276186804e-23
-1.919924246251970973e-23
-1.917744192667220111e-23
-1.972336931404814427e-23
-1.940365731676136178e-23
-1.894865008444071212e-23
-1.863963433314951971e-23
-1.860394039131294485e-23
-1.867193663865792964e-23
-1.810508632604707356e-23
-1.842617736083479134e-23
-1.779080761963107711e-23
-1.945166457910611187e-23
-1.864132840544082047e-23
-1.869475867841211222e-23
-1.924562915858791476e-23
-1.811372392603953483e-23
-1.838556392872357660e-23
-1.805544299524619231e-23
-1.769171433279376806e-23
-1.788738640243708618e-23
-1.915811759814401495e-23
-1.840485409189146743e-23
-1.882576047461625759e-23
-1.829669202262808577e-23
-1.777054359687708556e-23
-1.834371549547455197e-23
-1.859603550318525656e-23
-1.631755973072444669e-23
-1.787070927780793512e-23
-1.690588053732262269e-23
-1.906994148820870837e-23
-1.806505168412859531e-23
-1.886390839810469692e-23
-1.791570397467029223e-23
-1.734751866663042367e-23
-1.802823939201310219e-23
-1.853782174534499071e-23
-1.801940307248519197e-23
-1.764548796579575747e-23
-1.739068608918875413e-23
-1.700391349886300317e-23
-1.675550863820282600e-23
-1.717812169546954426e-23
-1.709464044291781519e-23
-1.766121941764184080e-23
-1.708353759632546500e-23
-1.813290074209703024e-23
-1.740006912219524793e-23
-1.834457149472883210e-23
-1.774677588797337351e-23
-1.726204820213247504e-23
-1.777344989331716168e-23
-1.762768251958878511e-23
-1.764194596091934248e-23
-1.781995473784522018e-23
-1.767378316533052814e-23
-1.764400173380565408e-23
-1.794413801815260420e-23
-1.700790976754271690e-23
-1.768601107751572156e-23
-1.825202161309457705e-23
-1.763098622924563958e-23
-1.669784931764299037e-23
-1.676946661644689276e-23
-1.718417485042803957e-23
-1.771064204149874910e-23
-1.717815482131275793e-23
-1.665835023234058956e-23
-1.732043815365331714e-23
-1.693154562178716423e-23
-1.755759150090526484e-23
-1.692506585413840063e-23
-1.631990599688799874e-23
-1.578843247700501840e-23
-1.763521335996391216e-23
-1.589150143801183951e-23
-1.628196223778427800e-23
-1.705759846276231217e-23
-1.679198813202073848e-23
-1.731241267433916418e-23
-1.724755772026217690e-23
-1.548927644331947120e-23
-1.628201482966545872e-23
-1.598256578495550200e-23
-1.693571653511860863e-23
-1.579757223061608224e-23
-1.698488975038149268e-23
-1.658735818837438034e-23
-1.686683942877912990e-23
-1.617574561327087014e-23
-1.776303826404463708e-23
-1.513928003697984075e-23
-1.677129866178525977e-23
-1.690893385579030985e-23
-1.647672327819399193e-23
-1.685490918605353424e-23
-1.690531615920528809e-23
-1.534443560898624129e-23
-1.639251945254758609e-23
-1.625466429381233185e-23
-1.580079705896111653e-23
-1.601516425178655670e-23
-1.686097337545704642e-23
-1.663634303284682054e-23
-1.615120506554584149e-23
-1.567667001722907558e-23
-1.495514777134503699e-23
-1.646766125880195433e-23
-1.617398372431521850e-23
-1.695921897422526425e-23
-1.565504076049381535e-23
-1.545818270024250677e-23
-1.539712765218908205e-23
-1.578098760086373540e-23
-1.619114289725291183e-23
-1.530006668088999975e-23
-1.545298844104067258e-23
-1.616717914124492682e-23
-1.496423117651913803e-23
-1.538368293633048465e-23
-1.586418107006170417e-23
-1.549387445716517695e-23
-1.699978221785558140e-23
-1.527371354541831508e-23
-1.601767168456716929e-23
-1.628468841746336062e-23
-1.466485680755781598e-23
-1.558739513496185775e-23
-1.530044729551474195e-23
-1.604110492061619638e-23
-1.560449497462181856e-23
-1.516600032853847314e-23
-1.487947906320357316e-23
-1.549345642003370827e-23
-1.562637088356606175e-23
-1.559767125667244126e-23
-1.551320666383575778e-23
-1.516013144316098896e-23
-1.549306211649713338e-23
-1.514317631479805355e-23
-1.607111397891737648e-23
-1.565665085943735919e-23
-1.510246030587067627e-23
-1.477780241537059064e-23
-1.400460722751561137e-23
-1.505794812199667259e-23
-1.491129120474164797e-23
-1.508849321470196972e-23
-1.524842436232149478e-23
-1.467027645342555936e-23
-1.471635244513787115e-23
-1.494855603866845034e-23
-1.479120104173117816e-23
-1.452981244441125066e-23
-1.450092371745524596e-23
-1.476757324974136562e-23
-1.441180737699571026e-23
-1.413351989344186559e-23
-1.442913192414502730e-23
-1.372496072996007308e-23
-1.474208302689877473e-23
-1.433533159071711859e-23
-1.438928731921096918e-23
-1.436416174754814345e-23
-1.521589069329583774e-23
-1.328639137878136811e-23
-1.433532782393708354e-23
-1.477009039437993577e-23
-1.445904245713768975e-23
-1.411026196357595864e-23
-1.506224423103688524e-23
-1.467919816983015156e-23
-1.420010474814869881e-23
-1.376369140242698673e-23
-1.429139231358233568e-23
-1.368065091658287801e-23
-1.446820324720358014e-23
-1.376415475167793289e-23
-1.307773889717139129e-23
-1.393310023898271906e-23
-1.442549139767501534e-23
-1.426143477034795913e-23
-1.421149427893091379e-23
-1.311190512141449535e-23
-1.413098906868839227e-23
-1.372683888007204903e-23
-1.466461874492122976e-23
-1.398019033830799211e-23
-1.348558709720928395e-23
-1.322704342846194225e-23
-1.436006664447022885e-23
-1.387694340211221837e-23
-1.376688720534979485e-23
-1.350781909087991307e-23
-1.325159405902710906e-23
-1.356452682146087615e-23
-1.348629185087342171e-23
-1.318694849887419647e-23
-1.300218470322470221e-23
-1.335278841476653702e-23
-1.408146076050324678e-23
-1.377151363271771889e-23
-1.311494901569533287e-23
-1.277536252885215557e-23
-1.347117671530818090e-23
-1.345029348520521450e-23
-1.293660763812736608e-23
-1.409855586144175813e-23
-1.335103804754479559e-23
-1.275670892350915147e-23
-1.240872172103031600e-23
-1.238487009691963369e-23
-1.246107902879171096e-23
-1.195031218079344541e-23
-1.295649678025698741e-23
-1.201228099954832627e-23
-1.191946363310383082e-23
-1.265521413661112265e-23
-1.326577033203847787e-23
-1.263092720334177355e-23
-1.240131512028137805e-23
-1.236752167351955756e-23
-1.336808297685820194e-23
-1.302394120027989521e-23
-1.286447346724970336e-23
-1.294279144919697376e-23
-1.270520354458496204e-23
-1.323777483644486586e-23
-1.226861145039668856e-23
-1.269081068809018979e-23
-1.254398841936765268e-23
-1.254230479209985891e-23
-1.230843692164897847e-23
-1.255437943646611442e-23
-1.208089595355933091e-23
-1.220738959000984020e-23
-1.169802067390864684e-23
-1.188366142180773220e-23
-1.242354290546845582e-23
-1.148418808751437907e-23
-1.248432529113662372e-23
-1.235513527542702640e-23
-1.169035990930290348e-23
-1.233979804201712689e-23
-1.217682609975269768e-23
-1.190025699793394996e-23
-1.156276850608572599e-23
-1.170314676411926089e-23
-1.176357097964262426e-23
-1.193670376455852072e-23
-1.194871356186586258e-23
-1.134523687440126852e-23
-1.182442723134454800e-23
-1.156536638601815838e-23
-1.166791802486769768e-23
-1.157427161027311091e-23
-1.104040560337668167e-23
-1.133268409093805885e-23
-1.090950838579088788e-23
-1.170965140801877939e-23
-1.116584586331808792e-23
-1.151661215486499350e-23
-1.077242626079260690e-23
-1.122648690805220978e-23
-1.095280111047716670e-23
-1.139273374559274485e-23
-1.078490951707088460e-23
-1.131134057022710926e-23
-1.090479754495100991e-23
-1.085372451462996064e-23
-1.112452365266546689e-23
-1.104201933461750904e-23
-1.112345327510662581e-23
-1.160184661496878362e-23
-1.090371062300117395e-23
-1.093428360722640754e-23
-1.123524779420252609e-23
-1.134938862058318791e-23
-1.099434683195180799e-23
-1.058136087902764779e-23
-1.003109853063950582e-23
-1.064152375540334483e-23
-1.035152997390590287e-23
-1.112523498165326819e-23
-1.130902153215983160e-23
-1.058212734219699444e-23
-1.012046751203280895e-23
-1.029071355026616799e-23
-1.138583783914053600e-23
-1.103673603954426857e-23
-1.055946800048113356e-23
-1.094787765559331356e-23
-1.041495506780201118e-23
-1.074424780943245067e-23
-9.606929546864118326e-24
-1.038282382650658624e-23
-1.013450893139610243e-23
-1.038406857790431415e-23
-1.063582469897379121e-23
-9.686938417469444532e-24
-1.042043396672563119e-23
-9.782605111804768572e-24
-1.000817245039025337e-23
-1.063941705140610227e-23
-1.011529924144176004e-23
-1.012398554299176440e-23
-9.979397388114062905e-24
-9.847866765630623987e-24
-9.498635472986734912e-24
-1.047918652039179593e-23
-1.040855526594038554e-23
-9.387010038110008613e-24
-1.036170147509622219e-23
-9.784182989693190717e-24
-9.849481420169711983e-24
-9.733864588361133890e-24
-1.072169610025406420e-23
-9.498683259850769739e-24
-1.074075652583194008e-23
-9.951937245908779194e-24
-1.002349342536845082e-23
-9.721693843630844242e-24
-9.493622590304414420e-24
-9.832790689892688564e-24
-9.476169143938157668e-24
-9.683828482465673455e-24
-9.656648416971310364e-24
-9.759755035385863027e-24
-9.642431475615187984e-24
-1.010679008329979189e-23
-1.004508429309950345e-23
-9.157315097866875077e-24
-9.666556747306441622e-24
-9.512181665448811511e-24
-9.137234580668731229e-24
-9.107736431405608615e-24
-9.163225471922493667e-24
-9.191692820841067436e-24
-9.999246321267339657e-24
-9.688048399562706382e-24
-9.707115316547887573e-24
