0.000000000000000000e+00
0.000000000000000000e+00
1.137371023644926163e-02
2.975620228110960677e-03
3.892828651697325532e-03
6.347251142486093171e-04
5.912864774348753835e-04
8.728298416372479466e-05
1.216028047102822070e-04
1.641235734953199593e-05
2.376288568448178991e-05
5.211731923247922603e-05
1.723216751025965121e-05
8.300084729108605223e-06
1.146869383478425453e-05
6.134703051686068793e-06
1.069688085932806364e-05
5.340915783923559144e-06
5.903171273712209817e-06
2.090846921272992591e-06
2.865784539412610161e-06
3.475171094963177000e-06
1.757667908117333092e-06
1.009875287406744894e-06
1.970844466083025731e-06
6.446372661664883651e-07
9.753729425596841234e-07
3.680308795364479946e-07
4.113670972080502059e-07
8.447968564489723263e-07
6.401252338142043535e-07
5.395237578921685533e-07
3.058766562106019073e-07
1.852240044862910178e-07
2.378536501228945358e-07
5.599712706616913441e-07
1.743428283500694258e-07
1.994106540958482633e-07
1.017496200754568771e-07
2.078663441529495272e-07
7.023378861507885495e-08
9.038344585361281400e-08
7.531904433290691258e-08
1.272250007474070787e-07
1.076643255069334610e-07
1.088801614258864664e-07
7.668509721983523456e-08
7.052609599110425801e-08
8.600568163071407682e-08
5.127638202062444299e-08
5.150061391151045652e-08
7.135354384044162948e-08
6.728999849073025362e-08
5.205423090679172848e-08
5.306355335370861493e-08
4.071044756499664369e-08
3.484243987355203300e-08
5.190923634698496989e-08
3.805194771418109880e-08
3.102833861992524939e-08
2.254596744880125572e-08
2.857540176828446775e-08
4.403129159448529868e-08
1.975174209457205997e-08
2.242913573275791773e-08
2.333405992991064574e-08
1.591657261071638516e-08
8.941725843707279135e-09
2.502688220378697036e-08
1.455556003781235162e-08
1.445457100476466452e-08
2.092215274560972754e-08
1.189953621408196583e-08
1.652691917311177991e-08
1.112431544318541614e-08
1.180413341672929497e-08
1.409994134227172849e-08
1.686391661695485457e-08
1.243748600275936885e-08
3.474100721688419693e-09
7.750260678505546646e-09
9.123759461470324716e-09
7.318263721518003752e-09
7.092314060026966686e-09
9.776861491625783277e-09
4.825937203599166575e-09
5.753167356995303361e-09
4.449247498371630594e-09
7.988851165649285385e-09
6.835960877304109432e-09
5.913249686995637923e-09
5.007641103224636880e-09
4.173288130187381134e-09
3.553438927960706218e-09
3.694733774960892641e-09
3.175062345351752762e-09
3.172163888884577232e-09
6.884145844922087085e-09
3.722104942401558727e-09
4.351192806701054464e-09
6.135588497750453211e-09
3.037952490332876469e-09
2.319367763373599853e-09
3.123005652481015143e-09
4.555698043914080779e-09
1.861093401452917392e-09
2.445979166179523331e-09
3.397551399451446646e-09
1.785986062486373376e-09
2.695594464823183662e-09
2.529024868591048788e-09
1.842461265869567844e-09
2.480229090142338040e-09
2.226285259478082690e-09
2.301570875680364961e-09
2.822949140532609139e-09
2.216050708005467854e-09
2.564352737137928554e-09
1.768795192253990458e-09
1.766782800952010890e-09
1.727693753105940584e-09
1.508861049073536644e-09
2.089637400667482881e-09
1.289255122762183258e-09
1.121552654452727854e-09
1.738648963035540374e-09
1.473274469024039455e-09
1.544328873942291011e-09
1.062841978696453468e-09
1.188027082137441218e-09
1.033671952744073672e-09
7.429403146529556273e-10
7.341942988274818738e-10
9.401096690571079366e-10
9.820392256696227787e-10
1.195553819709550551e-09
8.664678008234008407e-10
6.922332529827136126e-10
1.122921509312152162e-09
3.430809740556307649e-10
1.097299036901644251e-09
1.070883535709132693e-09
8.193453542647761840e-10
8.259377400666291986e-10
6.883213573350724443e-10
5.518490783267676298e-10
9.991199394395393306e-10
5.741805915261424588e-10
6.030859680639807472e-10
6.643474267653816767e-10
7.613472368639306901e-10
6.400398936511063822e-10
5.279955328683793430e-10
6.488882802353680494e-10
5.872990242220334575e-10
5.770534542178147795e-10
4.682973982220117979e-10
3.158857340832231717e-10
4.845958381460544023e-10
5.154523071035166211e-10
6.147829844948850345e-10
6.118018874745373941e-10
4.028671029662163043e-10
5.878587377446807339e-10
4.007144674914193474e-10
4.448344200364378189e-10
4.960886629697286534e-10
3.677058996251958834e-10
4.609779291336051082e-10
5.769024533402358588e-10
3.535931399068906313e-10
3.077418036875808582e-10
4.107668215576682770e-10
2.834803330611426493e-10
3.138670242063080071e-10
4.198308120698713417e-10
3.137571269707299683e-10
2.781005939736451678e-10
2.085295307032721132e-10
1.853041576279515365e-10
2.624972077431113727e-10
3.123063415999549316e-10
2.393666713656930532e-10
1.828269732391646249e-10
3.039072186306925665e-10
2.215683047342136740e-10
2.762139387606483114e-10
1.861428705155273715e-10
1.803035867179264446e-10
2.544312177453370285e-10
1.794493680853352688e-10
2.532266428515967881e-10
2.701507136995063547e-10
1.288199920734958208e-10
1.308737637393014779e-10
1.701354584069641196e-10
1.739991454018304711e-10
1.776065631364475854e-10
1.790369945466628253e-10
2.418488385666455110e-10
1.692850576465873883e-10
1.366576983098796407e-10
1.698082461137289995e-10
1.388906024961625994e-10
1.349333793913618809e-10
1.457816969959590710e-10
1.674568040715546896e-10
1.417474441243959437e-10
1.380002756421240491e-10
1.582327667128904759e-10
1.158621351060403662e-10
1.143400943464390657e-10
9.345296057657549310e-11
1.064992096075097691e-10
1.285861279242594976e-10
1.152839999764663468e-10
1.225850590638295060e-10
1.291198956086268413e-10
9.480077167666016958e-11
7.041092318715145087e-11
1.160500668423494395e-10
1.458131091276582571e-10
1.301311123962296363e-10
1.322267902625396433e-10
1.175455666322310057e-10
1.383209116689210665e-10
1.536083216488432191e-10
1.266317377310157684e-10
1.265197998517478638e-10
1.131770178580998425e-10
1.387116033844942085e-10
1.630631042395922299e-10
8.127208855861820059e-11
1.229906927092730654e-10
1.045741383087394039e-10
1.016950954717712056e-10
1.120867631202288245e-10
7.321387960960559812e-11
9.426589273993788129e-11
1.187912536513078008e-10
1.064095091580541996e-10
8.076940236923768304e-11
7.458634170028563823e-11
1.318848507353515537e-10
1.028585164203652422e-10
1.045873264204900315e-10
9.421905055348904298e-11
9.395886526393071709e-11
8.639615458732415848e-11
6.585223560560718151e-11
7.179056917665785235e-11
8.679861932796839941e-11
5.989114977607664180e-11
7.773567330300788840e-11
6.009087031800481163e-11
4.254512444399199911e-11
6.458348880594001872e-11
5.204470866421112884e-11
8.497925366784320418e-11
7.852302754289822983e-11
6.729291751123364441e-11
6.404806254838025988e-11
7.645226254788500972e-11
5.955059456159133322e-11
5.926723218140688395e-11
6.495533888693759871e-11
4.396911491864967936e-11
7.536775335381843791e-11
7.953564561402898092e-11
6.156481995185447811e-11
7.281165146374396805e-11
5.894604557982057264e-11
6.508891534236589907e-11
5.407366911548161134e-11
5.825964481999316491e-11
5.776880268028732465e-11
5.660994827513878110e-11
6.024551179695942550e-11
3.992284287232455863e-11
6.063191881773469833e-11
7.554254365955229930e-11
4.266326973891077802e-11
4.603415438866054511e-11
4.642003479756783738e-11
5.302188158029848557e-11
4.726787011416413379e-11
3.790621356283373459e-11
5.465782596494104235e-11
3.671924141695026700e-11
4.443775065144397555e-11
4.285143215896886142e-11
3.542801667764387647e-11
4.787419492360347599e-11
4.482084540317010848e-11
3.591037179005297544e-11
4.196371505652375419e-11
5.777892248951366474e-11
3.385293624753519403e-11
4.279562557559243837e-11
4.721852985652050549e-11
2.910732793894846045e-11
4.086973457220532788e-11
3.936042722947068881e-11
4.768770582646422781e-11
3.828984785212498058e-11
4.852363869916478132e-11
2.846269945734426561e-11
3.246201910676773584e-11
3.814922221538409461e-11
3.644396921489313752e-11
4.324860845581890112e-11
3.462032399242959006e-11
3.318987784845462256e-11
2.845019538199991237e-11
3.358583438091114311e-11
3.157426170052777533e-11
3.392930757262980883e-11
3.553548256929262970e-11
3.770726980343261761e-11
3.183214433346877627e-11
3.302909797430461407e-11
3.222561315778857497e-11
2.758766553789462530e-11
4.141665902884451293e-11
3.325990927037879736e-11
3.424537689257973902e-11
3.462977478932126643e-11
3.444988088857946013e-11
3.588192163942668579e-11
2.471338042479613239e-11
3.360784577803886973e-11
2.648054391744535140e-11
2.831928404251493714e-11
3.326450677847784024e-11
2.774392694130677399e-11
2.619774115169860293e-11
3.025681188014629415e-11
3.036098651561838798e-11
2.948326078789123237e-11
3.088927923252476124e-11
2.118073196257925453e-11
3.322647032026056697e-11
2.633523692289948370e-11
2.807599548887376175e-11
2.324596653889759169e-11
2.955176688686079782e-11
2.547563393786887006e-11
1.807291539349153117e-11
2.545522096970995381e-11
2.447102349242362019e-11
2.012417729355772517e-11
2.182775859256436915e-11
2.216577308011530079e-11
2.827078661151349928e-11
2.521671586354806858e-11
2.639601701908073223e-11
2.097570889517369462e-11
2.801130753608830109e-11
2.326778645799047841e-11
1.727444946934303727e-11
3.059894340846019047e-11
2.311868649928324266e-11
2.549803641874982554e-11
2.422702696293015237e-11
2.366628940449733674e-11
1.888218388002464243e-11
2.523229041695238845e-11
2.344396087842946002e-11
2.333882829111544939e-11
2.240492754016671693e-11
2.046561318127180931e-11
1.963911884071787007e-11
2.318514217367875420e-11
2.176284200808441431e-11
1.911717701348286286e-11
2.235464052400551408e-11
1.972602138461087984e-11
2.059929466039465877e-11
1.935962855515494631e-11
1.808057875960076889e-11
1.749579613493733107e-11
1.581165528604239084e-11
1.890710464637997324e-11
1.736458656665872450e-11
1.886599591078060357e-11
1.710916255429848851e-11
2.004126208866167800e-11
2.018516788479668460e-11
2.066872880420344211e-11
1.693055794529089039e-11
1.363997652684843951e-11
1.594378903873394235e-11
1.633696641125233694e-11
1.475815805984048053e-11
1.798496159074068911e-11
1.748308341444075132e-11
1.657770786793953368e-11
1.475411384988151509e-11
1.231748447942882385e-11
1.436022554210144009e-11
1.358051177394164066e-11
1.306490226712908233e-11
1.938294964704672946e-11
1.504663024814210773e-11
1.122418676525824406e-11
1.451488655674724944e-11
1.627101526809564093e-11
1.405083365550533682e-11
1.538614935493999033e-11
1.293741670894679937e-11
1.409851266973796021e-11
1.362354613571121974e-11
1.336521039619902833e-11
1.121670413937635140e-11
1.329960906057352258e-11
1.264387342374485064e-11
1.378001836841253550e-11
9.293921203956367237e-12
1.416527097872362708e-11
1.040121082491445258e-11
1.377253054068216259e-11
1.406453615157912895e-11
1.183417529355505546e-11
1.180153505691510531e-11
1.003358247851131461e-11
1.214182855136935564e-11
1.468651941105787035e-11
9.751470268118997914e-12
1.234506321206957623e-11
1.173334377247321357e-11
9.364692433302381860e-12
1.080343069064481562e-11
1.209262016972559261e-11
1.185295567534763471e-11
7.184576152714943961e-12
1.085129680080189888e-11
9.612122425279626859e-12
1.301001051120557352e-11
1.370998850100897957e-11
1.105444893193494837e-11
1.308017558648450169e-11
1.000664144602088108e-11
9.355403121655969385e-12
9.738739532928217887e-12
1.326491901458892208e-11
1.037343725490887174e-11
9.388075312140238875e-12
9.584985387779810097e-12
9.579519260466359437e-12
1.178379586723452532e-11
9.630365967025108486e-12
1.116283396470044489e-11
9.010200349674390447e-12
1.211101337253439274e-11
9.698678108509257592e-12
8.071313650991972069e-12
1.007716451986731970e-11
8.597342609585774940e-12
8.795765848519256048e-12
7.436977304543073570e-12
6.821560823127443976e-12
8.224856562735980925e-12
8.599976833194228923e-12
1.042236206857798986e-11
8.030724087579810279e-12
8.353069231349788183e-12
6.735531162920663288e-12
6.330079837334329143e-12
7.550270967932234071e-12
4.992476900345884660e-12
8.353590760867601256e-12
7.725420532219823746e-12
5.537901083933327135e-12
6.132105298727461310e-12
6.706127198744517364e-12
9.644552327800929141e-12
6.959731179230075781e-12
6.764157418557686619e-12
7.324563119296250635e-12
6.779802523849434271e-12
6.225453044063965766e-12
6.423584228948498989e-12
7.082018661366434378e-12
7.224839800149310973e-12
7.440384154913308466e-12
4.919685028610527827e-12
7.753421702365004759e-12
6.874953534713756738e-12
6.237596180333138160e-12
8.242972778895883311e-12
6.745782645308011315e-12
6.220555051340046599e-12
7.088857008739201171e-12
6.167577416295922117e-12
6.935910739209373683e-12
6.374084122856325290e-12
7.953369698588077713e-12
6.971067378426366477e-12
6.672825801971619676e-12
8.424196396041784797e-12
5.219337858339962722e-12
6.158957035939029150e-12
5.677413047964384730e-12
5.452486756048945300e-12
5.763249636798018805e-12
4.402925598994504194e-12
7.477810009874456063e-12
6.755420807957885392e-12
7.223157902255191709e-12
6.437196118468665349e-12
4.679557795634012537e-12
5.947390194266008510e-12
5.200752409486902336e-12
5.544847064236608814e-12
4.787831125066051311e-12
4.789066599063955033e-12
3.586086663619979337e-12
4.226802008338510554e-12
6.299018727714566072e-12
4.297457360721320394e-12
5.031151689160440466e-12
4.649456304534332039e-12
5.088122876092765342e-12
5.499941254214113235e-12
5.270133804960304516e-12
5.291661877384485404e-12
4.522720836642543302e-12
4.521384384159272743e-12
5.233336465145691116e-12
5.373932857585394379e-12
4.158172131087835906e-12
5.378119096963907873e-12
5.580677181970022549e-12
4.808857464757169014e-12
4.537928743732448779e-12
3.661727933978201408e-12
4.666549960730613940e-12
5.311734155907326499e-12
4.850142872970493600e-12
5.490147060128016687e-12
3.730195817753679338e-12
4.046652615488772606e-12
4.777232322354156546e-12
4.917079837053833594e-12
3.910742217729810669e-12
3.845902428286273652e-12
3.735108426919111654e-12
3.837304972752705232e-12
3.786438618050601808e-12
4.573812359628066906e-12
4.393951523807674425e-12
5.440780753768067189e-12
4.381174858906437806e-12
4.586386036767895421e-12
4.264366738157415594e-12
3.661920435824708097e-12
3.354198091427536440e-12
4.373053931121148322e-12
4.870046001457294276e-12
4.146065029116453695e-12
4.569298469684595400e-12
4.196461587083986092e-12
3.646215795056575381e-12
3.260238492193788913e-12
4.837669583528556123e-12
4.455547864829163608e-12
4.579860240699247006e-12
3.197388330486446880e-12
2.846620096203348323e-12
4.803478877917246909e-12
3.726183050709176437e-12
3.691845489383285970e-12
3.864225306382454215e-12
3.410949958181042534e-12
3.723786182082088611e-12
2.627254256303434304e-12
2.857958402037580469e-12
3.519600915782824780e-12
2.753404219785491765e-12
2.845072102400983527e-12
3.583299578956279708e-12
3.643278327470868910e-12
3.145920159947303748e-12
3.891649394118648445e-12
3.183557776148774284e-12
2.653801923096596181e-12
3.234532743199400352e-12
3.729207194958306721e-12
3.093532948122342553e-12
3.824682476470885892e-12
2.941055374066480379e-12
4.003795981028591323e-12
3.297884277296909433e-12
4.638202033858099187e-12
3.099378397901561483e-12
3.790099650870089775e-12
2.996100810509729322e-12
4.021809147165515502e-12
3.082230319845089253e-12
3.114090539731991806e-12
2.788467847164728290e-12
2.635190075302445026e-12
3.392114757498185547e-12
2.947336273622503670e-12
2.204499220489733192e-12
2.431550809679877687e-12
2.583361194306783927e-12
2.881894341456689649e-12
3.504367393895405923e-12
1.927795459553438195e-12
2.219810213883565528e-12
3.274260904020009666e-12
2.487954099324280742e-12
3.962465785353914403e-12
2.842078746413209991e-12
3.107283719053600720e-12
3.076306815007889260e-12
4.199732613037310568e-12
2.348332878930250528e-12
2.862589726003036935e-12
3.252623027879947703e-12
3.436009412051035284e-12
2.387236496376876855e-12
1.620757031897010896e-12
2.935608822389803685e-12
2.343476476658043160e-12
2.867017872215021031e-12
2.085999005979133316e-12
3.394725443616609059e-12
2.426297783100018523e-12
2.696808012183573689e-12
2.144699295121532236e-12
3.275728791779328350e-12
3.434768185772669649e-12
3.161677547175885950e-12
2.718394608462677165e-12
2.226741385328075192e-12
2.944187809957072867e-12
2.727686188446693149e-12
1.897875576772301365e-12
2.513662487181753807e-12
2.926787361602389870e-12
2.432925348061704946e-12
2.740994686185561434e-12
2.394131511510515972e-12
2.553917997744365048e-12
2.052061922866890974e-12
1.931411301616478221e-12
2.806416196735880981e-12
2.782312440915780422e-12
3.090907177374625703e-12
2.630922187217268528e-12
2.723490058236866397e-12
2.354293099552098087e-12
1.828424841451513643e-12
2.070447559141448535e-12
2.801525958753630516e-12
2.454732064441022889e-12
2.389149080539891140e-12
2.138919859728465380e-12
2.436839067910845072e-12
2.240544573136909641e-12
1.580707696672917535e-12
2.364784616831450280e-12
2.012448261118928444e-12
2.398094169809048180e-12
2.690661357133554045e-12
1.969101393519142249e-12
2.223015732285374978e-12
2.088740212956982114e-12
2.610161279273683753e-12
2.394543253822840516e-12
2.394269756905841252e-12
2.201162835269349459e-12
2.478935117989126059e-12
2.005026672698701231e-12
1.913329658085748736e-12
2.339015167532552203e-12
1.937555632018992998e-12
2.378274964172089224e-12
1.988126501336874857e-12
2.538388777618690393e-12
1.922436655214441690e-12
2.237882103401377738e-12
2.380224945595428593e-12
2.249475318842608834e-12
1.494815372017998586e-12
1.731846859827485608e-12
1.897562731134876902e-12
2.080840150298310422e-12
2.470126962625780689e-12
1.501201768303707702e-12
2.441453820810090332e-12
1.823512168145055527e-12
2.115117093333657255e-12
1.813521032272475129e-12
1.985095108513860753e-12
2.069022977553440013e-12
2.277083716194214414e-12
1.612131423767904312e-12
2.201613836989296489e-12
2.148245154468115727e-12
1.771541796797271346e-12
2.375275994406041328e-12
2.241541267510977837e-12
1.411459036188252073e-12
1.413970074237232973e-12
1.594823709502741733e-12
2.429118445040176142e-12
2.331000868368983525e-12
1.916140835013768548e-12
2.101090731530123124e-12
1.849265079357662026e-12
2.025082168975804485e-12
1.397618884705790575e-12
1.958687950568241209e-12
2.331213715882254123e-12
1.959258396563131359e-12
1.621410039298558714e-12
1.876304764402968091e-12
2.253344859104649110e-12
1.908654059184224980e-12
1.675435197421210958e-12
1.919027159030762234e-12
2.046185402608738586e-12
1.910298088041351498e-12
1.187830404584331917e-12
1.694006689044329517e-12
1.636761036644159254e-12
1.606759550648290541e-12
1.127860107355077415e-12
1.548724397037265636e-12
1.832712979900626565e-12
1.721158950015565888e-12
1.677928731492446087e-12
1.530172671900352964e-12
1.572506751292736151e-12
1.552786906129839012e-12
1.508468744034738766e-12
1.352165416940442712e-12
1.445133817651207187e-12
1.458804532443613338e-12
1.311994331759451596e-12
1.431483856455297786e-12
1.472174557112146140e-12
1.488776621601887835e-12
1.455534554222446794e-12
1.658975498206356072e-12
1.531336076101142763e-12
1.259748300926395017e-12
1.772041690973006412e-12
1.705188460187862014e-12
1.529997667338595020e-12
1.728367958654667019e-12
1.158382142730553394e-12
1.514889452129402110e-12
1.072068405043149730e-12
1.532028669233745082e-12
1.697403798477706752e-12
1.422408603033717202e-12
1.443902783421105888e-12
1.278567197766079680e-12
1.366469991370591672e-12
9.819848378984966711e-13
1.241344872426456762e-12
1.420579233248080772e-12
1.316951739140277901e-12
1.384628472934772607e-12
1.329667136297080159e-12
1.299229667512695444e-12
1.342123560132931171e-12
1.184335154096561504e-12
1.389558651785945361e-12
1.468872203332399524e-12
1.539802191073329180e-12
1.368101782547965950e-12
1.178875403023424597e-12
1.386109770558472188e-12
1.451485589595698822e-12
1.059242568015620840e-12
1.065468305752222392e-12
1.326740254167514047e-12
9.072761228892344322e-13
1.099832508980165554e-12
1.309168210393718202e-12
1.059324434160521931e-12
1.189665289471828968e-12
1.478495389435195883e-12
1.207643721625113624e-12
1.242224364154283905e-12
1.058579088829998178e-12
1.328930377988791251e-12
1.191116645434387880e-12
1.176667776644690322e-12
1.001356113833967339e-12
1.409647482039944072e-12
1.082829270140281112e-12
1.099574460474642696e-12
1.095402894160956911e-12
1.157991306925092414e-12
1.340567277417096121e-12
1.310195007799505335e-12
1.218825801125816004e-12
1.336780765784540868e-12
1.149366324521795778e-12
1.156689809857794166e-12
8.603758399881780997e-13
1.008912479033457879e-12
8.818664655683852194e-13
1.033878898439902028e-12
9.480663891910180419e-13
1.040766884411119819e-12
1.261375383955976559e-12
8.261759424770561787e-13
8.254218322719701132e-13
1.436104151183808833e-12
9.440471845777140705e-13
1.092854802145508274e-12
1.028133988123200481e-12
1.024987047702861653e-12
1.233873879840189685e-12
1.084354900774947994e-12
9.628664409706090057e-13
8.203699251015098884e-13
1.155716126248468820e-12
9.252231635155931888e-13
7.859578120934218111e-13
8.817445765835021314e-13
1.298435325337289353e-12
9.091642483280698354e-13
1.046715309059131738e-12
9.287327533788060082e-13
8.058052045663000518e-13
1.014943526435623380e-12
1.206090005585751720e-12
6.613775868068533184e-13
1.054070488266851610e-12
5.943266995557816618e-13
6.688088456469234515e-13
9.209433300856025461e-13
8.562562907036042796e-13
1.117743993775948475e-12
8.989133227152778268e-13
1.095583519949393990e-12
1.039139807756683881e-12
9.729053661823272679e-13
9.575492968868775868e-13
8.913726716712473963e-13
7.275751420068920890e-13
8.388481171805852656e-13
7.671743911445894443e-13
7.777754383371694197e-13
8.512666773773096748e-13
8.598215019225367978e-13
8.626504882344909894e-13
9.847695963069461573e-13
9.927437360896762462e-13
8.795573263837275712e-13
6.831346649741886986e-13
7.442496444302559689e-13
6.820046073532022157e-13
8.796326894539859909e-13
8.391867915759453376e-13
6.913747503066143325e-13
5.562499468285852391e-13
8.426353275140249936e-13
1.018184140781835218e-12
9.886197310538173646e-13
1.028267566451219669e-12
7.476686395725565656e-13
9.457700250789544826e-13
1.092512636997659095e-12
8.281490532561926616e-13
7.143561029693110879e-13
9.249407261442289947e-13
9.172794742501262466e-13
7.542379031201357967e-13
7.817492128979638688e-13
7.689441094373952902e-13
6.254874847175658196e-13
8.730638712108430661e-13
5.967087099152770269e-13
1.086312082580314667e-12
6.050159596094629621e-13
8.526533143386697284e-13
6.262762846797841569e-13
9.803620375885673347e-13
1.051674047797780068e-12
7.670396690016725708e-13
8.593874247570479708e-13
8.390370130203073281e-13
7.858820880601899683e-13
7.700741138688768008e-13
8.710858420108527631e-13
6.565511142589828113e-13
8.871749646990264200e-13
8.255309286064744988e-13
5.572960936323454981e-13
7.553274548897164463e-13
8.266826326258669933e-13
7.084038497199752214e-13
8.273062690567454734e-13
6.104904316481401470e-13
7.571530914066477396e-13
8.145275983286818669e-13
3.994441696050186386e-13
7.653791967550997633e-13
6.410262501570944443e-13
6.224067392938799022e-13
6.721803911163681977e-13
6.128254456835479298e-13
7.638982181808744830e-13
7.749571546914095038e-13
6.039963367606131765e-13
8.220153286953701071e-13
6.772581370111411242e-13
4.931691114762971475e-13
5.482697847871408440e-13
6.055058713242708341e-13
7.310128561780087962e-13
7.699344170201844521e-13
6.316837534293392919e-13
7.457210984356702013e-13
6.771544143150001848e-13
5.624744746768515577e-13
5.242613488636464986e-13
7.004599566794576955e-13
8.756693655298885488e-13
7.542012193145560733e-13
8.650517207489236699e-13
6.491049080938956833e-13
6.383670087292058235e-13
7.187906138650156884e-13
8.435966701826653660e-13
4.789700539026829185e-13
7.720416836907023912e-13
6.129866554847214007e-13
5.066520461685508379e-13
5.221527672850241939e-13
6.183676481734080746e-13
6.147532252592297652e-13
5.570976317179882003e-13
5.884284652468210117e-13
6.354776936042831442e-13
5.576255769300714568e-13
7.676400127650046119e-13
7.471719849377099787e-13
6.798685870620626971e-13
8.734722142367124248e-13
3.885830014842967093e-13
7.380326361881151203e-13
3.891442229825349721e-13
7.037429043390117956e-13
7.900240602336227866e-13
4.013102413196367042e-13
7.894643353781166666e-13
6.871565883547693088e-13
5.879677701421861605e-13
4.975183788718330794e-13
6.430895012442234824e-13
5.756720858744603477e-13
5.290831579295440964e-13
5.444013269971200921e-13
7.053175139026062465e-13
6.472750416839869824e-13
6.277549728937222688e-13
5.756853005167236906e-13
5.774747909862503328e-13
4.134015609808260866e-13
4.143140740760234617e-13
4.340778479883363070e-13
5.876797374866677973e-13
4.332132316740604481e-13
5.633521256822806549e-13
5.793872040521308483e-13
4.226290806399372965e-13
5.247680994954080207e-13
5.141203355500742046e-13
5.950321969571812784e-13
5.935861223971850055e-13
5.859731913498626524e-13
5.878187295601983347e-13
5.587273495034918734e-13
3.162512112691361479e-13
4.421606832353501918e-13
4.272617003387568261e-13
7.591524094048901077e-13
5.683112823377575115e-13
4.043860735155049005e-13
4.361077994999586557e-13
5.036975154648409345e-13
3.976691426523554310e-13
4.532414358707173999e-13
5.206232702107322243e-13
6.741240706308221988e-13
4.496815124040772635e-13
4.183657443376651047e-13
5.014164914265479007e-13
5.307626864023720083e-13
5.080409125860000718e-13
5.982660937448310311e-13
4.548543942219329315e-13
4.735382466500458670e-13
5.676058150995607280e-13
4.852714949344136508e-13
6.183159730315317135e-13
4.731861856477103139e-13
6.976816238506527749e-13
5.302739004968260127e-13
3.583417443062254080e-13
4.553866995806064590e-13
6.303855652632682915e-13
6.035193516557002092e-13
6.187064153022875271e-13
5.559513696814310691e-13
5.814513307773533928e-13
4.144218946902454060e-13
5.481955704259221374e-13
3.316957627885525638e-13
4.173453462850651508e-13
5.418972208258246441e-13
5.074419740029415471e-13
5.734459808372197568e-13
4.743458809254596838e-13
5.115490129339836726e-13
4.865703909571761642e-13
4.467236989899092301e-13
4.208107839612554048e-13
2.998828340820779987e-13
5.478063648698722386e-13
4.552855682801854827e-13
4.149115068187817456e-13
4.754007630793186580e-13
3.797443712352202803e-13
3.684284013105509156e-13
3.965300287749057641e-13
5.253948047369001538e-13
5.133185849290940505e-13
3.861932580196216086e-13
2.851574683473326496e-13
3.083063983306100460e-13
4.832890025511886700e-13
3.825955449847215627e-13
4.567037860916168921e-13
4.261849691605707216e-13
4.033084467173750768e-13
4.760238381457480763e-13
3.939512797992889201e-13
4.026138695934935490e-13
3.567411627989341242e-13
4.169730703654971091e-13
4.087179505417041721e-13
4.095203949106506520e-13
2.809498663409370407e-13
3.401855629570326875e-13
1.636254241814877849e-13
3.560595963164087986e-13
4.391553359857747052e-13
5.920247878406463177e-13
2.540856424613886081e-13
1.909862332624173619e-13
4.817630047329050937e-13
4.106670402061108851e-13
3.374371357475860529e-13
4.208672725764141146e-13
2.014145177283994100e-13
3.579785830877177372e-13
3.667128937370236181e-13
4.309100736650294172e-13
2.247609848561098389e-13
3.512756043145614817e-13
2.906875620538115911e-13
2.092813320163120838e-13
2.681883818518799850e-13
3.079268392865517689e-13
4.251556077166324901e-13
4.051317731253447613e-13
2.630392726745156435e-13
3.613239590616164684e-13
3.831110887866580282e-13
2.531868705742803136e-13
3.137390697540518120e-13
2.591519034440986027e-13
2.333212985864987369e-13
4.567240467194207869e-13
3.431126554536625692e-13
3.980835152983298628e-13
2.900057655657014620e-13
4.503437213961590126e-13
4.271216105728960854e-13
3.553554437300568972e-13
3.962550764601045470e-13
3.668662556743939111e-13
4.008130526710696756e-13
3.618709997466208798e-13
2.176492143637522595e-13
4.542418650831964541e-13
3.642599960790705508e-13
2.619470298062240070e-13
2.745230397522797867e-13
2.320206712560064588e-13
3.701310457371263382e-13
8.909397606388533178e-14
3.430734742865294666e-13
3.397970833087556674e-13
3.698956647347119702e-13
3.353531445935971257e-13
2.854951364168205339e-13
4.237607718611436595e-13
2.624627639674926770e-13
2.419177868179031796e-13
3.661220232083302937e-13
2.370178376280451733e-13
2.287051680911743507e-13
2.829651516057832788e-13
1.636158091263342484e-13
2.797395284666872456e-13
3.723513059765220640e-13
2.849379566689993699e-13
3.327903582234312954e-13
4.271500574059379880e-13
2.033919410795156670e-13
4.232514580037028918e-13
3.583848521614287026e-13
1.836812549563541445e-13
3.358139744943328718e-13
3.224818119471800519e-13
3.760766378468775907e-13
1.875118204565197898e-13
3.092854293689180564e-13
2.861233008496762833e-13
2.779108515852501538e-13
2.458094223939096330e-13
2.319291789878304939e-13
2.857003688175247721e-13
1.725913096681055716e-13
3.146166277798661077e-13
2.102485501836990313e-13
2.432422865811709556e-13
2.513676387001381124e-13
2.742563709753884364e-13
2.787853035376575383e-13
2.363942886515203487e-13
2.324819847955741052e-13
1.040772595773347998e-13
1.874217981059620839e-13
1.660813072874667283e-13
3.049909041031152373e-13
1.462848264256667552e-13
7.634503117596750653e-14
2.531557597343064063e-13
2.154908891016438910e-13
1.608563795282054698e-13
2.135327034606333755e-13
2.769036085224219285e-13
1.405454383453148042e-13
1.123692577375825796e-13
2.781994139182646529e-13
1.781122510343861972e-13
2.580480546926902089e-13
1.678427713346513375e-13
2.103750095825560241e-13
2.018558959496470381e-13
2.289762502593697470e-13
2.512737674573916081e-13
2.143083009461963736e-13
2.885728420129368968e-13
1.558496467493685219e-13
1.847123945345512721e-13
2.845240627522311238e-13
1.217112036068354141e-13
2.645277418114423011e-13
2.603098179612006132e-13
2.508979703369334944e-13
2.866751010667677870e-13
1.317150393896263619e-13
2.066172938524978308e-13
3.247469149974480397e-13
2.872292533926052490e-13
2.647055928664354681e-13
9.542959763913459438e-14
2.543110662241870509e-13
3.744801055287308898e-14
2.426414711142332519e-13
1.976660599982800382e-13
1.331387747850947265e-13
1.344518166953059387e-13
1.640075595167064843e-13
2.473452890254339459e-13
1.482416104244882572e-13
1.367712826402854446e-13
2.502418044772113252e-13
1.474227030212797223e-13
1.172777010045382951e-13
1.597988784172964109e-13
7.747613671165755271e-14
2.217359822013295221e-13
1.800118246789284879e-13
1.410420938144750480e-13
2.498796471261282673e-13
1.738662470593158481e-13
2.444243913835612679e-13
2.494986832220228073e-13
2.509972987552489785e-13
1.789398308755802565e-13
1.314625422088904550e-13
1.506349801958499011e-13
1.573395266385603714e-13
1.018741040923630078e-13
2.183656783254856661e-13
1.989120990856993139e-13
2.169166107575752276e-13
2.139986798253638482e-13
1.752025859339594449e-13
2.075593802657770200e-13
2.027961243858951748e-13
1.920472504006523083e-13
1.334821594455923096e-13
2.859790047341457772e-13
1.248449956858118833e-13
1.928433156591695515e-13
2.236013860287149831e-13
3.665927927332891463e-14
2.223498008347573046e-13
6.915762901270462044e-14
1.332396925902456976e-13
9.630049325135160435e-14
1.800683954646207227e-13
1.419460786147565295e-13
1.619968552526556976e-13
1.173737954159905773e-13
1.194082971403109562e-13
1.556360949110507290e-13
1.308460071884074098e-13
2.070510771348091726e-13
1.269652632670298345e-13
2.121632224466854216e-13
1.570827828317075277e-13
1.511704167472006452e-13
2.014795511019941636e-13
1.540729601342456892e-13
1.223704514065949285e-13
1.960956851094681256e-13
1.684765406026997755e-13
1.287836820859687625e-13
1.337063126933864460e-13
1.276837573789267646e-13
4.190377613172343093e-14
7.755617522052207805e-14
1.329275605686257384e-13
6.115762549534383034e-14
1.509686266611350042e-13
1.905778740020876903e-13
1.512722934067494363e-13
1.551812117634847938e-13
1.548417654353397478e-13
1.245905503903921832e-13
1.675936931775838040e-13
1.007213699279060571e-13
9.541149272106597521e-14
2.066758111091681378e-13
6.400890534324386692e-14
9.213714961831518676e-14
1.696840230785168571e-13
1.064393113809784965e-13
1.595327244564711363e-13
7.753747584970280320e-14
1.070623246475321052e-13
1.163204186479991162e-13
1.378289357754095020e-13
1.318146887269311942e-13
1.306243596983149020e-13
1.104022902352126172e-13
1.613016258360971473e-13
8.579627383883131185e-14
1.389568470301616123e-13
1.038582681819074070e-13
1.254876157029857696e-13
5.881898138802720803e-14
1.234700771090333836e-13
2.128803743279892737e-13
8.390742243469508964e-14
1.413712173183901776e-13
9.828630503655526485e-14
9.109924973772896156e-14
8.886772485835287132e-14
1.695376486119405047e-13
7.518225046989450245e-14
6.992871385294291305e-14
5.334782411916695186e-14
8.695473254269943897e-14
3.420385841650588803e-15
8.918110236923808057e-14
7.251147565432248706e-14
5.035566721810699274e-14
6.462272620410737933e-14
1.450664985989464856e-13
1.079685204883995836e-13
1.026265917226955964e-13
1.129206589127324592e-13
2.796040502954477637e-15
1.010846773968865432e-13
9.016823504992352757e-14
8.532790744186590118e-14
1.395621894258083016e-13
9.200612278193742792e-14
1.692782919612663653e-13
7.506416752401855052e-14
6.191280573159104678e-14
2.818021133982247098e-14
2.902698756103313957e-14
6.987860402826921553e-14
9.545178868883275517e-14
7.126925510103544665e-14
9.794854108373030793e-14
8.577378713801277095e-14
6.375941304275691371e-14
1.062010298044378936e-13
4.671577230120839863e-14
6.182185214081700090e-14
9.622277300939986942e-14
7.998645237282021075e-14
9.295776359482867065e-14
1.396387248268490903e-13
9.670093381486743725e-14
7.070175566117583869e-14
4.349095123695748831e-14
3.783054696336741126e-14
1.152079419987572604e-13
8.664627316488690885e-14
4.283995671529280885e-14
1.193879358979023422e-13
7.554557431466836586e-14
9.953453879078353908e-14
1.429579451691495383e-13
6.869699800834927642e-15
4.507031798310813745e-14
5.841514547140616374e-14
3.276343781259211663e-14
9.100566999457679459e-14
8.695711724920221800e-14
9.594334341057469003e-14
8.830808360417967138e-14
5.014850483315707716e-14
7.004715467816292897e-14
7.568333553451192752e-14
5.407093178417447805e-14
8.713744782317479630e-14
4.564174069665993203e-14
1.903743477056110071e-14
7.996743261733561654e-14
8.540755809326962188e-14
7.456082956052041666e-14
5.881258645011945610e-14
3.144182809240758486e-14
1.186765509982574392e-13
1.013641372277860884e-13
7.122645026926943898e-14
9.121669306867699091e-14
6.912346360220192636e-14
2.753957888297138848e-14
-2.132615872223980611e-15
9.543247452538367233e-14
4.130782182426272077e-14
5.370879983801826841e-14
4.765647228320456745e-14
6.929985514307099412e-14
1.021048306257872789e-13
4.655912697006948627e-14
1.225940764414461172e-13
4.058407553003358554e-14
5.779278245366276468e-14
6.921459315956179946e-14
3.989823379146420471e-14
3.067689378663741483e-14
3.281192923506756911e-14
1.075176263270317203e-14
9.054610950015369505e-14
3.153248126857326827e-14
4.841199037805672984e-14
5.935364276200041371e-14
-1.478549510495486004e-14
5.207344699733408272e-14
3.667144943689143447e-14
4.186184626043174348e-14
7.589705416170993234e-14
3.037455737387306640e-14
1.888667992859300532e-14
8.562000068061655987e-14
-1.669117708764957682e-14
3.429954438440397655e-14
4.080867972580198633e-14
6.168891675298630668e-14
-6.174319583086929740e-14
-2.688936320263081699e-14
4.368825790770420102e-14
5.994535609916973909e-14
8.608816634525616232e-14
-2.930053909041070110e-14
4.879474513754086853e-14
4.304169754271375025e-14
3.959831428953037093e-14
2.470959876492796285e-14
9.557962583967469837e-14
5.772189414921406786e-14
3.642068465756110472e-14
2.444608894489926779e-14
4.598131100802687500e-14
3.801613516253958956e-14
4.212612798028373672e-14
3.813589366284956108e-14
-7.062346480239631401e-15
6.165805506966275644e-14
5.959245187279219240e-14
5.201366031571254211e-15
1.161859487489430530e-14
4.309794608533071618e-14
8.392435731954161041e-15
2.192980880094551990e-14
-2.191607868015836263e-15
-4.303649600022227440e-15
-1.658807293000663278e-14
-1.828289693507072799e-14
3.864503609807622585e-14
2.196678269362830920e-14
3.378591506961602576e-14
2.460064666966715366e-14
1.475162989277427419e-15
6.896764505678158922e-15
-1.624836063575293569e-14
1.302805666607322745e-14
-3.415212943165676720e-14
1.837947906923320234e-14
1.055162685303548826e-14
2.795343286086844494e-14
3.787359995516581221e-14
-3.803420558451632968e-17
-2.631829218796697759e-15
-1.902303117590982324e-14
-4.026563314362031829e-14
1.451000529702963117e-14
-3.425994212964670384e-14
3.038316310372210518e-15
1.716234582737442958e-14
-6.794258572156024722e-14
-7.342000237238666617e-14
-1.924095172266277877e-14
2.482240628810858849e-14
-2.843945009223957558e-14
-2.235946068521172133e-14
-2.551543116627436489e-15
-3.434921488179634376e-15
2.788002241588611181e-14
1.625834897382335380e-14
-3.226584029423447327e-14
3.030490405926941531e-15
8.059344274034848940e-15
3.838935337893031791e-14
1.955605700038295475e-15
-2.743667825703359849e-14
9.221167870271592484e-15
-2.340233244928578243e-14
-4.409383349794742398e-15
-1.051674828469992980e-14
5.861971672525916616e-15
-5.091947584145967548e-14
-5.678273661290961248e-14
-3.406362853218913670e-14
-2.359537418498065466e-14
-1.784058721612972964e-14
-4.460569654234134593e-14
-1.139283947442232668e-14
-2.425905669451078871e-14
-1.571736053492400525e-14
-1.657907182703709394e-17
-9.562735581238837091e-15
-3.014329393737434437e-14
-4.317497790936215439e-14
-5.377009239637961753e-14
-2.675943322557918607e-15
-5.282382103914017549e-14
-1.253201521270404137e-14
-5.022333952670633160e-15
-5.149366167835790747e-14
-1.691275987955016543e-14
-6.210978492656841638e-14
-2.578433792673859499e-14
-5.955114753184850561e-15
-2.014688498615812630e-14
-4.959002114775866722e-14
-4.238300445699864005e-14
-4.203920124121319413e-14
-1.679297221479644470e-14
-5.850332237986223471e-14
-3.186619096120242463e-14
-2.792715806728594254e-14
-2.512288094783762964e-14
-5.875513747088019218e-14
-4.025649035391578508e-14
-4.677704595487216335e-14
-9.229663310437058498e-15
-3.613235907427337889e-14
-6.069548551316356863e-15
-9.468352273715132882e-14
-2.671980140922877622e-14
-3.074095542183540018e-14
-3.221145429771050088e-14
-5.131617548039361949e-14
-3.424185826047063219e-14
-6.486459443709614655e-14
-2.921887044930633937e-14
-2.110780608078598791e-14
-1.802189143609933723e-14
-6.548014300312146119e-14
-2.295313309535725394e-14
-3.646328681396958900e-14
-6.415094425472225579e-14
-4.511435684908025077e-14
-9.995769421109738226e-14
-8.214701491178434495e-14
-2.017557412817804906e-14
-3.694846300581537089e-14
-4.642769716743228336e-14
-5.592642036602750518e-14
-8.076197985938966910e-14
-3.256277465733792058e-14
-5.362567386482371448e-14
-5.270815166130894593e-14
-4.845005021450353752e-14
-7.523210096867413672e-14
-3.864952689199278856e-14
-1.089346817373894532e-13
-1.063080410985881215e-13
-4.401233734143358634e-14
-6.303976617821301224e-14
-9.137518522415828475e-14
-5.093505354902887847e-14
-7.956601543204671060e-14
-6.489251086794339472e-14
-2.417522286871018509e-14
-5.591379150434625821e-14
-3.608559178257955227e-14
-6.041571580744074222e-14
-7.806587451300204030e-14
-3.159793891805582178e-14
-4.119548915333555332e-14
-7.953271048794807740e-14
-3.664450064016653134e-14
-5.987662662170335686e-14
-6.775963057118108418e-14
-5.167395286874418918e-14
-4.840242974408399793e-14
-6.391531239068859393e-14
-6.434064081670066977e-14
-8.211112901903629452e-14
-6.269471487657290325e-14
-8.522954756018043408e-14
-8.978425571043093503e-14
-6.723824317843481477e-14
-4.482191774672580642e-14
-4.871196777839792822e-14
-8.375331448195351555e-14
-9.552949806273557069e-14
-7.960701808804549290e-14
-5.032604553656190495e-14
-3.766998835524905767e-14
-9.484020561151622429e-14
-8.211988217943113697e-14
-3.417045868416353896e-14
-6.012794445941433643e-14
-1.170127013626808690e-13
-4.733452426765624365e-14
-9.052338324012992099e-14
-5.809007174749215730e-14
-5.933519954940634503e-14
-6.181412725657146751e-14
-8.381149394356889895e-14
-6.717278465976154278e-14
-6.902275312481594089e-14
-8.439569671061197829e-14
-1.080488190354633199e-13
-7.573529713141013657e-14
-6.359049282363278011e-14
-9.263507982391387593e-14
-3.216847410973393489e-14
-9.389262991676186898e-14
-9.621001585397028303e-14
-9.229393886922421176e-14
-7.925993589682567126e-14
-8.253431124622556684e-14
-7.923490684693076833e-14
-7.153879168860182166e-14
-7.752026400812679183e-14
-4.553952005373041325e-14
-8.338501982460361777e-14
-9.058347994243668925e-14
-7.377046253825989234e-14
-7.007344506219907250e-14
-9.302499845544371949e-14
-8.363744384562355924e-14
-1.032204927936958407e-13
-5.615631176147064386e-14
-7.722776614764868581e-14
-6.433330643817218402e-14
-1.153009132650718089e-13
-1.050175934824796750e-13
-9.096110865430159431e-14
-8.542996194384710339e-14
-4.530017111404727538e-14
-8.913816619387694502e-14
-6.303111083974601779e-14
-6.112300429344551354e-14
-8.744043107048013605e-14
-1.125012935726336020e-13
-1.118436571598978497e-13
-9.720580035021197983e-14
-1.263149368413178975e-13
-8.057092712698506791e-14
-6.412162612667084735e-14
-6.445895618315917257e-14
-7.114841579272773085e-14
-8.125701095522226158e-14
-9.314057764720189436e-14
-8.797853218617987658e-14
-9.724780681488747708e-14
-8.928122304513159060e-14
-8.147970556916879112e-14
-1.051211785171039404e-13
-3.787754623040445868e-14
-1.302496287858568135e-13
-8.329543993994286722e-14
-7.579403503314972497e-14
-9.912419375292258023e-14
-1.211894548613665842e-13
-7.817243012353132721e-14
-9.661452006430561695e-14
-9.040637589768554753e-14
-7.584428880148319053e-14
-8.866682694620151574e-14
-1.120113911910109704e-13
-9.173828365396571139e-14
-9.369504774825953092e-14
-9.116673631224381729e-14
-5.790302291135750793e-14
-8.302672169616064001e-14
-7.722007839548988319e-14
-1.135085794396821371e-13
-9.427930443448186967e-14
-1.138323207984050286e-13
-7.740584425063072624e-14
-1.164898571219129227e-13
-1.154515919832200768e-13
-7.814754265057420800e-14
-5.145548291009572033e-14
-1.020055396580062367e-13
-1.084299548475789214e-13
-1.097516511985783514e-13
-1.011328940775673077e-13
-1.283799988197095491e-13
-8.528503426229924845e-14
-9.226665264863198510e-14
-1.115349602501927225e-13
-1.227914324210212442e-13
-9.208188863089490248e-14
-1.030104933414994895e-13
-1.426103819639565081e-13
-1.034309514727417033e-13
-1.171964645313429308e-13
-8.071866885126204533e-14
-1.091803948572138725e-13
-8.989240966574949055e-14
-1.091625139232927439e-13
-1.170459775796276061e-13
-9.363115322266096505e-14
-1.293880542218015357e-13
-1.112639034441787555e-13
-9.966500385556020864e-14
-1.326695884947304212e-13
-8.877966204106345303e-14
-1.274930182503072256e-13
-1.290632941241070888e-13
-9.131440290602231914e-14
-9.272098865534971249e-14
-1.043727452853772032e-13
-1.223651200100205355e-13
-9.779302697934120647e-14
-1.175280073878481383e-13
-1.333614294955101041e-13
-1.314183753869464274e-13
-9.070513120301182533e-14
-1.062184710617302007e-13
-1.125713491553225190e-13
-1.333045909008309301e-13
-1.094606194736228392e-13
-1.066859664522472594e-13
-1.027160658283227048e-13
-1.192773401922904592e-13
-1.086769011744816118e-13
-1.115952554728734319e-13
-1.242771711701055351e-13
-1.214375328045840775e-13
-1.159145276395350964e-13
-1.105486323457269249e-13
-1.217575518444660026e-13
-9.580440947497898314e-14
-1.332607073360526351e-13
-1.232947886959364167e-13
-1.007341820776678699e-13
-1.152406562655765035e-13
-1.186592051127047789e-13
-1.252441780226213723e-13
-1.313128064979416858e-13
-1.446753995975735429e-13
-9.291587526779360290e-14
-1.335683955169157598e-13
-1.197500944338067442e-13
-1.261375445244992206e-13
-1.021316133074695023e-13
-1.323544889357689305e-13
-1.198009681904892916e-13
-1.096278654324428276e-13
-1.147996591906174134e-13
-1.142485408764741735e-13
-1.296325461903689057e-13
-1.252803162307238828e-13
-1.120921243585247619e-13
-1.236092826187038664e-13
-1.545214538409013312e-13
-1.345253728755885846e-13
-1.312746421211959092e-13
-1.561601577935959425e-13
-1.591115314967672941e-13
-1.148412781149822229e-13
-1.321768693138765210e-13
-9.923349599686705990e-14
-1.228238103558135619e-13
-1.237626448038386837e-13
-1.459739700027713001e-13
-1.403919898135208836e-13
-1.451943636747185268e-13
-1.556291670465045434e-13
-1.278148137446694456e-13
-1.090181750334840840e-13
-1.429007469534435246e-13
-1.524133067929239825e-13
-1.064773472017596416e-13
-1.221869073069178994e-13
-1.339982082641338340e-13
-1.340930485990773986e-13
-1.301277756530662879e-13
-9.587066472833980560e-14
-1.322817378093688420e-13
-1.363504525721653221e-13
-1.134029785349186614e-13
-1.287137455604051360e-13
-1.406089243189769652e-13
-1.102191283612444015e-13
-1.102434906488520118e-13
-1.698030215478717984e-13
-1.325333361553586170e-13
-1.200753502387669368e-13
-1.251043416090423584e-13
-1.355370934564084475e-13
-1.521605659415402991e-13
-1.263061894043883938e-13
-1.344863319811921116e-13
-1.548454065776162971e-13
-1.214115877514091549e-13
-1.446229719770903825e-13
-1.414334771712149343e-13
-1.335732519703900749e-13
-1.423906897137487839e-13
-1.402671543664755062e-13
-1.301473213881106566e-13
-1.437077462766109234e-13
-1.489869642529704718e-13
-1.504965773088542349e-13
-1.326336550985082706e-13
-1.070471307589879241e-13
-1.350170944122660245e-13
-1.338080844768512246e-13
-1.349186102165442420e-13
-1.226550607007292237e-13
-1.244809459398002290e-13
-1.100964636305697090e-13
-1.703386203025456815e-13
-1.241848734347449373e-13
-1.416667180145202296e-13
-1.467537990466076285e-13
-1.391783226311610271e-13
-1.626225384057759665e-13
-1.344855286550886374e-13
-1.486398509799006759e-13
-1.391468008234775994e-13
-1.483274565814619907e-13
-1.602589588543433165e-13
-1.359805427549306048e-13
-1.374801576315929404e-13
-1.513573348477523996e-13
-1.459537013541707361e-13
-1.226929881165417890e-13
-1.162743125049789455e-13
-1.450359823011834180e-13
-1.571239525322085678e-13
-1.556223766101582109e-13
-1.382780350060960385e-13
-1.512070772471853200e-13
-1.397277325721159626e-13
-1.399796358019361009e-13
-1.382921418730372574e-13
-1.645233857261999341e-13
-1.623606831015715959e-13
-1.566476840340184660e-13
-1.526518129249813285e-13
-1.496286440804127510e-13
-1.397893722975576166e-13
-1.400373179152666632e-13
-1.651148422153979672e-13
-1.415997216459479262e-13
-1.503624192474580196e-13
-1.564754288856334597e-13
-1.694924800700982311e-13
-1.511973006619943591e-13
-1.684750865449851685e-13
-1.406891288228449672e-13
-1.364483878687344810e-13
-1.412579924694195995e-13
-1.457776565369428616e-13
-1.627566368817652989e-13
-1.585172676310202724e-13
-1.639360573765706700e-13
-1.518485570646629968e-13
-1.658461280597395256e-13
-1.509115616298723391e-13
-1.483923930714581044e-13
-1.623876738713125576e-13
-1.412066854846135321e-13
-1.560315377323393998e-13
-1.561247131459365650e-13
-1.505657532376734758e-13
-1.843380957795287146e-13
-1.401257248046985989e-13
-1.520946187442158716e-13
-1.526863161204792405e-13
-1.734142050434839661e-13
-1.548587070754653577e-13
-1.651870512019622080e-13
-1.751784023923825335e-13
-1.578127917075956805e-13
-1.402721073679232597e-13
-1.772056864286070533e-13
-1.919989062472716666e-13
-1.389642821082126014e-13
-1.792559348771666998e-13
-1.752281975772345576e-13
-1.477384536360346464e-13
-1.850196257516959528e-13
-1.671688433488323446e-13
-1.761011753626564971e-13
-1.632888647754867028e-13
-1.721908335145919334e-13
-1.816257093904801789e-13
-1.660982966643569428e-13
-1.709897139782337751e-13
-1.657836125992669158e-13
-1.652450929019801287e-13
-1.474245571210533924e-13
-1.593952260805617028e-13
-1.659218990188434071e-13
-1.572589937383309202e-13
-1.878656665411866482e-13
-1.682940218073553486e-13
-1.570851779075138842e-13
-1.706566998299899637e-13
-1.662484087573891238e-13
-1.591829644907557518e-13
-1.535207544744843746e-13
-1.756685218042054289e-13
-1.638689221857111526e-13
-1.632118568387436850e-13
-1.570642102236645849e-13
-1.649659212908014421e-13
-1.851899159965916478e-13
-1.730447757103509614e-13
-1.953643965409653707e-13
-1.677287750649725863e-13
-2.000204233953206368e-13
-1.775083260910045883e-13
-1.865910511370202011e-13
-1.698841689046202840e-13
-1.677556478893635177e-13
-1.715121451559741634e-13
-1.613660080778539422e-13
-1.755780554849837309e-13
-1.730204161378545713e-13
-1.715341583996591724e-13
-1.565304368446949026e-13
-1.743453058353419430e-13
-1.755516150545242608e-13
-1.768020784303358729e-13
-1.817805791537704847e-13
-1.833866537293359904e-13
-1.933507524184430958e-13
-1.975403525400004288e-13
-1.658302598521353211e-13
-1.725307959547441288e-13
-1.984060327326664602e-13
-1.604251952205120099e-13
-1.970468073285030915e-13
-1.782294503990809954e-13
-1.766881418034433488e-13
-1.862845620151230457e-13
-1.777781624315367187e-13
-1.797092414350958185e-13
-1.940612012301249005e-13
-1.820080776576562322e-13
-1.529986836161264137e-13
-1.636888015173798796e-13
-1.794200847280159418e-13
-1.889683378675122477e-13
-1.595206625622549231e-13
-1.855072426756049538e-13
-1.792901650452069813e-13
-2.037224970604761347e-13
-1.662553843984580744e-13
-1.510148109067485410e-13
-1.562122700864835461e-13
-1.764431946901514055e-13
-1.739159345196557146e-13
-1.731538847150323161e-13
-1.832338376084800235e-13
-1.819955106326181248e-13
-1.845938585933186685e-13
-1.734699427092440542e-13
-1.970402998168896148e-13
-1.731951686680892245e-13
-1.815113236707049113e-13
-2.065297318142744782e-13
-1.788191830151295861e-13
-2.077646776939520527e-13
-1.705035271623375858e-13
-1.941921403189727864e-13
-1.912391883504945815e-13
-1.828428637887218407e-13
-1.623770403387100777e-13
-1.889083380961055066e-13
-1.785819747441008798e-13
-1.759385285559639154e-13
-2.126500648762137540e-13
-1.834511386199584147e-13
-1.849401290750524167e-13
-1.989755657540417065e-13
-2.165118478593785121e-13
-1.822369913662068842e-13
-1.881719632824719063e-13
-1.769138557495572239e-13
-1.979980501800128833e-13
-1.712302833934501186e-13
-1.878024096791694119e-13
-1.979470414646688616e-13
-2.021743973221708902e-13
-2.052664345920268223e-13
-2.029002113321285078e-13
-1.882994179562449846e-13
-1.823700375889385068e-13
-1.843782602708384945e-13
-1.924027369383172102e-13
-2.033818173325253769e-13
-1.913565745659071321e-13
-1.897587136392715109e-13
-1.804262814541021144e-13
-1.809312585936514108e-13
-2.194550777058049363e-13
-1.913677989517400345e-13
-2.009581563215983081e-13
-1.777142393413276257e-13
-1.870189055364399899e-13
-1.916799639863745961e-13
-1.880370961762657992e-13
-1.771893961695274030e-13
-1.982819860335731352e-13
-1.774013762370085622e-13
-1.885425832876729779e-13
-1.871887106385966611e-13
-1.839487860077158853e-13
-1.995417960721723473e-13
-1.856727596217935898e-13
-1.940361386867565055e-13
-1.868676403627471594e-13
-1.639132258701430115e-13
-1.845907679809053122e-13
-1.845296364704685530e-13
-1.840403216759180641e-13
-1.846205046118391146e-13
-1.821130245903617206e-13
-1.825351559763519811e-13
-1.930454197868163226e-13
-1.933993505993149137e-13
-1.884579185305730980e-13
-1.871271588240980476e-13
-1.785579843329080443e-13
-2.165177485552123683e-13
-1.933995934339916934e-13
-1.829317776134980206e-13
-1.811505338676627219e-13
-1.884405624651640533e-13
-1.933704366441517158e-13
-1.876261256532933173e-13
-2.028107876929873321e-13
-1.993475146227980960e-13
-1.883612589619436827e-13
-2.095931567237727930e-13
-1.935162830763904995e-13
-1.844179004578368053e-13
-2.078343814130929292e-13
-2.055081530064811528e-13
-1.875430003202075440e-13
-1.770529730076717433e-13
-1.913472830523420729e-13
-2.026262087512771908e-13
-1.987620048359340110e-13
-2.071445350050633627e-13
-1.950447299079815479e-13
-1.778799642823581342e-13
-1.825541500885697049e-13
-1.979919793842167621e-13
-1.884754375064141457e-13
-1.782187708565635520e-13
-1.959759930782245805e-13
-1.939178791613918839e-13
-1.947474981591156294e-13
-1.833133394116996294e-13
-1.947003535654645837e-13
-2.029358379667140040e-13
-2.067084928522081308e-13
-2.050298229158594381e-13
-2.016430418068896849e-13
-1.930418947982516096e-13
-1.924037291299959690e-13
-2.125986571767370344e-13
-2.102691194820465550e-13
-2.186508877153830233e-13
-1.827802338092254637e-13
-1.948958108853602702e-13
-1.971027938665679544e-13
-1.946174296244697494e-13
-1.994029710003944709e-13
-1.780360892967077599e-13
-1.995313510421960303e-13
-2.046481111660203688e-13
-2.190975825524309505e-13
-1.939505992018940636e-13
-1.988725626287495009e-13
-2.091285103048180668e-13
-1.973433817149461138e-13
-2.082141837087159833e-13
-1.952481409406402755e-13
-2.205651179013603994e-13
-2.001676185486652617e-13
-2.009038129178238128e-13
-1.963700260635664200e-13
-2.122794623889971459e-13
-1.938853576075472633e-13
-2.147957865333787640e-13
-2.132427046603356738e-13
-1.957470768486941447e-13
-1.934547642166422821e-13
-2.079854697634525481e-13
-1.883804867291750095e-13
-2.109479382234646347e-13
-2.074187180458442840e-13
-2.091378423603024646e-13
-2.177724725982160943e-13
-2.114086985611980709e-13
-1.984450986287165516e-13
-2.017455697897939143e-13
-2.113977089283741967e-13
-2.134883989104835469e-13
-2.107049839733710974e-13
-1.985405207584380489e-13
-2.124977469326994729e-13
-1.872042486094763513e-13
-1.986088877853891888e-13
-2.117849096186886646e-13
-1.885357492254042169e-13
-2.218293684826958469e-13
-2.066288884917749516e-13
-2.046810225053982136e-13
-1.986332110245163495e-13
-2.304149004438344266e-13
-2.046166324844389680e-13
-2.087677344987726625e-13
-2.179666462568027647e-13
-2.236595658333754547e-13
-2.349420192789881215e-13
-2.020154015118804770e-13
-2.204784283306499411e-13
-2.197994665393058460e-13
-2.142326607985227097e-13
-2.150286599672096472e-13
-1.918459485467685891e-13
-2.185700923894904721e-13
-2.168978381071812692e-13
-2.167999952735576781e-13
-2.063919530435757551e-13
-2.070783909982626181e-13
-2.231372655446183384e-13
-2.063260460791856889e-13
-2.152276603215563152e-13
-2.241413519031486069e-13
-2.124726239006074988e-13
-2.015327366185392096e-13
-2.181826912185948581e-13
-2.209694806352566454e-13
-2.170693613132704087e-13
-2.037635513018730923e-13
-2.246711776423260413e-13
-2.229669224738795948e-13
-2.039623878046120487e-13
-2.125023715394184540e-13
-2.102999504393740611e-13
-2.048533241909270965e-13
-2.124758433135167667e-13
-2.080200392399959034e-13
-2.118894403434742727e-13
-1.879926423177039034e-13
-2.296493793851826328e-13
-2.040802151270243446e-13
-1.982336700926152617e-13
-2.179858262314116976e-13
-2.208616245463416273e-13
-2.137827890684927361e-13
-2.194114519366183329e-13
-2.233967924876647585e-13
-2.084270374063431595e-13
-2.331656190458338964e-13
-2.285835500627077029e-13
-2.165867036884650725e-13
-2.261428512508045611e-13
-2.110795095960722125e-13
-2.136422922027151926e-13
-2.230714809402380005e-13
-2.096649459297953102e-13
-2.143083547240090704e-13
-2.324279724255566944e-13
-2.403895119140001114e-13
-2.459874707280327456e-13
-2.147843754828093250e-13
-2.073296142959555119e-13
-2.078290889298444567e-13
-2.260541243410742444e-13
-2.243986371025905351e-13
-2.023742659880367054e-13
-2.084849908683687029e-13
-2.386935561795027435e-13
-2.195912569252569524e-13
-2.222797332489024070e-13
-2.316247597652356286e-13
-2.208815195906403791e-13
-2.332313415084195271e-13
-2.389165420905556126e-13
-2.174560789208731564e-13
-2.206607711092744612e-13
-2.212691263547995384e-13
-2.084628857954177976e-13
-2.308117960027625104e-13
-2.303324607051034917e-13
-2.312364502283371927e-13
-2.240165431214607104e-13
-2.051205135731596671e-13
-2.226437842377101943e-13
-2.269538165597764576e-13
-2.219422351502759518e-13
-2.383582063885386472e-13
-2.368308057591977781e-13
-2.210451144533072298e-13
-2.406986091766764600e-13
-2.321555667393750123e-13
-2.229248278219416612e-13
-2.195635797684441688e-13
-2.357335039514029587e-13
-2.196856145431427395e-13
-2.226136493265141136e-13
-2.330004243508771933e-13
-2.349285363542677649e-13
-2.442935304609920066e-13
-2.461298411802886992e-13
-2.381809748863607706e-13
-2.382239729723236838e-13
-2.393910236572581577e-13
-2.307482679739784298e-13
-2.403126741629037640e-13
-2.303786218888629856e-13
-2.243215877388957133e-13
-2.424159093253426095e-13
-2.383112850863124255e-13
-2.286876631082919533e-13
-2.288194303305385178e-13
-2.337218172736227865e-13
-2.406317531974032016e-13
-2.443815241741910074e-13
-2.209474828113165759e-13
-2.179270791516491699e-13
-2.429663896801712320e-13
-2.403481192915419853e-13
-2.490419686199139262e-13
-2.471671165959142471e-13
-2.470699298848678853e-13
-2.278405066928401639e-13
-2.394762879978531041e-13
-2.201507009329405826e-13
-2.409595668916802077e-13
-2.456798291474137871e-13
-2.231276858179463062e-13
-2.299772474014566589e-13
-2.420118737104442241e-13
-2.351445960805886682e-13
-2.311664591956850645e-13
-2.345940141362491372e-13
-2.663680180533925252e-13
-2.242131596723131348e-13
-2.206461063416478383e-13
-2.288940378179211486e-13
-2.418555903557811051e-13
-2.383539747010248589e-13
-2.207200531056602840e-13
-2.307787934790909909e-13
-2.384028090954326733e-13
-2.209896544802003828e-13
-2.365204250435665072e-13
-2.491119159186746952e-13
-2.326688016385874110e-13
-2.505284334088172984e-13
-2.362861322135113615e-13
-2.525525928834151689e-13
-2.579358179757514939e-13
-2.536075167792761667e-13
-2.512337676892594943e-13
-2.400121358280024968e-13
-2.333486438681918461e-13
-2.342135822262315170e-13
-2.240012066904388091e-13
-2.328033158576136220e-13
-2.343512059538507066e-13
-2.366876995560670582e-13
-2.488542975949616184e-13
-2.231962625885553153e-13
-2.438294405249901706e-13
-2.426231305429814273e-13
-2.299836460454681835e-13
-2.295411036716071284e-13
-2.307228945770517238e-13
-2.553246453383832935e-13
-2.511413499964216260e-13
-2.303530767280751961e-13
-2.413466109802444360e-13
-2.409910532682893694e-13
-2.323240059380312897e-13
-2.442063840691376592e-13
-2.317097146732531933e-13
-2.500479324078166255e-13
-2.400759407730181769e-13
-2.408887115539553514e-13
-2.298713323503318370e-13
-2.422035283194727015e-13
-2.463688018233730997e-13
-2.336694962564844972e-13
-2.397412731330531810e-13
-2.441718285352430660e-13
-2.402712326411927327e-13
-2.196164833851734267e-13
-2.213921242392566153e-13
-2.436891778981913824e-13
-2.424118270031020833e-13
-2.464627431490364329e-13
-2.294298642147493319e-13
-2.382660102386614001e-13
-2.451627623138171303e-13
-2.420941524014537543e-13
-2.282016964365764505e-13
-2.348764897627780078e-13
-2.363358023495967148e-13
-2.511538882973499246e-13
-2.348912431865064144e-13
-2.333196374906899794e-13
-2.222718269107137455e-13
-2.495656920189327213e-13
-2.515923011924878919e-13
-2.327760065800882415e-13
-2.453077562248950473e-13
-2.408936070647927025e-13
-2.317938123987744738e-13
-2.516987083023945261e-13
-2.326841537320336904e-13
-2.447942945808118615e-13
-2.446883306013045430e-13
-2.217655024676772228e-13
-2.300204370855792450e-13
-2.451602296923542019e-13
-2.426846438608740965e-13
-2.376943118713200510e-13
-2.287950837379331331e-13
-2.212794114229343357e-13
-2.247280118927305145e-13
-2.382640675687563107e-13
-2.289984041739087595e-13
-2.374336646644270470e-13
-2.357823721804411234e-13
-2.459051466830115866e-13
-2.331286421742593152e-13
-2.543010205057249989e-13
-2.536878634138067593e-13
-2.441453552030096903e-13
-2.145477625664548548e-13
-2.243547700252675154e-13
-2.214195445212029102e-13
-2.236532957119880937e-13
-2.435828120199017936e-13
-2.372588414025366774e-13
-2.361349487157074907e-13
-2.380225898511282200e-13
-2.384190254509261215e-13
-2.264285505949174665e-13
-2.369100733180971442e-13
-2.466254211532351483e-13
-2.403315633107262515e-13
-2.465892354519290019e-13
-2.364743148274870888e-13
-2.297219300685224504e-13
-2.473285966672657011e-13
-2.311036435042396901e-13
-2.242177908839704788e-13
-2.421263393892356415e-13
-2.403552309650659365e-13
-2.237071559020924360e-13
-2.358572775651546402e-13
-2.262127076271606270e-13
-2.400666538786955737e-13
-2.592580907491853426e-13
-2.350383064733812834e-13
-2.390338329077755490e-13
-2.501720761413291776e-13
-2.238728677039222491e-13
-2.452126801808910253e-13
-2.455591760435865847e-13
-2.423274189026997551e-13
-2.477836875129877439e-13
-2.264285073941797316e-13
-2.369686669517284707e-13
-2.385276768130959076e-13
-2.306181991106454369e-13
-2.301999720542892293e-13
-2.495164576076123564e-13
-2.450616295273226636e-13
-2.366308820477527699e-13
-2.314268654006340367e-13
-2.367526690864030578e-13
-2.478861338973289517e-13
-2.390611214043790484e-13
-2.341698246851947698e-13
-2.377990534550240266e-13
-2.366063543367671450e-13
-2.509031343899249587e-13
-2.476743842640200695e-13
-2.422747380394132875e-13
-2.322992018153304232e-13
-2.438525018454276734e-13
-2.379336517064954784e-13
-2.339776390214570983e-13
-2.183525399831578532e-13
-2.675783984737067125e-13
-2.384590175066541026e-13
-2.417411286184416928e-13
-2.485298394346150142e-13
-2.435531743941216269e-13
-2.327159368179029182e-13
-2.533164287005648142e-13
-2.465890557381100245e-13
-2.376517097602896417e-13
-2.525211244862894483e-13
-2.483706947264848224e-13
-2.460259389195136130e-13
-2.458223970854242939e-13
-2.478950331892484009e-13
-2.372982416230164340e-13
-2.450302121146057165e-13
-2.368409750689752066e-13
-2.381147990247174812e-13
-2.570952672774158850e-13
-2.368282352827807423e-13
-2.538954320501954068e-13
-2.402456310466169301e-13
-2.467841232106527771e-13
-2.487615791046832981e-13
-2.390438868577483076e-13
-2.330052121490781639e-13
-2.328792477783855683e-13
-2.357755245019393492e-13
-2.605565088333040413e-13
-2.468812903080975774e-13
-2.504229206161057556e-13
-2.436024987405912351e-13
-2.467967618500005433e-13
-2.377692545296430305e-13
-2.408185473610665518e-13
-2.519245603771512311e-13
-2.484968590411815358e-13
-2.408291733562907681e-13
-2.391006708907160546e-13
-2.507876740985248516e-13
-2.535787272099429471e-13
-2.359451163049966129e-13
-2.476429085387521634e-13
-2.524017767366423505e-13
-2.441525482981408489e-13
-2.399604193642337669e-13
-2.505397520105822522e-13
-2.574642869381558419e-13
-2.493166368398729849e-13
-2.468073455619799425e-13
-2.441092559172164969e-13
-2.508287051132468543e-13
-2.379174703897897529e-13
-2.527192697726066665e-13
-2.478172868096898064e-13
-2.500895103680411469e-13
-2.505647024959671442e-13
-2.313799555116180083e-13
-2.551789399728132967e-13
-2.440064062994617885e-13
-2.638633620918687332e-13
-2.400358871025268959e-13
-2.641413406402286150e-13
-2.600114966275016189e-13
-2.281365519570866635e-13
-2.552401258866635545e-13
-2.555551659360982257e-13
-2.471073232413870222e-13
-2.413099100132940983e-13
-2.520553036479018942e-13
-2.692931887204626138e-13
-2.499758961812258037e-13
-2.556679093974729835e-13
-2.487428487752733636e-13
-2.485232457169210825e-13
-2.513976786433953538e-13
-2.661842028373110719e-13
-2.483427083780238847e-13
-2.522868208366256584e-13
-2.377591965845567926e-13
-2.579089107837549587e-13
-2.483409678827695719e-13
-2.382574374561644476e-13
-2.494684927136610192e-13
-2.496269431054219011e-13
-2.443085595195267116e-13
-2.552366449289655346e-13
-2.650492985277069795e-13
-2.483588034750561100e-13
-2.497672045139591402e-13
-2.623138253330107844e-13
-2.644185382023230023e-13
-2.444692807365255713e-13
-2.442515282076807189e-13
-2.601473643640476222e-13
-2.549448147227183906e-13
-2.600148323670036479e-13
-2.554566049106799965e-13
-2.476770877989627792e-13
-2.670459395611308613e-13
-2.481945655495442410e-13
-2.359878098449599435e-13
-2.604066379258606156e-13
-2.503544010624167676e-13
-2.472422948006314855e-13
-2.556088689215404788e-13
-2.621323299855935438e-13
-2.492170332470613098e-13
-2.637134701033868611e-13
-2.630885602260983392e-13
-2.497864169540720350e-13
-2.607319012208861481e-13
-2.594307817279137295e-13
-2.430453501990572490e-13
-2.436663612624063162e-13
-2.427124604556681411e-13
-2.387906019553967346e-13
-2.527418690157716665e-13
-2.598257554497279387e-13
-2.551187281467171264e-13
-2.527639495624864668e-13
-2.459133588082323231e-13
-2.508947794334801109e-13
-2.597180566220607472e-13
-2.595131754743727201e-13
-2.388864611484761226e-13
-2.495588737282647944e-13
-2.544297399141520706e-13
-2.593326321411868638e-13
-2.570603444047325528e-13
-2.490591030568190304e-13
-2.661466504824907725e-13
-2.577887493515324964e-13
-2.552393490948138518e-13
-2.472036790908496870e-13
-2.471058633703105577e-13
-2.600421375283655627e-13
-2.500333802645314089e-13
-2.470059336444703230e-13
-2.435549351357609762e-13
-2.450641126831748845e-13
-2.485957927919730524e-13
-2.431848488448822629e-13
-2.584458804826391463e-13
-2.531881629206532029e-13
-2.446183304690839643e-13
-2.677630345470566944e-13
-2.618072499065470186e-13
-2.326550177009580689e-13
-2.462526646291736585e-13
-2.418342020603360491e-13
-2.501401417851575767e-13
-2.521831552889455733e-13
-2.417784658273075353e-13
-2.535087923800961685e-13
-2.377540956123683332e-13
-2.369142345591070773e-13
-2.473361965057872066e-13
-2.482572418347426762e-13
-2.531037677757997027e-13
-2.551190686926152487e-13
-2.528303003868744683e-13
-2.522383569597294008e-13
-2.593305498520568300e-13
-2.578299966389464843e-13
-2.480048732876481739e-13
-2.414730414329339396e-13
-2.344319911450170883e-13
-2.464142362933072460e-13
-2.302532500816558747e-13
-2.447920283949969415e-13
-2.404360251629231382e-13
-2.369396504471222192e-13
-2.432879395622632886e-13
-2.514261990831940324e-13
-2.469582948003290056e-13
-2.527419057478562643e-13
-2.360734406567178022e-13
-2.516869816897519985e-13
-2.454867327393196879e-13
-2.560856887730801441e-13
-2.529321101872194877e-13
-2.438859920512640928e-13
-2.313075725585940567e-13
-2.621914409977675397e-13
-2.615184266468342349e-13
-2.432708747277069579e-13
-2.527616501636347617e-13
-2.596434191547611194e-13
-2.440164593721790133e-13
-2.291553120742618165e-13
-2.472074976380601632e-13
-2.557922827732169167e-13
-2.528248593518155221e-13
-2.669457249190170233e-13
-2.495515563580240341e-13
-2.514888169414275462e-13
-2.495199141116636614e-13
-2.482472538403607854e-13
-2.514982612107385918e-13
-2.468727670067919032e-13
-2.384881870897299680e-13
-2.403060576220571728e-13
-2.419041917112430437e-13
-2.354357192596785697e-13
-2.427550400359456040e-13
-2.352005407413014291e-13
-2.418948719698929517e-13
-2.524557586292616320e-13
-2.486211971242980084e-13
-2.355307787253557655e-13
-2.479133709728022025e-13
-2.466667470046166254e-13
-2.616648176201278012e-13
-2.335779627563193970e-13
-2.366305296734628452e-13
-2.461388155142986793e-13
-2.225482460078445804e-13
-2.421879888052341586e-13
-2.372581693415080954e-13
-2.456804987137816610e-13
-2.342504357269483399e-13
-2.440221957768628677e-13
-2.492867150219952929e-13
-2.390792168742551026e-13
-2.370712659089433183e-13
-2.504118156680321006e-13
-2.508473709784918010e-13
-2.466900230020345383e-13
-2.577376175932054919e-13
-2.506226917155731501e-13
-2.314749260055452064e-13
-2.383058143579786975e-13
-2.366543121674908338e-13
-2.482888921637561823e-13
-2.386574848067013174e-13
-2.513564424520138890e-13
-2.319771734763074845e-13
-2.303594326520177883e-13
-2.270348273465381275e-13
-2.359009930624710449e-13
-2.355368200341005168e-13
-2.361075940883027998e-13
-2.325371627584181749e-13
-2.312249288697802824e-13
-2.302523420679395267e-13
-2.422194333527960368e-13
-2.302593307370783864e-13
-2.243070008015810441e-13
-2.270805319809128557e-13
-2.402359675823552396e-13
-2.467126003686903149e-13
-2.389724798632157078e-13
-2.300312513930858433e-13
-2.193899279836634101e-13
-2.332551604889399984e-13
-2.271701249249512337e-13
-2.327113755362764393e-13
-2.368509843682941605e-13
-2.386482454397356099e-13
-2.377453260943961992e-13
-2.373773567758065479e-13
-2.204559698579661951e-13
-2.267964605160805379e-13
-2.392619093427681016e-13
-2.261209631243093167e-13
-2.317435838815846737e-13
-2.287412028941109200e-13
-2.336735645492394373e-13
-2.401312362219859255e-13
-2.428097084185698785e-13
-2.231984935522515916e-13
-2.160181876080522459e-13
-2.392244573823309051e-13
-2.298850103515303741e-13
-2.324169992635890484e-13
-2.300406290672466221e-13
-2.249676982681163255e-13
-2.340318880372297684e-13
-2.258553464554312880e-13
-2.290445166953240862e-13
-2.185444217989655457e-13
-2.250415762690646143e-13
-2.308404287710873289e-13
-2.300073931487478950e-13
-2.289009867706118648e-13
-2.384140899358572015e-13
-2.364917882305411449e-13
-2.191722054259210627e-13
-2.275178926776773344e-13
-2.334647140600036572e-13
-2.327400100844868379e-13
-2.270894033549236244e-13
-2.320034770897287954e-13
-2.117717913510026397e-13
-2.238267495386947246e-13
-2.222492510554411211e-13
-2.268277447645691451e-13
-2.205989480357693785e-13
-2.288847032323401331e-13
-2.220498249940667542e-13
-2.225315382196716605e-13
-2.146766372467126695e-13
-2.239373267304236467e-13
-2.303509589965171811e-13
-2.192674841772568256e-13
-2.270789089923282745e-13
-2.260088869637885763e-13
-2.316956258352765328e-13
-2.206081883473166795e-13
-2.255496955170482339e-13
-2.136810427164862932e-13
-2.182556494142489766e-13
-2.194357250565986651e-13
-2.174219372446312141e-13
-2.214994695575920089e-13
-2.197873028091318629e-13
-2.364757110498960092e-13
-2.172583335213812864e-13
-2.268392357441913481e-13
-2.252187984142811469e-13
-2.109980622130801583e-13
-2.292485498530206767e-13
-2.281738514179209338e-13
-2.189394141888046979e-13
-2.165624683316812231e-13
-2.357321646030744790e-13
-2.224003957251059265e-13
-2.158626239506341783e-13
-2.327486629336927825e-13
-2.157903371484194119e-13
-2.200846459013897528e-13
-2.166934096113980184e-13
-2.290107896066111187e-13
-2.295664753787904433e-13
-2.155716461692256874e-13
-2.185033106203751098e-13
-2.212941181317676021e-13
-2.129244479076221387e-13
-2.111927995323625057e-13
-2.196114907620623608e-13
-2.219082236507919287e-13
-2.213429840056886710e-13
-2.177439039510262458e-13
-2.282886693189056524e-13
-2.101705818993286619e-13
-2.226027337535291628e-13
-2.105180169429988729e-13
-2.206185922322613997e-13
-2.217978860208630747e-13
-2.091138486788588523e-13
-2.277441616938045281e-13
-2.061445704556767204e-13
-2.178697940544575385e-13
-2.203498337449424197e-13
-2.196397322757425898e-13
-2.071923286344208056e-13
-2.310800860526797607e-13
-2.128452585144710301e-13
-2.086626115699718779e-13
-2.136207817900488485e-13
-2.157782788855011472e-13
-2.103283351855286511e-13
-2.173419754305871563e-13
-2.116993601836024010e-13
-2.107782930343620839e-13
-2.340483785893005775e-13
-2.244963380691661812e-13
-2.214586560022530747e-13
-2.164948734368819426e-13
-2.222712742317530778e-13
-2.113182725230506365e-13
-2.117191300123310175e-13
-2.014105438957277093e-13
-2.094567924253948159e-13
-2.141765565081352138e-13
-2.222939703929403861e-13
-2.229687817235066890e-13
-2.144375755912332314e-13
-2.245911810203950846e-13
-2.085747274713393697e-13
-2.131612641172641580e-13
-2.060239874298525387e-13
-2.142251138582764766e-13
-2.104150934710289674e-13
-2.238025863021694382e-13
-2.134251113859190431e-13
-2.096488156108391195e-13
-2.077226766043888954e-13
-2.102545044944603223e-13
-2.048002845804700519e-13
-2.085973507161678395e-13
-2.127847485538185555e-13
-2.222765825859715955e-13
-2.138129592253109211e-13
-2.091664950009795633e-13
-2.039065030363207376e-13
-2.211871050485440763e-13
-2.135798952168585794e-13
-2.183429998103318090e-13
-2.060208654218983663e-13
-2.199093922559739813e-13
-2.077942013987827796e-13
-2.070874244765670927e-13
-2.053223932259227654e-13
-2.054300957172313035e-13
-2.088636746518097278e-13
-2.009344138546225364e-13
-2.141061922304304482e-13
-1.906318851972572813e-13
-2.088853292279500127e-13
-2.046203556796895570e-13
-2.114809891988026325e-13
-2.126724420288437270e-13
-2.148812764036434510e-13
-2.087554716343319395e-13
-2.072912679267732781e-13
-2.038366256587783108e-13
-2.052342546649250045e-13
-2.024251684421198467e-13
-1.981817213522000466e-13
-2.039629739699677281e-13
-2.201083378178725319e-13
-2.029944380782612598e-13
-2.022226698048782031e-13
-2.057704447105429324e-13
-2.033066848749138264e-13
-2.012878617458954445e-13
-2.024088113677681517e-13
-2.134648405260117632e-13
-2.030100162199910744e-13
-2.048785361396559891e-13
-2.085763327001076010e-13
-2.096381326908849729e-13
-2.162448509591853584e-13
-2.001136279366961925e-13
-2.160649525436171585e-13
-2.100468048035933115e-13
-2.005585732913801049e-13
-2.014938678697468397e-13
-1.971104532183059269e-13
-2.049883391455796432e-13
-2.022693922315998065e-13
-2.013286325355029459e-13
-2.041448462400734713e-13
-1.955787993269088120e-13
-1.973049228864031520e-13
-2.136191680897976407e-13
-2.141101135713783979e-13
-2.087574197707740311e-13
-1.973964659973308376e-13
-2.026204343188807101e-13
-2.029907035542051360e-13
-1.987123717521174575e-13
-1.979931617758309704e-13
-1.963574468572513604e-13
-1.970388277306082120e-13
-1.932002640200984872e-13
-1.939487393490675453e-13
-1.936377129252517789e-13
-1.924500781956769112e-13
-2.000205153649970090e-13
-1.923014413348204475e-13
-1.960293775300685887e-13
-1.875563865083672789e-13
-1.895523295588659598e-13
-2.029405020908345838e-13
-1.973634537329685397e-13
-1.986540359284804285e-13
-2.017666770699554215e-13
-1.892043531222005715e-13
-1.863106865358602185e-13
-1.925118714363442378e-13
-1.964860614148106046e-13
-1.868136276882446358e-13
-1.923072137811874784e-13
-1.814197391128662563e-13
-1.928334454454371403e-13
-1.888957362492744603e-13
-1.935186351109353175e-13
-1.916493858084142045e-13
-1.837356705022781308e-13
-1.903070306290942223e-13
-1.942097509285865433e-13
-1.837228395083786702e-13
-1.884763483914251039e-13
-1.885770392977244859e-13
-1.874475535302507466e-13
-1.859015344974559489e-13
-1.957188333542826831e-13
-1.894752781523444352e-13
-1.946141454506348564e-13
-1.812117725827160778e-13
-1.902986622039395605e-13
-1.893778342607541686e-13
-1.758142352752224993e-13
-1.808861675924025960e-13
-1.918529999334129204e-13
-1.906211449537255851e-13
-1.836202033484798216e-13
-1.910973640927367044e-13
-1.906689636490291130e-13
-1.864981050586274302e-13
-1.891637161879229862e-13
-1.765085348363581532e-13
-1.911758172007493624e-13
-1.816465704415610295e-13
-1.838413413817353273e-13
-1.901424751101552247e-13
-1.866575356492005718e-13
-1.836079751580696303e-13
-1.776898959200304985e-13
-1.793294659134467742e-13
-1.818912982850165320e-13
-1.834460236352281929e-13
-1.782675335536983042e-13
-1.834709336177067929e-13
-1.873549211081341203e-13
-1.759945452327705870e-13
-1.843070841443523259e-13
-1.827280973291513448e-13
-1.728248540376701269e-13
-1.864040453124803919e-13
-1.772471648594660087e-13
-1.804009728951911212e-13
-1.768626432292186954e-13
-1.796120078539841901e-13
-1.726225265852197191e-13
-1.727649366244816623e-13
-1.742635590292617952e-13
-1.740801043466945560e-13
-1.791589322598436699e-13
-1.726997656867138404e-13
-1.721194421806505000e-13
-1.794350734149213613e-13
-1.740777140181561666e-13
-1.738890425909476569e-13
-1.716127441031692977e-13
-1.850592066649975758e-13
-1.782298800752986644e-13
-1.754722062608001190e-13
-1.724082708452441292e-13
-1.708135426131289611e-13
-1.644176986170029936e-13
-1.733842705640869335e-13
-1.745692695155734428e-13
-1.721126832990185350e-13
-1.684966789884243811e-13
-1.808360805853083251e-13
-1.647641501820108290e-13
-1.766034686049515348e-13
-1.644354909653595544e-13
-1.672383861879487007e-13
-1.636100677441216784e-13
-1.677874463329584253e-13
-1.618862283373455012e-13
-1.635506934245010377e-13
-1.700464153570515853e-13
-1.679816808189464775e-13
-1.623821551782729294e-13
-1.644585284635097025e-13
-1.579817306322491988e-13
-1.637594073220046790e-13
-1.684326455253336954e-13
-1.662106863799947482e-13
-1.657157592401044321e-13
-1.751645696455212052e-13
-1.609266373726287558e-13
-1.676590432022055643e-13
-1.638408280176289223e-13
-1.675550026409195200e-13
-1.625426875476938170e-13
-1.642891229911639878e-13
-1.615382003365954698e-13
-1.708338080659110186e-13
-1.639700757526944221e-13
-1.648929950866421350e-13
-1.595096225178336920e-13
-1.634652461553119895e-13
-1.652041479000797508e-13
-1.619184101119918708e-13
-1.525530282484357264e-13
-1.602622780706376064e-13
-1.651311444822024442e-13
-1.572508146449879018e-13
-1.600503597847312392e-13
-1.586848953884656997e-13
-1.546553234246443903e-13
-1.548084529830105799e-13
-1.607028031781458893e-13
-1.581713978457100502e-13
-1.622945792599930275e-13
-1.520156686036619514e-13
-1.563000939733006012e-13
-1.586224989730305701e-13
-1.509470998487513024e-13
-1.505234060158381853e-13
-1.628009229347980735e-13
-1.543334477560880400e-13
-1.587217728783817881e-13
-1.566718406681084138e-13
-1.484263680657564686e-13
-1.515426064188057006e-13
-1.586485965158943937e-13
-1.526050596049655690e-13
-1.558994163545190903e-13
-1.538284264192497888e-13
-1.556567267820517976e-13
-1.461891914365425807e-13
-1.545040808237748746e-13
-1.546283198104201829e-13
-1.446210027571371126e-13
-1.502306294489861428e-13
-1.551573738271148071e-13
-1.565378991255737701e-13
-1.551106809935422254e-13
-1.503712478503642156e-13
-1.442186997071143204e-13
-1.541373892027033979e-13
-1.523859753090169042e-13
-1.483412112826343143e-13
-1.493677502759657714e-13
-1.505940428201278521e-13
-1.503223272903113912e-13
-1.511183086398877600e-13
-1.481323608021372955e-13
-1.437644697802869916e-13
-1.509287180211254781e-13
-1.469324519673728379e-13
-1.431403729874355649e-13
-1.437985704792067170e-13
