0.000000000000000000e+00
0.000000000000000000e+00
-3.256519741523555731e-12
-3.598599649154207252e-13
3.465599739865570091e-13
5.740119853135114582e-13
5.265774553364029036e-14
4.416621434660558622e-14
6.387422237936839099e-14
3.375558556680531915e-14
9.620905394601003242e-15
1.275675855075584126e-14
8.337139236709749281e-15
6.816862412308223237e-15
3.106882833271594310e-15
-5.016400709747903814e-16
1.752859674277875257e-15
2.491051109981003753e-15
1.622662702749341508e-15
2.084704585710393006e-15
1.074419898508089918e-15
4.853990083642913314e-16
3.413741110455199196e-16
4.564680629088235687e-16
5.247164645259893778e-16
1.062520314299418768e-16
4.168932766043898035e-16
1.498053825160386819e-17
1.819649744805002796e-16
2.994627053634646002e-16
2.149935375512600563e-16
4.670450013472556945e-17
2.035864277719410352e-16
6.606428180679000862e-17
1.618900524667938805e-16
9.293106403004132616e-17
6.337612033285575673e-17
9.599000063450613894e-17
6.015568672974567371e-17
6.259130424974705350e-17
4.771191080833789721e-17
8.723394237738956286e-20
2.825562723885344036e-17
1.307207536790896730e-17
4.245515474453751625e-17
7.271418415671335357e-18
3.637235010564348404e-17
3.471621957942084493e-17
2.820661683218284782e-17
2.809085122645367143e-17
5.466881296700123466e-18
3.139516124705962418e-17
2.681154452633658051e-17
6.949806705843163361e-18
1.541488679578999153e-17
1.174372349377266291e-17
1.787157028630826994e-17
1.904523284994611286e-17
2.181121268839568819e-17
1.201716223803519086e-17
7.420744064576966653e-18
7.709799667664096051e-18
1.683710171835768732e-17
1.192306048607788169e-17
1.281338997968164266e-17
9.383549193284138424e-18
6.640759212335630002e-18
4.199931816079871839e-18
6.976260278907857325e-18
6.063300875144782250e-18
5.922463744474469484e-18
3.308501491169002802e-18
3.172762433225819037e-18
6.356686898993707963e-19
6.789752235546053387e-18
5.100852322387354388e-18
3.431114186365368892e-18
4.354531951573925977e-18
3.042076318202223163e-18
4.078023055218349498e-18
5.963380973236191477e-18
3.813123070850916365e-18
4.393720341818631235e-18
2.660460931272965362e-18
1.062199554672449033e-18
2.187138085246297011e-18
2.637165487618185608e-18
2.394568285799491305e-18
1.982003960781774608e-18
1.855223143216282455e-18
2.680902824488078432e-18
2.260737806537761898e-18
2.018066340089348637e-18
2.548220785739127152e-18
1.459112960147753762e-18
1.347775347133233866e-18
1.581250387712265431e-18
1.619196008444123754e-18
1.718508443390366569e-18
1.758213205977540624e-18
6.331667544560124467e-19
1.159714836466246488e-18
9.664630652640708184e-19
1.358801903676857761e-18
1.241943059098506101e-18
1.392944580157952085e-18
7.281016743461753758e-19
1.051488141629598269e-18
1.599472893503411608e-18
1.305411745208515913e-18
1.147316608585449522e-18
3.954761511414492738e-19
9.675461657191266430e-19
8.710878283335636975e-19
5.159471296329373355e-19
7.040933487400339282e-19
7.819110085175187589e-19
9.048636876499486732e-19
6.329433384771126303e-19
7.249802672565767084e-19
4.910729934304575918e-19
4.234383333484947637e-19
1.901943931827735375e-19
5.112423726850345571e-19
4.008692152275306344e-19
5.228068270232831253e-19
6.350008082421355701e-19
4.418522300042857487e-19
3.868669627413517696e-19
3.220383985221353010e-19
2.366037709431722107e-19
3.549931264608737377e-19
4.794536130538204026e-19
2.012540022776691121e-19
4.681142216087019000e-19
4.785666208809247649e-19
4.573999311453432079e-19
3.332966426047828633e-19
4.094083585333866226e-19
2.784269759416471928e-19
2.646451379424565961e-19
3.032649412828239973e-19
2.895873513016758418e-19
1.518795013025463887e-19
2.222297233726714059e-19
1.068284494797011000e-19
3.056165681762799290e-19
2.870798348294586805e-19
2.666965310657185997e-19
2.803956447389018223e-19
1.685111062349912168e-19
3.227303900038520526e-19
2.443977691668337332e-19
2.580059928046277967e-19
2.610594369952129575e-19
2.040807233514595191e-19
1.851728395110300961e-19
2.924153705482203346e-19
2.141441128366164984e-19
1.158371155327623816e-19
1.092110337634618583e-19
2.283002118290036796e-19
1.285096478257659820e-19
1.768035037628719545e-19
5.678505218022551143e-20
1.020545075285439298e-19
1.497557432933288559e-19
2.348496161827123303e-19
1.244334222216888351e-19
1.465654841867999816e-19
1.785610243788226998e-19
1.179462008994588312e-19
1.889171074121781822e-19
2.021810334391203923e-19
1.353503266240041327e-19
1.321379942218700855e-19
1.099048449156038417e-19
1.519089498366523089e-19
9.868406866426206146e-20
1.131653265803509855e-19
1.313016360378089793e-19
6.119827028215499649e-20
1.441590131698865207e-19
9.281681378827813327e-20
1.193455169257015486e-19
8.343466053803615428e-20
1.447731762754094597e-19
1.147343071518426311e-19
7.409616764985755652e-20
9.677645367970753383e-20
9.819364037096764657e-20
8.096104277377090936e-20
1.038771226753011725e-19
8.750044750779828547e-20
4.464380938455022939e-20
7.151526728127441490e-20
6.981803997786493822e-20
8.946206794764365375e-20
6.345176902259360203e-20
6.683624647655685980e-20
5.936724134739544809e-20
5.919838651043359554e-20
6.715425933960317764e-20
5.640734073139664720e-20
5.528992090062570152e-20
5.798110549167731452e-20
6.453053435520524024e-20
5.558379355036731540e-20
5.796122872152088217e-20
5.900196027766010514e-20
7.406820271819527846e-20
3.553849176533735713e-20
4.729574381504644428e-20
4.950833643354084255e-20
3.996213236941593604e-20
8.044435755241539197e-20
4.807062381694585085e-20
5.130499185885417462e-20
3.178453025881969157e-20
5.967249481429805099e-20
5.175790253694059517e-20
5.290182608148355543e-20
3.960150631148194942e-20
2.648712002403859021e-20
4.640227898273421084e-20
3.458735401009282899e-20
4.830141852508697570e-20
4.580151931252750096e-20
5.313319489777217335e-20
4.081163521571562125e-20
4.282943930576747540e-20
3.808235685997287593e-20
2.225569507062115982e-20
4.005871448137893842e-20
4.230478037097781287e-20
3.727770542180407305e-20
3.152103713344042654e-20
3.510992957666186603e-20
4.102965381388881556e-20
3.008629955734273105e-20
4.419867980352906926e-20
2.834798117673895938e-20
2.835417966705193439e-20
3.357883520420467164e-20
2.578057499477759756e-20
3.318629859645033091e-20
2.703493724987455792e-20
2.676627994710715223e-20
2.794417573590279741e-20
3.317236433964050290e-20
2.210799238248435315e-20
4.127285147717750540e-20
2.085866168577689741e-20
1.924155219027225218e-20
2.363310936090407977e-20
3.425762469329342000e-20
2.489664269082192929e-20
3.619541501550923642e-20
1.830756550271574234e-20
3.528663061416454408e-20
2.147891863647929852e-20
2.165277600646060153e-20
2.181777982595907206e-20
2.934990130557186512e-20
2.333068750685775998e-20
1.753249803558143989e-20
1.707731031578239673e-20
3.647935434011348801e-20
2.081649317367529269e-20
1.856700708272504103e-20
1.732627215640614759e-20
1.685316333240240294e-20
2.604159167430085411e-20
2.487106828378206383e-20
1.501092670860051617e-20
1.593919190800385397e-20
1.248474722954684815e-20
1.716241118231565612e-20
1.530433354964733621e-20
2.606753729313805809e-20
1.969485167650809394e-20
1.686439246852275231e-20
2.147466657328326383e-20
1.275619177066252250e-20
1.777919642299599515e-20
2.050568115657568089e-20
2.217452703021617729e-20
1.985715474655812380e-20
1.765763538628570165e-20
1.589266355587712107e-20
1.311424551946286125e-20
1.894673129371142222e-20
1.455284324781373743e-20
1.536856442321931223e-20
1.976469299163575226e-20
1.435818324776684685e-20
1.305385631075686228e-20
1.581246282700011817e-20
1.968082006159394193e-20
1.506557137166114975e-20
1.351816047013958299e-20
1.703441600232460383e-20
1.138500877251540726e-20
1.644712479597696909e-20
9.802757957379233260e-21
1.416695230510815585e-20
1.674441833786243440e-20
1.194940020958599665e-20
1.540005666287062144e-20
1.096421808482733558e-20
1.522991027461808287e-20
1.001762412298349601e-20
1.281081558694318916e-20
1.275240424539511861e-20
1.015887319336863288e-20
1.080808841964874946e-20
5.305837895159392589e-21
1.168045649573728418e-20
1.116982528255015787e-20
1.098015322210304896e-20
1.023157838331158811e-20
9.975146114285400286e-21
1.445487705390331142e-20
1.221500618317270978e-20
1.120460129526294441e-20
1.003621274567546654e-20
8.955540717300841938e-21
1.202147344305868511e-20
9.356645158604983111e-21
1.171727285368148340e-20
1.017637161247113697e-20
1.175049598177272906e-20
7.955830154692408979e-21
9.966767122623272980e-21
9.045822163826512396e-21
7.801643910797811522e-21
8.802641001216005351e-21
7.174116497563580195e-21
8.478525414224909417e-21
8.009569647062732567e-21
7.456208435840107059e-21
7.866212577805280792e-21
9.297391407077597631e-21
6.254965051026031578e-21
7.008373605434661579e-21
8.934552113112348517e-21
7.909232954739468537e-21
6.210996451609545207e-21
7.528601921333785068e-21
9.215706185615860381e-21
6.011235815550539614e-21
7.946624289371752556e-21
8.191231830451277937e-21
7.436351049203941890e-21
9.490933286141754647e-21
8.365769576477278956e-21
4.330963583495686862e-21
6.545205284857373532e-21
7.054393783995608929e-21
7.518072996033646712e-21
7.650863855385589828e-21
9.057413635460807662e-21
6.360739657472179917e-21
6.058829975239298343e-21
7.692641203981808865e-21
3.726284350333528197e-21
5.365370591907287853e-21
6.173044106261381966e-21
5.148728251544694159e-21
5.634036152608039673e-21
8.216414729436865088e-21
7.630431995861116971e-21
5.335762257973267039e-21
6.636905605178175204e-21
6.749004846319617253e-21
5.165640974639023011e-21
5.434524177237121546e-21
4.946184993225433751e-21
4.497275472870045215e-21
5.034699546843103775e-21
6.612530319668222901e-21
5.424721546302863530e-21
6.914496434178371330e-21
5.537298450332558301e-21
7.794148708869128928e-21
5.181636030774748791e-21
5.362072658459117135e-21
6.435924376150024436e-21
6.116385063977011166e-21
6.906941802116835304e-21
5.096391223314101682e-21
5.302922956058748672e-21
6.725879703820373766e-21
5.219308993973068950e-21
3.891665825755229238e-21
3.288785711935416612e-21
3.500746383114795590e-21
4.111367947405043962e-21
5.009765285803123420e-21
3.413222714199592459e-21
4.314599705963234099e-21
4.968123947089566569e-21
5.056336911220170246e-21
4.095508236952064478e-21
4.447929227711948504e-21
4.185354792261950208e-21
4.252937709484034517e-21
3.527520679472694244e-21
4.909657456721564107e-21
3.682462207587043005e-21
4.916451454356611121e-21
4.490235481909807277e-21
3.923214955969986404e-21
3.614208937632196828e-21
5.197989159965275785e-21
3.448101728008045920e-21
3.779117522940422023e-21
3.055013205167534591e-21
4.333912694659104839e-21
4.191224708134468835e-21
4.077515052199663244e-21
2.910210826184733891e-21
3.854974284358816483e-21
2.699576405262949363e-21
3.790530053948466376e-21
4.269619726627711227e-21
3.081850711437666086e-21
3.554170950208812602e-21
2.844492374594278903e-21
3.306964171785907827e-21
3.103515202974028286e-21
3.061473641112725545e-21
4.256449954462335762e-21
3.448805913467507503e-21
3.112579479582078739e-21
2.935096048610272478e-21
2.437407529251657193e-21
2.640415993043481661e-21
2.922440001439069492e-21
3.686396648716172846e-21
2.968292257048217144e-21
3.328164538508545200e-21
2.507064477304133440e-21
3.115626380871015209e-21
3.251850873305970458e-21
2.437779146734834195e-21
2.463703783875814167e-21
2.504627551115744880e-21
2.908334480833647054e-21
2.383161788038054739e-21
2.181723911198476355e-21
2.070598671869239961e-21
2.213848086207125059e-21
2.533963477333558450e-21
3.332046167573884173e-21
2.269411804079297662e-21
2.345946228649862711e-21
2.842178453471575445e-21
2.586396722756478025e-21
2.431829589552126725e-21
2.972366875307574348e-21
1.967146892218905742e-21
2.485986750612340616e-21
2.434072283181281500e-21
2.897987168502994004e-21
2.889320444273309201e-21
2.048407879845811659e-21
2.788240855303000894e-21
2.340704722496451942e-21
2.896138898200730123e-21
2.306298014999404658e-21
2.636724136044601117e-21
1.693663850366272274e-21
2.908154368958519020e-21
1.554015438399404246e-21
1.790771607704616875e-21
2.627581940701911133e-21
2.351008688811669561e-21
2.571904504096035332e-21
2.300791194839765221e-21
2.283103502360392147e-21
2.738308553844595450e-21
1.361996282290481701e-21
2.162106376413842673e-21
1.784432678126739624e-21
2.039738735060588827e-21
1.685810739857297688e-21
2.123999768597166709e-21
1.588510560589156751e-21
2.079324686596694458e-21
2.102117221456729345e-21
1.956732720529004829e-21
1.602024764022490802e-21
2.148048109922074687e-21
1.966736415054802070e-21
1.809031825234999061e-21
1.990647821057341580e-21
2.241840451812482587e-21
1.766581699867548669e-21
1.423825933847709041e-21
1.645389557887132349e-21
1.899677066220698141e-21
1.592043972290905719e-21
1.788330276054086703e-21
1.763029715443437897e-21
2.125878211297211618e-21
1.526844892534464306e-21
1.433380696466045307e-21
1.493865135119277482e-21
2.178282463087613513e-21
1.774377949439589995e-21
1.409594292149533809e-21
1.168623812661855741e-21
1.191128328352603812e-21
1.459953176989509484e-21
1.306793192886185248e-21
1.405059431879494119e-21
1.111656855890322742e-21
1.319769500848474998e-21
1.667051534490081620e-21
1.611367777858635609e-21
1.688651321746644769e-21
1.424474153407637473e-21
1.523649988084012209e-21
1.580166359662343586e-21
1.630267572764568019e-21
1.207037046288042905e-21
9.443797738986840067e-22
1.284516982410563984e-21
1.507730332796333619e-21
1.297770385490798307e-21
1.004154232934220328e-21
1.364432385967237782e-21
1.422931527656165907e-21
1.179382762922498295e-21
1.607010903437816463e-21
1.377433173963159223e-21
1.040881778830531530e-21
1.292122300358099174e-21
1.144864729801350032e-21
1.511584281269860145e-21
1.068407853492935738e-21
1.287768413718760213e-21
1.203755748970778339e-21
1.155201676544454187e-21
1.386959861328375566e-21
1.064003377650644583e-21
1.000708880565792602e-21
1.134268231449281853e-21
1.234397840040378695e-21
1.324629098427701897e-21
1.146441467693347743e-21
1.139958252098561672e-21
1.075936661879566406e-21
1.168813086606446365e-21
9.358578554528849390e-22
1.042949937595816126e-21
1.081114054112366869e-21
8.566149906766546072e-22
1.009556543427803027e-21
9.187160202169643313e-22
1.112293950845473521e-21
1.311979542685233756e-21
9.252430004463706263e-22
1.047443669988879400e-21
8.664455164343880383e-22
9.258038923689668300e-22
1.089312026301498563e-21
9.374836645097507829e-22
8.030311715317461110e-22
7.838037598399888220e-22
1.238352418979001627e-21
1.055311468821579045e-21
8.137221076701201862e-22
7.473026604817104984e-22
1.053526655984796051e-21
8.590978834946200745e-22
9.592015727295562341e-22
7.865046042112676103e-22
1.003516903021397510e-21
8.901407431910331542e-22
9.064654294936961858e-22
6.491625759836412526e-22
9.588276118052388658e-22
7.855426424428767663e-22
7.442549882184306510e-22
1.060397635577354481e-21
7.327417804516102565e-22
6.337568619694661972e-22
9.380197185328916683e-22
7.567319798056253942e-22
8.438673075562386163e-22
8.033482238869529697e-22
9.982194840523532100e-22
6.953901867646416855e-22
9.579283348933309555e-22
9.827728976812796161e-22
8.852106569111897200e-22
9.032728331795248682e-22
6.618351586512495388e-22
6.476539770504348189e-22
7.437439936573215824e-22
7.080330407710161136e-22
6.574341543646372320e-22
7.196298023773526117e-22
7.466397612967988046e-22
6.698142230597613237e-22
5.331700141811714874e-22
8.359027550693859027e-22
7.365446866064119116e-22
9.811488171911606253e-22
8.546660069398917039e-22
6.447363449998920870e-22
6.722436543504647487e-22
6.512891332486555073e-22
7.373355111266952203e-22
9.113405344154537604e-22
4.841145778568382722e-22
7.383838813375653409e-22
5.868662865056023263e-22
6.462939239864959288e-22
8.948117811408858641e-22
6.443312564453424857e-22
6.628222678198903763e-22
6.559415731914496899e-22
7.515123638977000833e-22
5.816973317447642089e-22
4.658377318386145787e-22
6.267869868491032986e-22
8.157644304875963359e-22
5.423601930290070370e-22
6.863884483902487412e-22
6.559245313960198746e-22
6.147437916041594619e-22
5.628846603452209269e-22
5.332522535193024519e-22
7.078289120424924557e-22
5.356309157054380406e-22
5.841295811029471246e-22
5.441155326205038713e-22
7.341069330612788823e-22
4.964558274929853669e-22
5.616034878483448267e-22
4.501857405918892541e-22
6.697740571171638702e-22
4.970372511229845089e-22
6.054872138613077811e-22
5.609500018883695642e-22
4.651851257186522475e-22
5.882609978423424872e-22
5.808059100826653874e-22
5.777174968330913514e-22
4.757779238204806472e-22
3.423392346063008369e-22
6.130798037119433794e-22
5.826618392033629068e-22
4.632890170933527259e-22
3.797541232127034090e-22
5.199148481493117237e-22
4.382371332994933973e-22
5.388074136801339401e-22
5.451533947367004916e-22
4.184448369292587992e-22
3.523074007298103825e-22
3.962233249344383715e-22
5.022403979203260496e-22
6.049903305450624455e-22
4.423221988786007025e-22
4.945849263294014063e-22
3.457582845555369410e-22
5.419859120430442256e-22
5.541733104409178670e-22
4.392733220636563158e-22
4.085747383189092798e-22
4.161685967589121440e-22
3.921584508317904162e-22
4.940863875111075296e-22
5.874132764874979144e-22
4.874258913560064660e-22
5.087167593013898386e-22
4.637500759288217176e-22
4.999536903395392773e-22
3.215735598650377666e-22
3.001272013452922223e-22
6.414720786819858232e-22
3.934715786879565099e-22
4.421296376266981606e-22
4.256559125717601538e-22
4.598062230868779002e-22
4.984544019109056065e-22
4.436839395370806445e-22
2.802184393873168644e-22
2.479062028599290345e-22
4.303519403901539149e-22
3.319221638270928928e-22
4.019020921929579647e-22
4.132932572951592757e-22
4.843901853375968092e-22
4.632227894618359508e-22
3.490906509682564047e-22
3.343043830582125291e-22
4.770882821751066186e-22
4.948843871508420301e-22
3.809421395724674705e-22
2.299807828797416884e-22
3.231238185575830134e-22
4.106418809240847971e-22
3.992784029287724216e-22
4.108986533701840592e-22
2.137558590710928570e-22
3.221822884094718513e-22
3.859222066869609692e-22
3.610865939140507652e-22
3.931280955478725681e-22
2.994411907471797992e-22
2.591818390232630844e-22
2.595962712270759774e-22
2.740346817012766900e-22
2.359016738911410147e-22
3.723783865364996930e-22
2.350135991725759926e-22
3.826699627337049388e-22
3.437964367989861154e-22
3.498993562216174802e-22
3.860195006575765087e-22
4.334622128477441929e-22
3.581464964888256943e-22
2.237552271257401241e-22
3.213826151332760048e-22
4.298143629530910603e-22
3.364501973614234251e-22
3.282597903483333517e-22
3.462104032616057312e-22
3.032586649961122435e-22
3.532182321831296541e-22
3.394336671727762940e-22
2.567995457652362418e-22
2.920135447059278259e-22
2.682854778033832300e-22
2.793459774384002278e-22
3.131105061675271282e-22
2.889694185331304876e-22
3.093899733400436781e-22
2.961766692767035753e-22
2.529570537881838742e-22
2.385095776699897873e-22
3.832415747665675893e-22
2.960707021815111232e-22
3.352728098423885229e-22
2.760672487478565026e-22
2.948913280896642214e-22
2.125374813182944265e-22
3.002280241761208417e-22
2.010910225934371417e-22
2.507116075906511751e-22
1.985186706635475800e-22
3.211219226599550033e-22
2.908485136962833058e-22
2.585734495210520451e-22
2.070482449971465268e-22
2.113938248802479754e-22
3.297788588288296916e-22
2.659473376819276597e-22
3.111079701570644892e-22
2.137926597838667796e-22
3.348041177387000367e-22
2.525840507986601232e-22
3.349633343292425725e-22
2.149159527714602545e-22
2.645420451272448465e-22
2.565144190021841012e-22
1.749036810787053029e-22
1.956211806626398103e-22
3.178916700191713310e-22
2.495935051275395825e-22
2.241878572697404461e-22
1.999376508160311988e-22
2.218575207852118781e-22
2.089478459605782916e-22
2.512345789341531407e-22
2.083573800822958970e-22
2.776322786430246341e-22
1.732781921984760854e-22
1.777699532735499682e-22
1.600877834032173937e-22
2.201495953754718454e-22
2.440724616102092408e-22
3.073296205885728073e-22
2.265974687952554182e-22
1.728648942276952133e-22
2.150393309703776803e-22
1.241962094506636106e-22
2.183136112668781617e-22
2.310918528778517312e-22
2.777508608061401014e-22
1.908986778871840127e-22
1.643676058593724884e-22
2.356496759229454680e-22
1.491416882617870442e-22
2.141333633789856902e-22
2.279051595576948955e-22
2.318222797716285124e-22
1.959973329406817553e-22
2.360056182114862708e-22
1.948130794931915746e-22
2.028460541598149890e-22
1.562574897319202591e-22
1.816572039303905561e-22
1.720703761516510091e-22
1.539078117957948144e-22
1.986312863237812810e-22
2.059462857910914608e-22
1.598802179838876920e-22
1.660811909382755473e-22
1.795987838576611635e-22
1.593542312400481403e-22
1.214272952647362669e-22
2.340907715456206877e-22
1.676709715919090825e-22
2.088041884799695071e-22
2.412531036389831656e-22
1.519354170253940179e-22
1.933422868881649289e-22
2.114586466305220850e-22
1.558167778814461164e-22
2.221504738961223160e-22
1.822253737272903654e-22
1.564594164659338516e-22
1.589381055429955289e-22
1.789265806705694932e-22
1.366223368143610564e-22
1.525389281142270238e-22
2.184218151858897711e-22
1.439914592333471632e-22
1.571460626438322417e-22
1.750387094228788802e-22
1.716502718629776495e-22
1.860892649945429562e-22
1.900925003739151173e-22
1.751350035882614467e-22
9.739328447257395126e-23
1.799100196447439035e-22
1.631231470887613952e-22
1.446543984058428011e-22
2.164531337781194561e-22
1.678035344594633705e-22
1.267813672229061746e-22
2.092058931935278896e-22
1.273998578167984958e-22
1.797005257817541386e-22
1.268898934762462316e-22
1.555695962920644528e-22
1.834528694076225047e-22
1.627096482595922074e-22
1.555831437688102199e-22
1.555801296939571721e-22
1.360796356214924798e-22
1.333795576338719213e-22
1.222485163040118254e-22
1.312510141996650295e-22
1.324869215839112451e-22
1.461879772749859769e-22
1.585489678329258037e-22
1.356797801044867303e-22
1.944483087602389167e-22
1.313066884626555232e-22
1.339773518226231196e-22
1.537363311893015208e-22
1.194806097772758722e-22
1.232019969915342783e-22
1.602868017188416961e-22
1.576450011357585743e-22
1.179083964320677098e-22
1.464651445046445894e-22
1.512703830339380615e-22
1.627169513646293526e-22
1.231618638584060578e-22
1.136174202644279826e-22
1.023292573154477567e-22
1.091942535500655474e-22
1.295893483781881328e-22
1.225123599811442461e-22
1.377368702630742680e-22
1.100652662282035468e-22
1.170080080072612193e-22
1.462637093417410065e-22
1.475619935076108306e-22
1.480072634358243360e-22
1.517053620431437842e-22
1.126535422597916340e-22
1.224148848378351526e-22
1.371747751272677391e-22
1.255017410596733756e-22
1.666307372315296788e-22
1.317630420600656177e-22
1.228097574661533024e-22
1.063550798354289690e-22
1.066743197861128186e-22
1.262541096967224632e-22
9.317314799041177542e-23
1.277123636068436297e-22
1.019971352197771982e-22
9.897102962151468070e-23
8.833235875950887578e-23
9.964729346633658550e-23
1.277167766946243812e-22
1.048115512054513782e-22
1.107478354215216977e-22
1.335642579627621888e-22
9.268091853529282588e-23
9.802656772948474014e-23
1.435535949342877346e-22
5.036376578541765201e-23
1.123599053161284809e-22
1.074973897387304962e-22
1.180645386834154349e-22
1.244156057945458719e-22
9.515825694216310071e-23
6.866352034222331427e-23
1.068192452017345161e-22
9.702072513488685003e-23
9.386067187871564599e-23
7.837085922427953650e-23
9.733537221035216346e-23
1.037272436746272053e-22
6.236304952434338309e-23
1.099541511291101608e-22
9.171110877727799859e-23
1.179969084091814399e-22
1.312155540436314860e-22
7.126342824752267030e-23
1.109726252024219705e-22
7.347795573675865515e-23
1.574967371324532430e-22
9.540056649564840770e-23
9.658309076675974679e-23
1.150757570771471511e-22
7.505271164636788454e-23
8.822820331135778575e-23
9.790100452950945838e-23
1.196004037387200604e-22
1.212132132236566195e-22
8.706428646873761833e-23
2.520664282131422905e-23
1.053125880607006446e-22
1.030140692457876743e-22
8.018032092518941298e-23
8.165778703849679673e-23
1.055321551334601312e-22
8.860452735581618332e-23
8.157113543189679089e-23
9.374975253643941969e-23
7.638358847843556899e-23
7.426701220414967931e-23
9.207949924761017868e-23
1.195525618323166808e-22
8.943459323002904926e-23
8.620483645042165475e-23
9.887595062676579002e-23
1.025114352610024356e-22
7.115635853053213022e-23
8.331721756005364580e-23
8.164437584618485331e-23
8.276576820015332974e-23
1.264167357206278202e-22
7.151681126174609273e-23
5.078356324492199310e-23
8.381340993928534937e-23
7.506185889476073234e-23
7.108372260455775051e-23
8.621855668890871319e-23
7.916969754954367628e-23
6.888720072221236176e-23
1.050803036488099257e-22
9.312016449306127957e-23
8.513710564948400747e-23
6.665349407061316127e-23
6.641401465564160145e-23
8.487874524296506971e-23
5.613665087078382135e-23
8.526302981088270773e-23
5.083085239562491140e-23
8.847866224002760327e-23
3.696155239236102741e-23
7.357260450322842370e-23
9.929879533639997084e-23
1.020947720171837219e-22
6.836498721181952086e-23
9.018089890752321126e-23
7.519234023768792567e-23
7.886937500572610621e-23
4.657601524251644027e-23
3.830533814722208304e-23
6.952609577350076433e-23
8.691927848611209323e-23
5.836437579002805405e-23
5.373522896718406149e-23
6.392235582563591275e-23
4.611979341551883507e-23
5.555344590704685204e-23
4.992300990479982723e-23
8.961772005932133018e-23
6.144978554937285500e-23
8.936030302403567935e-23
6.156196910606582171e-23
7.946472182405317231e-23
6.218891953706660191e-23
5.784934383202881039e-23
5.508382077709756706e-23
7.052280336611723756e-23
6.616709009283314351e-23
4.395553469216193654e-23
5.710160564295014640e-23
7.023746132210725340e-23
6.249242104485984967e-23
5.725095797167836412e-23
4.072196787938168231e-23
5.587549814540299920e-23
6.246933121354167997e-23
7.443228865985695671e-23
4.960024909800794323e-23
5.005172824498346851e-23
7.078084892445449186e-23
5.465560992722809084e-23
3.892817076464759338e-23
6.157146913551636061e-23
4.216746569645374728e-23
6.377148065125210337e-23
6.613874271551138770e-23
7.243645748671741675e-23
3.025281919239103674e-23
6.501258661069252228e-23
5.196839337976813542e-23
6.590011663202227719e-23
4.530093729063263425e-23
5.267238059964810737e-23
5.010555165922719676e-23
6.506538376906994189e-23
5.462994229477866298e-23
4.305472835362941089e-23
5.814250170760829204e-23
5.861623082708074990e-23
7.062738120616066268e-23
2.878550765085228899e-23
6.825586379266540564e-23
6.451831017587849545e-23
7.584167259608498953e-23
2.287047318254659005e-23
6.913033447539858704e-23
4.384038195407275970e-23
5.076490063424754256e-23
3.694856233177943102e-23
3.701515785429787861e-23
5.859321786625735396e-23
3.473861367429655317e-23
6.015227810382872861e-23
4.384453251363559520e-23
4.363083008993659806e-23
3.471866643170380649e-23
2.911522267647040977e-23
5.077329612712212269e-23
5.714245069863993850e-23
3.656652991795169933e-23
3.123363658118445291e-23
5.166904211967436991e-23
3.870537049056993912e-23
4.250647947188070894e-23
4.691164455576533797e-23
4.606515223677745758e-23
4.954225962223700874e-23
5.172244502769305698e-23
4.776348501228794648e-23
3.542022203363688598e-23
3.917740853285801940e-23
4.315477531029331545e-23
5.129059387340579173e-23
2.861035099857207209e-23
3.028189843439702951e-23
2.823108732048194887e-23
3.175348268296858630e-23
5.233079369665294164e-23
3.657719132912057988e-23
4.272548432558781525e-23
2.442289513964109288e-23
3.891677998077283394e-23
3.166940829534058132e-23
2.813560314373331021e-23
6.152405917165326011e-23
2.811112930543167721e-23
3.644187490863558800e-23
2.539773049024560711e-23
4.465649585383469246e-23
3.978423485124875347e-23
4.699866671586628762e-23
4.392241712859384156e-23
4.124452817212632640e-23
4.646248195055352138e-23
3.875037819787777144e-23
6.300920665332774264e-23
4.180718865469237956e-23
3.498071479285282232e-23
3.598642953291056781e-23
3.721021636430157100e-23
3.678041761693580888e-23
4.029340284658448477e-23
2.823534853451218658e-23
4.531352094974876730e-23
5.129386098017803392e-23
3.402205252668163011e-23
4.771654336398202860e-23
2.959048604053529254e-23
2.421156411807291049e-23
2.584798776852975350e-23
3.751303769004973567e-23
3.745240208054923532e-23
3.113822689659716063e-23
1.701680084713840733e-23
3.897788992813681077e-23
3.851241460291423997e-23
4.940722320084264308e-23
2.987379997304616883e-23
2.692709221296265194e-23
1.404284877588805888e-23
2.350056628978793333e-23
3.916176724935442656e-23
2.976713741576391357e-23
1.724347239674042065e-23
1.307946651933072753e-23
1.988137730429911826e-23
3.817767272449953149e-23
2.215067510143678826e-23
2.552653202948164177e-23
2.431363672167783081e-23
2.598759843822543841e-23
3.788098044762963730e-23
2.623397937848819454e-23
1.202086623517256231e-23
3.083540894556190980e-23
3.328781502579545594e-23
2.300572868350973725e-23
2.645616304114845275e-23
2.597083258347523464e-23
1.423406896872983243e-23
3.326761313822306465e-23
3.631037750831132028e-23
3.234247352443854269e-23
2.743091350460075461e-23
2.869644418294664375e-23
1.575497061635850848e-23
2.700173598854927072e-23
2.148946588145154519e-23
2.676813615234276296e-23
3.273499884506771786e-23
2.480826241517956570e-23
2.581153145130844037e-23
1.410526748277428704e-23
2.249093940749219082e-23
3.382117427579435524e-23
2.781571655407802923e-23
1.336575050389757860e-23
2.598452974076191214e-23
1.648608043663153974e-23
8.511405748187605373e-24
2.449198212744463700e-23
2.215026771463269562e-23
2.522552580190669953e-23
2.041552556942120019e-23
3.132773224874399280e-23
2.791995139921565274e-23
1.721330315556668911e-23
9.958492382176500522e-24
1.770682882959604867e-23
2.405205093944496426e-23
1.883800625914611885e-23
6.054246422348070198e-24
1.422507643349864320e-23
2.807279868558507646e-23
1.871125796948342259e-23
1.110291007062577571e-23
2.357540438694039852e-23
2.517828943434719393e-23
1.212015505860641490e-23
1.852916274290609680e-23
3.497907986554817811e-23
2.190188806483641253e-23
2.267564467529643495e-23
1.584182723803085043e-23
2.118634186912143685e-23
2.603743417732856123e-23
1.281682710559190992e-23
2.313094593508373629e-23
3.109364512374025939e-23
2.978712901604409666e-23
2.407980360255241281e-23
2.010542427400635701e-23
2.013261299195691594e-23
1.790584540101398686e-23
1.557617988413238796e-23
2.051915734304343224e-23
2.095443976030351054e-23
1.433075276563890639e-23
8.725739321049347403e-24
8.275378150838879971e-24
2.665086816699259232e-23
2.353572114177540759e-23
1.721411106647240429e-23
6.126975466824738070e-24
1.764508103434089260e-23
1.846245345623693143e-23
1.845569564577824468e-23
7.011521969878220873e-24
2.814164974741316693e-24
2.244023244349686582e-23
1.802864055536699033e-23
2.814813843391831430e-23
1.234193423466155031e-23
2.202853794487559815e-23
1.034466430875607361e-23
1.195169529496938904e-23
3.029294409652293475e-23
6.726746960041634924e-24
1.278915205921213665e-23
1.817479861829496591e-23
1.557058391412198061e-23
1.642129902515433935e-23
2.740003415246543998e-23
1.954061041953987197e-23
5.671098655170638106e-24
1.428770661533193120e-24
1.822713541745132604e-23
1.466492381428480956e-23
2.508225614231500485e-23
1.149619403921155799e-23
9.151618153184469864e-24
9.295855829999863453e-24
2.834997120378873550e-23
1.342021074113776951e-23
9.893322008776849843e-24
8.240774365335278403e-24
1.563636927991298292e-23
8.184455452653262588e-24
1.642000586021074343e-23
1.893318302591584342e-23
1.355547233207616506e-23
8.315941093072203123e-24
6.642154542258159219e-24
1.594061933859727694e-23
2.464098130589652870e-23
9.875607491925177253e-24
1.631064153770609978e-23
1.184452457428557946e-23
7.416881270428305883e-24
1.267610051372596977e-23
4.021178574452184461e-24
8.556866541019633605e-24
1.345383313727408838e-23
9.109706391298879394e-24
-4.556030921156197627e-24
1.570195178966640794e-23
9.727563501592270625e-24
1.332612465756963802e-23
1.306838978908351568e-23
2.289708109145323687e-24
1.485670877258105317e-24
5.398349592268710807e-24
1.306708688894002394e-23
7.707079398534564794e-24
7.277574508146778945e-24
1.187866318928638863e-23
8.018905224240860292e-25
1.200830123348927083e-23
7.894395437768312377e-24
1.313102557918954866e-23
3.335287217781140368e-24
4.822646026173123173e-24
1.385697971756256285e-24
-5.750566190821782573e-25
8.092660105503320549e-24
5.060603305243865525e-24
7.791831366903879743e-24
3.561885787475024862e-24
3.629857972400091036e-24
2.154764287407886978e-23
8.340953450700538638e-24
9.378263765819017426e-24
3.607506345755478111e-24
1.649808292779958471e-23
1.100014966989490447e-23
6.499671668501627882e-24
7.787932039796848696e-24
1.662205448815515077e-23
2.653121001039455706e-24
1.387500758841440914e-25
1.093087068289561690e-23
7.386191621375596164e-24
-5.009285525090839663e-24
2.906341612824295884e-24
7.933292267011475139e-25
1.969358745195299903e-24
9.940672767820596073e-24
1.653589954036599368e-24
1.304112260938579045e-23
9.053670029628047297e-24
2.697364131241884928e-24
2.322664407343085432e-24
3.270426763819647434e-24
1.110625492430386668e-23
1.672371501867228726e-24
-1.468636707904371591e-24
4.390995882159270484e-24
4.634488070349492273e-24
5.839424695158134329e-24
7.343671373628462043e-24
6.392508085215335332e-24
5.344939046870169131e-24
7.984368115382443653e-25
1.494066699575126189e-24
4.312913875517991792e-24
7.075284795652223400e-24
-2.365880175982489998e-24
1.822529784958795720e-24
3.012501087671438805e-24
4.167484283595662219e-24
2.483935102193661348e-24
-7.373697187540647910e-25
2.811181199292566650e-24
7.781630184872478682e-24
9.987754227736905321e-24
-1.957809602959106049e-24
7.586095527523635962e-25
2.923456741246448738e-24
3.481055134157727508e-24
2.072565681721064178e-24
-5.833957783946243728e-24
7.417258845396762452e-24
1.003634619270721116e-23
1.037690910012294842e-24
4.725358948646728260e-24
8.518976241129759602e-24
1.560797727101494408e-24
-3.615029431335443048e-25
4.345657921861143315e-24
-4.766273107873540287e-24
-1.453055367362613488e-24
3.865346061481524912e-25
-3.842239633816748339e-24
-1.684681982819126053e-24
1.540072173264641193e-24
3.617710688312272336e-24
2.225411765700317932e-24
8.928139452063930846e-24
7.568685190214727996e-24
4.546369255628283669e-25
9.297817219840222696e-25
-8.371980033271121510e-25
1.864811193598496725e-24
1.031329987950017356e-23
1.085770640223751684e-25
1.935605144128560713e-24
2.215246326065814860e-24
7.278126044550481962e-25
7.593838270486351771e-24
5.894322696763108972e-24
8.963149195270953748e-24
-3.333777036429062265e-24
-1.052573188477395976e-24
4.788580115125742033e-25
4.184513520386654559e-24
2.173536854381519168e-24
1.581068158833184715e-24
4.638527878389295562e-24
1.483943571609288813e-24
4.039708354571729248e-24
-2.089102813837560465e-24
3.146324725237814460e-24
-3.824953006374597605e-24
6.509196735688962677e-24
4.252877816967897884e-25
-3.210259794209867028e-24
-3.783405979878368602e-24
-2.620504895241838651e-24
-1.718790888036729725e-24
9.108374439233289977e-24
-3.561967873226515593e-25
-1.345750554062734778e-24
6.219622226807565200e-25
-1.061105002284018707e-23
-2.267006074308377206e-24
-4.183818533188349492e-24
4.645116458787399626e-24
-4.696235260007056362e-25
-6.023868282613388493e-25
-2.922342241925188759e-24
-4.295013540486050574e-24
-2.041079675659770582e-24
2.526653190048845401e-24
7.074505244012835537e-24
-4.360340133867302889e-24
1.348407757556798966e-25
-4.812504785228050835e-24
2.137226562825910154e-25
2.752860917755403159e-24
3.946226981222433629e-24
-1.872773042759980682e-24
-1.597286820600787111e-24
-2.519995278250416804e-24
-3.054351593666875134e-24
-2.784399706557069909e-24
-2.602002547232114791e-24
3.053837502293817682e-24
5.278662411432241980e-24
-6.051023756393812747e-24
-4.415595617608522084e-24
5.948928989613654347e-24
1.167404418200072830e-24
-5.079907524443804913e-24
-2.838840400775009770e-24
-4.059996282259388405e-24
1.410628895460422654e-24
-2.496773854131501772e-24
-3.947512654968867123e-24
-5.148191338017648201e-24
-2.955374800202681301e-24
2.261162736092795032e-24
1.650192688722545406e-24
-5.691962433726765207e-24
-3.860385958762659881e-24
1.066473129510078513e-24
-1.246742822203844986e-24
-2.896454719907499014e-24
-2.053241716732239082e-24
-5.623674598084843182e-24
1.181487437126080095e-24
-5.297081076463180706e-25
1.293031928153921846e-24
2.368021208791633539e-24
-6.115828887857484338e-24
4.604320444392321096e-24
-1.176545262125537866e-24
-2.147940859796027882e-24
-1.437325638359674352e-24
-1.108796378738140053e-24
2.225803464103855378e-24
-3.424223325679703035e-25
-2.835449733316227454e-24
-4.733285285906390523e-24
-4.880991319581837673e-24
-8.242289229035708603e-24
-2.610691269156776167e-24
-6.088095907242263062e-24
-5.215768757448965736e-24
5.195434747862279561e-25
-3.282567188427888201e-24
-5.849444475780979325e-24
-3.844827633384166011e-24
-5.192573372104558181e-24
2.639554624690511055e-24
-6.351883581203471677e-25
-1.033215001844561242e-23
-5.427827103058885801e-24
-7.682131266645284626e-24
-8.075941400455674614e-24
-4.014778750128062254e-24
-2.116015559042985737e-25
-7.981647826674368470e-24
-1.607799925649394786e-24
-5.914946964120290563e-24
-7.928013761986845618e-25
-4.331351800441728674e-24
-1.666697925193727270e-24
-5.423608176666173819e-24
-6.811896521832281735e-24
-4.737664102638829221e-24
-7.627887200574722941e-24
-2.428831697606859221e-24
-6.421466588853518276e-24
-5.477922953366480214e-24
-5.463461769072376537e-24
-8.928660064452068960e-24
-7.695854941537648398e-24
-8.670312100697808702e-24
-7.525575632152796277e-25
-3.322393925372640066e-24
-4.086161304974267713e-24
1.736616977722995287e-25
-4.889530796959399362e-24
-4.654026876927158750e-24
-3.539579963410511161e-24
-6.939577313431905349e-24
-3.813887080657813729e-24
-8.742730568402018719e-25
-7.944065777241740083e-24
-2.722051634258943866e-24
-2.673385090777725879e-24
-7.160491101596072208e-24
-4.297286855549171320e-24
1.476351773724982500e-24
-3.602896561251134527e-24
-3.479204516279826821e-24
-5.422199648418776091e-24
-5.882173801665699295e-24
-5.803717473979764932e-24
-2.139937390780120817e-24
-5.917061142754490554e-24
-6.096602062710664131e-24
-4.987938202609509027e-24
-5.411457810873887184e-24
-8.034729230157998574e-24
-5.040476471504533071e-24
-9.198739278283313051e-24
-8.253783095003780415e-24
-2.822011391905660533e-24
-5.292347787721826468e-24
-9.754863535284120378e-24
-6.823798635153221163e-24
-1.081268934399840305e-23
-3.659561677604709883e-24
-1.667049556218768528e-24
-1.048333522738343239e-23
-7.556880622307405936e-24
-1.070263330513852268e-25
-5.588828784091251902e-24
-5.671978871462253478e-24
-9.118967893011531254e-24
-5.062426024545337902e-24
-9.525761753307356537e-24
-6.418739498472575593e-24
-6.697216527204563406e-24
-1.196568963340345463e-23
-9.208019659019402503e-24
-7.612618407659782760e-24
-5.384481281956263880e-24
-9.184400220194247660e-24
-7.029403405669023203e-24
-1.135235652557793937e-23
-8.034726395944820774e-24
-6.273080769254278328e-24
-1.100917751104078511e-23
-8.061953548608608729e-24
-7.736790324824611118e-24
-8.454016894729474965e-24
-1.068084089315499763e-23
-7.170121434014652654e-24
-6.194439986987205374e-24
-5.899399288420270458e-24
-9.757092057857490130e-24
-6.336192325724973140e-24
-2.546616060930267447e-24
-6.772981783014054462e-24
-1.317618541274660719e-23
-5.757772914463688251e-24
-8.649423712871230642e-24
-8.040372978875534100e-24
-7.821346779162057475e-24
-9.180821635860370235e-24
-4.169865971520850244e-24
-1.317369166806401345e-23
-1.123789172106736576e-23
-1.299927323389297458e-23
-8.578437136340661228e-24
-6.559174986281152802e-24
-8.808133941501838394e-24
-9.774143577930909390e-24
-8.401255555444226627e-24
-7.658761694479963952e-24
-1.177900495505499035e-23
-2.592722666401145428e-24
-9.347656815595974184e-24
-8.443296868598793789e-24
-7.689407038721312396e-24
-1.052710165446761992e-23
-1.061191895721855055e-23
-1.285755771808777347e-23
-9.166778250691710316e-24
-9.974340259534972222e-24
-8.848000362453939625e-24
-1.220602190276885504e-23
-7.715342362960881315e-24
-1.525748970222816917e-23
-1.312841940620383662e-23
-1.181598739935247547e-23
-1.378489368979918338e-23
-1.435947906101536986e-23
-1.242137931099070683e-23
-5.872432986462484185e-24
-9.562272259343086789e-24
-1.115464247661572389e-23
-9.345720981186213098e-24
-1.039121663236416259e-23
-1.102798591789933685e-23
-1.082054226231705153e-23
-9.895119966826708622e-24
-9.154685177870312559e-24
-1.113042074422683255e-23
-9.231620926086352676e-24
-1.187627077748306075e-23
-6.621692923664896268e-24
-7.919604862680816280e-24
-1.327319140249651228e-23
-8.808579903537337454e-24
-1.666952455466119179e-23
-1.139876105700006949e-23
-1.623254411697021574e-23
-9.063750935766777700e-24
-1.071465729803350424e-23
-9.980579139435742265e-24
-7.130284038845510358e-24
-1.153098865930096719e-23
-9.142508602637464250e-24
-1.053297198306509208e-23
-6.954687158714868857e-24
-1.421982094339899456e-23
-1.178121635209680602e-23
-8.128104561254629852e-24
-1.239657636114373324e-23
-1.211791201646610958e-23
-7.587851145716835426e-24
-1.276346408364955355e-23
-8.700019596469628170e-24
-1.186114162138664705e-23
-6.522847232767159001e-24
-1.455813620365782461e-23
-1.194296825611561713e-23
-1.481703828792110410e-23
-1.129587574586812132e-23
-7.721008172229978551e-24
-9.977927064268530685e-24
-1.180269317435232563e-23
-1.290688880526917359e-23
-1.260345407050143284e-23
-1.104775484444645489e-23
-9.514464342052002860e-24
-1.177593660619423058e-23
-1.167189038403141703e-23
-1.139941865437972446e-23
-8.828737645821915492e-24
-9.184253660894427734e-24
-9.282262457794511381e-24
-9.919522923633000719e-24
-1.453964042739268742e-23
-1.023249885186643562e-23
-1.115489679364283745e-23
-9.828139990524485064e-24
-8.434695002084833115e-24
-1.029076906884990904e-23
-1.244336033649243626e-23
-1.011234069109908123e-23
-1.372967858322252556e-23
-1.283727534917776452e-23
-1.171016624588355246e-23
-1.503400409062035666e-23
-1.116554730373845327e-23
-1.201253194849270645e-23
-1.235326775829416642e-23
-1.267225119504565645e-23
-8.892753036908996578e-24
-1.248754541670379156e-23
-1.101636152964538115e-23
-1.106138498493690710e-23
-1.236727284481075857e-23
-9.716454254931470790e-24
-7.866233974573557744e-24
-1.176924735668182824e-23
-1.288284523537042264e-23
-1.621411224041920346e-23
-1.130127602957550030e-23
-7.879761703455899517e-24
-1.342785696889021583e-23
-1.334678608274218457e-23
-1.347577315223545313e-23
-1.154479356017518568e-23
-1.057915547170533020e-23
-1.382218187504086845e-23
-1.668990898343474803e-23
-1.291449196755469724e-23
-9.743130061007991734e-24
-9.062087216865927230e-24
-1.110897899106465293e-23
-1.550112219817638255e-23
-9.307141464291151192e-24
-1.531548485771498635e-23
-1.273247205548684456e-23
-1.232053878337582425e-23
-1.005359358921717227e-23
-1.408580317423824445e-23
-1.298927102855473474e-23
-9.764266376591291029e-24
-1.212983436114680706e-23
-1.081020254534628802e-23
-1.077634443279124965e-23
-1.355654381730236461e-23
-1.305808435952835962e-23
-1.323754324015534872e-23
-1.427603754739355467e-23
-1.591130554421142623e-23
-1.526467637644182653e-23
-1.501678005313348401e-23
-1.202485579013706013e-23
-1.178949575131928493e-23
-1.399518790228742608e-23
-1.546580673185715922e-23
-1.020265337826100155e-23
-1.179177809602303488e-23
-1.252757401849756221e-23
-9.850866770068087786e-24
-1.227972581907249250e-23
-1.283696178433795226e-23
-1.029811041383156781e-23
-1.242879152097346953e-23
-1.099660247883751875e-23
-1.487224031833925491e-23
-1.069420045035703516e-23
-1.141362293380023146e-23
-1.166802299472863320e-23
-1.195929782399425934e-23
-1.142479987613640654e-23
-1.071734885130463010e-23
-1.141928405296692215e-23
-1.429960294432582098e-23
-1.246828818002932700e-23
-1.199064764938720003e-23
-1.565048152793489037e-23
-9.937155652293681132e-24
-9.767891268834595512e-24
-1.456043959157903332e-23
-1.189155711419807650e-23
-9.898622013561323517e-24
-1.305343626534344558e-23
-1.317249887347844709e-23
-9.646806210119576433e-24
-1.309188760605091609e-23
-1.260195565052352677e-23
-1.224190760243119511e-23
-1.411493519031292757e-23
-1.407590048943827090e-23
-1.335830832062369656e-23
-1.269994623102155853e-23
-1.625818966511793265e-23
-1.290226515371336420e-23
-1.191399358515212497e-23
-1.023485320040698941e-23
-1.100287225381403758e-23
-1.196665442068984164e-23
-1.001213004723209882e-23
-1.006850271630592982e-23
-1.373268022140977055e-23
-1.268915079773453192e-23
-1.365429569396306861e-23
-1.147617900195777510e-23
-1.319474444190114256e-23
-1.206539379215391896e-23
-1.278436105135381208e-23
-1.299393235837669414e-23
-1.395766140907463817e-23
-1.688479589145958276e-23
-1.265529599840390098e-23
-1.013146390777406225e-23
-1.361955357351097429e-23
-1.606599977164881020e-23
-1.250309459411336871e-23
-1.266817565404297876e-23
-1.430457843219332593e-23
-1.428748241074228014e-23
-1.154076813475082405e-23
-7.675760312874865786e-24
-1.288030385994020993e-23
-1.064559748810211578e-23
-1.411115851945955776e-23
-1.442187693255471492e-23
-1.402129152127433289e-23
-1.201972837639741907e-23
-1.307384323742030728e-23
-1.281693372471503930e-23
-1.621871985847378602e-23
-1.474699576554557746e-23
-1.489792215408848857e-23
-1.424767666688046815e-23
-1.152924374038859976e-23
-1.378709513788701231e-23
-1.543665712808120860e-23
-1.379503120717858226e-23
-1.259703141453429075e-23
-1.415853946951220921e-23
-1.406187727846387534e-23
-1.412054247687656935e-23
-1.590013867851335769e-23
-1.383437994089670634e-23
-1.352610492662361973e-23
-1.428832842477927221e-23
-1.726101253091418684e-23
-1.131371675623353511e-23
-1.203366650775795022e-23
-1.185204192927024969e-23
-1.464219012585993634e-23
-1.461851225202393470e-23
-1.312219824611637210e-23
-1.233755649009190703e-23
-1.420608715796954321e-23
-1.610171755087951863e-23
-1.357773074889521459e-23
-1.786427191754001696e-23
-1.487596188039746827e-23
-1.410623031574644667e-23
-1.598932927171360290e-23
-1.460260293484701259e-23
-1.328858292583056114e-23
-1.659995660464132153e-23
-1.523361071590789972e-23
-1.273980504021212642e-23
-1.264143254690753512e-23
-1.542576970509726722e-23
-1.476091510033688765e-23
-1.769811224257061474e-23
-1.601222006845446012e-23
-1.640190193265742027e-23
-1.296545064543013905e-23
-1.787349224679740388e-23
-1.634359036095620073e-23
-1.633218094314141267e-23
-1.408273348358554397e-23
-1.486541962558149808e-23
-1.385248549025489701e-23
-1.463689633517219102e-23
-1.173374236826866407e-23
-1.807531455924910485e-23
-1.447382646110285509e-23
-1.708051631456657836e-23
-1.357227560660605715e-23
-1.648204261156478500e-23
-1.649239838177881652e-23
-1.901203109598503642e-23
-1.576996905158503845e-23
-1.585352072168829338e-23
-1.409348184298135945e-23
-1.396413735577154415e-23
-1.416155081714512691e-23
-1.593105137246950677e-23
-1.702576799294359081e-23
-1.606703493073755558e-23
-1.414227215756796698e-23
-1.538162024588259823e-23
-1.656418835056101859e-23
-1.515369701148847824e-23
-1.712174462753448943e-23
-1.782906395006674322e-23
-1.718853630865805366e-23
-1.545740635492002822e-23
-1.642118264888726054e-23
-1.676809258395459017e-23
-1.486308658083705954e-23
-1.456579764194185631e-23
-1.836262381643872618e-23
-1.529723168888567371e-23
-1.857901287799188932e-23
-1.492851447064210145e-23
-1.749713591210843861e-23
-1.652283048035027147e-23
-1.560630998919441761e-23
-1.515212951348547438e-23
-1.472624179996500466e-23
-1.686850944601106609e-23
-1.552145894809232767e-23
-1.586207369577775365e-23
-1.654580493701474035e-23
-1.743900680544449626e-23
-1.673630414925381932e-23
-1.336011653492135942e-23
-1.604471615333515037e-23
-1.661856438250261212e-23
-1.640053153372925498e-23
-1.612840056133201616e-23
-1.756568092080296574e-23
-1.654165290429983842e-23
-1.711299781425533843e-23
-1.687034691667230159e-23
-1.659818588835177016e-23
-1.360500532996195664e-23
-1.543167576708987979e-23
-1.672088783066537528e-23
-1.558743394701688283e-23
-1.647201745188878097e-23
-1.825409901923154342e-23
-1.651223571542966176e-23
-1.767794920475012691e-23
-1.861884127916535916e-23
-2.075235556459600540e-23
-2.008365614876906247e-23
-1.639958619486603748e-23
-1.542458184656297557e-23
-1.731342439639601700e-23
-1.790171930850305398e-23
-1.875330611523314752e-23
-1.669733644373580214e-23
-1.627158462696401334e-23
-1.453953162654258165e-23
-1.723254686103331247e-23
-1.632840454512948875e-23
-1.565730119617842346e-23
-1.770606778139532844e-23
-1.755231270481250594e-23
-2.040238294639821506e-23
-1.793583034687700202e-23
-1.709134748151470685e-23
-1.676389301574205912e-23
-1.606706997316298273e-23
-1.681603756061580402e-23
-1.653438026666246714e-23
-1.554200686770761749e-23
-1.583157397724137309e-23
-1.710487086437243271e-23
-1.757067237105817286e-23
-1.630687812498152113e-23
-1.803867101318013944e-23
-1.687499937403407500e-23
-1.834865277951640286e-23
-1.897766033687504291e-23
-1.836357446695479056e-23
-1.838201035807808397e-23
-1.964729107004918953e-23
-1.593712158183691993e-23
-1.907265901327728723e-23
-1.574974013325567250e-23
-1.895946869503471723e-23
-1.697781621180343805e-23
-1.721737894612092972e-23
-1.444347175671321244e-23
-1.789090003646175427e-23
-1.735755174694759812e-23
-1.883170290878211261e-23
-1.903359796294220412e-23
-1.857681303527649842e-23
-1.533635721374040509e-23
-1.693033655829677305e-23
-1.948352998178028078e-23
-1.856765455460912936e-23
-2.068492225566203299e-23
-1.725652952002075893e-23
-2.007118280905629046e-23
-1.703972518898060873e-23
-1.814343316937857584e-23
-1.899953673744198908e-23
-1.786643003584909062e-23
-1.892898897749469620e-23
-1.876862831095074519e-23
-1.964019544281661538e-23
-1.749104374583032624e-23
-1.629831094258956858e-23
-1.578818396457697758e-23
-1.798333456788094772e-23
-1.999000355881715551e-23
-1.781443107567299334e-23
-1.792281626614215774e-23
-1.874130165197185226e-23
-1.845956113040009877e-23
-1.562958559736713908e-23
-1.679041451482337306e-23
-1.931544022924059531e-23
-1.955702163743778760e-23
-1.692319300767506605e-23
-1.728153660526444745e-23
-1.730267603188278091e-23
-1.666559386424726632e-23
-1.894881364885663124e-23
-1.756625414482588234e-23
-1.895237505314447543e-23
-1.881475567970680507e-23
-1.763233122564561566e-23
-1.767547426944271889e-23
-1.892088437442913459e-23
-1.968308785763599725e-23
-1.857853066579454345e-23
-1.734057645876611532e-23
-1.778710252608238045e-23
-1.669911976158819322e-23
-1.888070151930189281e-23
-1.826384464227677898e-23
-2.218781715321647541e-23
-1.677702155044202482e-23
-1.767039942320097629e-23
-1.926479823900263557e-23
-1.683566252595009823e-23
-1.774556326512222274e-23
-1.824292125470994030e-23
-1.861017748035475558e-23
-1.862850174819436345e-23
-1.764347612236675294e-23
-1.639359771022279572e-23
-1.811301556736811709e-23
-1.850823063794233908e-23
-1.985154217471732359e-23
-1.705990903836216298e-23
-1.676601180548685514e-23
-1.834542715243736875e-23
-1.628368148282494132e-23
-1.964238225164726482e-23
-1.737766245897200925e-23
-1.612856106970928300e-23
-1.917543481439399515e-23
-1.766675104937538090e-23
-1.864307795695074729e-23
-1.794279379299547087e-23
-1.738409914968491033e-23
-1.940051540739259804e-23
-1.917252929107429368e-23
-1.929390239124346272e-23
-1.957711305129357067e-23
-1.837282819949880044e-23
-1.686061814040782306e-23
-1.832546752326269853e-23
-1.990127165268919478e-23
-1.872027121455902946e-23
-1.769387895957338647e-23
-2.085152460120284920e-23
-1.725193636341810387e-23
-1.821354037445274232e-23
-1.828410223127035618e-23
-2.071402268347550157e-23
-1.879605424868829871e-23
-1.754564565005095520e-23
-1.815220058669156333e-23
-1.828177530929289453e-23
-1.962326583403508989e-23
-2.008312125508274258e-23
-1.850938273656728219e-23
-1.638869640018075494e-23
-1.816594213650070001e-23
-2.035663737872392909e-23
-1.786531671957036020e-23
-1.861778215785221238e-23
-1.972565139273120287e-23
-1.998273113985039498e-23
-1.866289996540384812e-23
-2.094946290708683923e-23
-1.840687392920353036e-23
-1.832781383668062096e-23
-1.927915870926910800e-23
-1.731216447762115257e-23
-2.002044158540827322e-23
-1.799828235201201259e-23
-1.942990898866425970e-23
-1.958654842303107529e-23
-1.923414453915128967e-23
-1.813074268654859620e-23
-1.774855510093861266e-23
-1.693748848589047479e-23
-2.006173698786661418e-23
-1.711753690782367448e-23
-1.974530561075900886e-23
-1.964146884535293510e-23
-1.958144295000343044e-23
-1.729927294054214716e-23
-1.927640552802317917e-23
-1.754972436959174019e-23
-1.804593124974382541e-23
-1.845472153556622474e-23
-2.027234941987178870e-23
-1.861075533730316656e-23
-1.988007300467541745e-23
-1.791008396963789122e-23
-2.022350398674908800e-23
-2.066345738261812341e-23
-1.751198335025089123e-23
-2.127724223516868115e-23
-2.024974585501623427e-23
-1.906197191460464300e-23
-2.053506962287497300e-23
-2.047253886734286581e-23
-1.924360625430479646e-23
-1.982203841069393941e-23
-1.845327746693247397e-23
-2.027322785695852276e-23
-1.931448399756125413e-23
-1.925003337717202143e-23
-2.008912626917557615e-23
-1.850579992162986211e-23
-1.838700513858279609e-23
-2.118504757530915028e-23
-1.915016055438205271e-23
-1.870952835299026252e-23
-2.021514827274205978e-23
-1.897689035038377146e-23
-1.960986809263185918e-23
-1.727525658984571284e-23
-1.990467816052243295e-23
-2.028293159076256143e-23
-1.941759608516775711e-23
-1.915108332924498575e-23
-1.923795820265035518e-23
-1.954629076571857684e-23
-2.142958723043969861e-23
-2.098453843195897615e-23
-2.190756824981304720e-23
-2.071835495786242129e-23
-2.023665699340684966e-23
-2.208662324231073769e-23
-2.028742861600239568e-23
-1.931671958250628817e-23
-2.051238939039932981e-23
-1.909007936487181543e-23
-1.951416233778472177e-23
-1.847998760894396040e-23
-1.807474691662544261e-23
-1.960150585721473829e-23
-2.030501058699331704e-23
-1.847800884845301071e-23
-2.073848731825415060e-23
-2.059301328474824637e-23
-2.016500431609976201e-23
-2.097330289279931908e-23
-1.949337782745635598e-23
-2.100321531696646942e-23
-2.102286029184500071e-23
-2.100655776228892793e-23
-2.108400685561250659e-23
-2.137378069696254330e-23
-2.031459710825748800e-23
-1.955435891374388101e-23
-1.999571870479500116e-23
-2.095344227401459019e-23
-1.968155124881462542e-23
-2.053117760143963454e-23
-1.984251670404855524e-23
-2.011603505693867364e-23
-2.219269441152715833e-23
-2.087487559653613712e-23
-1.942786324547225428e-23
-1.993089304856327460e-23
-2.070693070116966936e-23
-1.764009817289944755e-23
-2.084413435950631932e-23
-1.977406426832493470e-23
-2.110535227573711035e-23
-2.102548055686685875e-23
-2.132337562406903041e-23
-2.053716191989324142e-23
-2.194704390964454533e-23
-2.073721705667548811e-23
-1.995112484825124537e-23
-2.037418551906898371e-23
-2.139235117961534032e-23
-2.120543639449331909e-23
-2.023778556213735995e-23
-2.027452663510568336e-23
-2.241569277211251770e-23
-2.124511930047048772e-23
-2.070976802106760084e-23
-2.083333669560063807e-23
-1.898075564637119650e-23
-2.301488428849534867e-23
-2.190694968935681026e-23
-1.971420443155041088e-23
-2.127053403440939126e-23
-2.233584382716273139e-23
-2.201277167571413582e-23
-2.092126720951469558e-23
-1.938974832482407851e-23
-2.262898641276070422e-23
-2.091178000428620052e-23
-2.055324471283599631e-23
-2.237606947586092651e-23
-2.278046601143877857e-23
-2.166431352108064393e-23
-2.095683122645223423e-23
-2.169745894754572000e-23
-2.137517792179704219e-23
-2.087175703616129831e-23
-1.929297416111986544e-23
-2.084415673448679772e-23
-2.334970127990045179e-23
-2.023846437846776848e-23
-2.147150051198521204e-23
-2.136415169705095433e-23
-2.241892123729755988e-23
-2.198624793097364796e-23
-2.138314848271420004e-23
-2.244733330227771003e-23
-2.144981901590797871e-23
-2.388621564154011516e-23
-2.245173324893851326e-23
-2.166710300383308271e-23
-2.130233562076518759e-23
-2.091098824972560174e-23
-2.267794824011469108e-23
-2.101106632613712008e-23
-2.162400451723257827e-23
-1.902218495222645836e-23
-2.213337808653291424e-23
-1.886419333477420565e-23
-2.189154563870610796e-23
-2.033449808967667332e-23
-2.368960199044224743e-23
-2.294353091938338905e-23
-2.197935913336469446e-23
-2.195178896733346211e-23
-2.210816728355904400e-23
-2.184845098159117397e-23
-2.295190179025365608e-23
-2.229310186450176505e-23
-2.088111717609852587e-23
-2.257705038274012386e-23
-2.293376338554194191e-23
-2.331156709088287644e-23
-2.288940893322637796e-23
-2.180256666292357847e-23
-2.246827196301267972e-23
-2.246531286910153694e-23
-2.186338944589078917e-23
-2.218838981805115160e-23
-2.336954584365478215e-23
-2.205187491765147829e-23
-2.224977805999572596e-23
-2.148663243633677961e-23
-2.211817841036061140e-23
-2.193732265099345696e-23
-2.399931572853422575e-23
-2.138241193583069599e-23
-2.232955962218821434e-23
-2.334795849116699742e-23
-2.378934687095198593e-23
-2.497333949171219499e-23
-2.174340093285796583e-23
-2.217406364383951915e-23
-2.115679740784740959e-23
-1.921564098479337926e-23
-2.132995709006965730e-23
-2.173950956113891446e-23
-2.452197100328544119e-23
-1.977857770803529689e-23
-2.434293133494363978e-23
-2.217439106554082019e-23
-2.325566623282701482e-23
-2.251129587762414866e-23
-2.164795207627548140e-23
-2.228878081198698509e-23
-2.252655275196315968e-23
-2.285821335357155450e-23
-2.241207872618022955e-23
-2.339806200829686757e-23
-2.056878659584799136e-23
-2.298284176399478785e-23
-2.252210720467812075e-23
-2.246449134668687139e-23
-2.489802742415973704e-23
-2.365414436215109259e-23
-2.327405494948528304e-23
-2.153815778098554501e-23
-2.343948336977552108e-23
-2.328449263131275552e-23
-2.378916810736383582e-23
-2.211612621778323271e-23
-2.047383075783836463e-23
-2.243276780891637001e-23
-2.176739697980969097e-23
-2.096875675679242036e-23
-2.393070690406682007e-23
-2.171069044690615587e-23
-2.337037070727797194e-23
-2.186096553705162902e-23
-2.107338277962863713e-23
-2.269512039772450240e-23
-2.408218692188484953e-23
-2.293553378395351453e-23
-2.267627208206083424e-23
-2.164348066958027489e-23
-2.297327536073485538e-23
-2.222609233026882057e-23
-2.284542266064805297e-23
-2.297129249399302750e-23
-2.303966651246435122e-23
-2.166198588987155155e-23
-2.310734432350480608e-23
-2.227990290510233331e-23
-2.273357350950680983e-23
-2.304777071564490489e-23
-2.123605150031615615e-23
-2.319700602603954186e-23
-2.167034048284025665e-23
-2.204965159888077990e-23
-2.202251149787995802e-23
-2.225125157600467479e-23
-2.350925870549233930e-23
-2.062532219198051677e-23
-2.301438691731427797e-23
-2.257163412352119637e-23
-2.355283253604229258e-23
-2.246058620838491304e-23
-2.377533162700536949e-23
-2.322375210816763693e-23
-2.178304239577953448e-23
-2.311643898938734368e-23
-2.102068245882288533e-23
-2.204349253478608955e-23
-2.306335309183406242e-23
-2.352582940268062794e-23
-2.177981349819295962e-23
-2.116066382941061297e-23
-2.311751936675292553e-23
-2.159804421934171970e-23
-2.262098802709912992e-23
-2.353439940189055632e-23
-2.234346968656618944e-23
-2.280812970901405767e-23
-2.180676782583461214e-23
-2.096072873542077313e-23
-2.289975220679960944e-23
-2.203427783543598620e-23
-2.342807945210608271e-23
-2.390558386674044204e-23
-2.242860060510991634e-23
-2.170378789690757858e-23
-2.390051249078692121e-23
-2.273915785997748382e-23
-2.129428981165649783e-23
-2.202577633031502546e-23
-2.286577823852094153e-23
-2.244444293856709344e-23
-2.174172315543957657e-23
-2.237385616823151888e-23
-2.304042573965888295e-23
-2.327592332730706044e-23
-2.130677842661485202e-23
-2.064640716494865182e-23
-2.209777088523561881e-23
-2.109131201502417707e-23
-2.173957569617451632e-23
-2.344977889355129163e-23
-2.260409238415538374e-23
-2.281026267703601114e-23
-2.291267818781429407e-23
-2.326137542535904037e-23
-2.301698905952229820e-23
-2.164716694776844632e-23
-2.333782145839551546e-23
-2.227726208532372931e-23
-2.095944073076419381e-23
-2.242867334187423933e-23
-2.290405019821648414e-23
-2.204177311183240197e-23
-2.299899334164802830e-23
-2.288643781409648517e-23
-2.231532875327876210e-23
-2.141186129738749482e-23
-2.197443753080619307e-23
-2.329002263712975752e-23
-2.113309767693406568e-23
-2.314427728941006257e-23
-2.290701878125686748e-23
-2.286180711369854377e-23
-2.168350391297137984e-23
-2.206427114792721005e-23
-2.211443377691420347e-23
-2.305126175845694401e-23
-2.234854110477453567e-23
-2.261309571756519812e-23
-2.250509218792945615e-23
-2.132292805929828111e-23
-2.189764067619207879e-23
-2.186493692659352669e-23
-2.150640102729785323e-23
-2.172447334587711459e-23
-2.186918783237220338e-23
-2.105722180283765427e-23
-2.266643671836739726e-23
-2.103875182821843380e-23
-2.108256282601821625e-23
-2.194359728276431825e-23
-2.336983915583930446e-23
-2.296250795296829518e-23
-2.204312511726312972e-23
-2.300010889162557738e-23
-2.309761165743133751e-23
-2.170323329892878338e-23
-2.219800799196952988e-23
-2.381867485991940344e-23
-2.255226064182196481e-23
-2.091530781021998231e-23
-2.217429834017392414e-23
-2.250690196942523987e-23
-2.236216547710137788e-23
-2.239805808624311376e-23
-2.204627691521455629e-23
-2.301705786451939181e-23
-2.238300717701762942e-23
-2.207337064291786121e-23
-2.145306129452171111e-23
-2.017382713276761053e-23
-2.257066789634459574e-23
-2.232267090708894905e-23
-2.285433579212671312e-23
-2.298787968671769610e-23
-2.216762157499713238e-23
-2.147103114771979564e-23
-2.225103439307924812e-23
-2.182338829562894927e-23
-2.186971279959435599e-23
-2.307372230911595234e-23
-2.176107700973988812e-23
-2.302726857805897194e-23
-2.348136420381837985e-23
-2.055416073441831480e-23
-2.313515212397334028e-23
-2.148572203421240219e-23
-2.200731188370261599e-23
-2.161595435241224993e-23
-2.144315222994816115e-23
-2.306055854789891653e-23
-2.257773552752807042e-23
-2.246733046916102670e-23
-2.153939955447154282e-23
-2.114804187877719413e-23
-2.264203293653843931e-23
-2.261497500457332740e-23
-2.176301933763153161e-23
-2.295734196949597077e-23
-2.479154979690442209e-23
-2.401760107765105691e-23
-2.339424332851132666e-23
-2.187974389710445729e-23
-2.074472244923672061e-23
-2.339435421252407590e-23
-2.106084391237627273e-23
-2.135975052209690811e-23
-2.154224735088744159e-23
-2.286724642395517555e-23
-2.227209354910872869e-23
-2.330360125088035350e-23
-2.338632562553161280e-23
-2.285162303892215029e-23
-2.187716683960150490e-23
-2.147103272811457444e-23
-2.222221870190820894e-23
-2.275977774713970119e-23
-2.118793940626406906e-23
-2.374830775918655727e-23
-2.192537772779022091e-23
-2.270743234794907693e-23
-2.262140658892048075e-23
-2.305383969823371127e-23
-2.346877805579364814e-23
-2.196980530063819782e-23
-2.430840147472660425e-23
-2.268702921623615422e-23
-2.280384777942072222e-23
-2.239625207583999820e-23
-2.283436335089840800e-23
-2.352575608420245421e-23
-2.358530656009278487e-23
-2.303220159390637849e-23
-2.264010950686651314e-23
-2.264566941321335472e-23
-2.251352247597208197e-23
-2.133349309434869349e-23
-2.231000375259875625e-23
-2.240029386455020060e-23
-2.351715652415285018e-23
-2.357200382168458597e-23
-2.494022531402174458e-23
-2.424876217401573264e-23
-2.169926365606754207e-23
-2.212118053981939512e-23
-2.247189250568312095e-23
-2.371488640187785093e-23
-2.231320032174693290e-23
-2.280131044118183661e-23
-2.209901916066090022e-23
-2.346864910978978073e-23
-2.251216986536924712e-23
-2.479516846712198907e-23
-2.360330608519085165e-23
-2.335952571823159146e-23
-2.206201664749533418e-23
-2.262980606791842446e-23
-2.183106445912994810e-23
-2.184558032002090530e-23
-2.308699939796675285e-23
-2.404123802158012854e-23
-2.299159883171165355e-23
-2.373915273686077860e-23
-2.161188531977735085e-23
-2.331907986115980345e-23
-2.201937326320235243e-23
-2.266497603658098696e-23
-2.307268527350616716e-23
-2.276755902890123954e-23
-2.147639989249594639e-23
-2.158986837398525610e-23
-2.286964815139534845e-23
-2.255563148381387297e-23
-2.146935519064811022e-23
-2.054815845767988025e-23
-2.200694155877926409e-23
-2.256768765579316974e-23
-2.160099689246653208e-23
-2.377355077254937648e-23
-2.295276275891779809e-23
-2.268165612636426026e-23
-2.311028301312023460e-23
-2.100732453058200443e-23
-2.268299876240694757e-23
-2.161591167610165998e-23
-2.226921869587279745e-23
-2.263045032937105782e-23
-2.326583587017153531e-23
-2.329822778022825287e-23
-2.391670609480750888e-23
-2.175097847038784933e-23
-2.262191058353002761e-23
-2.220976053066716147e-23
-2.267923123854496953e-23
-2.274911775192109265e-23
-2.277137969413307939e-23
-2.355752287971370246e-23
-2.079847269326087122e-23
-2.215772664970953348e-23
-2.187341077180721934e-23
-2.196424911376495240e-23
-2.133417120977977785e-23
-2.238939991553360847e-23
-2.299764887751716344e-23
-2.427008813982596242e-23
-2.063464425051347042e-23
-2.177115318071392698e-23
-2.246219880838836692e-23
-2.262217568539115919e-23
-2.148195029511687274e-23
-2.279513033851834594e-23
-2.279607761648485278e-23
-2.180355341924348503e-23
-2.067913575726750557e-23
-2.230494022846906977e-23
-2.399101668677983142e-23
-2.226162286283251377e-23
-2.290644623584472079e-23
-2.163230352702798484e-23
-2.225495129488891102e-23
-2.128899017234635691e-23
-2.045853149801793560e-23
-2.180566168354345295e-23
-2.209167461439648367e-23
-2.156392459652690147e-23
-2.167940367561433757e-23
-2.213309457901829061e-23
-2.071586659958809809e-23
-2.031035573806144334e-23
-2.164124659963577016e-23
-2.286364423783589951e-23
-2.203171112263566667e-23
-2.209253492406422210e-23
-2.290172464720461563e-23
-2.236498876248901071e-23
-2.234627584240774928e-23
-2.041753281862084119e-23
-2.089990129421177533e-23
-2.108051207542371620e-23
-2.131514779520850499e-23
-2.241332685100190354e-23
-2.063548944658764379e-23
-2.148603035552185275e-23
-2.044951876174856094e-23
-2.087514029452172780e-23
-2.178922822996221801e-23
-2.117484930570496802e-23
-1.974832897040638674e-23
-2.217991305780890788e-23
-1.947352311679586577e-23
-2.087526001186763266e-23
-2.076491922590639679e-23
-2.127583390463093293e-23
-2.081138473068668896e-23
-2.121333117098865883e-23
-1.979308614331514217e-23
-2.217272574656317342e-23
-2.087910687271955020e-23
-1.944454400077080552e-23
-2.083638135417593156e-23
-2.068474539979171990e-23
-2.161577067513248796e-23
-2.158471553219009369e-23
-2.149929710718197298e-23
-2.042221380995469743e-23
-1.996247561706267606e-23
-2.054281332357015251e-23
-2.070267336507100048e-23
-2.200191406197253569e-23
-2.030809066398111617e-23
-2.131004336505838333e-23
-2.087342733697034686e-23
-1.954926219140147132e-23
-2.023620863293128189e-23
-1.933660321513510443e-23
-1.932483603476400007e-23
-2.147431565765320832e-23
-2.011218205407877634e-23
-1.950498033980074176e-23
-2.100009000358591129e-23
-2.139727838222261957e-23
-2.131493041456644784e-23
-2.124558288039724793e-23
-1.948585151789849681e-23
-1.988472950923579378e-23
-2.062202624655808886e-23
-1.995254450506210869e-23
-1.810944652909645967e-23
-1.903282404494757530e-23
-2.037915904862560107e-23
-2.017549041068928286e-23
-1.941806694094216821e-23
-1.927709884473181373e-23
-2.018369586631124500e-23
-1.878856997270849833e-23
-1.864647141230405183e-23
-1.988143802792672780e-23
-1.972587421271043681e-23
-1.883643610325351528e-23
-2.004794551447600098e-23
-2.007609774724717704e-23
-1.927574392570988826e-23
-1.975816592513332892e-23
-2.010698040205367081e-23
-1.975783399410432194e-23
-2.027886668457724805e-23
-2.083674323766823021e-23
-1.926352208219404344e-23
-2.045510622071570381e-23
-2.046855303633302061e-23
-1.984673028142573427e-23
-1.935630760584448803e-23
-1.931361353858165963e-23
-2.023365784548423891e-23
-1.940760971509844189e-23
-1.901268177582512183e-23
-1.971800529077107247e-23
-2.019098292779508653e-23
-2.009279081377386773e-23
-1.927667011074857475e-23
-1.827040125495393065e-23
-1.874623532737153603e-23
-1.933042506969252423e-23
-2.004674068400387353e-23
-1.885591789096367383e-23
-1.745274146123648704e-23
-1.864577263674199561e-23
-2.003757738545463232e-23
-1.795742197490255313e-23
-1.884803901030110069e-23
-1.804407835125032077e-23
-1.890079236272211156e-23
-1.856761168880166191e-23
-1.838892780939959163e-23
-1.869166248820876327e-23
-1.822554723838906049e-23
-1.882889039028437523e-23
-1.770965283122200206e-23
-1.902035514197217425e-23
-1.889534419104256420e-23
-1.854838687487966418e-23
-1.847241207644373263e-23
-1.751889105520358463e-23
-1.846978862039914889e-23
-1.889496349230028380e-23
-1.804269421073882482e-23
-1.808873223485996547e-23
-1.867081631236283667e-23
-1.789622682744511763e-23
-1.811066603691798724e-23
-1.754786488512260514e-23
-1.848143030928017283e-23
-1.847212448303684083e-23
-1.846795622890401487e-23
-1.756694527085931751e-23
-1.844593944891637984e-23
-1.739474308776144759e-23
-1.714374224345467364e-23
-1.882724819117911617e-23
-1.838202310460969314e-23
-1.786025866528444447e-23
-1.777947342949163595e-23
-1.831074769748188524e-23
-1.876110388966506660e-23
-1.914440128615209962e-23
-1.846399101916391836e-23
-1.769794467467833765e-23
-1.686857058881591155e-23
-1.806701536165073753e-23
-1.794488188437401440e-23
-1.840179199471450999e-23
-1.769512887545496026e-23
-1.776952374021103142e-23
-1.822367012240289360e-23
-1.774002246751402618e-23
-1.724403089790225474e-23
-1.877330379278557282e-23
-1.755088998098204815e-23
-1.740355286714813416e-23
-1.769405592409129812e-23
-1.787862460236309433e-23
-1.783101031933720819e-23
-1.777861996981849786e-23
-1.732452824569594822e-23
-1.728704035247988907e-23
-1.813681468329577723e-23
-1.796455037809260906e-23
-1.818925024105308129e-23
-1.704056030675702300e-23
-1.733643739661185964e-23
-1.750897510884316105e-23
-1.524443017130761898e-23
-1.716447162981091083e-23
-1.714464670850747054e-23
-1.804798291540898815e-23
-1.710462773454830867e-23
-1.726020751826464616e-23
-1.684488323643631041e-23
-1.694298838980026754e-23
-1.778516534599019202e-23
-1.778901399305662165e-23
-1.649561320438957839e-23
-1.779116183185785407e-23
-1.695092581206126452e-23
-1.844201793662378420e-23
-1.597855546701948898e-23
-1.599115017098185374e-23
-1.739380643770967440e-23
-1.667149767130773550e-23
-1.720388082124623358e-23
-1.595563963850844609e-23
-1.693347836032027724e-23
-1.690021692008243001e-23
-1.596647530800339434e-23
-1.690172960835057231e-23
-1.621529189922746686e-23
-1.673968415013856757e-23
-1.714193840930841706e-23
-1.656251867133585613e-23
-1.716683552974383593e-23
-1.669469031553462736e-23
-1.622475181656928115e-23
-1.563137457541393995e-23
-1.748240771286650600e-23
-1.650903122731518256e-23
-1.555330805924570118e-23
-1.635412649799296644e-23
-1.692144179858565868e-23
-1.641087083208832759e-23
-1.599489140786362783e-23
-1.584192812403130833e-23
-1.560766545397534517e-23
-1.677967215859769679e-23
-1.636055328824014699e-23
-1.609263481819765123e-23
-1.620769648204721224e-23
-1.578818618760449101e-23
-1.613602900653427407e-23
-1.643803876335141574e-23
-1.626956606117028947e-23
-1.678801287747820942e-23
-1.640773153652263876e-23
-1.688576213423639521e-23
-1.691692264733504954e-23
-1.588474457129944471e-23
-1.509142436011095808e-23
-1.477692379402576949e-23
-1.536176749735309659e-23
-1.516279128693047906e-23
-1.502521648115483075e-23
-1.620210955833494798e-23
-1.564184611623697618e-23
-1.555112770125409129e-23
-1.602323966634728960e-23
-1.567062116313488376e-23
-1.483103616969110982e-23
-1.579875177551734143e-23
-1.497943071922076353e-23
-1.620783411334056069e-23
-1.455239925319970237e-23
-1.576780886235760549e-23
-1.572789990045898538e-23
-1.488815199030823179e-23
-1.561514498028300525e-23
-1.507939337576294986e-23
-1.506553156209947568e-23
-1.391340162223164773e-23
-1.645308103314359767e-23
-1.561959317777103342e-23
-1.584597739420654530e-23
-1.488150071390569971e-23
-1.482986480799391200e-23
-1.580129002817696771e-23
-1.450203227799571805e-23
-1.562028292714121613e-23
-1.553817920585086127e-23
-1.510105743801340962e-23
-1.465090131882449486e-23
-1.591472669828624633e-23
-1.516988616757621328e-23
-1.500001074923191039e-23
-1.502119793626263329e-23
-1.439531235809250884e-23
-1.498969675758618565e-23
-1.472789422641202254e-23
-1.417366895830926216e-23
-1.557375464594560368e-23
-1.486987005950493102e-23
-1.413874614326248646e-23
-1.420360388280636871e-23
-1.417363061375861128e-23
-1.467825674050560349e-23
-1.518259258939972960e-23
-1.457164887621886076e-23
-1.437794663663205197e-23
-1.422227425437329480e-23
-1.511072037895624715e-23
-1.472889384632407938e-23
-1.432581949211900040e-23
-1.484306423189944034e-23
-1.429497091433065753e-23
-1.375902474541328390e-23
-1.393700739188740632e-23
-1.442759544690851367e-23
-1.374826811595918869e-23
-1.395148585707540617e-23
-1.415078528763213237e-23
-1.332075571611420704e-23
-1.450992406174416581e-23
-1.439969712054927953e-23
-1.341965588542841132e-23
-1.383166303564704113e-23
-1.423973002932775807e-23
-1.393761352572944557e-23
-1.382866379834535889e-23
-1.409674617581312526e-23
-1.465246913361211198e-23
-1.317510444489531102e-23
-1.321773349473642817e-23
-1.394422921174076642e-23
-1.354774329371718635e-23
-1.396184213998865446e-23
-1.318410287609695900e-23
-1.379150270796154535e-23
-1.370275995229173087e-23
-1.419452132488758863e-23
-1.425242787834177387e-23
-1.353913250650749006e-23
-1.371897588927232692e-23
-1.326782175243329718e-23
-1.360949748218411147e-23
-1.351657533013801804e-23
-1.300852899962623185e-23
-1.312150458626182007e-23
-1.278501582875432683e-23
-1.322249687045646394e-23
-1.286909364386073175e-23
-1.407090550556581561e-23
-1.363350554635639671e-23
-1.332056666202253574e-23
-1.296477646459876262e-23
-1.347478066565252811e-23
-1.315703578652437482e-23
-1.319759110752457188e-23
-1.307426631087865062e-23
-1.289698434888899606e-23
-1.245813679676042819e-23
-1.317663734272667498e-23
-1.287989619869074022e-23
-1.309103374813328556e-23
-1.289057865889126707e-23
-1.278137368524825896e-23
-1.330934086306825278e-23
-1.329315033207969865e-23
-1.261562854754796177e-23
-1.258808113311897098e-23
-1.190198207761569523e-23
-1.259325765177972122e-23
-1.154694714614102788e-23
-1.223660858818798147e-23
-1.298447813016537613e-23
-1.323820625264562394e-23
-1.236462677665424812e-23
-1.256431395701822089e-23
-1.312237783263506673e-23
-1.173274502932843961e-23
-1.172963236535690595e-23
-1.290912208841172199e-23
-1.156470721647753650e-23
-1.274384845105369430e-23
-1.254708452664942460e-23
-1.249816743152458682e-23
-1.238412985976525588e-23
-1.205384478985143679e-23
-1.233579416728639907e-23
-1.231252132568687391e-23
-1.203646296246820587e-23
-1.279372814773134514e-23
-1.210526273693841348e-23
-1.181095635372505757e-23
-1.187728036098483186e-23
-1.212028116170063714e-23
-1.162775730930243694e-23
-1.159904635169824250e-23
-1.197363742521045521e-23
-1.192945195031205452e-23
-1.162151604280986124e-23
-1.183674964637863417e-23
-1.188301800830441109e-23
-1.177989043893713787e-23
-1.067883795215849617e-23
-1.132771333474072702e-23
-1.205417595918771534e-23
-1.122205518444447469e-23
-1.187387088085027772e-23
-1.101071410973742426e-23
-1.153383431190689397e-23
-1.147346580101976996e-23
-1.169357764493229006e-23
-1.098593628561689916e-23
-1.157993765543922869e-23
-1.042123146455409508e-23
-9.926714486243693021e-24
-1.138233224319186417e-23
-1.076673726044613058e-23
-1.030860508846811083e-23
-1.195684985610775395e-23
-1.092838201026834186e-23
-1.149323529145371303e-23
-1.124328480566830362e-23
-1.131696224995597678e-23
-1.085072991385698037e-23
-1.103043871743558764e-23
-1.076152084970282893e-23
-1.075694238964765810e-23
-1.115237527577798477e-23
-1.080960573099500198e-23
-1.074324800912030859e-23
-1.099132140933588915e-23
-1.091014059069187966e-23
-1.089678928009634247e-23
-1.049090480599558676e-23
-1.111441111053637675e-23
-1.067048129458717632e-23
-1.036597513048258366e-23
-9.855317019510651008e-24
-1.066559499340879696e-23
-1.070403108682523695e-23
-1.112255452561153793e-23
-1.070124692236179262e-23
-1.089838363588704247e-23
-1.049491782228604231e-23
-1.045108397369255180e-23
-1.046025021742394443e-23
-1.022833157738989047e-23
-1.080072351893635969e-23
-1.014796779228511840e-23
-9.794923705519048298e-24
-9.979964812950019396e-24
-1.017016423885371002e-23
-9.927282203201221663e-24
-1.028012948870542514e-23
-1.017163968282156819e-23
-1.010860544692412869e-23
-1.012167183631927342e-23
-1.076864434772802691e-23
-1.018865432081069504e-23
-1.030245786794450078e-23
-1.028877972373081040e-23
-9.557520516308951905e-24
-1.077830659798640545e-23
-9.788463194641586999e-24
-9.821502115117546036e-24
-9.437183076346241281e-24
-9.770679058340084073e-24
-9.427448377354676607e-24
-1.039122075381543023e-23
-9.524081912934663024e-24
-9.718470014212015200e-24
-9.524109877268892575e-24
-9.453065636660260431e-24
-9.540599549545298537e-24
-9.576744739561239605e-24
-9.895451030030245626e-24
-9.623181139388469950e-24
-9.379189838949307532e-24
-9.560399485328282888e-24
-9.526899646690928374e-24
-9.666862689848093180e-24
-9.347387406010427543e-24
-9.623133418980593885e-24
-9.258530529823843766e-24
-9.597535440836897373e-24
-9.214424452756231285e-24
-9.739004844118438224e-24
-9.518216037947385869e-24
-9.848333048780045494e-24
-8.936249885866405023e-24
-9.220559592576711767e-24
-9.336032400212879872e-24
-9.565853671693942312e-24
-9.138182961263884079e-24
-9.487920277499459899e-24
-8.569751067943459401e-24
-9.174362309511512775e-24
-9.008655353314544901e-24
