0.000000000000000000e+00
0.000000000000000000e+00
-1.710503698305728570e-13
5.517639281484235868e-15
2.688151362051152994e-15
1.262460824699995663e-14
5.537584046807290003e-16
-4.079726018670372635e-16
1.223194680606927106e-15
7.866823412836442945e-16
2.021409073588003088e-16
1.888223522889516540e-16
1.836213916012954247e-16
7.118321071033309941e-17
9.857044346112381918e-17
-6.010586708198330860e-18
6.876489820777269753e-17
2.289863162843563810e-17
4.216081787578509475e-17
4.020292194931471204e-17
2.827017880172387157e-17
1.235346264369996752e-17
7.783403766524009599e-18
7.150233891647294825e-18
6.326379471337324194e-18
-4.312875984970443068e-18
9.735425941779080234e-18
1.922522061664037100e-18
5.023397536379458720e-18
4.920289302901725066e-18
4.364913286145820705e-18
2.175562438720531472e-18
3.102452885011459505e-18
3.911346620804292188e-18
3.217679390337194423e-18
1.838500912777702533e-18
1.225272857809428666e-18
1.633514106910856545e-18
5.953338418188030368e-19
1.466272832963150617e-18
1.170614225755919245e-18
4.569658083209605194e-19
2.323793540979141569e-19
4.414273692176292835e-19
1.027615820157558809e-18
5.650003387779159811e-19
9.835535291397840948e-19
4.323898488531866050e-19
4.833777301004170041e-19
4.240759555451651070e-19
3.105086162682381080e-19
7.002650627112051376e-19
7.039141097770873612e-19
2.452346317854554462e-19
2.853293694757772784e-19
1.821055363034324371e-19
2.925056831094713728e-19
2.692459939848755184e-19
4.581237480496167660e-19
2.466299062582800928e-19
1.676217923435005975e-19
1.737186727823004663e-19
2.605639138306174962e-19
1.176738428059236271e-19
1.984234704650985540e-19
2.125248278227896105e-19
1.930044930863593720e-19
9.905162494057335239e-20
1.577087218870529558e-19
1.696036156339190238e-19
6.316587792599232744e-20
4.665326694969943230e-20
9.877810015672794289e-20
2.011109900527752816e-20
1.391235652342431272e-19
9.048925769821784810e-20
5.265376821993304283e-20
7.618385902320628734e-20
4.299056954260088660e-20
8.714285223717152306e-20
1.094411884765220657e-19
8.651344834704392543e-20
9.029008065297466333e-20
5.979981918001838408e-20
3.208643800353303084e-20
4.970822032072765429e-20
3.410783732632436551e-20
4.320620333858958575e-20
4.461450306647675471e-20
4.377275658628396895e-20
5.352668520987245620e-20
5.838049937633614418e-20
3.685754219393703493e-20
5.230793417748270656e-20
3.102420582513960700e-20
2.125470653030289470e-20
3.429833764552519402e-20
3.500029746898045355e-20
3.313151084451539801e-20
3.971656468278257558e-20
1.811781716011153205e-20
1.842996133948756534e-20
1.519961617575519390e-20
2.704218574114288285e-20
2.021593706366488776e-20
2.355757092832657098e-20
1.007216880966254614e-20
1.847996842657434961e-20
3.036089362826831877e-20
2.482028280076746808e-20
2.140200265398948990e-20
8.602029232196699797e-21
1.849400504584019530e-20
1.518839832831197711e-20
3.044199598420084746e-21
8.516612938946031844e-21
1.795881075764382195e-20
1.548175247201232377e-20
1.445291719040467838e-20
1.348684043336938812e-20
1.099517864824229176e-20
9.136524633924280832e-21
7.773901497027117098e-21
1.087757445829012889e-20
4.371193885264305268e-21
7.426662445457272184e-21
1.158107059074645947e-20
7.271018365310867736e-21
8.241003684591407811e-21
5.681235527770501145e-21
6.011974069958124923e-21
7.373833465759268084e-21
6.375466442142714721e-21
4.447563900275532866e-21
8.348214610618266313e-21
9.139966220288143597e-21
9.684319469797120794e-21
6.312194705923843548e-21
8.207030844925395376e-21
4.633892261155736801e-21
6.389124170503803619e-21
5.951637504492606066e-21
3.826692011779571118e-21
2.624621543417728642e-21
4.556732056121529159e-21
3.178251225384402294e-21
4.282857151423870997e-21
4.781194471978994520e-21
3.856101728753497661e-21
5.246140920009492969e-21
1.966616025377939671e-21
5.490724479340112155e-21
3.369328763968628175e-21
5.556164781436361541e-21
4.719638983506859143e-21
1.792994098121782315e-21
4.383301215865627552e-21
3.774237316070689004e-21
3.476628506216317014e-21
3.035169024901050294e-21
1.919596598126853445e-21
3.729018046430867223e-21
2.630898777954283749e-21
3.455232635962301606e-21
2.558255691329557425e-21
2.232470510951139319e-21
2.362893356234146647e-21
3.049168090430443098e-21
1.692129339320038225e-21
1.779447530473322139e-21
2.692261884092391097e-21
2.466223195833613004e-21
3.625075238820066308e-21
3.340797218611297932e-21
2.038804162945698981e-21
1.809358191257336207e-21
1.638448626861352454e-21
1.941623053801917741e-21
1.585570989804939680e-21
2.025840618364054274e-21
2.363414167919060947e-21
1.334631308610500038e-21
1.880946143874350175e-21
1.608369720067816377e-21
2.026681544576079656e-21
1.182825949024721404e-21
2.109652851630667762e-21
2.001003314648630867e-21
9.170516396521964705e-22
1.598010930804116946e-21
1.570115933290028308e-21
1.571035216983534319e-21
1.364805450386888698e-21
1.712548125942243485e-21
9.753535856131330870e-22
8.484385059085778956e-22
1.310876144770245760e-21
1.699456949410036135e-21
1.192613043012506927e-21
1.349057867951942335e-21
1.316072973462993407e-21
1.038186985186650998e-21
1.131934515000804194e-21
1.142899468659213212e-21
5.537978718100926772e-22
7.342858855595271511e-22
1.055321324227336591e-21
9.763797672610786930e-22
1.000794959969006220e-21
9.104675369789511381e-22
1.150147120182862436e-21
6.410370950839827963e-22
1.182164742572463183e-21
8.782871232286651441e-22
8.065014386079520687e-22
1.240363982827955991e-21
8.562131685870315599e-22
8.309689133939669319e-22
4.714451986260094570e-22
8.441594320868108390e-22
9.547064579589312646e-22
5.765309342296918886e-22
6.997628949290805235e-22
5.236759476445086356e-22
7.440215109335591870e-22
5.716711791322608786e-22
6.408048692488560525e-22
6.082724824768851249e-22
7.040388602562986935e-22
6.935998443219216864e-22
5.695098488942088372e-22
5.182815780189256116e-22
5.364623216141252228e-22
5.684329794338556507e-22
5.245105999610815860e-22
4.188342496131313420e-22
5.091510353110292758e-22
6.185019912787328818e-22
6.256616909481568718e-22
2.475789722628938160e-22
5.782108919742368712e-22
4.397759705842295025e-22
5.774599344972087775e-22
4.274729558184932125e-22
2.941585720439154836e-22
5.302190073599118035e-22
4.335655957415988534e-22
3.295782999847742061e-22
4.686210946186685712e-22
5.641265895017860240e-22
2.983347163345731901e-22
6.790756126594081948e-22
3.392872918665171464e-22
3.209029023651782125e-22
2.229918517981171044e-22
4.872994518319124406e-22
4.077628676662814176e-22
6.674203153940136888e-22
2.415787596119619678e-22
4.612078586433963355e-22
1.955653913668315947e-22
3.478087038946509343e-22
3.250442346407218939e-22
4.891256372908565798e-22
3.611042161044287733e-22
1.727947690614416701e-22
2.318302374416882047e-22
6.140989445188984422e-22
2.935711967422764221e-22
2.785921628967722928e-22
2.396143079453123569e-22
2.684520558003025059e-22
4.770510725526256810e-22
2.851709970727836897e-22
2.642695747805599772e-22
2.103765071051904194e-22
2.580615787617195955e-22
2.701286330340022843e-22
1.596432768936245550e-22
3.868582024033919451e-22
3.309874571605320735e-22
2.500227216661468108e-22
3.314730970243441041e-22
2.130475690395003634e-22
2.990433906133797111e-22
2.652839436111934069e-22
3.009497253903424849e-22
4.101166617958148782e-22
3.477446620256529111e-22
2.480914688985093980e-22
2.399325748290458260e-22
3.235325555056700689e-22
2.080549970766935324e-22
2.977276457176918754e-22
3.066564454830869146e-22
1.894720344151091854e-22
1.331214712253334363e-22
1.759071822721868516e-22
2.828021502503757667e-22
1.940733445439804667e-22
2.308769872363062802e-22
2.248129943906491187e-22
1.368390891949116031e-22
2.506693675399599221e-22
1.950690134128785578e-22
1.839371804100123122e-22
2.381577905416753636e-22
1.978696247830259291e-22
1.892733716093270845e-22
1.596455112221062792e-22
2.595649867846110248e-22
1.233906204191723048e-22
1.846066367393704545e-22
2.317061582662571431e-22
1.664265039748829745e-22
1.610138682604857155e-22
8.757013989845635997e-23
1.559357929497779807e-22
1.284189150600892251e-22
1.456744834095612615e-22
1.330067372180562180e-22
1.634119497753486587e-22
1.889448097542486972e-22
1.627595690488778504e-22
1.696927200393114674e-22
1.493532629312514993e-22
1.298974532680795542e-22
1.307238530914237489e-22
1.344218226490100201e-22
1.602833246110466780e-22
1.404652714975261712e-22
1.544406081529051071e-22
9.785014251370498612e-23
1.601026812502557559e-22
1.298428119711480561e-22
1.088991954201188971e-22
1.992069269250294293e-22
9.364345996797364417e-23
1.434020151715822044e-22
1.438417832229254959e-22
1.173238734297925631e-22
1.314507562229873485e-22
1.151200971695287983e-22
7.502045139306404366e-23
1.016871667036600567e-22
1.365919471525982926e-22
1.207055889813138432e-22
6.288509936886946770e-23
1.367443150094833790e-22
9.810279772509591696e-23
9.874582104943114005e-23
1.298308851280925681e-22
9.268572143002214261e-23
1.067383354419929987e-22
1.377467114872732347e-22
1.100667010009638569e-22
7.807927222042599473e-23
9.144490824636841366e-23
1.293762887354593727e-22
1.054026081368692494e-22
9.847833934680040833e-23
1.194008333924811959e-22
9.117807792764810214e-23
7.399023879330490835e-23
9.991548802147855051e-23
2.872255292003255393e-23
8.397229395083382204e-23
9.556106422598663942e-23
1.098513199268554698e-22
1.050423063569790501e-22
9.534373209338569682e-23
1.073750340256741519e-22
7.822090894080624886e-23
9.564373279515351577e-23
1.033626625835368864e-22
7.234347690474282625e-23
7.123090885128009323e-23
5.872569363582671791e-23
4.100630328815630152e-23
8.369399105842475679e-23
8.389814973100084446e-23
7.090214537631935703e-23
9.969517413804595303e-23
7.920365453184179428e-23
8.154262908198227488e-23
8.010748197377047343e-23
8.218560096228473659e-23
9.236774227865607750e-23
8.275617697228728431e-23
1.030512905948572451e-22
7.419401222798587330e-23
8.154042132165198851e-23
8.286498770733115670e-23
7.586808432680014631e-23
4.929530930643831715e-23
4.348615631876005005e-23
4.734890601176606152e-23
7.039082769684742141e-23
6.439888848558486451e-23
3.166572122303842025e-23
6.341351505428761149e-23
5.321745885429051946e-23
7.672737303880317727e-23
5.706883435038934513e-23
4.392559410317576921e-23
7.881177903826554829e-23
5.986047433213939375e-23
4.309568751169476047e-23
7.293522229661445473e-23
4.758797330536923851e-23
7.417016849779377339e-23
7.702482108484437781e-23
6.457313609667241841e-23
7.334279736825449511e-23
9.526331727250365647e-23
5.529827480649594334e-23
5.497124328467074216e-23
2.782834929012342874e-23
6.465955431927144117e-23
6.398821745918455655e-23
6.641367403545178442e-23
3.450855672078037331e-23
5.922035347806310557e-23
3.164903206100757229e-23
4.976684651205782095e-23
6.281022152631643303e-23
4.015777562067198576e-23
4.285149312520443614e-23
3.248446400678167270e-23
3.906013441112817416e-23
3.566656216587769065e-23
5.712655529180630520e-23
5.475966067200362137e-23
3.722095969172750072e-23
3.656048432122794675e-23
3.199288524028692520e-23
3.108276162176285465e-23
2.116326557633873310e-23
4.479438783190049084e-23
4.334709220950333790e-23
3.996484135210750360e-23
4.768164319720778825e-23
4.396844970878770569e-23
4.466662186842691663e-23
3.428476658252789315e-23
3.672594970721950460e-23
1.836217675249459196e-23
2.396429330539212410e-23
3.288289713171177739e-23
2.911782811849077161e-23
3.712492676384985224e-23
1.893607706972949130e-23
3.768848918655167303e-23
2.305761008608708215e-23
3.952386983934843700e-23
3.116750424622670141e-23
2.505933047126052280e-23
4.575464505918530460e-23
2.656171245293871428e-23
3.796773901326249969e-23
5.006306624119873053e-23
2.323607548064371737e-23
3.034248835333014993e-23
3.512275013540179880e-23
3.871110970820097714e-23
3.918470200957906452e-23
3.244396677505335992e-23
4.520541849336037399e-23
2.598320878167646404e-23
4.230186379380027749e-23
2.147851823952658015e-23
2.594843774070085553e-23
2.590026771149803646e-23
3.761701925166034049e-23
1.982961292502491811e-23
2.683914780957296640e-23
3.514634507935347718e-23
3.546906671975047980e-23
3.854500129756061979e-23
3.403625909828783735e-23
2.774996798764958958e-23
3.592694708507704615e-23
1.339822740884004561e-23
1.996809611653331823e-23
3.139662539317938107e-23
2.686180679864327416e-23
1.009866880810233042e-23
2.236048623988908717e-23
2.319690886528910638e-23
2.591976465686559780e-23
2.548486726069038060e-23
2.121286929974335708e-23
2.230560141322721586e-23
3.200724274947846414e-23
2.596846958543390556e-23
2.017643693702537665e-23
2.207832377306223511e-23
2.443158227827826716e-23
2.330141293123490442e-23
1.301840205405988571e-23
1.889433038385748560e-23
2.708199047236680877e-23
1.736766087491504065e-23
1.823640223806688162e-23
2.736746345426781903e-23
2.511005485915625337e-23
1.941388985866514489e-23
1.259422703445627390e-23
1.519341920126899513e-23
3.482041262570620159e-23
2.202340941215783769e-23
1.604951496405447395e-23
1.181658047911277609e-23
1.614363991548425422e-23
1.664651023553156863e-23
1.008463802044170563e-23
1.046674646733793014e-23
1.001178626955710640e-23
1.599322333837868482e-23
2.378607344546322765e-23
1.598394411701983718e-23
2.014893806105324583e-23
1.891151576628980747e-23
1.294686013675740258e-23
1.675347925631933732e-23
2.303570934836912833e-23
7.875679913341449618e-24
6.730063799643506609e-24
1.075575961596620104e-23
1.220772102234375895e-23
7.260748319920731945e-24
1.270088001402438108e-23
1.400040312874675162e-23
1.675584657503790661e-23
1.494076138529633700e-23
1.920153379594096266e-23
1.634312095164026014e-23
1.160260073704736497e-23
1.804213294696920265e-23
1.472814374002690734e-23
1.878180779176984972e-23
1.158662148916747308e-23
1.430964173480831660e-23
8.347962601814400657e-24
8.234366788475538877e-24
1.727477676805816504e-23
1.146497058462689661e-23
1.233142079445801279e-23
9.928741121389140416e-24
1.721098348190820537e-23
1.235161798982218611e-23
1.273853459824697034e-23
1.287648922737246924e-23
1.122911936169255849e-23
1.188226557755197222e-23
1.282299413940927218e-23
1.087801507098107022e-23
1.447561315572421717e-23
9.263122538716470434e-24
4.533597249377913445e-24
1.456759081017455163e-23
1.602115254780329225e-23
1.418692491783967191e-23
8.507905765107139984e-24
9.830468669456942381e-24
1.104298418529262434e-23
1.410494256354941375e-23
1.245138511725376337e-23
1.018386071991699375e-23
7.401105452062700531e-24
7.790519905490919764e-24
1.784483824292355804e-23
1.004046189059824056e-23
1.264464772837603800e-23
7.694956735076838710e-24
1.470013937561629400e-23
7.701774890409414476e-24
1.044953882479335638e-23
3.510945579499395578e-24
1.365234602777022077e-23
6.324085340440450751e-24
5.330689734081502587e-24
3.368975364445703467e-24
1.050968339038224163e-23
7.377333174411540391e-24
9.084317216055094849e-24
1.555967319812128458e-23
1.089765401049397535e-23
6.815995542829858359e-24
8.922866661397719584e-24
7.633976692685033918e-24
9.839364609573681743e-24
7.140053500761619249e-24
9.669563492032155599e-24
8.551138938464355350e-24
1.205179235314721354e-23
1.044760584137342259e-23
1.255001805358679579e-23
9.115723658290353373e-24
8.629118816056959815e-24
6.571848679290642481e-24
7.184067307890965152e-24
7.093108824157422716e-24
3.046780170691895921e-24
7.516015772156647645e-24
8.087667922680225017e-24
7.509553919732202496e-24
3.560092568427775421e-24
8.706834783341367601e-24
4.615289286871785256e-24
1.350900288729540760e-23
9.090192699676507488e-24
8.346120746351720688e-24
9.253859736142618344e-25
7.607351573283686793e-24
9.373542863910546683e-24
1.216031953486942521e-23
5.772882297970795074e-24
9.332607516689691682e-24
8.106254225741188390e-24
2.925480475492269576e-24
7.052775418438160686e-24
5.931667013643290569e-24
3.328471919356756162e-24
7.484432541855086005e-24
6.346517410185182819e-24
2.399107409301450428e-24
2.439413681683361495e-24
5.272851166941155271e-24
6.529722851117629089e-24
4.525100461129033893e-24
7.005180172659370587e-24
4.930583542767355650e-24
4.393527575071240882e-24
6.011654390507908343e-24
3.405367038614476755e-24
7.708381845952533629e-24
4.645645781087671356e-24
4.885436575090227559e-24
3.296217960056600014e-24
8.583269940308662864e-24
4.161511820346337602e-24
6.913762081453361506e-24
4.330347044636583068e-24
6.164714229627257704e-24
8.552431434985289351e-25
3.842247639407122885e-24
5.502878683658911260e-24
3.106871888750423969e-24
6.565533842589441885e-24
7.980652766875597966e-24
6.077726903003157750e-24
4.353230511491060726e-24
2.400347232896132230e-24
6.288543062975865650e-24
6.778350288951396912e-24
2.373081542129444509e-24
2.736045453564935845e-24
6.375942737399263564e-24
6.601838103008823300e-24
4.061950112625548615e-24
6.567203989928389349e-24
3.558856697206054990e-24
1.220702736669573034e-24
2.600631454686614848e-24
3.810291723729771659e-24
6.368705742826669628e-24
5.606391926517003334e-24
4.900042563785888571e-24
4.764165153156354903e-24
7.221154720850328656e-24
4.325941402302957338e-24
4.094891001748412296e-24
2.616279978570593595e-24
3.065778530934357558e-24
3.297918176267272919e-24
6.922962092437195020e-24
5.667540231095291191e-24
1.658901591036054724e-24
5.090709944968495386e-24
4.805564963686817630e-24
3.361213289664929030e-24
2.853295553944633445e-24
2.598954037585597404e-24
5.276953842147895013e-24
5.777725463978505542e-24
5.764290221672510706e-24
2.159692064559931923e-24
1.792086308389729454e-24
5.495477241894196136e-24
4.545068162743791460e-24
1.913108528745576464e-24
1.499135850530055298e-24
3.771996395759591565e-24
1.416878678941439002e-24
3.189747907113094316e-24
5.099227957610239756e-24
3.744378457969746385e-24
4.893494385927838674e-24
1.923570642948796112e-24
2.019424984821717833e-24
2.301554667538991077e-24
2.711041861399176644e-24
1.910106959841897248e-24
-9.200336963907922761e-25
3.556601446105629021e-24
3.779890645284587174e-24
4.264044754168418107e-24
3.157831275318014767e-24
7.989139282179044344e-25
1.924372979246411068e-24
4.161136262544798058e-24
3.715039072867969669e-24
3.117420579055118763e-24
1.005553357180517764e-24
4.375789956208429513e-25
4.416534128509731447e-25
2.201949637760945226e-24
1.058920501849691442e-24
3.419803907807198989e-24
1.648737445555089998e-24
3.995810543454428896e-24
3.120433673457262644e-24
9.060725356094395037e-25
2.185917212946939074e-24
4.758439104756246471e-24
2.992252766447596597e-24
-1.535477148830137392e-24
3.108263699017545197e-24
5.392727701573232233e-24
1.025415761644642487e-24
1.551315388815767497e-24
1.949343962528229545e-24
2.226618468491339363e-24
4.368693650007784219e-24
1.899087554273167143e-24
2.463774409507962149e-24
1.658570927450461798e-24
-1.604255479988524217e-26
3.276191943314257212e-24
1.544735065752871138e-24
2.059984869862381288e-24
3.301076623563801765e-24
1.394172599332236308e-24
-3.260381226094136144e-25
1.936924846383804114e-24
2.877438390015175839e-24
2.740814836816578186e-25
4.247920944389083367e-24
1.672499328663630819e-24
1.530197327981489457e-24
6.005650016572419599e-25
1.598755596652596714e-24
2.942904893736895208e-25
2.345920514928232618e-24
1.899320309669123796e-24
4.206093345227001441e-24
1.861797631767253992e-24
1.541552147101048528e-24
1.643298701526355744e-25
2.588438724873636540e-25
3.042306665410316617e-24
1.408077453774382665e-24
1.591476126421062792e-24
3.202464869019777678e-26
2.410733658679716593e-24
1.572971209807961180e-24
3.617117902200245801e-24
1.817252763276664790e-25
1.719575411328652240e-24
9.595707587261012517e-25
1.584492962866366025e-24
1.642253305596228212e-24
4.565505061748810350e-24
1.593612257004635091e-24
1.457315808206204384e-24
5.530579032804640084e-25
1.684358126244522146e-24
1.699453518842806088e-24
1.346740640836446712e-24
2.336017972844431270e-25
2.962445105546022054e-24
2.691547288542718889e-24
-5.424559492696800562e-26
1.993233815184674271e-24
1.281262492190758172e-24
2.982723426534016740e-24
2.381598735540996987e-24
-3.383492324112694295e-25
-1.098178203529725597e-24
2.108052770193003098e-24
-1.929429604646019740e-25
4.553469558864523422e-25
5.863482809971989264e-25
2.292532356584703317e-24
1.126446440789004427e-24
3.865529220340187153e-25
8.289982959365163169e-25
2.582477938270360366e-25
2.358309423987311519e-24
1.708445707367411041e-24
6.781987844924794854e-25
6.539239092798595858e-25
-6.395534451723857798e-26
1.646741897780764804e-24
1.206785615463534142e-24
6.425409329875364169e-25
1.563040840372727969e-24
8.109114496569959066e-25
3.529952834577084004e-25
5.759626498764193741e-25
8.598886114097200337e-25
6.427715371339399262e-25
9.858795319626311276e-25
6.288937709700591696e-25
-6.912652306798315090e-25
-5.342150923540589228e-25
2.575729623907961390e-24
1.191746887958329296e-24
1.123333944115083093e-24
2.447228088774856685e-24
7.510897400887392923e-25
1.296126810552211267e-24
1.151788237664414515e-24
-1.180631925443320353e-24
2.289796031115611091e-24
3.512614370008244511e-25
1.274255099717865534e-24
9.213025756344709003e-25
1.160691845356619906e-24
-7.326143094170057686e-26
6.497559292236356230e-25
2.812010901946375031e-24
7.489742857413449640e-25
-4.812186116184820057e-25
1.065463539432362791e-24
5.475547826321631293e-25
1.076382700919728292e-24
9.472549941812814689e-25
1.435228375491936629e-24
-1.055946987862902301e-24
8.349866401915319543e-25
1.531861569948919670e-24
6.116044893131017994e-25
1.761671441460297077e-24
-1.876961380944054455e-25
4.468231961531122797e-25
1.569433884682584007e-24
9.487759639273398217e-25
1.253302404826675941e-24
4.540260671829006857e-25
1.043032854498035154e-25
5.567049550183227291e-25
1.401333317980025366e-24
6.474229908612896373e-25
4.233434637697526793e-25
2.089092568081508980e-25
6.670183264860549071e-25
9.598081467719016259e-25
2.014771042982209869e-25
-3.014607930159567407e-25
-4.721071630672241613e-25
9.586255271819393367e-25
-4.169837274584387639e-25
1.144176136451820830e-24
4.766235202235811658e-26
4.883934698996358094e-25
3.629871280540325631e-25
3.234132187246979867e-25
5.005330789701848239e-25
8.215981205816040817e-25
1.763696480745556612e-24
1.936327617982235239e-26
-7.730279118790467058e-26
1.106387051645712839e-24
-2.870359770694007534e-25
8.572713945131112794e-25
-6.306491779370860312e-25
-3.902155420751365926e-25
-2.494025471270183439e-25
-6.929175991002314651e-26
-3.353417319398011559e-25
1.144647121163353574e-24
-8.849902976314843997e-25
4.891815423965899345e-26
6.656152121030387138e-25
7.342870381567005873e-25
-1.278867211163558526e-25
9.877025514133488185e-25
1.731385294659134596e-25
-1.156815298490936292e-25
-5.300367126078676725e-26
9.736188995315093162e-25
1.156873742492118951e-24
6.590303407744902012e-25
6.728547252886804107e-25
1.966386124158511741e-25
-5.235923048589241447e-26
2.937414438883748692e-25
1.892959514392957503e-25
4.196084163869185437e-25
2.138313266166483679e-25
-3.878530306820253937e-25
-7.553805248574521934e-25
-1.447729535049840230e-27
3.819053479202362655e-28
-4.472575054993871916e-25
1.709657850177901542e-25
2.009425247008539797e-25
-4.672155109962146009e-25
-3.983136925593294629e-25
-4.537636229036693826e-26
-6.590519717856299627e-25
1.334623459452807193e-24
8.024219503026667441e-25
6.357451704974904416e-25
-1.202644833765290315e-25
-6.804935440604177418e-27
-3.549784488969040463e-25
-2.399797953917443292e-25
-6.508299729794917428e-26
-5.574404868793582725e-25
-2.021903724906135645e-24
-2.174923987311183137e-25
-2.332170294823217539e-25
-3.030738488791215133e-25
2.512815444995160685e-26
-2.459320180257878694e-25
1.497165418397786035e-25
3.981620083644123086e-25
-4.008402381595002453e-25
-3.640887351764326962e-25
-1.108164458381626919e-24
5.395885914395841752e-25
-1.452733766304182787e-25
-5.490404331864090875e-25
6.091552325008929604e-25
5.660783037971438820e-26
-4.424858918033785512e-25
-3.797568635999152485e-25
4.964304158232297237e-25
3.521542235038153098e-25
7.173122239535365797e-26
-9.752645604152572125e-25
-2.584892136863845840e-25
6.721138212797537352e-25
-4.476045848378871663e-25
-3.849712342541136169e-25
-6.856186094496271720e-26
-2.202749179014536029e-25
-2.693222306270907710e-25
2.583644514516859590e-25
-2.134467958081596975e-25
-2.712938334028741741e-25
-3.790748209889167217e-25
1.005926484237088729e-25
-1.915809462758558824e-25
-1.578363876602864051e-25
-3.994556962211196040e-25
-4.647989486473539521e-26
-4.061857656505794425e-25
-2.214548708647010109e-25
8.665151374643454915e-26
-6.538349179444543280e-25
-9.105031925334448609e-26
-8.525465416442806440e-25
2.554372236926934525e-26
-1.775045397955823592e-25
-2.118592941867516825e-25
-9.134459277376612159e-25
1.145689704202539041e-25
3.149781348155919158e-26
-3.965205666382499670e-25
1.790321569798281523e-25
8.728250384870335666e-26
-4.768547986407011962e-25
-1.189651218066080848e-24
-8.770501656015103883e-25
1.307278428391882145e-26
-8.043012860732433699e-25
-1.707619412350684581e-25
-5.570064342529355468e-25
-4.627827879940218686e-25
-1.100730595595545367e-24
-1.449297776683906594e-25
3.168001334246132740e-25
1.767344634892778752e-25
1.392875196059448834e-25
4.855236659703233045e-25
-3.231090488879226267e-25
-3.622641905146692972e-25
-1.183606900028194908e-24
-1.618195038621687305e-24
-3.706913596512051004e-25
-3.084182206909982745e-25
-1.025751958660122921e-24
-9.289302916590296573e-25
-2.275756085395876237e-25
-7.781114955382666520e-25
-1.119723036567616281e-24
-1.161707037780676514e-24
-2.870957653362532607e-25
-1.107801981815355575e-25
-3.551750561853717653e-25
-2.755152770252009062e-25
-4.064336623098476932e-25
-2.763446687199003368e-26
-6.986577974667586588e-25
-4.261247124355550637e-25
-7.453549247181617553e-26
-7.734736457576989176e-25
-1.317204723457406564e-24
2.494041846844703404e-25
5.973884421782052643e-25
-3.346545158273927700e-25
-9.719396327281789943e-25
-1.056260001631726964e-24
-6.635381744129281760e-25
-2.007878373875576230e-25
-2.143290085376324377e-26
-5.042835013681167058e-25
-1.060658411039294048e-24
-5.707431682215080090e-25
-4.849165963505193393e-25
-7.582323305280812768e-25
-6.441237937451256051e-25
-1.047242066032106152e-24
-3.980472629521850345e-25
-1.490625719814101210e-25
-5.611422191844400758e-25
-1.154215735205423367e-24
-1.989872420466452036e-25
-1.579497413994863755e-25
-1.574749991049726912e-25
-7.145094419882360577e-25
-3.567187126991211891e-25
-2.215787263058544650e-25
-5.975772297241539817e-25
-4.632185079507989118e-25
4.698249823665155672e-26
-4.044293163937087910e-25
-3.815136723504475925e-25
-3.044385374715242200e-25
-1.205687313694921207e-24
-1.510750817228137523e-25
-5.082798342812724548e-25
-2.916525610198098903e-25
-9.986860036267830988e-25
-4.126774660276152149e-25
-1.394508958695867164e-25
-4.384697632533208978e-25
-7.481389861824130283e-25
-2.411232659168685367e-25
-2.532814334578075766e-25
-7.006629874030006450e-25
-3.224068291868432256e-25
-5.009128818719883842e-25
-3.182969773456867752e-25
-1.008933178937687932e-24
-1.210084293454690119e-24
-8.887235311136092395e-25
-1.778933029860152117e-25
-1.019821029213767430e-24
-1.001395608810181532e-24
-5.668911778514511048e-25
-1.044109533918815367e-24
-7.961859146715059049e-25
-3.813635281291290771e-25
-4.676536026367475938e-25
-4.504427275073811359e-25
-4.783553921144198417e-25
-6.386404541004715118e-25
-6.940864398344833180e-25
-3.400101474012143889e-25
-5.286466028732553499e-25
-7.008453743468269388e-25
-9.820981533330110491e-25
-9.459227537996820266e-25
-4.784844251446935873e-25
-1.354158641139640804e-24
-4.818366510594922767e-25
-4.010473892489577294e-25
-8.324624559911251172e-25
-1.126228158818748985e-24
-6.794025833019280049e-25
-8.516633273751431962e-25
-3.564122895949650401e-25
-2.467705295881128418e-25
-1.139287045909793746e-24
-7.654725719568037453e-25
-1.304334875769058640e-24
-7.590460984712087861e-25
-6.901038256685872628e-25
8.893183946181757634e-26
-8.139087893441895330e-25
-6.758334239506184255e-25
-6.371526561891989622e-26
-5.941439179229428374e-25
-1.692427002573020082e-25
-5.759717365524515020e-25
-5.574414482322908497e-25
-1.024050092439461384e-24
-5.090250773567787411e-25
-5.301156983135983884e-25
-3.769932021805465091e-25
-7.600678091287978349e-25
-4.549144327209581515e-25
-3.664459394178907499e-25
-6.800692333611257171e-25
-5.065128318609678400e-25
-7.094970996903463547e-25
-1.052883250734062441e-24
-7.090052147873269332e-25
-7.298192873924826650e-25
-6.555683452636452014e-25
-9.147687517856103328e-25
-1.093257085475468591e-24
-3.990209510535939245e-25
-6.375976540071884079e-25
-3.804253064480062558e-25
-7.276726448377603339e-25
-7.187782082794671655e-25
-1.140066192043359713e-24
-7.253031738569048881e-25
-9.519843207608775557e-25
-5.098427952038612165e-25
-1.128134480471454081e-24
-6.720469206405683362e-25
-6.951762007865306678e-25
-7.069093080116152252e-25
-9.958808618919688135e-25
-1.105549106852380735e-24
-1.096437517900192790e-24
-6.988355808312644174e-25
-7.736886171132413676e-25
-1.029040422412241697e-24
-7.945716917188413155e-25
-1.082079677676380692e-24
-4.985050962621373616e-25
-1.208085551188989944e-24
-1.018744726091650779e-24
-7.063821833581070983e-25
-1.078144743187122645e-24
-6.570134102009198687e-25
-5.072379611083512302e-25
-8.222522804357031890e-25
-8.175007229773199122e-25
-8.145334454303078376e-25
-8.369497349633485624e-25
-6.907596939976946896e-25
-9.162130046493404783e-25
-8.026177565312068810e-25
-3.894303029024542855e-25
-9.855322788635610783e-25
-5.889167635591537879e-25
-9.064611906720238300e-25
-9.192035829838892964e-25
-5.690383478332288112e-25
-7.826443166518786470e-25
-8.852764936500688040e-25
-7.347258799294465631e-25
-1.301130181032391443e-24
-9.612252070229268354e-25
-7.186266793882100552e-25
-3.915302435280109082e-25
-6.821496430985937781e-25
-8.594582363350527395e-25
-4.837103222115120832e-25
-7.094441283873125811e-25
-1.005231930710616445e-24
-1.408207529718138983e-24
-8.057393960598613341e-25
-5.157969864083889514e-25
-1.009898303980053275e-24
-9.133799257160521864e-25
-8.686694087153209387e-25
-7.423375397216205601e-25
-8.004479115986660258e-25
-8.395723663886318309e-25
-6.468470802050405291e-25
-5.743484635708435145e-25
-9.871939915649036520e-25
-8.565163390037644026e-25
-6.158219773058853701e-25
-6.819860565578137657e-25
-5.240778520195463515e-25
-9.403316634701275637e-25
-8.874658722250302584e-25
-4.611577248215587110e-25
-1.165720741371401227e-24
-6.302519181187302494e-25
-4.322913783744635175e-25
-4.709982848317365335e-25
-6.931811029089147252e-25
-5.980347648480779491e-25
-8.860074402448474052e-25
-9.780863025649002948e-25
-9.268213783893854681e-25
-7.537381655599587240e-25
-6.643117563864163822e-25
-9.680345041485145712e-25
-8.679060545462720046e-25
-7.939212264648014940e-25
-8.957994334997608534e-25
-9.612877328079576489e-25
-1.067293884082004224e-24
-1.046670031266010225e-24
-8.280264369375112005e-25
-9.190926947155823554e-25
-9.092008903723071681e-25
-8.166021233941502062e-25
-1.006291124449811295e-24
-6.634963493849602252e-25
-1.047493311504593935e-24
-6.553605860812040767e-25
-9.742064495232962183e-25
-6.674134183270199918e-25
-1.169975367542340543e-24
-1.024724997650741539e-24
-7.311589448547348426e-25
-1.090235181571668225e-24
-1.028583006456175638e-24
-9.665616639135779487e-25
-8.109522847654163489e-25
-1.193690144450993480e-24
-7.087288962699456317e-25
-9.166276391245255579e-25
-1.318710121177090513e-24
-1.059979571338888943e-24
-1.064873422827072036e-24
-7.296893585047315811e-25
-1.159712553061377021e-24
-1.116437830169847158e-24
-1.096821061417510530e-24
-8.550555526229963477e-25
-7.821408219263598337e-25
-9.553910626118615056e-25
-1.204697394813305084e-24
-8.412772424482001486e-25
-9.532103782659324209e-25
-1.197272312372112830e-24
-8.641756538724433598e-25
-8.353219595384425624e-25
-1.032652731600325397e-24
-1.228688593320173076e-24
-1.101542009142362984e-24
-7.996219992124441322e-25
-5.869538226845501918e-25
-1.111746633565752460e-24
-9.546712444263658774e-25
-1.056932145055410862e-24
-1.160554362435727051e-24
-8.916299602881895279e-25
-1.422972190514120859e-24
-8.768583645621037488e-25
-9.922569254614502466e-25
-8.261732429508932681e-25
-1.166919144351899324e-24
-8.191684903627937825e-25
-1.107116659368571269e-24
-8.117034061350442374e-25
-9.719927651749368460e-25
-1.226763178259349189e-24
-1.056025315689063780e-24
-1.097877765227176841e-24
-1.016987892221415966e-24
-9.194100906014955205e-25
-9.873290517590017437e-25
-1.132840483145771690e-24
-1.026829065341319710e-24
-1.060442232157592792e-24
-9.052859039288646701e-25
-8.440474607103554433e-25
-1.381172927625925600e-24
-1.060397625963125987e-24
-1.293946296854794881e-24
-1.274998170239338326e-24
-8.099693668185479809e-25
-1.100054596588976007e-24
-9.019168635845980246e-25
-9.064236437786649507e-25
-9.124450896671709874e-25
-7.364314132536281966e-25
-7.818047534625056625e-25
-7.961558050943387224e-25
-1.241499799646126152e-24
-1.122626484639922438e-24
-9.179898914758944998e-25
-1.075353911781861283e-24
-1.176743053528692104e-24
-7.769507287230270836e-25
-8.647711930411803097e-25
-9.523321535974516301e-25
-9.673850370050415658e-25
-9.142642367848758098e-25
-1.342438575966331240e-24
-1.145599708758754713e-24
-1.174913156826435160e-24
-1.234074322229305926e-24
-8.981258376226454858e-25
-1.207684645708208534e-24
-7.209049906202178961e-25
-8.258884836933327456e-25
-9.228706200664224963e-25
-1.121600487843058976e-24
-1.433126035065847487e-24
-8.233707403057762052e-25
-1.285784613312118762e-24
-1.515024150985728493e-24
-1.257028181861689602e-24
-1.008932710264806038e-24
-1.219254672557401859e-24
-1.127558014752826677e-24
-1.031891055960619552e-24
-1.088932797871985607e-24
-1.356476349406934350e-24
-9.903985026248698552e-25
-1.208469212742845217e-24
-1.142839506964654585e-24
-1.168766263520415955e-24
-1.069947147958330120e-24
-1.030013788581189281e-24
-1.182691712846716280e-24
-1.122784949136261675e-24
-1.277735092212176725e-24
-8.153170156546738316e-25
-9.830153899339857497e-25
-9.241923764560016692e-25
-1.129662119024242256e-24
-1.187897656330212010e-24
-1.138633494255076222e-24
-1.023814434261040383e-24
-1.167117796789090974e-24
-1.267308929147282310e-24
-1.038644881065558152e-24
-7.823362144067328265e-25
-1.075374211013468191e-24
-9.318456292239250374e-25
-8.694112554717685819e-25
-1.226791628999919370e-24
-9.645939806293319329e-25
-9.707380204837885105e-25
-1.182537529117232687e-24
-1.097419559397858622e-24
-9.138051127311618422e-25
-1.204723414069449958e-24
-1.026684521432268722e-24
-1.015463780829117467e-24
-1.054623586025004158e-24
-1.015953787154070688e-24
-1.018628444710267686e-24
-1.109702626958540677e-24
-9.572321674896485556e-25
-1.037615190315795371e-24
-9.798388835592827829e-25
-1.214143776217385546e-24
-8.238547560955676603e-25
-1.020187245695602363e-24
-1.005276103536736590e-24
-1.126850447489532540e-24
-1.010694490528686605e-24
-1.015463836764181367e-24
-9.699818776641951526e-25
-8.130064683490203537e-25
-1.266401302797914321e-24
-1.079840766323350205e-24
-9.793040061954662037e-25
-9.923653289414218022e-25
-1.044144240779972477e-24
-9.495543189859769783e-25
-1.065763898192695087e-24
-9.139866097185681112e-25
-9.308927919831175883e-25
-1.131800752462538616e-24
-1.020353020134941866e-24
-1.116770527177221010e-24
-8.365906600815827552e-25
-1.010992356157775828e-24
-1.126284441711676405e-24
-1.063441126781544456e-24
-1.168639779865238416e-24
-1.047525239214306188e-24
-8.399100093109017926e-25
-1.145928635141987106e-24
-1.041929980141076184e-24
-1.045349351135531513e-24
-1.331956031371235408e-24
-1.033823380537951266e-24
-1.162115183509685390e-24
-8.483026659907207658e-25
-8.702616627740033963e-25
-1.114350227571481808e-24
-8.689987595566838530e-25
-1.111621175249684928e-24
-8.870401849158687379e-25
-8.769210246930311809e-25
-7.841854480984461544e-25
-1.048449041835650140e-24
-1.077505948518333271e-24
-1.018354656758085841e-24
-1.048131773765464193e-24
-8.585263452691479368e-25
-1.016235878442835741e-24
-8.992792495332691210e-25
-1.124048132482287232e-24
-1.013132355929708446e-24
-9.446287910981616958e-25
-1.015286056603138139e-24
-8.729088338333330791e-25
-7.279016988695412309e-25
-9.937619647281542740e-25
-1.087501454353718315e-24
-1.017492390624659555e-24
-9.175754493246844463e-25
-1.077972483395914468e-24
-1.167943875120312397e-24
-1.238897969504775984e-24
-1.219416666706733567e-24
-1.007790129372918877e-24
-1.004292128818562736e-24
-1.004017644366806818e-24
-9.940551826544650715e-25
-9.630477703704695606e-25
-9.537774905816078884e-25
-8.627873680938541918e-25
-1.089855840406102507e-24
-1.156918604917451578e-24
-9.150667974409632708e-25
-1.026333409121690168e-24
-9.336452385832522499e-25
-1.138818627471701320e-24
-1.081564688105405058e-24
-1.002857075804003485e-24
-9.332599053878556896e-25
-8.544956985744163770e-25
-9.858714450016071470e-25
-1.123556170593708217e-24
-7.598841265804093050e-25
-9.365721293080476283e-25
-1.200473295414278183e-24
-9.264275654568475974e-25
-8.476430026877583426e-25
-8.770992812314921298e-25
-1.036019589048247835e-24
-9.252670067289035249e-25
-1.050112078847214149e-24
-1.045192922197979872e-24
-1.146570762174820966e-24
-1.105557844205473044e-24
-1.137223997290668794e-24
-9.561389140886052705e-25
-1.142725663130618400e-24
-9.950183595849581015e-25
-9.996658468462975570e-25
-1.108907248485410165e-24
-1.017626718777054482e-24
-8.821332270613699868e-25
-1.000456274388107981e-24
-1.017715346820434172e-24
-1.117190251758597303e-24
-1.064948607747751107e-24
-1.085963901700325173e-24
-8.089896157888654632e-25
-8.639089213523210688e-25
-1.119328125165205597e-24
-1.011140222631003202e-24
-1.009749396230557808e-24
-9.277710243254912845e-25
-9.119803478034960304e-25
-9.398335189590034123e-25
-9.749466061891506319e-25
-1.073135410631075389e-24
-9.197833110042897311e-25
-9.706287758658365625e-25
-1.108914628261958235e-24
-1.115230108660168045e-24
-1.075540653178461703e-24
-1.096744467889816828e-24
-1.032525022169863351e-24
-1.186621521911069949e-24
-1.075599210503042944e-24
-7.560176057189568753e-25
-9.003436819765764704e-25
-1.131116503443142695e-24
-9.340069517995924022e-25
-1.011766770727263648e-24
-1.102208478810039938e-24
-1.024891395319125479e-24
-1.141782745401250943e-24
-1.160713428059889853e-24
-8.507297964524451979e-25
-1.017678482942954438e-24
-1.087694683517564732e-24
-1.001277897638411151e-24
-1.048550039441164614e-24
-8.738839790272731356e-25
-9.109293958836571606e-25
-1.033928096897923656e-24
-9.077291561969409198e-25
-1.057031436554565593e-24
-9.411827094122492429e-25
-1.149879019619489686e-24
-8.561396784297942140e-25
-9.518487004032639041e-25
-1.054728498399643290e-24
-9.773022233123089741e-25
-1.161964276158580107e-24
-1.024697823415762120e-24
-9.423140070770297019e-25
-1.068151014666472669e-24
-1.128381249243515182e-24
-9.258187630461014425e-25
-9.634692133920304822e-25
-1.107527450577191558e-24
-1.079227637124220340e-24
-1.179469866238680647e-24
-1.062855201341406754e-24
-9.573685158176550135e-25
-1.245750851801698269e-24
-1.057393586029617057e-24
-9.425355280257017243e-25
-1.047686092559379472e-24
-1.106225425225008814e-24
-1.074191311558231845e-24
-1.031033851676473279e-24
-1.106591490964515504e-24
-1.187611712082633881e-24
-9.957127539068113623e-25
-1.105365170773342610e-24
-1.157232818362606098e-24
-9.969014022980303124e-25
-9.673434696551280927e-25
-9.582293229677339044e-25
-1.119434785737321710e-24
-1.064743888335726011e-24
-1.092551441046118901e-24
-1.114873093212785082e-24
-1.214478313949489290e-24
-1.022388701268687827e-24
-1.172927318667436266e-24
-1.141032935286882106e-24
-1.211107280851050174e-24
-1.212997825136953017e-24
-1.102826455259946379e-24
-8.949480803531252557e-25
-1.075252035094033988e-24
-1.044616570795172120e-24
-1.026535084989572619e-24
-1.056049516628837757e-24
-1.058403745683584271e-24
-1.171833096689506248e-24
-1.041178727750933910e-24
-1.069388008590015580e-24
-1.030138268152796143e-24
-1.119017926679958454e-24
-8.854979989168534624e-25
-1.150648312874935013e-24
-1.156695476741962277e-24
-1.327912126152724725e-24
-9.553233787698677514e-25
-1.031607235649725727e-24
-1.099316178527905293e-24
-1.044122274339861618e-24
-1.167997764832925535e-24
-1.023367158450474213e-24
-1.041218769799718952e-24
-8.286519531711686788e-25
-1.087394481098673535e-24
-1.113048979759347147e-24
-1.220286217084304991e-24
-1.101181253973018882e-24
-1.234961840918463182e-24
-1.108993698464482501e-24
-1.015246958554215533e-24
-9.812250201228770114e-25
-1.076040178030153087e-24
-1.063613204052880792e-24
-1.043150399407145738e-24
-1.164474431567734636e-24
-1.069329742352828967e-24
-9.999893214825059310e-25
-1.199274578773662046e-24
-1.228170306628191468e-24
-1.178353112271993571e-24
-9.969742182919892925e-25
-9.671719792317000304e-25
-1.058880418469898524e-24
-1.141669783873640424e-24
-1.091009906509519070e-24
-1.185911084382843631e-24
-1.019996551655135409e-24
-1.012837930607884938e-24
-1.038705169362151931e-24
-1.224180183398854689e-24
-1.176246099203244783e-24
-1.098923916042145708e-24
-9.611542606570604941e-25
-1.053574131036296474e-24
-1.126047651206487383e-24
-9.554647768731251607e-25
-1.228523843501020787e-24
-1.039671116604681417e-24
-1.239342118582140027e-24
-1.049865817458101472e-24
-1.155925139177448086e-24
-1.086346219888348127e-24
-1.132423395572132882e-24
-1.068299024948919260e-24
-1.042199599207189897e-24
-1.063479916278031037e-24
-1.005352569952643826e-24
-1.077532838219471167e-24
-1.190160962248329685e-24
-1.021886785422933227e-24
-9.784580999271930415e-25
-1.063039674089395257e-24
-9.588877707065993535e-25
-1.219029235430782362e-24
-1.050189354060377367e-24
-1.084414950898657496e-24
-1.058992367220875020e-24
-1.166146150296628488e-24
-1.047631610533603339e-24
-1.058596387005577656e-24
-1.134251195208244745e-24
-1.047294077357327639e-24
-9.598625247482795474e-25
-1.133207239013884293e-24
-1.097359916936088327e-24
-1.075083236974306092e-24
-1.028265652290553671e-24
-1.092662350045354949e-24
-1.069985825599457519e-24
-1.053433010742734967e-24
-1.040072702187681410e-24
-9.488848719350742055e-25
-1.054304412066836508e-24
-9.867634404290028825e-25
-9.330579584955798881e-25
-1.084159632934639621e-24
-8.955409102261298347e-25
-1.044181777173469778e-24
-1.126542611110119070e-24
-8.862006383073557383e-25
-9.906084881811545033e-25
-9.598858230082224201e-25
-1.102306455114434726e-24
-9.584785166898472343e-25
-1.112839894152854626e-24
-1.052667148510927455e-24
-1.131757018969984783e-24
-9.764365270768528308e-25
-1.059377554706620178e-24
-1.061388341845092559e-24
-1.005813190388322263e-24
-1.033692612494272518e-24
-1.016340344882947951e-24
-9.546620212005888224e-25
-9.817793485496645168e-25
-1.031957946597240391e-24
-8.954485059109185263e-25
-9.701217634737748687e-25
-1.032788100771284974e-24
-9.925151924404957520e-25
-1.164089936075435446e-24
-1.053941439655621297e-24
-1.003350907000753331e-24
-1.002109504054320253e-24
-1.085677630124986293e-24
-9.223481095517368411e-25
-9.906284014283565670e-25
-1.028304449395326051e-24
-1.043629234392294763e-24
-1.036899306837056084e-24
-9.779116731402446192e-25
-9.628321051486835436e-25
-9.621838574322535987e-25
-8.760115224420659358e-25
-1.039575591102256941e-24
-8.520144660049533887e-25
-1.027680470867602279e-24
-1.051985663440680987e-24
-1.039327379646658659e-24
-8.731582457445682384e-25
-1.002794601063480119e-24
-1.073784911037020168e-24
-8.682424771232449633e-25
-9.118816896101407967e-25
-9.292043758564049786e-25
-9.143045063279039423e-25
-1.047464735109956995e-24
-1.076480698778609040e-24
-1.000320709674551377e-24
-9.986063188837574633e-25
-1.030730529195589576e-24
-1.024401912434917548e-24
-1.007984776322982782e-24
-9.756388870786623716e-25
-9.318875583516026331e-25
-1.027507982349537553e-24
-9.586520657847665313e-25
-1.012208810973817030e-24
-1.018968505776529013e-24
-9.431730957780493492e-25
-9.445802649384510045e-25
-9.524216920865012009e-25
-9.270344873302370778e-25
-8.800821141690024574e-25
-1.005234032793752129e-24
-9.433825927675655240e-25
-8.804165294077301429e-25
-8.873106084770674147e-25
-9.592573398417933869e-25
-9.179918704848673449e-25
-8.307975388660588604e-25
-9.295962606222204241e-25
-8.171700189495816531e-25
-9.657033491399213925e-25
-9.896089329527791924e-25
-8.807676740703626678e-25
-9.380817562415987530e-25
-9.966909097868318351e-25
-8.780143269274746516e-25
-8.146383862923568158e-25
-9.159968592097206558e-25
-9.673499156948144795e-25
-9.126986802009112334e-25
-9.762337119287694013e-25
-8.815587795042602565e-25
-8.465295371456003212e-25
-9.364252902074634896e-25
-9.291715104456278727e-25
-9.366567411721366719e-25
-1.003187833561890482e-24
-9.079540914392612226e-25
-9.661493300686101612e-25
-9.933844918892498896e-25
-1.037702340532571855e-24
-8.467043248077606675e-25
-9.368122987018785410e-25
-8.052339837105123890e-25
-9.601412362053983653e-25
-9.771581426250586816e-25
-8.328549073105460859e-25
-8.855065301857514245e-25
-9.355788479167862708e-25
-9.133177745738486035e-25
-9.125854542178620167e-25
-8.917628485496282446e-25
-8.692727663371423770e-25
-8.547233388572074188e-25
-9.107659032694661761e-25
-8.708111938254873151e-25
-9.009542438461500985e-25
-9.264280717431058934e-25
-9.225147063998798979e-25
-8.510190957921840462e-25
-8.924999911528837995e-25
-9.747274230291559899e-25
-8.807292166721374815e-25
-8.820237148630671999e-25
-8.245161348754521455e-25
-9.689225647590061043e-25
-8.523590511554226854e-25
-8.354514728317233512e-25
-8.979013999994055726e-25
-9.168200079946557620e-25
-9.107955988131408584e-25
-9.561672687375248376e-25
-9.020839551960077205e-25
-8.592311527398535028e-25
-8.775000942768820233e-25
-9.135186171528902952e-25
-9.196773900000381377e-25
-9.895896590820553860e-25
-8.569043195292155622e-25
-9.018507293302730608e-25
-8.361907814570330146e-25
-9.376308669972084891e-25
-9.342545035921020015e-25
-8.816046684079396691e-25
-8.397141202045277109e-25
-8.988193484391825356e-25
-8.880017431236176712e-25
-9.093240855056625573e-25
-9.761342281005222038e-25
-8.790051002115285005e-25
-9.309133296679860750e-25
-8.275831521279441821e-25
-9.367405734794029133e-25
-8.223136790076119760e-25
-8.022057371535025225e-25
-8.276337432657236260e-25
-8.864877469140803537e-25
-9.519121192991058946e-25
-9.494646408884147629e-25
-8.024736456567834720e-25
-8.850117927861835982e-25
-9.133313610469371772e-25
-9.689768700231570850e-25
-9.262129146212208556e-25
-9.021823093247059349e-25
-8.468602381762711838e-25
-9.620269672945820176e-25
-9.608845174414378527e-25
-9.014734738387476539e-25
-9.201601959200108331e-25
-9.428563595637859558e-25
-8.743043822987251581e-25
-7.731794602653084281e-25
-8.433276046876522072e-25
-9.682448499645475696e-25
-9.977617561663945330e-25
-8.974760608848770773e-25
-9.348721009199974569e-25
-8.645578670115335006e-25
-1.022883052108532466e-24
-9.698225782264998709e-25
-9.347500603315869539e-25
-8.234742921964823491e-25
-9.153196571113515221e-25
-8.687166744501692402e-25
-8.824627787669947080e-25
-8.834462996517956788e-25
-9.090497006061106852e-25
-9.300675227367548402e-25
-9.138326999222465365e-25
-8.545962777488834952e-25
-9.045122565105706133e-25
-8.278585022532271051e-25
-1.004987264432484059e-24
-7.910401963604483057e-25
-9.301930478346479870e-25
-8.721175137503114088e-25
-8.357730441403546957e-25
-8.451747711215119062e-25
-8.305873510775705275e-25
-9.953088528157081152e-25
-8.444153298053489015e-25
-9.478607285668105912e-25
-9.293812959445059955e-25
-8.862670336199047259e-25
-8.815307794826044511e-25
-9.019505989078943745e-25
-9.286596553492726139e-25
-1.062602758292451815e-24
-8.646441373684917725e-25
-8.918039802523466283e-25
-8.913432950233090038e-25
-9.342592085648682203e-25
-8.572674731995030061e-25
-9.767025024762120221e-25
-8.611820145599560579e-25
-9.536823518941119335e-25
-8.234007234713333350e-25
-9.003745498719789905e-25
-9.028945386920345613e-25
-9.052237494541048480e-25
-8.646589086351593466e-25
-8.557575279411278753e-25
-9.374395387749651170e-25
-8.976871009130672837e-25
-8.676733673942908189e-25
-9.472324426951541170e-25
-9.640268487169361436e-25
-8.879160223323135196e-25
-7.886967470655089856e-25
-8.768080777038613240e-25
-8.917240596562047963e-25
-9.307742297280950228e-25
-8.858740967192982843e-25
-9.239708365646205863e-25
-8.990209215116845165e-25
-9.375577420497833001e-25
-8.514930369531189530e-25
-8.792788254876346854e-25
-9.107146160836218760e-25
-8.175615916698874068e-25
-9.134816813937783774e-25
-8.313913172472879707e-25
-8.715751001564613959e-25
-9.916610833769479054e-25
-8.571047731928639586e-25
-9.425918196091338170e-25
-9.159624505541902976e-25
-9.791232444415672974e-25
-9.740887277908034066e-25
-8.906192902581570721e-25
-7.771020784668176675e-25
-9.395436440622783626e-25
-9.009509753931868617e-25
-9.234276094331747454e-25
-8.612179887954935672e-25
-8.729077260595479256e-25
-7.917942149886652032e-25
-8.820984523527123697e-25
-8.055136371379413912e-25
-8.358050732446930855e-25
-8.903509640024267780e-25
-8.425162883380422334e-25
-9.122425747707184300e-25
-8.881437770518779898e-25
-8.656476430846424310e-25
-9.065968714606831337e-25
-8.372168832266956422e-25
-8.603406079714239951e-25
-8.300480020779545945e-25
-7.724160031523279454e-25
-8.022070794969593754e-25
-8.698789984843817817e-25
-9.293286678710800343e-25
-8.867642424025605433e-25
-8.914582429122972920e-25
-7.988567471771395758e-25
-9.824926543992371456e-25
-9.148438921622427582e-25
-8.832042226303098315e-25
-9.082733610731684637e-25
-9.172696094323563487e-25
-8.232887969462155596e-25
-9.287606079025617444e-25
-8.157207452410123465e-25
-9.174964535152775544e-25
-8.865404934469723893e-25
-8.794931031754031163e-25
-8.469995901693125023e-25
-8.450968641705502892e-25
-8.512309990191741429e-25
-9.194161245631569532e-25
-9.456873216496903959e-25
-8.677173640556875170e-25
-8.207275360161771513e-25
-8.800142575287177733e-25
-8.801323764543709975e-25
-8.359902851294781871e-25
-9.519775964888001720e-25
-7.760967783804532547e-25
-9.177715128014194194e-25
-8.802521588960212365e-25
-8.829358832851411901e-25
-9.099980596173707477e-25
-8.019503703890355888e-25
-8.655945961088627354e-25
-8.676343088390231343e-25
-8.272317225503640292e-25
-8.052162016096967424e-25
-7.979774883254893688e-25
-7.595402951734686242e-25
-8.370288866170667680e-25
-9.037159740601569240e-25
-7.719298759974500996e-25
-8.231811035006752947e-25
-8.162927942739714458e-25
-8.151119766794175536e-25
-7.884374945118307211e-25
-7.786674258898446665e-25
-7.967219315905678345e-25
-8.516374181579928159e-25
-7.746355045322766041e-25
-7.588227472458800256e-25
-7.919869109585226527e-25
-7.540259785462952814e-25
-8.174888006785630459e-25
-8.570091742193679393e-25
-8.505714678767074851e-25
-8.371339857559932328e-25
-7.769045957905855208e-25
-8.006816745169255228e-25
-8.403074545777762443e-25
-8.496715286632822326e-25
-8.588835373394212700e-25
-7.616464281604381315e-25
-7.503658151522330404e-25
-7.701282944898688213e-25
-8.161071729845567845e-25
-8.022621136827055688e-25
-8.947254495845739601e-25
-7.989543565366532137e-25
-7.955806032302448835e-25
-8.224636729027721093e-25
-7.612071283881136433e-25
-8.653305737236990075e-25
-7.927167130885406564e-25
-7.664636771628410289e-25
-7.905129700344997271e-25
-7.706768937611774434e-25
-7.137270596165492260e-25
-7.600272071605103000e-25
-7.559677304514030486e-25
-7.986832402087793141e-25
-7.502701343615398741e-25
-7.613235744335541021e-25
-7.701596441899184710e-25
-7.418752387341365753e-25
-8.059439702118987182e-25
-7.717798301604709266e-25
-7.520092853796301495e-25
-7.650715499773210620e-25
-7.548724958266588588e-25
-7.737207743248236971e-25
-7.538711528914439180e-25
-7.427665336361748681e-25
-7.557211217098322842e-25
-8.233013671641017690e-25
-7.454949203640521326e-25
-7.712362039943901408e-25
-7.737580997386835409e-25
-7.006943213218259439e-25
-7.602487507967817449e-25
-8.131763700828041056e-25
-7.583786001725966487e-25
-7.209884567741290874e-25
-7.635091675606556494e-25
-7.150606536785853908e-25
-7.406481061227959060e-25
-7.682741873202533228e-25
-7.954278190055349733e-25
-7.486328041108075835e-25
-7.098056339672809113e-25
-7.499796694718742620e-25
-7.521952076194781462e-25
-7.767284289440476446e-25
-7.570019812545224274e-25
-7.579512201262665098e-25
-6.566090591929272554e-25
-7.249507422865101238e-25
-7.601148238125889165e-25
-6.757544343848120336e-25
-7.179865298505074670e-25
-7.642776942288980150e-25
-7.526101132361628129e-25
-7.222920721396581976e-25
-7.995407641710309444e-25
-6.999982374966152889e-25
-7.274818834568393291e-25
-7.542842920423255802e-25
-6.608122580718451758e-25
-7.543990545299795417e-25
-6.788074830253067084e-25
-7.651624253308987343e-25
-7.514099227323821096e-25
-7.249217769069287340e-25
-7.212354511889149746e-25
-7.196774711355425241e-25
-6.694396690530001004e-25
-7.418090631498812407e-25
-6.862222153703756864e-25
-7.393528365426023053e-25
-6.929027574773887723e-25
-7.358026805555144935e-25
-6.706867535879246544e-25
-7.276547651802532389e-25
-6.902417529604707994e-25
-7.180110632030781268e-25
-7.504453176131553634e-25
-7.469297606555087148e-25
-7.186564166908238021e-25
-6.911225774284411067e-25
-6.581702391310916440e-25
-7.278596496930617912e-25
-7.578085817041538171e-25
-6.771861544771401838e-25
-7.362282838515111462e-25
-7.301939742016429772e-25
-7.279391877159400297e-25
-7.162014086245664989e-25
-7.343475563956472469e-25
-7.354024230792652137e-25
-7.347206115221738678e-25
-6.953557960964595513e-25
-7.397610281024666268e-25
-7.122483405599402487e-25
-6.717681406659209039e-25
-7.351573033888754688e-25
-6.556582012846847566e-25
-6.394602835166672589e-25
-7.216514992241108254e-25
-6.702682574762559276e-25
-6.943877232200460790e-25
-6.796345124083782567e-25
-6.814390797649175081e-25
-6.808836504160704538e-25
-6.272514639000554892e-25
-6.963147225198560043e-25
-6.997424407186503585e-25
-6.875376175933360014e-25
-6.835154158399872481e-25
-6.588416458672932474e-25
-6.784600746781215701e-25
-7.312648476701378821e-25
-7.007412012596107826e-25
-7.485439839055158860e-25
-7.067081470826805492e-25
-7.176419016521840601e-25
-7.250305266732952952e-25
-6.619118849860098009e-25
-6.496616598628863836e-25
-7.146316592698981653e-25
-6.810110664108783370e-25
-6.690766807570814944e-25
-6.117259801817182711e-25
-6.618210735629463199e-25
-6.792196285206866449e-25
-7.004293333178554050e-25
-6.157089187197645204e-25
-6.885183749905242538e-25
-7.066894131331585449e-25
-6.642634211154109309e-25
-6.815128579843686037e-25
-6.638025225011212817e-25
-7.121854630165451557e-25
-6.689888347154834288e-25
-6.802069309202033017e-25
-6.635081892458197134e-25
-6.647337085563807649e-25
-6.415212741593085219e-25
-6.505361526548567283e-25
-6.731122640693800514e-25
-6.850290709206551971e-25
-6.426610079906161190e-25
-6.646715227996221426e-25
-7.173832183414579877e-25
-6.395388537357285015e-25
-7.000977577725671705e-25
-7.043073556657956633e-25
-6.504475818851355888e-25
-6.560798334514960842e-25
-6.980949861410540147e-25
-6.387303560997842481e-25
-7.004188237004520783e-25
-6.702291898319212815e-25
-6.907751044906579854e-25
-6.676597706900499670e-25
-6.604785050045095393e-25
-6.442354782504085146e-25
-6.918052048617974340e-25
-6.910185527724879543e-25
-6.179202212592117200e-25
-6.638997315484879588e-25
-6.884716642033326109e-25
-6.642621014055986771e-25
-6.629924286188788549e-25
-6.924863687789588142e-25
-7.059260759197173784e-25
-6.752327143414077078e-25
-6.841066026591280343e-25
-6.942834742392283568e-25
-6.639194022572165797e-25
-7.111386565570638167e-25
-6.899949864670667429e-25
-6.497640397212028830e-25
-6.678962127995454605e-25
-7.210522188213293538e-25
-6.785950116430353833e-25
-6.265781595731833632e-25
-6.512917957192965353e-25
-6.916808259259400558e-25
-6.522319907066436780e-25
-6.482744268718707140e-25
-6.664494625438692649e-25
-6.753247351675521104e-25
-6.691165100963938154e-25
-6.852293754927436478e-25
-6.411536676774874229e-25
-6.524764080869565190e-25
-6.759783350884257458e-25
-6.179406656787509240e-25
-6.631610824756451541e-25
-6.950724861818730715e-25
-6.394110169057845421e-25
-6.640517523768146298e-25
-6.842159374773162859e-25
-6.780704112839931399e-25
-6.249165390418124774e-25
-6.533347626615274344e-25
-6.963769690828712796e-25
-6.301536343401466997e-25
-6.665754233824952600e-25
-6.983484005568286729e-25
-6.945259706117543159e-25
-6.919497782505252841e-25
-6.416462450005300687e-25
-6.605514616097126508e-25
-6.675853401004330773e-25
-6.710016915137627077e-25
-6.047054293547368204e-25
-6.708839452357241429e-25
-6.209256163482288470e-25
-6.385104725969281206e-25
-6.461892205318453591e-25
-6.852827889625058915e-25
-6.821266108501973611e-25
-6.597511231198810914e-25
-6.656654811003272747e-25
-6.371828621363473960e-25
-6.321526831619458038e-25
-6.679836925183715466e-25
-6.547427279624907360e-25
-6.173095700596506537e-25
-6.274839910166059559e-25
-6.594258658419326344e-25
-6.409442382590212904e-25
-6.508496090632037000e-25
-6.764609794800264384e-25
-6.490472523457443926e-25
-6.413135114005606493e-25
-6.389490871082837627e-25
-6.573406221930635356e-25
-6.755603661528136773e-25
-6.366630695741979132e-25
-6.510702071514171302e-25
-5.974817056201930027e-25
-6.387503313643408355e-25
-6.334304935282194827e-25
-6.859971701147527880e-25
-6.007459920577242839e-25
-6.755384681233710070e-25
-6.520978636427578697e-25
-6.242258349355120931e-25
-6.831515611614928121e-25
-6.151633211831445373e-25
-6.354521438243416728e-25
-6.036488010247654538e-25
-5.675899610072842187e-25
-6.019293104320579038e-25
-6.075520938869047821e-25
-6.616243544311595584e-25
-6.030491427895862676e-25
-6.844181790372801344e-25
-6.131966790140211236e-25
-6.062317325783329335e-25
-6.301961918524421308e-25
-5.836379107527250413e-25
-6.371088095171858998e-25
-5.988812581418990812e-25
-6.443650087955427696e-25
-5.930010808864095186e-25
-6.410250760599028372e-25
-5.584826335634562175e-25
-6.396002558470654725e-25
-6.407524556942189020e-25
-6.055880783079655733e-25
-6.395762545636100729e-25
-6.477311211326882174e-25
-6.553669880166974566e-25
-5.989718082877029821e-25
-6.484108677197109680e-25
-6.292191091549586107e-25
-6.207314901845802530e-25
-6.015575603662591009e-25
-5.781363932799462625e-25
-6.255983267011190995e-25
-6.051581737316143502e-25
-5.983787788133986551e-25
-6.237526980669490670e-25
-5.867441791222492550e-25
-6.226904890672111783e-25
-6.225252028504465868e-25
-5.732459788849694544e-25
-6.347118394761011251e-25
-6.250759869274320177e-25
-5.824735301020663151e-25
-6.046110730980001432e-25
-5.957180816217437682e-25
-6.189132190509203422e-25
-5.964287818464693828e-25
-5.907188120930510541e-25
-6.107051488382806614e-25
-5.823808171197100179e-25
-6.080389128288428275e-25
-5.919965228799488594e-25
-5.859014670796183629e-25
-5.599185800510938009e-25
-5.981731583621619204e-25
-5.689725539365250356e-25
-5.901718305463677552e-25
-5.477551591993423862e-25
-5.893982087201556436e-25
-5.763941887912149301e-25
-5.647531617326473612e-25
-6.204853061954689176e-25
-5.669891271745920913e-25
-5.980030038614756303e-25
-5.772369827118472511e-25
-6.112662153037810506e-25
-5.855514485408008513e-25
-6.153952307018790295e-25
-5.774107938033989161e-25
-6.034302910198261382e-25
-5.973907222044417884e-25
-5.312427139801382296e-25
-5.450144878117558552e-25
-6.017564478673285601e-25
-5.885293009026244396e-25
-5.340108450641853246e-25
-5.614169940099199922e-25
-5.748949452597135755e-25
-5.599514985448865864e-25
-5.657125498504995365e-25
-5.995602488998209450e-25
-5.554950933566073580e-25
-5.369655780159283457e-25
-5.641379134945238847e-25
-5.518035220400968038e-25
-5.651406758827522025e-25
-5.431570171403290333e-25
-5.528156310426267348e-25
-5.741786067733615268e-25
-5.375985058528880925e-25
-5.565509785292299814e-25
-5.545647999660438846e-25
-5.399823660363740595e-25
-5.121418668405756988e-25
-5.443911859613497947e-25
-5.656581033085588117e-25
-5.458070122479549199e-25
-5.260071181153918519e-25
-5.457893014066943360e-25
-5.508673839108865816e-25
-5.575505861711988879e-25
-5.335324178518128270e-25
-5.014652023174623809e-25
-5.343071822582705536e-25
-5.044358334505879556e-25
-5.143028180164854525e-25
-5.580637056063743939e-25
-5.406145721784407433e-25
-5.589126143254560780e-25
-5.646097311778904390e-25
-5.281995383179024623e-25
-5.395777026946488047e-25
-5.201292665343210585e-25
-5.403085633140057775e-25
-5.376103715030986921e-25
-4.883976686726731571e-25
-5.195690170793766286e-25
-5.381952853645935721e-25
-5.278755759770603553e-25
-5.056406085531034097e-25
-5.134718785422676469e-25
-5.275580842896383359e-25
-5.126292137074145788e-25
-5.128721680003524445e-25
-5.042982403732491596e-25
-5.104019377150610230e-25
-5.382343567809188678e-25
-5.079377419557087301e-25
-5.029408487742706634e-25
-5.085264131883426525e-25
-4.852554674085665644e-25
-5.238670263496609040e-25
-5.359720160172004920e-25
-5.051894588901944333e-25
-5.054627801270015971e-25
-5.069478788534439128e-25
-5.070564557913186147e-25
-5.243875119485772934e-25
-4.937948038072718654e-25
-4.797865344865833825e-25
-5.124442849077069979e-25
-4.894371461575506139e-25
-4.765608184202769367e-25
-5.130339975312760068e-25
-4.810768151999820922e-25
-4.660838381816716664e-25
-5.169599070413834456e-25
-5.048966847980402815e-25
-5.197071680463863956e-25
-4.930027806254242961e-25
-5.096442115322309794e-25
-4.922724380598741922e-25
-4.919519875236248799e-25
-4.764354749363343685e-25
-5.116586594229754999e-25
-5.067595582751777088e-25
-4.620658412136962063e-25
-4.844248267226810084e-25
-4.998028835721000537e-25
-5.116997570268272056e-25
-4.758933109487669990e-25
-4.778336502708482066e-25
-4.951520681737388800e-25
-5.002847215232791618e-25
-4.708944299101410305e-25
-4.659346519522268274e-25
-4.628815346597602290e-25
-4.984264243770908763e-25
-4.890875089333698231e-25
-5.133137358984723088e-25
-4.987470890519187884e-25
-4.824263365894878045e-25
-4.660962207533094372e-25
-4.744723634063340853e-25
-4.743163580757193226e-25
-4.769825035251208583e-25
-5.244060239429843195e-25
-4.647228772992121746e-25
-5.052601146649805241e-25
-4.801326285273857714e-25
-4.457286288493551380e-25
-5.168159087341443220e-25
-4.409371654048947747e-25
-4.874687045860149758e-25
-4.592366224010471479e-25
-4.558081456708220863e-25
-4.699577217773547008e-25
-4.771460331703706595e-25
-4.662527659162365886e-25
-4.486290330339116409e-25
-4.648945462268017759e-25
-4.828964580251238406e-25
-4.954093508963980111e-25
-4.613929421046424217e-25
-4.720648922733817801e-25
-5.138861342879014684e-25
-4.886932705266073289e-25
-4.640590879093988384e-25
-4.511765008031857772e-25
-4.435187965566150024e-25
-4.733969474749661251e-25
-4.604776659302849927e-25
-4.350175014886542067e-25
-4.388513800893167002e-25
-4.549126087753028571e-25
-4.560115005574808624e-25
-4.869068772578432991e-25
-4.719541374765609748e-25
-4.620367245695600747e-25
-4.340533180274590815e-25
-4.535878644902033221e-25
-4.448208084996188742e-25
-4.504953365494411506e-25
-4.325357811796251911e-25
-4.774057191506886242e-25
-4.544016660371264923e-25
-4.523698804296594520e-25
-4.655833236938142477e-25
-4.680632500625340579e-25
-4.734060420048611690e-25
-4.513139092947213193e-25
-4.875909470938655653e-25
-4.617897487885644346e-25
-4.682398706935954968e-25
-4.721408061793265322e-25
-4.592162674829120295e-25
-4.830174870957985672e-25
-4.726262880410767928e-25
-4.644642337651254928e-25
-4.483895601591508343e-25
-4.433626409414788319e-25
-4.369315712338830214e-25
-4.489937200587332620e-25
-4.296728435824075707e-25
-4.587727924167567156e-25
-4.660183442522440161e-25
-4.701532446713600588e-25
-4.962082787913646366e-25
-4.741563664713417060e-25
-4.506407167891372219e-25
-4.321993459482676504e-25
-4.464425322702998781e-25
-4.717375521551135302e-25
-4.582403538428595103e-25
-4.531534915310052418e-25
-4.307823991338172054e-25
-4.661834631228988818e-25
-4.452468872120995856e-25
-4.913737828244192529e-25
-4.605833981549327897e-25
-4.350896837727918736e-25
-4.348026037767702071e-25
-4.485650658717293845e-25
-4.148171271790243049e-25
-4.574163006270776494e-25
-4.509602473235949295e-25
-4.460570493176138097e-25
-4.434759110715529471e-25
-4.567850532677598585e-25
-4.331846515724549552e-25
-4.506633120567114639e-25
-4.380681421439340712e-25
-4.474772917167345605e-25
-4.483935369586116058e-25
-4.532496192174887733e-25
-4.177332612894161762e-25
-4.168600868867103030e-25
-4.470689467520965144e-25
-4.495621282617847125e-25
-4.291237613396621876e-25
-4.140413653955457058e-25
-4.359591707761750425e-25
-4.526537890404304040e-25
-3.981071767147147481e-25
-4.482660275031397885e-25
-4.278238069387548740e-25
-4.323052731571971973e-25
-4.491506893321189190e-25
-4.242097156534074926e-25
-4.441268726765892500e-25
-4.288002884834496241e-25
-4.319494086841049391e-25
-4.222636679976176099e-25
-4.425384995224214189e-25
-4.281193335314679002e-25
-4.521781595565290306e-25
-4.121777248787644292e-25
-4.334294039907244728e-25
-4.066263384576219369e-25
-4.152667075900528853e-25
-4.255614584035228390e-25
-4.305786189367399537e-25
-4.409811228704641164e-25
-3.867587664409826512e-25
-4.386060305655206356e-25
-4.157160786345056617e-25
-4.177531163262017211e-25
-4.274300636236369473e-25
-4.059860882417447124e-25
-4.127015104861699679e-25
-4.322880708423993297e-25
-3.993529416608232993e-25
-4.111521442981624534e-25
-4.115095591436641075e-25
-4.133997444419610409e-25
-4.113338908614936733e-25
-4.255649006694325053e-25
-4.175094978321821695e-25
-4.207986043755235280e-25
-3.872207047936231795e-25
-4.188664008526826157e-25
-4.333497085388848736e-25
-3.918792680695019368e-25
-4.033180818956417517e-25
-3.987636549176430688e-25
-4.197333494580971075e-25
-4.056390667382256260e-25
-3.724566035766466600e-25
-3.978695526027002452e-25
-4.175296853330983272e-25
-3.879350648687856170e-25
-3.995642427219987474e-25
-4.053169139450175172e-25
-3.817589182698987193e-25
-3.739225256204547418e-25
-4.019948173871901742e-25
-4.065062838939047995e-25
-4.037881882799255937e-25
-4.014082584120575661e-25
-4.091657101778223469e-25
-4.207408930304453125e-25
-4.043779402907184746e-25
-3.841509823436155066e-25
-3.924881408997231680e-25
-3.861384864176949630e-25
-3.940520495640874660e-25
-4.054170034667072372e-25
-3.781856556082294048e-25
-3.825953642498039977e-25
-3.783020774175823655e-25
-3.717234967323573592e-25
-3.946591496744308034e-25
-3.802173037824702136e-25
-3.571749486287372415e-25
-3.918495980707762384e-25
-3.576734289708100482e-25
-3.727249004683972508e-25
-3.780995352100980455e-25
-3.815535564361417009e-25
-3.664127999934733328e-25
-3.649629798725125837e-25
-3.552952389585738971e-25
-4.025789186335543773e-25
-3.821554130251385106e-25
-3.384125461010092271e-25
-3.593375321186286922e-25
-3.776941711981278173e-25
-3.948948120406842793e-25
-3.930275232320886774e-25
-3.739513008175634437e-25
-3.657504142840796769e-25
-3.632155530140336319e-25
-3.637204361435534461e-25
-3.861943373309887692e-25
-3.888009623425760377e-25
-3.624980596935534235e-25
-3.717298666541438990e-25
-3.603912653820331045e-25
-3.426190879501505225e-25
-3.567846401425423716e-25
-3.400677511974700729e-25
-3.490920978322869710e-25
-3.675157408605393677e-25
-3.481835279931241624e-25
-3.508062503175319265e-25
-3.568674759727142569e-25
-3.746612305970690055e-25
-3.653462022462567763e-25
-3.695705095966829802e-25
-3.528356221043453713e-25
-3.450670911827451434e-25
-3.586146175645946090e-25
-3.458566760135103591e-25
-3.227801074276003148e-25
-3.442209723899584297e-25
-3.505209801122455818e-25
-3.473272743321804175e-25
-3.369344521678722093e-25
-3.385767668757177956e-25
-3.632500926199985238e-25
-3.207209601875730734e-25
-3.333621043091584553e-25
-3.425403608649768385e-25
-3.494635558467173144e-25
-3.252136848579983040e-25
-3.392672616003994460e-25
-3.534005784271454925e-25
-3.301302626225233912e-25
-3.402908584656231413e-25
-3.393513942427417350e-25
-3.335227023342546532e-25
-3.367633506590201982e-25
-3.597987062144928555e-25
-3.382587163011300538e-25
-3.598681437027210303e-25
-3.381888951497912796e-25
-3.409439502647263220e-25
-3.230508092826086500e-25
-3.231466841525086602e-25
-3.425545697732992491e-25
-3.201514702224560766e-25
-3.141933668011276602e-25
-3.306963202103453390e-25
-3.422007751628079246e-25
-3.336461129033726936e-25
-3.149202269463931943e-25
-2.997817602877379361e-25
-3.202110842010000450e-25
-3.209301680862462445e-25
-3.364541702247302016e-25
-3.158273331502923401e-25
-2.971008187166883279e-25
-3.120385904110476500e-25
-3.344684326277627400e-25
-3.024875424094907954e-25
-3.096761415380465107e-25
-3.048459966897694273e-25
-3.122616384154352830e-25
-3.106058999473961457e-25
-3.004906103043809128e-25
-3.118168105983193031e-25
-3.064621782800307578e-25
-3.201199810695353415e-25
-2.945096832874077044e-25
-3.266473545872006494e-25
-3.160688204086306993e-25
-3.081957081705261082e-25
-3.077283422268020170e-25
-2.926812416542077629e-25
-3.037341789941295475e-25
-3.097930171645507625e-25
-3.020418739915888212e-25
-2.997253767980927717e-25
-3.039015086632015144e-25
-3.081263504140742002e-25
-2.943518271566802883e-25
-2.819340304376250751e-25
-3.072550963697057381e-25
-3.094167854700579104e-25
-3.007420414088454840e-25
-2.911189816208346949e-25
-3.002768637084260550e-25
-2.766559522445910551e-25
-2.794833240746165369e-25
-3.078674729194192931e-25
-2.987877297481159085e-25
-2.946260335679268922e-25
-2.940246736811066950e-25
-2.889732177284112726e-25
-3.032640711275821348e-25
-3.057020270962347025e-25
-2.926570996873740209e-25
-2.844126871212456027e-25
-2.753822553676207875e-25
-2.959908463079147108e-25
-2.839210502179767667e-25
-2.874202136516232910e-25
-2.900038102897078890e-25
-2.801089032223945824e-25
-2.930318901264675330e-25
-2.892601653682556596e-25
-2.781392636204792829e-25
-3.008591867148264333e-25
-2.836653160255103304e-25
-2.748464111106594460e-25
-2.854384854413225689e-25
-2.836602815890104830e-25
-2.855749064168070297e-25
-2.833248835467841146e-25
-2.797267460930065842e-25
-2.771695480049190489e-25
-2.870663095265418492e-25
-2.807231420444571271e-25
-2.884710654985587493e-25
-2.799923267420175303e-25
-2.785441547629641176e-25
-2.753085004430899697e-25
-2.436876497135404886e-25
-2.714389538070190381e-25
-2.621037657135944788e-25
-2.863705281920973376e-25
-2.694950077632653201e-25
-2.665509920425876776e-25
-2.730490876142632096e-25
-2.718572576480873916e-25
-2.809842286746883724e-25
-2.809107794155728883e-25
-2.756412609176663285e-25
-2.801143454732312483e-25
-2.632592521681459081e-25
-2.895969964453638561e-25
-2.501056668625419039e-25
-2.610361820739242761e-25
-2.770283967486487666e-25
-2.643942944629404564e-25
-2.689749343206771451e-25
-2.549019153773448654e-25
-2.688743408634653751e-25
-2.691585700736239023e-25
-2.538190093355665422e-25
-2.652260892133605461e-25
-2.567756991516209135e-25
-2.644184004540898677e-25
-2.651289354799868892e-25
-2.478687727007873483e-25
-2.633003372677966237e-25
-2.607728973743784682e-25
-2.588717736693303857e-25
-2.466426537651903873e-25
-2.711160343622326627e-25
-2.625180603718538128e-25
-2.399717236179527103e-25
-2.550661496347874413e-25
-2.643741186359539761e-25
-2.516263799993006510e-25
-2.592784168291665221e-25
-2.423641676908622858e-25
-2.539607357854845638e-25
-2.576346432600846281e-25
-2.554981442401577011e-25
-2.477657837475625880e-25
-2.514579504857947652e-25
-2.415513076960189250e-25
-2.590123679158097183e-25
-2.521371592100836563e-25
-2.575980023166345576e-25
-2.569031976662275037e-25
-2.523866836880166943e-25
-2.508694539903330015e-25
-2.658554176480782530e-25
-2.484406206469700345e-25
-2.358304466486103638e-25
-2.301983268922914622e-25
-2.440574430512109821e-25
-2.440693758001500042e-25
-2.342077186102792085e-25
-2.502294594196334211e-25
-2.418988178948736998e-25
-2.423035555759694203e-25
-2.463070185978455232e-25
-2.491134422639975245e-25
-2.281761306018923539e-25
-2.468468360028828908e-25
-2.339722268438011953e-25
-2.420602241181440468e-25
-2.290081588428514007e-25
-2.427429791440866220e-25
-2.479045524844773046e-25
-2.312589188686610702e-25
-2.345227848940175557e-25
-2.295423805304801143e-25
-2.337970786753012426e-25
-2.122077279462370556e-25
-2.474208627571208342e-25
-2.411863469897788795e-25
-2.423742884516856516e-25
-2.261437009047735743e-25
-2.312986886574459711e-25
-2.386134025355009480e-25
-2.239160136124006841e-25
-2.369579827382002844e-25
-2.369221726507284934e-25
-2.327278534707463804e-25
-2.251448475965174059e-25
-2.431027490252910552e-25
-2.359415354473268235e-25
-2.278148188231695245e-25
-2.231673321946896412e-25
-2.266539155203485682e-25
-2.320291767953392682e-25
-2.281349423665801653e-25
-2.169773403799058630e-25
-2.376066119401733137e-25
-2.235354137459835861e-25
-2.229766463135176977e-25
-2.186616456340517659e-25
-2.176082414215849728e-25
-2.233205056762003494e-25
-2.288806134485121491e-25
-2.246256150086149337e-25
-2.205311425243414089e-25
-2.177443240195827138e-25
-2.377863828782101771e-25
-2.208830387852275176e-25
-2.212020041132255237e-25
-2.199961805222839531e-25
-2.208685435887650444e-25
-2.073546372938248608e-25
-2.104699585133441459e-25
-2.172893975246271335e-25
-2.069911090810100682e-25
-2.103564827941090021e-25
-2.156492878324435455e-25
-2.026804595336128657e-25
-2.118042628559794500e-25
-2.160738277765956540e-25
-2.069395302075830096e-25
-2.074849350619762727e-25
-2.214194315835687678e-25
-2.084754028069470484e-25
-2.110203544085858674e-25
-2.148185071363168904e-25
-2.193220415884549973e-25
-2.020918266354827654e-25
-1.986574173366369832e-25
-2.100184569175674680e-25
-2.035251047091881729e-25
-2.097437486509981115e-25
-1.995676455079296956e-25
-2.108265305245860090e-25
-2.060553443870725638e-25
-2.111723407161599277e-25
-2.138242750465163524e-25
-1.989800956349587778e-25
-2.032859776631636435e-25
-1.982892241935764118e-25
-2.030207987457110382e-25
-2.031385759767769649e-25
-1.958310453495301711e-25
-1.942342322268348933e-25
-1.917433350569267106e-25
-1.982638506329540734e-25
-2.019583267150732148e-25
-2.084054775767380779e-25
-2.012993110850989416e-25
-2.021811506261600098e-25
-1.902044931240254182e-25
-2.014344709252486683e-25
-1.938321336299303750e-25
-1.926895605648442527e-25
-1.896646420565409384e-25
-1.916301450146343976e-25
-1.853410792233513598e-25
-1.966909635571348092e-25
-1.897418706863398862e-25
-1.942733304751725394e-25
-1.915851201944199392e-25
-1.928441837865433991e-25
-1.939996540355086370e-25
-1.957994790065512476e-25
-1.850219958177948787e-25
-1.888098184714690123e-25
-1.774702410006004833e-25
-1.818870861056049648e-25
-1.747440720375083071e-25
-1.831539213341469471e-25
-1.918293312440348569e-25
-1.920516275371307980e-25
-1.854987093874051954e-25
-1.807358893574236648e-25
-1.852658962030516001e-25
-1.741733394133070245e-25
-1.773849394016557494e-25
-1.882927467347584082e-25
-1.729350795832834553e-25
-1.848651122600381726e-25
-1.794955577187054945e-25
-1.811879850075370472e-25
-1.796953462853516450e-25
-1.731177325172082543e-25
-1.773843780809036995e-25
-1.813423631501615987e-25
-1.775680419106549148e-25
-1.809170863694864276e-25
-1.772912239246196959e-25
-1.679140255382919659e-25
-1.741573335177840412e-25
-1.749669525613446270e-25
-1.702716567827663007e-25
-1.684282065336611792e-25
-1.739077903524950168e-25
-1.766508341122023287e-25
-1.668519462944141503e-25
-1.688736575790748132e-25
-1.714599457746875384e-25
-1.728771525806554342e-25
-1.567876490844450862e-25
-1.646853507869895151e-25
-1.715803403252374998e-25
-1.649791506831285607e-25
-1.731236865473693535e-25
-1.630897002539407234e-25
-1.627620378896773449e-25
-1.657338287690479802e-25
-1.672161750603460520e-25
-1.593421646237260955e-25
-1.686408661390330764e-25
-1.493791536642760426e-25
-1.459166028297199891e-25
-1.643070638620597273e-25
-1.568251154851225601e-25
-1.491163985202991718e-25
-1.683292863623330810e-25
-1.575835432318350838e-25
-1.591563232552566264e-25
-1.599966373854009419e-25
-1.629174806843214366e-25
-1.576763517578886560e-25
-1.593043726672152892e-25
-1.547163141385134253e-25
-1.532934231535988780e-25
-1.589737068863855846e-25
-1.527109952475056693e-25
-1.519207727488207354e-25
-1.565537544379660705e-25
-1.541703817776409728e-25
-1.550527562707989530e-25
-1.460150034460729663e-25
-1.616703755000833814e-25
-1.536926651349980594e-25
-1.471500484025444701e-25
-1.388836596536418374e-25
-1.522485363871111197e-25
-1.525522166357495846e-25
-1.565283559545612476e-25
-1.522117210616121164e-25
-1.537102725031113876e-25
-1.500755251498734498e-25
-1.449298782229774241e-25
-1.452683347057690500e-25
-1.449613919657684294e-25
-1.539205835886045128e-25
-1.427671019127120579e-25
-1.419537935330490794e-25
-1.432332646436687547e-25
-1.434759756565862041e-25
-1.404835504588508541e-25
-1.437975344132069991e-25
-1.438998414278233921e-25
-1.417123320558698068e-25
-1.422647802313489226e-25
-1.516437899723257271e-25
-1.427880007342038292e-25
-1.418675692770398648e-25
-1.455206275129512240e-25
-1.345040256117439913e-25
-1.480122780295111455e-25
-1.391460126245962777e-25
-1.381414549620027055e-25
-1.307156306391012675e-25
-1.358143446908908278e-25
-1.306261157143262653e-25
-1.423168412039144988e-25
-1.309775854700868730e-25
-1.348388490087513006e-25
-1.347028382988696733e-25
-1.327194678794219882e-25
-1.316370130972490758e-25
-1.322105619251151340e-25
-1.367379304966169600e-25
-1.339730700459947665e-25
-1.284891322417846398e-25
-1.318405884571915061e-25
-1.325797744051389158e-25
-1.337821137528523180e-25
-1.312397350873835541e-25
-1.333990486942727939e-25
-1.254256818378657586e-25
-1.304717498127395948e-25
-1.274284163161587528e-25
-1.338773374286418392e-25
-1.290266962287147869e-25
-1.348324387452558915e-25
-1.236992271746023144e-25
-1.264736072409214673e-25
-1.252244187717129757e-25
-1.304430207251052689e-25
-1.263154935678093917e-25
-1.289832316273877822e-25
-1.175651666623437247e-25
-1.267834467876645223e-25
-1.223858983844094221e-25
