0.000000000000000000e+00
0.000000000000000000e+00
1.878256141702281437e-13
9.526386072829111277e-15
8.302249181178340971e-15
3.476566902830303726e-15
1.017373677393347516e-15
7.411287175509174305e-16
5.594613828154854153e-17
4.236766740050405264e-16
-8.388788320183442839e-18
-3.184153146619359745e-17
1.148904818652198911e-16
1.322436134734056960e-17
4.478314035406804455e-17
2.876353021062932249e-17
3.439014086117638433e-17
2.491402806932453581e-17
1.558187891367271217e-17
1.265920262375569989e-17
1.205019270124441718e-17
1.230682850646786191e-17
7.703075794025269547e-18
1.115566788675487564e-17
1.223820943368552744e-17
6.827509126034720353e-19
1.322628507909550601e-18
2.281519247164129781e-18
-1.674184280379619618e-19
3.098489100946680199e-18
2.626331167588452919e-18
1.588263280298596694e-18
6.613100806640739257e-19
1.048780947383244545e-18
1.481410506371238324e-18
5.958944525926471369e-19
1.088741737929000330e-18
5.145727911142243197e-19
5.822254292551282619e-19
6.233250782810839100e-19
6.131496343752303107e-19
1.751226953678110885e-19
7.330319414900676823e-19
7.404593071695006127e-19
4.368869627194555681e-19
1.012849102457950400e-19
4.859119342098459565e-19
3.197542684193298647e-19
2.552668484328596215e-19
1.611623565234035236e-19
3.928788172729315381e-19
6.588186471391963622e-20
2.767032553001667098e-19
2.478498308844253898e-19
1.778261893002273168e-19
1.283349678099725117e-19
1.384194101396110845e-19
2.325549290201038422e-19
1.520339810081278487e-19
1.517361591447091304e-19
2.001296222571810240e-19
1.324861735418769144e-19
1.126101858711324882e-19
9.798378350745461469e-20
4.747609526559677615e-20
8.606661384542901736e-20
2.428181565458180819e-20
6.481863158019494106e-20
6.599847861116522042e-20
4.506461170690309375e-20
8.287767527888445741e-20
6.764567004440679106e-20
7.016658497739002383e-20
6.309864395178493123e-20
5.889264999459445798e-20
3.173562172692636282e-20
6.333606202297635447e-20
7.017621676422989689e-20
3.391928829096167526e-20
2.315323128447958490e-20
4.961336668379336758e-20
3.985653907933902779e-20
4.508263375732779475e-20
1.987588831491542561e-20
3.175040520024927325e-20
2.213507796370978626e-20
1.370660096837629374e-20
2.774454406488039923e-20
2.472214087632500338e-20
2.194707282887022717e-20
1.788510240119775933e-20
2.188379495853961305e-20
2.963920512681692461e-20
3.006985870500046654e-20
1.282855544322235194e-20
2.072169293194005465e-20
2.404881990641551266e-20
1.144060994628219642e-20
1.971159779556754672e-20
2.296159130219992284e-20
1.269155898844860990e-20
1.478590586989300040e-20
1.906074350728225512e-20
1.900637370333666166e-20
1.113022272555679021e-20
1.482395180106448851e-20
8.458276365820769990e-21
1.096821321268257922e-20
1.315445350572101413e-20
1.219977846295347868e-20
1.259110154882765055e-20
9.518509800886992732e-21
8.576885776084547643e-21
5.052430609570016630e-21
8.047503990379099998e-21
7.502995453518060891e-21
5.141197154410871212e-21
1.076034406079709986e-20
1.049836806285010441e-20
8.336388535991212189e-21
7.418227370298478846e-21
6.935942769333431340e-21
6.579118140322301700e-21
5.171490191097503376e-21
8.334583728989847928e-21
5.768809352184460253e-21
6.135129519967432267e-21
8.013747190618183323e-21
3.616246800788458782e-21
4.953605262189323361e-21
3.212707686763966886e-21
2.998614505424625726e-21
4.320765917446078352e-21
5.526597671389033425e-21
4.209767647879265101e-21
4.713762037151944995e-21
3.843587763118382077e-21
3.755143451851117761e-21
4.014948911177820078e-21
1.888089239666500769e-21
4.522622420263489767e-21
4.265465757269337546e-21
2.112503193138372557e-21
2.998486651317895041e-21
2.979381383432928495e-21
3.185375904566404646e-21
4.228411426098832469e-21
2.180273209071540771e-21
2.481352152928010148e-21
2.341516207747724093e-21
2.701540671351178054e-21
3.153782686658215779e-21
2.630247999499606985e-21
3.260612227841966424e-21
2.664387173630419750e-21
1.733995657987878358e-21
2.089877328486691715e-21
2.143443600713703066e-21
1.996625693712890692e-21
1.933403284189727417e-21
2.325207388533406425e-21
2.136873323861106845e-21
2.027999276497336469e-21
1.909555575505477914e-21
1.578977775604668393e-21
1.373123016321251531e-21
1.422665964980999292e-21
1.475254107145531218e-21
1.638194156113524305e-21
1.929784279242917005e-21
1.461936119688996721e-21
8.619933958668487879e-22
1.968916965288641714e-21
1.680199697593692787e-21
1.277388587812632491e-21
1.478117872731503499e-21
1.505970352234046174e-21
1.812101784633735498e-21
1.519794154261117706e-21
1.362534327105947824e-21
1.542678270771211705e-21
1.665310888181782577e-21
1.084493686255325364e-21
1.263962533617459655e-21
1.342418851929100496e-21
1.496017642988727457e-21
1.158008381349927738e-21
1.117346206825559656e-21
1.165632090719293886e-21
1.099288529606111316e-21
9.112555544244883671e-22
1.192316121470208277e-21
1.381589579986874380e-21
9.103347758491454544e-22
8.327328949838793328e-22
8.005038546472011133e-22
1.247584948586078170e-21
5.313381920863459313e-22
8.118943783468198135e-22
5.184887964150684802e-22
1.091426103053606186e-21
1.027236513255560424e-21
8.438935961699256088e-22
5.882290466823881364e-22
5.625685720972772231e-22
5.576937181446760369e-22
5.939624744875857816e-22
6.382466488891627839e-22
6.762835038852278260e-22
6.760233075518337435e-22
7.859405827996517907e-22
6.131165138894972764e-22
7.038848432622960133e-22
7.167037586149290316e-22
5.162918499127604192e-22
7.239317904300415534e-22
3.518882756733216087e-22
5.708453341960039829e-22
6.421732800247173732e-22
5.867922852866078826e-22
6.211310642673795916e-22
7.079940105797967437e-22
6.885548046645348298e-22
4.040421959025427516e-22
5.849727115162809286e-22
5.274409981047550188e-22
5.514454817264515358e-22
4.789792988995761374e-22
6.436986890616557144e-22
5.404248052332751743e-22
3.419569773094396162e-22
5.156203225387885202e-22
4.424861554297623284e-22
3.936002305002738123e-22
3.768905148885829139e-22
3.692230804246705856e-22
4.082422268092429536e-22
3.849629938296181353e-22
3.661384850695177138e-22
4.491404127169829965e-22
3.527890772928630960e-22
3.368465376559394770e-22
3.006507439966649749e-22
1.988490007249055827e-22
3.212831758435501583e-22
3.508061826797123573e-22
2.521777259243768411e-22
2.992990960010737389e-22
4.035473788319100174e-22
2.029661002184268565e-22
2.417935747224364510e-22
2.710492449908311405e-22
2.266233495383089252e-22
2.301230781711368904e-22
2.493173798526548722e-22
2.975193120950797135e-22
3.188662064619103235e-22
3.130381256157360960e-22
3.443418607495580416e-22
3.175843105137409355e-22
2.740245311130390264e-22
3.254015920180380250e-22
2.162658695633808376e-22
1.884057285081658739e-22
3.062043907281003650e-22
2.124777619030212586e-22
1.882910472446452082e-22
2.460459877748979860e-22
2.490382541100458815e-22
2.241514301257113698e-22
2.372302487407544217e-22
2.195168290580334708e-22
3.019298257782829986e-22
2.500493063576318263e-22
3.116458404296381981e-22
2.238818070745212833e-22
2.698370957522276533e-22
1.856866867427965751e-22
1.997764300391142616e-22
2.117630557954130388e-22
2.590908625870352715e-22
2.201952180671166787e-22
2.001893781150823599e-22
1.630891651800804124e-22
1.753682437489100304e-22
2.062259507545633022e-22
2.196314438681525670e-22
1.891461647292493014e-22
2.152952291381087390e-22
1.750064731315372820e-22
2.291515958943066047e-22
1.748668500791312582e-22
1.279101357182622274e-22
1.349713781959578192e-22
1.454493807016875592e-22
2.267521704921504528e-22
1.368991864529528091e-22
1.540939182842973405e-22
1.995492545040568343e-22
1.343211651198306544e-22
1.529487750877254864e-22
1.779571434618264225e-22
1.696015018041301544e-22
1.609890841732378697e-22
1.581248531295598336e-22
1.101815647897535514e-22
1.350525474442450611e-22
1.008976095639046970e-22
1.578893825182001546e-22
1.399521243551781394e-22
1.672867299484207065e-22
1.524432198870034168e-22
9.570106458969444401e-23
1.260616226564344358e-22
1.343788509543803615e-22
1.271794132468863655e-22
1.318594305141716649e-22
1.110822872799994844e-22
1.024688749916917285e-22
1.762344218481141228e-22
1.267709541137326884e-22
1.151135354047513281e-22
1.317481777871407759e-22
1.296656735144654715e-22
1.121189478820385903e-22
1.349227536088090048e-22
1.456726814117152595e-22
9.297161973252827147e-23
1.351059696166578198e-22
1.280357433647212599e-22
1.050963616489450711e-22
8.894571495930162286e-23
8.770182277397038579e-23
7.732449254706725721e-23
9.491488978844198832e-23
1.064075626566273456e-22
1.188297894422311508e-22
1.128731685389918254e-22
8.925339772951226346e-23
8.562735297679555078e-23
8.806156291205745161e-23
9.886583248899955086e-23
9.533224767354460651e-23
9.969232052450890599e-23
7.423003673294054864e-23
7.534263887776645446e-23
1.082723790807172699e-22
9.207619822832282611e-23
1.141503448276669054e-22
8.917713813095282003e-23
9.965063128103867934e-23
8.298597519178431808e-23
7.120151516620219464e-23
8.239949832080255556e-23
8.338816010865176586e-23
6.539704524618547420e-23
1.047596041100153252e-22
6.378723783351863494e-23
9.436120146906394823e-23
8.098606709474581415e-23
7.101990003036508330e-23
7.433933744702159734e-23
9.151725596209633418e-23
7.505451156379331583e-23
5.794431198622061524e-23
9.375820322716955713e-23
7.092537604348487798e-23
6.016844293180312087e-23
6.527276733781049924e-23
7.034594764565247870e-23
6.381862512837737067e-23
8.700420503719581255e-23
8.258743211342049140e-23
7.066145578091511062e-23
5.291448740421727665e-23
8.521237902944781625e-23
5.741159109494578250e-23
6.119672627416198504e-23
4.134806769675107428e-23
6.700461960827405489e-23
4.856570872222739521e-23
5.377441624042143792e-23
5.105044336398777458e-23
7.134785292869529993e-23
7.368811960992179169e-23
4.239927397073007238e-23
5.445019371653842992e-23
5.847468223200461699e-23
6.847806649936111781e-23
5.777181450364998908e-23
7.093452365179814455e-23
5.212579426930901591e-23
5.748184530248247336e-23
5.033190799420139799e-23
6.419869992857746831e-23
4.714448702095305333e-23
6.145270204485521593e-23
6.828340846569704034e-23
4.538957879165755257e-23
4.826469178343069035e-23
5.028292930203032134e-23
5.942753644538158612e-23
4.756879190720163228e-23
5.631282920760547902e-23
5.439765199796929222e-23
4.732634096355934081e-23
3.652056955714845002e-23
4.776844789385995686e-23
3.501650620266537873e-23
4.185432636118124614e-23
4.002156409945003219e-23
4.364102908659634078e-23
4.646564514451616972e-23
4.796678907695894818e-23
4.296138088984790912e-23
4.791008467260781958e-23
3.624114402340273051e-23
4.164110611455418092e-23
5.061741246048436123e-23
3.532623640108766650e-23
4.441587601152428038e-23
3.637938670109344282e-23
5.123585672396721502e-23
4.624248729098062286e-23
4.820692040653433329e-23
3.654701692771841837e-23
3.772824445740658368e-23
4.088017867117891460e-23
3.376569435230575929e-23
3.370154376034812827e-23
4.203278131099217455e-23
4.511232556302533824e-23
3.107539346865751747e-23
4.025382888113474173e-23
3.541345071266198706e-23
3.892552401530179123e-23
3.488663799521416637e-23
4.112892331222630726e-23
4.415222845360318956e-23
3.735344161497379760e-23
3.825985735384775054e-23
4.265412043001467749e-23
3.088096931957507773e-23
3.565776318407410616e-23
4.917130274782561022e-23
3.273104150015277881e-23
4.046833559911749642e-23
3.078466623809476150e-23
3.578020859475138854e-23
3.135393207118375912e-23
3.253198254622773482e-23
3.168840601721549113e-23
2.476650597322812797e-23
2.970080336374382617e-23
2.744020499925117416e-23
2.862911112825829002e-23
2.231079229733519962e-23
3.006292889341681743e-23
3.164174808319613347e-23
2.848973393279379105e-23
2.448855147899655202e-23
3.236211019223273523e-23
2.788253835900888842e-23
2.321956347971797012e-23
3.012965713596970186e-23
2.883381611650896329e-23
2.169296810123311911e-23
3.038758952651345440e-23
2.840909819698403871e-23
1.990222595885933333e-23
2.570429356119630479e-23
3.162517021008073142e-23
2.618803625322009232e-23
2.977710836378053036e-23
2.539577322386980414e-23
2.046764832778674578e-23
2.788398550370324872e-23
2.001232688267324270e-23
2.089957824552802576e-23
1.910835201016703187e-23
1.693209714443272818e-23
2.227233408487135907e-23
1.792316608434795580e-23
2.716400561613888745e-23
1.887643878852557839e-23
2.323042955945516406e-23
2.325256771594445484e-23
1.872142681025370254e-23
1.939375155373596187e-23
1.702263383233667111e-23
2.334425848533439861e-23
2.094690807759506897e-23
2.417814264476352696e-23
2.265755650725197063e-23
1.992315931473766488e-23
1.975014868389745891e-23
2.118424338378202192e-23
1.829289788592233642e-23
1.649979769464466655e-23
2.197265893460684719e-23
1.990067193307058635e-23
1.813975320840070082e-23
1.813145698942822050e-23
1.919464814719294984e-23
1.725214608790335639e-23
1.840872045808668283e-23
2.066969456983779536e-23
1.201750439033080243e-23
1.930357800956582490e-23
1.882663569974600755e-23
1.373527224099213089e-23
1.437795263133825276e-23
1.707811139670918278e-23
1.460853433565217081e-23
1.584199742259458498e-23
1.755215986997168657e-23
1.485866933143094138e-23
1.362922423276004016e-23
1.726640396506187882e-23
1.737933212503021851e-23
1.644110463962507348e-23
1.582924996778335806e-23
1.352248947244328354e-23
1.416078794937304422e-23
1.481684050445518141e-23
1.507861698747416033e-23
1.336054179714184533e-23
1.460608385110903038e-23
1.818716295152194015e-23
1.794523833287934404e-23
1.357917129412147044e-23
1.311778337252121885e-23
1.549835675677176331e-23
1.837083135613922703e-23
2.036373553035745523e-23
1.122225513266382896e-23
1.490258880823171942e-23
1.485457699825946221e-23
1.510943573187722126e-23
1.334382853716612823e-23
1.728591731483674317e-23
1.046015169798301411e-23
1.350064156868054073e-23
1.117923544452515235e-23
1.601742414235914306e-23
1.702524588123194200e-23
1.149572404998135007e-23
1.310865973051835295e-23
1.256841193515387167e-23
1.459409813094753400e-23
1.353905599062120833e-23
1.252561063284410362e-23
1.331004384096201940e-23
9.396631674742190325e-24
1.330946225695307784e-23
1.163440376776005657e-23
1.504656342076272034e-23
1.349442004009520300e-23
1.160826238477598388e-23
1.269814637118376446e-23
1.334929903357428184e-23
1.192030095808314337e-23
1.167338700682037372e-23
8.758219111361267686e-24
1.194027775033009632e-23
1.173832805868028493e-23
1.251056306472714273e-23
1.001741945983257950e-23
9.578290270182488904e-24
9.960873000817820586e-24
1.051404245244729461e-23
7.277553032239061112e-24
9.588627670920671411e-24
1.135264797091898915e-23
9.580272540410109077e-24
9.360840986656497754e-24
1.390619597735830144e-23
1.100443744722747780e-23
1.297354689103748814e-23
1.139647733804166382e-23
1.008460040396754970e-23
1.037744112581462953e-23
9.623966591886609823e-24
1.035585097388479577e-23
8.871006171968434317e-24
1.077475621794898877e-23
1.019801936907080196e-23
9.777273321257729913e-24
1.147438098912033750e-23
1.071248350772456689e-23
6.827379184029826878e-24
8.296009355006542983e-24
8.013756356282460240e-24
8.131549305228774262e-24
9.840629452221387907e-24
9.657237606487279559e-24
1.035787727784571245e-23
9.995749855537616918e-24
8.493240418091645159e-24
9.010848009263136427e-24
1.017113171782966292e-23
9.488915657610587421e-24
1.176268140274366366e-23
8.422635828763992435e-24
8.446015072199757648e-24
9.503146286239903366e-24
9.356373023709355847e-24
8.623698303842405206e-24
7.785472142001167490e-24
7.885009454690362969e-24
7.052743402778720033e-24
7.890970539840065400e-24
8.958051840776143840e-24
9.411810905087906691e-24
6.534391910210467399e-24
1.063842626385375363e-23
7.886303243215211184e-24
8.286456790304561994e-24
9.381355898342359339e-24
7.723462459277715996e-24
9.805954030372554664e-24
8.265207473624121119e-24
8.971289999404456276e-24
8.383394386310012771e-24
8.082548791225615362e-24
7.191069396046228266e-24
7.263380919620057938e-24
6.708418189949029448e-24
9.873970498877988525e-24
7.966482737359277761e-24
6.294866486418334796e-24
8.654006392564469973e-24
7.694360409207151062e-24
8.601358321505237164e-24
5.802187156390252604e-24
6.437805505320288298e-24
6.840581700186543607e-24
7.828938049159346748e-24
7.842075154578590055e-24
6.490907574719168820e-24
5.592108227051068940e-24
6.350205290603224197e-24
6.792590636070311433e-24
7.300308960025908846e-24
7.139817678401616844e-24
4.510793304150495402e-24
8.374212796955892901e-24
5.992191594071781935e-24
5.279091387130431524e-24
5.141946906240322388e-24
5.838085643247469597e-24
5.382564290267937402e-24
7.426924477027315556e-24
7.817667571451281842e-24
5.700606699014971219e-24
6.945468350143251471e-24
5.074754012610899112e-24
6.408947363192692926e-24
5.945599592877432257e-24
6.983135884193723011e-24
6.237642068999357132e-24
5.193328844565243248e-24
5.853065694000013722e-24
7.342680516274425715e-24
6.513021807030841570e-24
6.204668998953580556e-24
4.765074510249724055e-24
5.402260789813793933e-24
5.472132471798968359e-24
5.655942018326798775e-24
6.528295358892445379e-24
5.883678525384452744e-24
5.030714310591289772e-24
6.874018109983478615e-24
5.431142509582803983e-24
5.640614192507765544e-24
5.025938321412528279e-24
7.168684465172614157e-24
5.291269827069443545e-24
4.632488744479775463e-24
5.138310007640385417e-24
4.528256005008163199e-24
4.466093691216228902e-24
5.835534631436497074e-24
5.156344638496933284e-24
4.962294606704677960e-24
4.788289465141172809e-24
4.789767217111173015e-24
6.247561918745485113e-24
6.478180114134076991e-24
3.563132770794171071e-24
4.062934631097559501e-24
4.870809051526976853e-24
4.564992922508931692e-24
4.413920644289983437e-24
5.329345240750790133e-24
5.264297394886868883e-24
4.007999532271435186e-24
4.478577099718597635e-24
4.351538445760090078e-24
3.754988031141594161e-24
3.700239075191813676e-24
4.149639371291466639e-24
4.210104483880630610e-24
4.400141435474387784e-24
4.986691186782127525e-24
4.617515901226318618e-24
4.143135959008670717e-24
5.282258406012546092e-24
4.459284686586804244e-24
3.761124686390258349e-24
4.446571787641290117e-24
2.799755228830212793e-24
3.966436624444494281e-24
4.702841484095602943e-24
5.172842486742096969e-24
2.840295809505749091e-24
2.701899167963988418e-24
4.075760315193963233e-24
3.825397877871543030e-24
4.433448802811142355e-24
5.082334261972615395e-24
3.407161833201342313e-24
2.928572391593346381e-24
3.597405165345663885e-24
3.762709890132907990e-24
2.775822489857461645e-24
4.170694043975815178e-24
4.428030365156098830e-24
4.308615475137464322e-24
3.245293550091662976e-24
4.469811839920132247e-24
4.427372335488895196e-24
3.822629852266916727e-24
4.133455706932559363e-24
3.311817758251097979e-24
3.492589571791169973e-24
3.277959625608787495e-24
3.113838069739847693e-24
2.369550134474614944e-24
4.010319853938092242e-24
3.822031012042155404e-24
2.350807656026491862e-24
2.858268154618746590e-24
3.671629901648484335e-24
3.284055220454639226e-24
3.607676907051841830e-24
3.702333774254756483e-24
3.016498128646886666e-24
2.625476919851009322e-24
2.797733143023282062e-24
3.327114912840013004e-24
3.253728398542833963e-24
2.869679591399417937e-24
3.348820700782881471e-24
2.467078900216226304e-24
2.449949484405736988e-24
2.649243036384478159e-24
4.354356700229428524e-24
2.576963515469666388e-24
2.929853037028376739e-24
3.381840836923702640e-24
2.637951626356752299e-24
2.410998025614292875e-24
3.133676831024573205e-24
2.386675529851891311e-24
2.767554250399089417e-24
3.623888535668246794e-24
3.579773259834547567e-24
3.223890210295051708e-24
3.264178929628825733e-24
3.184356254172154469e-24
3.425228157452174274e-24
3.565565649484108734e-24
2.825113874235087000e-24
3.020863982172351361e-24
2.414705826582213788e-24
2.969391849735263926e-24
2.398066393849548745e-24
3.094778188140361513e-24
3.008998163372998896e-24
2.496390763275358357e-24
2.814872184651740256e-24
2.584748599766481423e-24
2.936560976180430539e-24
2.822426632953072650e-24
3.104708406879810913e-24
2.727271544595399661e-24
1.849416013703573485e-24
2.974084403328916269e-24
2.676302222186945014e-24
2.210157818241193859e-24
2.042006768382876765e-24
2.455236454902162964e-24
2.453820225071964418e-24
2.524507350138165711e-24
2.077598132730181551e-24
2.190370158468080511e-24
2.030215567181498159e-24
2.894958111370845250e-24
2.558735617955696025e-24
2.683882121827152946e-24
2.681689706185841709e-24
2.433893187412854426e-24
2.145566846857498016e-24
2.139704168502083446e-24
2.956614818025305615e-24
2.464422346760567724e-24
2.299586739359698768e-24
2.528461603346685635e-24
2.379739185993864139e-24
2.748412240130226009e-24
2.403020019127193946e-24
1.751288910447586363e-24
1.963275357758470971e-24
1.982168024469268561e-24
2.725003337522051432e-24
1.822401786967851865e-24
1.773244060992439038e-24
2.609353956117156911e-24
2.505065722940309144e-24
2.285885563715347834e-24
2.215708689796500192e-24
2.295183625748222341e-24
2.305893127671383877e-24
2.149294331872253646e-24
1.807450165257843164e-24
1.810014613247324204e-24
1.884598665010842352e-24
1.987589527945631127e-24
1.841560371792910423e-24
1.908800458533314399e-24
2.286141037864429876e-24
1.991837506793056173e-24
2.504971763597108579e-24
1.799639450199524327e-24
1.783784295843463371e-24
2.347389419145808882e-24
2.192456279708634850e-24
2.033118439946821334e-24
2.541779146235303503e-24
2.077500351216229770e-24
1.379590601905024814e-24
1.536780496488456313e-24
1.656274161847337817e-24
1.592399238434437173e-24
1.529821962905810845e-24
1.951716443158182954e-24
1.785548306978710398e-24
1.271750352729231264e-24
1.548894557535916697e-24
1.850766161205657378e-24
1.609117621520597148e-24
1.541402025195849849e-24
1.465069970433663392e-24
1.349264629666777767e-24
1.657052346161342470e-24
1.866071144694049639e-24
1.538883408250487747e-24
1.140064180541210392e-24
9.360601754997686032e-25
1.535552688956184490e-24
2.489135893287206117e-24
2.111723737285178293e-24
2.001010776919360214e-24
1.692136396751420648e-24
1.475787140962945118e-24
1.630624478186308143e-24
1.492366388239413878e-24
1.260750267664045544e-24
1.209363039877897677e-24
1.806046710409084914e-24
1.453568016060013612e-24
2.062887441889946801e-24
1.806391674714790544e-24
1.656499509303306837e-24
1.534493118457634873e-24
1.346572796338242754e-24
1.139186577476407714e-24
1.415947433330544071e-24
1.407283296508975198e-24
1.447712959234900933e-24
1.854726663439375452e-24
1.416298942194650092e-24
1.169121484092665433e-24
1.048372138852228309e-24
1.652308324835464432e-24
1.266525546983912866e-24
1.489738726620457409e-24
1.104175431664559866e-24
1.549258755027479767e-24
1.113912298763566789e-24
1.531930231997410390e-24
1.263494586530968260e-24
1.912066924155130624e-24
1.601241676289689115e-24
1.187366866929538437e-24
9.873832582545892322e-25
1.563838133841775023e-24
1.261046823069764145e-24
1.496497995718785639e-24
1.151521484559821264e-24
1.523620061244542810e-24
1.522111557011176187e-24
1.065616569935927200e-24
9.016091567618629877e-25
9.981735769680522756e-25
1.295410368712272297e-24
1.503999589689209178e-24
1.091211304722989158e-24
1.456135671668436977e-24
1.271610607720470683e-24
1.562822372126944909e-24
1.325566667691222228e-24
1.423179438413988193e-24
1.249094648731545844e-24
1.161813600020132378e-24
1.024398882642054223e-24
1.436616347470069345e-24
1.156522283524057437e-24
1.703591262238545681e-24
1.355215606299201960e-24
1.262087348322431044e-24
9.131958587956694440e-25
8.548451845019870624e-25
1.145318086376872807e-24
1.441547250285991172e-24
1.219955664525042468e-24
1.234076080098985892e-24
9.470720011909154556e-25
1.167354300122931472e-24
8.938260861430861734e-25
1.025954250171493479e-24
9.894187361193115115e-25
8.577033447710683737e-25
1.419107831037997469e-24
1.156042179760298257e-24
1.336877401329368490e-24
1.105317836707087592e-24
1.054172715772602617e-24
1.321261986353693072e-24
9.869222762186553193e-25
9.745838620586501698e-25
1.655749767017094279e-24
1.576334525644628626e-24
9.349961682075563475e-25
1.418642939301605336e-24
9.355884379437781284e-25
9.973014249559267364e-25
1.097556555599394518e-24
1.193767534831907248e-24
1.052123992682580661e-24
1.464984489189050052e-24
7.946102314937344912e-25
1.002713349021164335e-24
1.019447536480790419e-24
8.148862416950371862e-25
1.062785466315773576e-24
1.352553094412338411e-24
1.245733424390793620e-24
1.073798176323550167e-24
1.035607289861537120e-24
1.003549803803492783e-24
1.101077039819177855e-24
8.270714379874607232e-25
1.028787713909333017e-24
8.019830588874284637e-25
5.657588919047779694e-25
1.026984252866750668e-24
1.123950621688060134e-24
8.016686230206757874e-25
8.577755122833147714e-25
8.468240090782147252e-25
1.137347696381034362e-24
9.721738782554963334e-25
8.483059080374545783e-25
1.063324281152506211e-24
1.014720651095603931e-24
8.653137658332819547e-25
9.035583485008924555e-25
7.621978822786433075e-25
9.198887112874232547e-25
9.020478612277872671e-25
9.105457042345541738e-25
8.190120632782727937e-25
7.149025382689197811e-25
7.784111364456645296e-25
7.076688183551811006e-25
7.276257784124449639e-25
7.105514722927873712e-25
9.653813322180141617e-25
1.025496380094114073e-24
1.096809253498739144e-24
7.299073674943233005e-25
7.688993657248413280e-25
9.942477884172646767e-25
7.801325350172662875e-25
9.342979570366785478e-25
8.223621674320612763e-25
8.792643582574941833e-25
6.492784923207624258e-25
9.443946477330398358e-25
8.687000602339942479e-25
9.537984715662181159e-25
6.736338392555469276e-25
6.962224711550432015e-25
7.094221610722474818e-25
8.220394971260925988e-25
7.864311589688676098e-25
7.733523241746443419e-25
6.579487588647418692e-25
8.914288095706968601e-25
4.973788231916080381e-25
6.966627104737282584e-25
8.468448150010873243e-25
9.408998496154652361e-25
5.040222286063371654e-25
8.358134083367859826e-25
6.736029872942473087e-25
8.378220407781190522e-25
7.144358438440554042e-25
7.177158406851547891e-25
8.071938190245286310e-25
6.030812659931109699e-25
5.263568639112238952e-25
6.108716814763333484e-25
4.592863961979489138e-25
6.175658360837172880e-25
8.997555802711606819e-25
5.996808171125045559e-25
5.394865022341897657e-25
6.408195134127116529e-25
6.892501932036611137e-25
6.959479338799757747e-25
8.093394151435611054e-25
5.364504752313845617e-25
6.256928003564010061e-25
7.089354799936270562e-25
9.577094331264727400e-25
6.259337340643490360e-25
5.315017462342004441e-25
8.226936603501657673e-25
5.189881198437242399e-25
6.028899835368152751e-25
6.728536006819216724e-25
8.580001045726044603e-25
6.838738060292060737e-25
4.996228245324390903e-25
5.799698615570036161e-25
5.142527143478344075e-25
4.998455278881171772e-25
6.707111378388308007e-25
4.468933457507940922e-25
5.587961162403153689e-25
5.694282211682290758e-25
6.663741486746058248e-25
5.167189454145179635e-25
7.591374837201011422e-25
7.938275152653865822e-25
6.245170531928604614e-25
5.746137967961205354e-25
6.882612873878224306e-25
4.125664365249492806e-25
7.690911401030150639e-25
3.272949605566373425e-25
6.732562629847207698e-25
7.076337793037555525e-25
7.516767021981492801e-25
6.137025124519472268e-25
6.892657619872234049e-25
6.019682431949848778e-25
4.047802800585549835e-25
5.347356117618048303e-25
4.383816271756091685e-25
5.484304944671563971e-25
7.355492271757640460e-25
5.583769822589334821e-25
4.453634702161328353e-25
5.859003993119758416e-25
3.734049290855991113e-25
4.777784657816268610e-25
4.452117998395844119e-25
6.883630033772066729e-25
5.255384269506736241e-25
5.124421933874491238e-25
4.903261778523389621e-25
6.034373078074519712e-25
4.414725098412717488e-25
6.239306700892014593e-25
6.487068094452162198e-25
6.816575032293911319e-25
7.671409011100104281e-25
6.861653358290823097e-25
7.351425777979039626e-25
4.018487961962611650e-25
4.517491457587183774e-25
5.362372791238127268e-25
4.517862891504692798e-25
6.156572549119124164e-25
5.158897889278015268e-25
5.527752289163676095e-25
2.685427696522394139e-25
4.254309920759836100e-25
3.672914210800637235e-25
5.798612045208603707e-25
3.090825332588705551e-25
3.591828487182614517e-25
3.817742766652536988e-25
4.789152214250742150e-25
3.469747651704206269e-25
5.018563367452158544e-25
6.005196263695093386e-25
4.540261048100100761e-25
4.118255965199530309e-25
3.689389679411174237e-25
5.181143950538019692e-25
4.788530669509921388e-25
5.186992224845130457e-25
3.660320759296277747e-25
4.346953910271896466e-25
4.295493963378157802e-25
3.507451941735016980e-25
3.089172253466541707e-25
2.244051953371468082e-25
4.482308045063338086e-25
5.884915410879020855e-25
4.796357229245176212e-25
2.387035300311646742e-25
3.439706337952431556e-25
4.086608031362161752e-25
4.503674230008592113e-25
3.184594241897526666e-25
3.577981990548976393e-25
5.306179351305250906e-25
3.808995259506445015e-25
4.944182801330647377e-25
3.376499492618603219e-25
4.292666986751786268e-25
3.502158996359124660e-25
4.663094466688848187e-25
3.406880088966860277e-25
3.362594948133288224e-25
2.008683635257130502e-25
3.844907022830789068e-25
3.284058303549304270e-25
3.046162177579216733e-25
1.423076695426968392e-25
3.257547836216746520e-25
2.454340760002105881e-25
2.020644168773439371e-25
1.555037263376247747e-25
3.514870705576855026e-25
3.135341407381472739e-25
2.987903383062793116e-25
3.468815761206337439e-25
3.858189941005466553e-25
3.564972019678313244e-25
3.871609364781898941e-25
2.963212620906617218e-25
3.928025342195229735e-25
1.655930560242095966e-25
3.562200524366960192e-25
4.967167530356867080e-25
2.235242321467235801e-25
4.127822856887355403e-25
2.983815783669553261e-25
2.918164976718953033e-25
1.641040707459829181e-25
1.437005630794560136e-25
2.781462223931468130e-25
1.876000035470009359e-25
3.149562663217942178e-25
2.748065433325059422e-25
2.123094553601408746e-25
1.287953541762081781e-25
3.520348866422347571e-25
3.623395094251354482e-25
3.126879538571577475e-25
2.301263917217657244e-25
2.969211058303941998e-25
4.197573383355805545e-25
3.248679680748357128e-25
1.681954273956724368e-25
2.711607808266792678e-25
2.125373067846178826e-25
2.276838228239866867e-25
3.743039919227236453e-25
2.110344989836513550e-25
4.291685586211080787e-25
3.123048007625815097e-25
3.500052358319141225e-25
3.364848807901496383e-25
3.318059664162575335e-25
1.975491287035542819e-25
4.048045461100863130e-25
2.074077553777343654e-25
2.548788244974957966e-25
2.403154795219541483e-25
2.982962947362916131e-25
2.788710075352657921e-25
3.139803589734034790e-25
2.815237833535809351e-25
2.078219951604582354e-25
1.761966945304077656e-25
2.278718682803324446e-25
2.715966551437986688e-25
2.014729683884487163e-25
2.159319385095085465e-25
9.438890965981856927e-26
2.958602828706045061e-25
1.304167586573174012e-25
2.756850027222695153e-25
2.501319831542535899e-25
1.981903284253626995e-25
1.657484735618712721e-25
2.048236261833933704e-25
2.089304742444193926e-25
2.638710126320315463e-25
2.346411437041881529e-25
1.470663145409840241e-25
2.402438563647195931e-25
1.668882539626082283e-25
1.430624909971363752e-25
2.544917092620988901e-25
1.505623200820755822e-25
1.136406007527732950e-25
2.612403767950995900e-25
2.421203480667200587e-25
1.658789060593563305e-25
1.546834789297866027e-25
1.818091485516616962e-25
1.197873137533347563e-25
2.032340620519905340e-25
1.657508992361129690e-25
2.131769429273677654e-25
1.711908512340681711e-25
2.817475456150270126e-25
1.344178452928405599e-25
8.452578469963882821e-26
2.067918137957464045e-25
2.596903850590575918e-25
2.468167011061009558e-25
2.337849875422309763e-25
8.909792234785237119e-26
2.083006453230384594e-25
7.132455627383292557e-26
9.131055377865726849e-26
8.185518939408671855e-26
2.184034260651985637e-25
8.599335869198091745e-26
1.830862915465324762e-25
1.543401028292448272e-25
2.582096444521253231e-25
1.104210090336453852e-25
1.555241404333101416e-25
3.239818237792104290e-25
1.804617672152942294e-25
1.248921845852030318e-25
2.007320438178623984e-25
7.112087298929812072e-26
1.416004587151672082e-25
9.104189180123351649e-26
8.013102890436717099e-26
2.350830640141896208e-25
1.749307285901401758e-25
2.152336854617109418e-25
1.261161696905550879e-25
6.442939113865225348e-26
1.561827603017373352e-25
1.211700216508693664e-25
1.324178437488791764e-25
1.863907002943293144e-25
1.153336653435203489e-25
6.187975208661684094e-26
-1.448080578864857381e-26
1.427553789667099983e-25
1.398326864653891649e-25
5.826453274965452455e-26
1.547718658178064337e-25
1.318903362937823721e-25
1.187814930195080151e-25
1.022641692853777674e-25
1.532050602548182414e-25
2.497994521610587627e-25
1.475718452795623607e-25
8.276538263793232676e-26
1.271847300434906806e-25
8.783820022739161177e-26
1.670560972202708912e-25
7.865125418357859632e-26
1.602346555071984837e-25
7.386127064899505555e-26
1.044654368050255924e-25
1.830105905707512206e-25
1.203519122692426050e-25
8.785121468877174480e-26
1.312714157902223463e-25
1.353483746993778777e-25
1.038843033783001314e-25
8.772958202383026705e-26
1.134424469269056789e-25
1.160996346154990403e-25
8.493562211270570840e-26
1.003833443676959144e-25
1.511521278198103987e-25
1.361434794622292366e-25
1.275785915689939950e-25
5.663510652325055160e-26
3.775288367503680216e-26
3.979951405171558146e-26
1.559214537828737906e-25
8.758479844296099684e-26
7.649404439154197747e-26
7.238627191733140078e-26
7.760206695894128997e-26
6.741475541891747947e-26
-1.376591030066661692e-26
9.416373279749268549e-26
5.107334282443561770e-26
9.132220790702964612e-26
6.507645012192773710e-26
1.133288383407089096e-25
1.119862826796158731e-25
2.680446700557334952e-26
1.072891060748440712e-25
1.898988795311566924e-26
7.321348959073510563e-26
8.866215243685053121e-26
9.771270876239579048e-26
1.036140171946531741e-25
1.582427502676551990e-25
1.071076973426265137e-25
-7.763010928205654608e-27
6.016412624274611661e-26
4.922080482316544972e-26
1.951770939231671724e-25
1.291803190450365992e-25
1.306597723844369856e-25
8.150445505491326344e-26
7.423260041796443435e-26
4.015076977709809069e-26
1.387305684497195697e-25
5.847011338699645784e-26
1.499260445698030046e-26
1.800602183059045068e-25
6.931750780957786639e-26
4.062927594082058378e-28
7.327112102009918815e-26
1.650774660872337005e-26
1.252782719249592690e-25
3.953962658501235252e-26
2.921180077823736689e-26
6.530066962718725564e-26
6.640316260692092776e-26
3.653264647844162631e-26
7.925030423012648542e-26
8.938426708150719795e-26
5.945913659076644844e-26
9.665875375701690937e-26
5.701335670350181603e-26
1.021630043156608038e-27
1.255574299995030558e-25
-2.062091128177290801e-26
7.763641123327718152e-26
5.547329255965984869e-26
3.896338471272446303e-26
9.345111468110771443e-26
1.326279684349965498e-25
3.511602446804343246e-26
6.547884673272409992e-26
1.397149736941062406e-25
2.742001380323691630e-26
1.359449330165948658e-25
8.373024164200948690e-26
1.758462781297588339e-26
6.926671697427935345e-26
3.557582795715176416e-26
8.923238349566023145e-26
6.973965119960523820e-26
3.369061518603614960e-26
1.261212664568124365e-26
4.963765422780408703e-26
9.346373976863449031e-26
3.278137775109939868e-26
6.605934666555306014e-26
5.281538449152090683e-26
5.949193024133797437e-26
-4.605097277071912708e-27
2.102960371526836606e-26
4.121755307870930693e-26
5.803395501727210759e-26
6.137498169651474148e-28
8.323926192705353529e-26
-4.651800518041085732e-26
6.737233512363395597e-27
3.118802422130556969e-27
3.949177821898575484e-26
-5.113026898481318059e-26
7.546296929337041404e-26
4.776825554835005107e-26
3.294613904419877585e-26
5.586726583418917443e-27
6.578486704471846946e-26
3.202849273251122057e-26
5.244077002646514422e-26
-7.150050417357831729e-27
-4.782208124058783199e-27
1.261203610171481016e-25
1.518034693161655327e-26
4.139113083477783558e-27
7.527826234729044196e-27
1.986766736601207114e-26
3.641260045614714868e-26
-3.373133641029926682e-26
-6.739763492779710182e-27
2.776211299978401145e-26
-4.689316311082733364e-26
3.733433211316636915e-26
-3.261124566290158383e-26
4.014458448568171020e-26
-1.389038239441457797e-26
5.625900256895471047e-26
6.966910950330452353e-27
1.666918630921435023e-26
1.110043955337308973e-25
2.904511619219239138e-26
-3.615135739581270100e-26
-1.782922590100798730e-26
-4.558249546156123428e-26
3.740245668656344777e-26
1.091790447928933766e-26
3.796799396247807736e-26
-2.311443134570813116e-26
-1.522871664545395603e-26
7.284740233435327386e-27
-2.318307953524768744e-26
4.819790785883299337e-26
2.978952379444523194e-26
5.172573282760368899e-26
4.738712774267997237e-27
-6.901319397578165191e-27
3.083942656983208273e-26
2.919381633895796084e-26
-4.631614567002405214e-26
-2.030737162520540479e-26
-2.734127992892199728e-26
-1.478331766750717231e-26
3.616560715599970149e-26
-1.182471544669950793e-26
4.571456707422808485e-27
-7.601623053643729224e-27
-5.209881795781438324e-26
-4.934354133616771451e-26
-8.616572257183498957e-27
5.755438883738320561e-26
1.023195246152415472e-26
-1.203825888554146590e-26
-1.237579291818633145e-26
-1.591116180120506201e-26
-1.015933806243509353e-26
2.993364167792651343e-26
8.191560201529845603e-27
5.732419016078107051e-26
-4.882911280632077104e-26
-3.806180730262444086e-26
-3.685349092984460460e-26
-4.869940965056362662e-26
3.317211717952128583e-26
-5.075192317522796061e-27
-1.770919387314893816e-26
-4.925478492802801519e-26
1.873795512588433779e-26
8.196772911148055646e-28
-7.010362564073958664e-26
-3.490374868613146258e-26
-3.380486534272839738e-26
8.640693387283187420e-27
-6.978351697796350433e-27
4.269237005079021577e-27
-3.118349738277094083e-26
-3.516024816698970181e-26
-6.692510008175676073e-26
-2.368580591784022352e-26
-4.244206504792013552e-26
-1.037887661788267134e-26
-3.860417480036266775e-27
-3.943028914241547060e-26
1.464696261278772280e-26
-1.305454233676397695e-27
-3.566764757267955835e-26
-7.378210013975690312e-26
3.065818472442908299e-26
-2.085476449114640655e-26
-6.059032165523616962e-26
9.308678584189886035e-27
-5.369287864389297275e-26
-1.010732010165285676e-25
-4.787571803284753301e-26
4.375489157648323004e-27
-5.585921770809940907e-26
-5.285495301149732722e-27
6.245789326645573185e-28
-4.265467352595766343e-26
-6.686761877673205376e-26
-6.269513541287772631e-26
-9.435503932073096567e-26
-3.790183893471070935e-26
-8.075460831701514013e-26
-3.410387700554042578e-26
-4.993577246215299982e-26
-1.120773743792419405e-25
-2.878075219002530172e-26
-1.398836021536313547e-25
-1.661981742944828405e-26
-5.900001083935841366e-26
-5.656288908954540121e-26
-4.192187152234713681e-26
-7.310284253301129009e-26
-1.109047956506492999e-25
-6.243213440847032132e-26
-4.502089270516466086e-26
-5.938582304526988211e-26
-5.124373801958546976e-26
-8.016850255536917997e-26
-3.674213320087574797e-26
-3.484143704845417638e-26
-5.543387792080493854e-26
-3.824550557458511498e-26
-5.631471686884232827e-26
-1.068936955859801156e-25
7.744142939721767882e-28
-6.196261961958282073e-26
-6.473071704366852645e-26
-1.199510609658340824e-25
-7.043176298630131385e-26
-3.445177008297517061e-26
-8.615168229763128419e-26
-9.886163906557748773e-26
-5.060093548938778690e-26
-5.021628233380141948e-26
-6.003706736819334151e-26
-6.591864346489515809e-26
-7.183712499265157260e-26
-8.745370647943870237e-26
-1.110679835032218280e-25
-1.046941286615836889e-25
-6.018079959669550999e-26
-6.255992933010572294e-26
-9.366767730646630254e-26
-4.733694970603664071e-26
-1.098574715474886374e-25
-8.132532534052488466e-26
-7.854841340513935494e-26
-9.960135816958761839e-26
-6.822999960955358633e-26
-4.182502362436569850e-26
-5.822241555298405643e-26
-5.943457439783836803e-26
-2.175848055138721588e-26
-7.416712793839340317e-26
-1.322961753234189994e-25
-4.608090213140887378e-26
-2.261096639067247953e-26
-8.718695637387231921e-26
-5.841607085335429341e-26
-7.230633159055480686e-26
-1.102263895811972107e-25
-8.617029261019873263e-26
-1.224399929420155375e-25
-9.772133821688263372e-26
-1.355384389264828344e-25
-4.537673543367132202e-26
-7.925071224781346063e-26
-1.087046018532161034e-25
-9.694341128595077249e-26
-1.065234813047887882e-25
-9.662792251139394504e-26
-3.194218424188004634e-26
-7.851724828925436140e-26
-5.557256115191413834e-26
-1.274249132998529123e-25
-7.778797980426538865e-26
-7.083455099712970785e-26
-5.264939010830962920e-26
-9.753464972405130593e-26
-7.460013488667808356e-26
-1.206501639894708702e-25
-9.075732967515554341e-26
-4.260371003137908314e-26
-9.045748044584775510e-26
-1.060561685801353300e-25
-8.256509887473435128e-26
-1.181087221581607222e-25
-1.205869142413330915e-25
-1.003448428721846001e-25
-1.076243813111710240e-25
-8.421629990244307828e-26
-9.145894186451377978e-26
-8.632464266230102518e-26
-8.050883271081177788e-26
-1.132675843659823601e-25
-9.541073740014265252e-26
-1.008538359110442801e-25
-7.636349323692762401e-26
-1.004928597769320158e-25
-8.488087940107864090e-26
-9.606700386862201790e-26
-7.577889141676990155e-26
-1.102074471116578551e-25
-8.551352539389308279e-26
-1.207683588079817928e-25
-8.755302868794229649e-26
-1.274915054061533052e-25
-4.566038637032587463e-26
-1.009064262692769954e-25
-6.386596638424086120e-26
-8.248777263478520423e-26
-1.109800488553645482e-25
-6.423199408811327066e-26
-8.706006754037847814e-26
-1.156492805492317166e-25
-9.734543617790468218e-26
-1.081213741971195648e-25
-7.644406371454033537e-26
-9.478284187851940600e-26
-1.221609536206265250e-25
-1.247407427237891739e-25
-8.346739807276571364e-26
-6.931746563109908237e-26
-8.703257932595631513e-26
-1.167363439366800375e-25
-1.143114185792444823e-25
-8.353053372485645732e-26
-4.403783218013099560e-26
-9.877687898107799465e-26
-1.362225764844378096e-25
-9.579266447146560701e-26
-8.655154426988429661e-26
-1.171209075425913842e-25
-7.432943869253499516e-26
-8.266208277318177760e-26
-1.067722722342173126e-25
-1.050502303621275627e-25
-1.188846861589358091e-25
-6.032098493927844041e-26
-1.299630617382018568e-25
-9.686721889633874521e-26
-1.339092316211294804e-25
-9.263697821789320906e-26
-1.065758557911759785e-25
-1.049953724087584651e-25
-1.084953036755864352e-25
-9.696064335416980548e-26
-9.865159424466369140e-26
-9.354181279935274840e-26
-1.150330944066118066e-25
-8.741712503522002684e-26
-9.178222321733696983e-26
-1.160219109794360188e-25
-6.869453436075366087e-26
-1.180557704163878865e-25
-1.122041433052301149e-25
-1.060761282446187996e-25
-9.203047949045873072e-26
-9.925539718478843298e-26
-1.312533856908469681e-25
-1.439516992742858160e-25
-9.569432197401813022e-26
-1.275068258854204142e-25
-1.271798601039046350e-25
-1.265460568873894747e-25
-1.050489585727909496e-25
-1.289078104383984504e-25
-1.002582431985974032e-25
-1.220853579203721357e-25
-1.429729475053577021e-25
-1.456593905542720677e-25
-1.455914951659846892e-25
-1.238025862953874262e-25
-1.019463889587423459e-25
-1.338373725044075102e-25
-1.344987211506842738e-25
-1.299537893068113782e-25
-1.030623127413954996e-25
-1.095252194486662646e-25
-1.600077687534671593e-25
-1.249901205698927129e-25
-1.150746018982696706e-25
-1.200056113730109588e-25
-1.177268533297064140e-25
-1.161442179600588003e-25
-1.150756269232300757e-25
-9.858799780065518719e-26
-8.940531481854785250e-26
-1.177765679241797184e-25
-1.254556502885039503e-25
-1.384760788848154377e-25
-1.142670985233169363e-25
-1.395444019776665208e-25
-1.512460571283943534e-25
-1.196841101450955168e-25
-8.436695684431986237e-26
-1.224685304936201113e-25
-1.118548338963651841e-25
-1.461108184678061854e-25
-9.561428502202127065e-26
-9.647676835675518694e-26
-1.142582898497810919e-25
-8.737592842689862145e-26
-1.029851531873417769e-25
-1.536088387504603572e-25
-1.126568353349766605e-25
-8.838340870090628789e-26
-1.216612453296262639e-25
-1.132424362302522048e-25
-1.053544964334981274e-25
-1.470269213153404199e-25
-1.134092388136614448e-25
-1.202152372920173412e-25
-9.073370541322905564e-26
-1.233526432055604872e-25
-1.216129752643499154e-25
-1.021747620533689652e-25
-1.267783140702256497e-25
-1.360434679908813861e-25
-1.082033951271741967e-25
-1.227991066123780835e-25
-1.294038387328227850e-25
-1.201464321498660579e-25
-1.090178239999800421e-25
-1.491164340690665916e-25
-1.132481022688677756e-25
-1.213675360848591521e-25
-1.286312045168919074e-25
-1.036317866635906853e-25
-1.167133646995965325e-25
-1.074818071533051493e-25
-9.224263975078790821e-26
-1.374225417643536797e-25
-1.037080625406077004e-25
-1.433694463890071449e-25
-1.393827100626085023e-25
-1.272412679928949258e-25
-1.205411565975652022e-25
-1.342591643329217908e-25
-1.510808925918558818e-25
-1.464813886642000858e-25
-1.323869269976330233e-25
-9.259848245347597242e-26
-1.148696556272142481e-25
-1.489625853420493417e-25
-1.225068155892029384e-25
-1.332949438465234639e-25
-1.536886647747139660e-25
-1.670033412803507053e-25
-1.415043793985798277e-25
-1.534992288208374363e-25
-1.539427604676690267e-25
-1.334671553541445550e-25
-1.485258882444561262e-25
-1.288114010527940254e-25
-1.475064527835589340e-25
-1.219688250395622328e-25
-1.396044116740296153e-25
-1.261781542205496722e-25
-1.053982924278004078e-25
-1.085750992797154008e-25
-1.219786144496774263e-25
-1.013418292363714164e-25
-1.339755305740846379e-25
-1.130382450530279043e-25
-1.390646947233771878e-25
-1.028769590858120784e-25
-1.052196881774627929e-25
-1.170777318563783477e-25
-1.199126571904681522e-25
-1.589105377560919696e-25
-1.375011527648663789e-25
-1.526611320649617437e-25
-1.235885325425995247e-25
-1.756489614403839638e-25
-1.082189817954407100e-25
-1.435237989850358725e-25
-1.449460698774655283e-25
-1.568276557305505052e-25
-1.254508365508175063e-25
-1.418389580909508622e-25
-1.478540657308847684e-25
-1.455345848380005568e-25
-1.245515235594870883e-25
-1.617283592417244262e-25
-1.514932892776708982e-25
-1.510443839567255015e-25
-1.347923828315404667e-25
-1.373840443507005579e-25
-1.769314559837117685e-25
-1.387858102616423527e-25
-1.656570225067667075e-25
-1.566184330202826182e-25
-1.512073067260192588e-25
-1.798798673886817961e-25
-1.332763676143090821e-25
-1.644059196294213816e-25
-1.842910736884566594e-25
-1.258518350600407867e-25
-1.627421122344554200e-25
-1.521016956623571582e-25
-1.422037924808455575e-25
-1.679332803118039817e-25
-1.463400509942777186e-25
-1.564800217751891403e-25
-1.514397931111312373e-25
-1.699747920804678216e-25
-1.591650933652833621e-25
-1.601283003000517484e-25
-1.544008989967891471e-25
-1.570737255944768375e-25
-1.564480872858119564e-25
-1.631357131458219662e-25
-1.659809463882118171e-25
-1.508450112549111656e-25
-1.179667155374946259e-25
-1.437849090821008271e-25
-1.332543773044011018e-25
-1.555928198568338070e-25
-1.793074832968958986e-25
-1.389557961477355015e-25
-1.617467028979633379e-25
-1.225014188321897167e-25
-1.545678017602630089e-25
-1.712312275510502702e-25
-1.335489634938730953e-25
-1.542247566408398622e-25
-1.669902002124552910e-25
-1.594488706093538586e-25
-1.487628953552251778e-25
-1.618400343591675694e-25
-1.766071340670413961e-25
-1.485264236202609643e-25
-1.711975005131713248e-25
-1.527548867989054012e-25
-1.400754530139685964e-25
-1.727613965122533357e-25
-1.534141359461902170e-25
-1.569166933576226257e-25
-1.497178644016073937e-25
-1.677382320439485606e-25
-1.685431167693669148e-25
-1.723166379116682217e-25
-1.835264125546576418e-25
-1.833968356028364223e-25
-1.813389629055720349e-25
-1.788638130401981241e-25
-1.614474875071626375e-25
-1.373176606046698085e-25
-1.469992254359480922e-25
-1.760079692327418248e-25
-1.734175892498872721e-25
-1.535618075379599598e-25
-1.771173478944025202e-25
-1.580125336864140877e-25
-1.875640626371246804e-25
-1.433294516871898234e-25
-1.847269547959498139e-25
-1.644329489690948746e-25
-1.844615435278900640e-25
-1.715899563738657059e-25
-1.330869092497047760e-25
-1.759557683612076055e-25
-1.649969418156664677e-25
-1.687505272052985770e-25
-1.801722858253144034e-25
-1.541639223170438213e-25
-1.666682999549576242e-25
-1.534509914804910734e-25
-1.891218648234464586e-25
-1.576115044266169319e-25
-1.506332100929221063e-25
-1.818672378857941285e-25
-1.570914171253457814e-25
-1.615496919369203689e-25
-1.742193316719305268e-25
-1.466834676390284793e-25
-1.811726356657503853e-25
-1.587811971228136491e-25
-1.665798785171582780e-25
-1.926892497224318149e-25
-1.561453135283476969e-25
-1.702272826496215216e-25
-1.698141295235335727e-25
-1.771762817026753926e-25
-1.826093431863458679e-25
-1.846865745403696592e-25
-1.541129750958301727e-25
-1.797973717486057053e-25
-1.892326998533805067e-25
-1.718641294842254031e-25
-1.823682668667013003e-25
-1.752824214869532319e-25
-1.620920416388205786e-25
-1.815849690867444289e-25
-1.782233587821386532e-25
-1.790607523095125247e-25
-1.459171712593448618e-25
-1.936228535583250538e-25
-1.848098991246501089e-25
-1.649726638461343546e-25
-1.641097210106883532e-25
-1.781332542875347266e-25
-1.740710010240958684e-25
-1.898787524971959436e-25
-1.661985003265911386e-25
-1.827637731774195525e-25
-1.655161790005556418e-25
-1.644551964620889876e-25
-1.862789686062921695e-25
-1.782223661342332849e-25
-1.675862676340249821e-25
-1.613835526928516355e-25
-1.933646748170061077e-25
-1.500273478558378690e-25
-1.672639663472192178e-25
-1.841927044066468043e-25
-1.862116706395271326e-25
-1.806969310249586838e-25
-1.712066809911220294e-25
-1.753706272084304887e-25
-1.836146902763957908e-25
-1.678238367056991160e-25
-1.764187264939191744e-25
-1.865892223446487733e-25
-1.928033756613618979e-25
-1.956191625617135498e-25
-1.635270178647145750e-25
-1.609506886515049473e-25
-1.772681138831248943e-25
-1.924104366363458622e-25
-1.777023586256171159e-25
-1.767875394324247683e-25
-1.815964417754996625e-25
-1.688440095018376577e-25
-1.804586444434852667e-25
-1.881319828047994528e-25
-1.796473044565749284e-25
-1.910028633002195842e-25
-1.971050397359489027e-25
-1.783755963803806813e-25
-1.749977061050442908e-25
-1.711033884372437549e-25
-1.713299541510971003e-25
-1.787544704578876391e-25
-1.918406740138439976e-25
-1.739856661427865289e-25
-1.902858249074183148e-25
-1.957466435078615968e-25
-2.023298127608624634e-25
-1.944462289098123622e-25
-2.009901816221313308e-25
-2.120162211094125877e-25
-1.789782188148743050e-25
-1.864293625034886091e-25
-1.672146624378574260e-25
-1.870245881028730868e-25
-2.042618290903075697e-25
-1.874174886766914279e-25
-1.943606380527486100e-25
-1.827487021261685907e-25
-1.689044328730082326e-25
-1.762782852679735980e-25
-1.532818676563194868e-25
-1.700762144053430411e-25
-1.994715714585981229e-25
-1.755751415222384860e-25
-1.891060587948205929e-25
-1.775876703361154915e-25
-1.845284095177225995e-25
-1.744794380382550610e-25
-1.965155664887182479e-25
-1.697441140079537400e-25
-1.784260400571464623e-25
-1.974407877453417151e-25
-1.765691808061730047e-25
-2.000976786889643126e-25
-1.665435144330763900e-25
-1.635385481727551748e-25
-1.780378811204530334e-25
-1.862797489775903496e-25
-1.817313509539448266e-25
-1.697107230250984101e-25
-1.906237549016705177e-25
-1.949626341144023022e-25
-1.577726629088373780e-25
-1.898776570849952036e-25
-1.773916106647435215e-25
-1.851750433168816541e-25
-1.838507755759873364e-25
-1.783013340875843054e-25
-1.826187384620890063e-25
-1.828927587731910600e-25
-1.914554322360397416e-25
-1.789307461098192049e-25
-2.009340856894500099e-25
-1.669319671862971920e-25
-1.885408256261114929e-25
-1.822072967861584644e-25
-1.816208481018640686e-25
-1.879485592344364987e-25
-1.833362395713388553e-25
-1.870175038800848176e-25
-1.761107218489479914e-25
-1.804423622492293027e-25
-1.623388276072466237e-25
-1.788446562372109168e-25
-1.856721205740142523e-25
-1.962416841315901654e-25
-2.083359804795400263e-25
-1.879918076048329002e-25
-2.000459403646153153e-25
-1.959475018613233867e-25
-1.843376920488474684e-25
-1.731055684847099902e-25
-1.767415351514911085e-25
-1.830984284269653490e-25
-1.744313480874673427e-25
-1.999172590632221321e-25
-1.941685233856531574e-25
-1.829396835911593100e-25
-1.809492907808470205e-25
-1.892491632812824155e-25
-2.075559112532732316e-25
-1.877151547664968161e-25
-1.985745653933517410e-25
-1.861193675956019079e-25
-2.005668823896115249e-25
-2.079169529173607680e-25
-2.018673035663558296e-25
-1.572675697821759169e-25
-1.951559136540873857e-25
-1.677469499363679939e-25
-1.953918415384408472e-25
-1.923451117530184776e-25
-1.799277223664910756e-25
-1.698076320781050899e-25
-1.891785583074519266e-25
-1.968427377648244230e-25
-2.085634308750419554e-25
-1.999175141798649373e-25
-1.756817507875353121e-25
-1.869276014896477797e-25
-1.991577506679314073e-25
-1.773744579091205259e-25
-1.929351656692127000e-25
-1.936372469325000146e-25
-1.890097179402645057e-25
-1.945130907423122077e-25
-1.783840667058021037e-25
-1.906494076501941937e-25
-1.814667155474394497e-25
-1.799129132946040336e-25
-2.032460901375022240e-25
-2.030508618320153225e-25
-1.949899236803126748e-25
-1.770452827370073657e-25
-1.736814384027841092e-25
-1.969031344307248616e-25
-1.845528391968799238e-25
-1.998050519626602551e-25
-2.113203367952793669e-25
-1.727118754900927498e-25
-2.057725713523181738e-25
-1.957799666938999700e-25
-2.011196612477674857e-25
-1.946131213050045248e-25
-2.094497997996250343e-25
-2.091470888546456668e-25
-2.129687592064678408e-25
-2.117270392609276829e-25
-1.933079003406396136e-25
-1.920469738141871759e-25
-2.021684643055156897e-25
-1.875785437821826598e-25
-1.906801645004474730e-25
-1.721342322679078305e-25
-1.935908683644635971e-25
-1.955556891250504664e-25
-2.024414427577223277e-25
-2.003944057400640459e-25
-1.923198030627538109e-25
-1.766990647536712858e-25
-1.881926310993167454e-25
-1.937559337683109491e-25
-1.903946878735761169e-25
-2.024234933254772496e-25
-1.946314091365458984e-25
-2.222009281468106638e-25
-2.020027795039781168e-25
-1.997473189017442129e-25
-2.010664677638744800e-25
-2.049594228552499755e-25
-2.126377764730890591e-25
-2.135194752516346125e-25
-2.077969554724901260e-25
-2.178562387781063167e-25
-1.998454098635110951e-25
-2.075827930948925689e-25
-1.907339319640020063e-25
-1.955193002917017793e-25
-2.202533239593806148e-25
-2.149957834994272936e-25
-2.015345471236488018e-25
-2.062339321145025704e-25
-1.989778568856686401e-25
-2.060072584442541492e-25
-1.855655660216104128e-25
-2.039110707153813088e-25
-1.947199759272530069e-25
-2.091988306361116571e-25
-2.053968576450139870e-25
-2.139749878351384831e-25
-1.996555415911386244e-25
-2.168122566520495963e-25
-2.118540502334884902e-25
-2.122199623973961823e-25
-2.195107501247882698e-25
-2.064911326559500914e-25
-2.082934874643267221e-25
-2.013020257803032352e-25
-1.903995745065019417e-25
-2.269281749851256422e-25
-2.067316736057102257e-25
-2.057805628498111834e-25
-1.995737588680515408e-25
-2.125201110954722502e-25
-2.188887298593133572e-25
-1.979587585159851373e-25
-2.371374753965446715e-25
-2.211304097589495542e-25
-1.969505669322142701e-25
-2.233289550888998690e-25
-2.095757798245075043e-25
-1.998018651939246319e-25
-2.180647072190049270e-25
-2.167500057648039558e-25
-2.270936872696648692e-25
-2.155746301885871712e-25
-2.173307381212477878e-25
-2.215110762329183877e-25
-2.293904088352959182e-25
-2.275580454567877704e-25
-2.050264730528904723e-25
-2.299706075480790567e-25
-2.289910583522843304e-25
-2.187348401949595898e-25
-2.192478742888102014e-25
-2.161791825515611667e-25
-2.294731801930628846e-25
-2.079150506028215098e-25
-2.048574822360451666e-25
-2.137118881237015240e-25
-2.258777429473041434e-25
-2.275737796787262659e-25
-2.144401668235857809e-25
-2.483372486931997239e-25
-2.142462403182563547e-25
-2.072041380767146356e-25
-2.005873773076025712e-25
-2.223418025904130879e-25
-1.960106265469223573e-25
-2.080872716443736087e-25
-2.317977667819038342e-25
-2.201082637552081876e-25
-2.146890099297723525e-25
-2.231490866233752451e-25
-2.000254821628498139e-25
-2.138739815367452043e-25
-2.303224589582330992e-25
-2.213174132722844364e-25
-2.137144878866928592e-25
-2.196740816706823324e-25
-2.324676732129023532e-25
-2.300648296158024280e-25
-2.264274885420614030e-25
-2.180265837619713516e-25
-2.354614402847760258e-25
-2.130170868416790425e-25
-2.414483917852074127e-25
-2.028109943721046447e-25
-2.132347588109218411e-25
-2.291842678022071181e-25
-2.045665360480007374e-25
-2.260374744166537600e-25
-2.146460313672770823e-25
-2.228803676290568395e-25
-2.251024096299562718e-25
-2.217217821803773090e-25
-2.038756366353553293e-25
-2.136764981934790178e-25
-2.214993799906151362e-25
-2.117788368051312485e-25
-2.291918736271618096e-25
-2.274996922569753581e-25
-2.319045459862149527e-25
-2.200510871607689863e-25
-2.140666158220619427e-25
-2.283693897695992828e-25
-2.067758698629140137e-25
-2.360800299215339041e-25
-2.219057261497064607e-25
-2.184417930623667261e-25
-2.124998720874837203e-25
-2.498242752918810434e-25
-2.187248247921459448e-25
-2.267331387851127850e-25
-2.146495886985194142e-25
-2.300070976624594562e-25
-2.361731127228886056e-25
-2.198891346810124156e-25
-2.172048322347435146e-25
-2.482253046525981601e-25
-2.327600094036974490e-25
-2.311864779204751926e-25
-2.411663872106608106e-25
-2.187446277235661964e-25
-2.218762384442561843e-25
-2.244676321870400675e-25
-2.296421585024877003e-25
-2.124143278322076101e-25
-2.496964581793199724e-25
-2.151285447421472883e-25
-2.255357831753926216e-25
-2.277109618899086620e-25
-2.209086269302991568e-25
-2.214896120309096296e-25
-2.419059922779191129e-25
-2.314803960893934196e-25
-2.255553475212741551e-25
-2.162256269377606673e-25
-2.202210090357876194e-25
-2.416664509474946279e-25
-2.321537939140524178e-25
-2.420617008760670425e-25
-2.253504808723920898e-25
-2.280014855564146387e-25
-2.252355753092951332e-25
-2.347617855474350236e-25
-2.271460781475692688e-25
-2.361180720048849022e-25
-2.364064405112518938e-25
-2.380622012871166519e-25
-2.374920351329591087e-25
-2.337786436655504251e-25
-2.274753599603213542e-25
-2.260723366937514703e-25
-2.204588863810955900e-25
-2.210512741491406209e-25
-2.051584780556731336e-25
-2.176400351165059119e-25
-2.344322871328052791e-25
-1.982736416581245544e-25
-2.253173662527474655e-25
-2.298332131714911233e-25
-2.190119340721504239e-25
-2.203758671627856812e-25
-2.179164447421518526e-25
-2.355406209858199093e-25
-2.161006760174685443e-25
-2.261454967812335096e-25
-2.301543420127500216e-25
-2.256839093834628827e-25
-2.256381663819863575e-25
-2.191380709516793522e-25
-2.262912997705687862e-25
-2.380744088939724408e-25
-2.308594064777582918e-25
-2.312343274912351339e-25
-2.345311888526918750e-25
-2.373327005298488545e-25
-2.266464826831675623e-25
-2.301359565719760461e-25
-2.305027674745494797e-25
-2.329305189250665877e-25
-2.154085620083049036e-25
-2.315199452768509365e-25
-2.220982544699590378e-25
-2.394696312396540319e-25
-2.164250995319267297e-25
-2.489719433424103232e-25
-2.188980174454220926e-25
-2.297301188653303238e-25
-2.072622468935370219e-25
-2.109873097961422569e-25
-2.265962329034886657e-25
-2.421060107762171511e-25
-2.438962987957845955e-25
-2.290726503182235530e-25
-2.234640650210198442e-25
-2.152113671349894160e-25
-2.347214063721420292e-25
-2.467614801104457130e-25
-2.388262492128950943e-25
-2.421730197215835564e-25
-2.196210512952656342e-25
-2.225389940497628321e-25
-2.180840255035298708e-25
-2.164246606916684687e-25
-2.339128874501860478e-25
-2.297170576555150367e-25
-2.320849542367231189e-25
-2.321097876456744421e-25
-2.256609336166183775e-25
-2.330423184670892270e-25
-2.317838623071669775e-25
-2.428540195525421339e-25
-2.257718836998580620e-25
-2.305720122900919079e-25
-2.303209853381043775e-25
-2.211361546205268525e-25
-2.290476939948268393e-25
-2.218094506525368213e-25
-2.389236797606746880e-25
-2.403524415897394695e-25
-2.330215469950133199e-25
-2.302192456345826643e-25
-2.434588366035791893e-25
-2.251619593506321321e-25
-2.116372282864428131e-25
-2.076412715078324676e-25
-2.142749162378935554e-25
-2.189108578284028380e-25
-2.185438491184847837e-25
-2.278352628186055195e-25
-2.215825599418615101e-25
-2.300628274201924927e-25
-2.296319368980965410e-25
-2.212210489194019523e-25
-2.338352960689659657e-25
-2.238227208993364641e-25
-2.342898648448831040e-25
-2.394244055517220887e-25
-2.094494474213363042e-25
-2.259875588720551689e-25
-2.415839641996808364e-25
-2.249665285959468498e-25
-2.353851759443253544e-25
-2.240652398912924488e-25
-2.363442725983694983e-25
-2.322849533760968220e-25
-2.281985393453269731e-25
-2.325595413166869911e-25
-2.261623473620388610e-25
-2.374012063166755579e-25
-2.323176468258371146e-25
-2.350045193268656781e-25
-2.297886964401590835e-25
-2.272663126910456365e-25
-2.290594315641118075e-25
-2.310124108687167955e-25
-2.279446500364668044e-25
-2.332127081989356322e-25
-2.408465885445121231e-25
-2.300052121566415895e-25
-2.249042619903175468e-25
-2.260228041751490761e-25
-2.283539793030034274e-25
-2.296786218029804947e-25
-2.313980345156281721e-25
-2.131975854260141290e-25
-2.192071231848209335e-25
-2.352953606842863173e-25
-2.340912314797782244e-25
-2.450530434098522824e-25
-2.211020551516830784e-25
-2.151945491971017149e-25
-2.262412152592955800e-25
-2.295437380467789362e-25
-2.280398372469076779e-25
-2.242111111580389811e-25
-2.323775089914977079e-25
-2.228410713070637561e-25
-2.241855934870262227e-25
-2.327764473336214292e-25
-2.309269923768634083e-25
-2.490705378167055801e-25
-2.312557150421468788e-25
-2.168172599537404901e-25
-2.232738813370839401e-25
-2.235313096924343535e-25
-2.185791137687073992e-25
-2.232103198807094234e-25
-2.235376948445574848e-25
-2.274790785854631368e-25
-2.341301526526792773e-25
-2.274407509657328100e-25
-2.485645407000433320e-25
-2.424914385986662772e-25
-2.376406334174823309e-25
-2.370557183271363554e-25
-2.265402347729010549e-25
-2.338578218060154234e-25
-2.395612756185309425e-25
-2.242780880745577657e-25
-2.283670349316258574e-25
-2.207879216618123570e-25
-2.296587551125354787e-25
-2.249650355685091600e-25
-2.381346951628380050e-25
-2.251510237689046793e-25
-2.356576248414788494e-25
-2.228053649739653848e-25
-2.220229709765485982e-25
-2.325444720299193780e-25
-2.293753280166228195e-25
-2.167801786846687725e-25
-2.134774957722620166e-25
-2.505068695971744215e-25
-2.341566527238423777e-25
-2.272766079218372902e-25
-2.337442547363688090e-25
-2.223468561653621009e-25
-2.417313599120596190e-25
-2.270672172122385917e-25
-2.366049352434195840e-25
-2.353712406397546657e-25
-2.098036541037812463e-25
-2.261476302221348950e-25
-2.276727243129095998e-25
-2.391068343694186995e-25
-2.264258421341910786e-25
-2.530995974121487077e-25
-2.367778864876724343e-25
-2.225643510340102936e-25
-1.996486528708620140e-25
-2.441576633434504374e-25
-2.326591579766087594e-25
-2.134963200139024273e-25
-2.267067507495695929e-25
-2.310721647615904780e-25
-2.334498207618228064e-25
-2.367428571450266634e-25
-2.446643532074151643e-25
-2.440480388009108838e-25
-2.375124586644493246e-25
-2.380064968909724702e-25
-2.378892825432973021e-25
-2.282507829260356815e-25
-2.294614946457628238e-25
-2.302837471228589513e-25
-2.269420761232017640e-25
-2.182194003166724617e-25
-2.086659442851083092e-25
-2.407273352851133534e-25
-2.293122538119715013e-25
-2.338965850108717532e-25
-2.398384488958558681e-25
-2.421244214634771357e-25
-2.330522473063069413e-25
-2.393967552938217640e-25
-2.264857890538939867e-25
-2.472234047527262936e-25
-2.228915594010314577e-25
-2.441545553387419845e-25
-2.280091069873457485e-25
-2.257658182399080166e-25
-2.336110055767152454e-25
-2.464631387096327124e-25
-2.407744271765159684e-25
-2.243033009240201311e-25
-2.352296569418875516e-25
-2.285877638465077661e-25
-2.522649030746723231e-25
-2.336871023073065288e-25
-2.452223837450236007e-25
-2.419895901711542497e-25
-2.386321614712953330e-25
-2.439387915434464774e-25
-2.229297475481530468e-25
-2.334040441256144099e-25
-2.359810214181588886e-25
-2.365421907394343061e-25
-2.384976678851334246e-25
-2.278942634164045738e-25
-2.366383233499456646e-25
-2.328789162972147443e-25
-2.321625130566536691e-25
-2.247995066842141520e-25
-2.321209530908398913e-25
-2.361589617849266096e-25
-2.245812588940649510e-25
-2.334745078258687739e-25
-2.433679618412658542e-25
-2.352323508866452386e-25
-2.289807296211318403e-25
-2.284875207061443441e-25
-2.437663785817304525e-25
-2.404796820205432123e-25
-2.314437582938636346e-25
-2.199909545925189529e-25
-2.287981224880642375e-25
-2.340363858432532610e-25
-2.157951375168962385e-25
-2.369082754494640892e-25
-2.351401565552621853e-25
-2.357415936631160868e-25
-2.276201591806134845e-25
-2.232320675245569979e-25
-2.235029457586917865e-25
-2.445754771056969649e-25
-2.307479432268672037e-25
-2.245707820914818695e-25
-2.241978372826743304e-25
-2.317127901535446751e-25
-2.304084850242360324e-25
-2.164718246898643427e-25
-2.260377170169630270e-25
-2.166821774248562636e-25
-2.140481629103080344e-25
-2.267871896181720439e-25
-2.230950420513803833e-25
-2.213996215091104780e-25
-2.347536566840782898e-25
-2.296649563318897632e-25
-2.336926689351991760e-25
-2.230629191511117339e-25
-2.203483036046561089e-25
-2.311047970718402953e-25
-2.289928807982432433e-25
-2.187100958882776535e-25
-2.392391064356372144e-25
-2.332340943516962587e-25
-2.333711745472874330e-25
-2.221674774065031638e-25
-2.229945278308128383e-25
-2.116252650013000909e-25
-2.121569935914237507e-25
-2.265156704987565759e-25
-2.089844711575097543e-25
-2.281509607904146298e-25
-2.239239921080685449e-25
-2.223843313743753197e-25
-2.118829914586368113e-25
-2.163167734903832425e-25
-2.262910951296928256e-25
-2.291566072528501245e-25
-2.381306516435278594e-25
-2.324016121070107228e-25
-2.217376812327017647e-25
-2.187409763742658099e-25
-2.126064395520819072e-25
-2.149725988932384248e-25
-2.032047755519511423e-25
-2.195998109273887375e-25
-2.154632067744606781e-25
-2.142999261348953476e-25
-2.201063897092950327e-25
-2.181646453340568928e-25
-2.043721248243904125e-25
-2.163855836997744596e-25
-2.139508325440692951e-25
-2.247980786061764633e-25
-2.304328884425652596e-25
-2.205823871166755019e-25
-2.181943753276732785e-25
-2.220801811920902270e-25
-2.074176993137336867e-25
-2.248881472740320889e-25
-2.147927203185309390e-25
-2.025744456093698908e-25
-2.082555343627978986e-25
-2.106747840164165512e-25
-2.168051554886762854e-25
-2.263202374944531382e-25
-2.187170155402786605e-25
-2.039392807102552930e-25
-2.254500897183987402e-25
-2.136991601509340942e-25
-2.195178216592947407e-25
-2.264682202123008400e-25
-2.036352746169798703e-25
-2.264712134600528305e-25
-2.091022745086465489e-25
-2.043185623031479199e-25
-2.239921925688279145e-25
-1.988132030285660502e-25
-2.172990956926463013e-25
-2.119766438489842167e-25
-2.076216088042220287e-25
-2.118275451299964213e-25
-2.157063732089429694e-25
-1.968699594640262049e-25
-2.185152043165882209e-25
-2.217788169442634506e-25
-2.048194967987389970e-25
-1.987543865082151364e-25
-2.227995640405423329e-25
-2.047555838817305350e-25
-1.969153558697405245e-25
-1.999078673390155042e-25
-2.054349821780517448e-25
-2.191480716820728406e-25
-2.183144391549177286e-25
-2.039000977054851755e-25
-2.089320107176531319e-25
-1.976799991866579920e-25
-2.155873781248105177e-25
-1.996825906569435996e-25
-2.020764494295911953e-25
-2.194295742028072139e-25
-2.170779926886193376e-25
-1.981115381662333198e-25
-2.006116778901105112e-25
-2.029710379223206881e-25
-1.975316181328530042e-25
-1.947405528759815498e-25
-2.101171938169030885e-25
-1.873538001260939600e-25
-1.981765637923520436e-25
-2.060884143473817065e-25
-1.997497544634485425e-25
-1.946072258846889071e-25
-2.007493093232433982e-25
-1.950671741774319853e-25
-2.037686944659461864e-25
-2.024397145813832298e-25
-2.073497467984533844e-25
-1.901545423548045229e-25
-1.964052293327796082e-25
-2.014908502963127145e-25
-1.951895007461562814e-25
-1.959053017214534523e-25
-2.030233122198412145e-25
-1.956956695501989033e-25
-1.936523037461343793e-25
-1.988870213672624236e-25
-1.984054508492457083e-25
-2.067070335717105046e-25
-1.992449655547582038e-25
-1.965144665346425041e-25
-2.064038070125926311e-25
-1.942741499803562276e-25
-2.016037567718006922e-25
-2.060335163153243428e-25
-2.078292267331641736e-25
-1.966967462834348929e-25
-1.846734850649106955e-25
-1.867272701119120540e-25
-1.954924162281131535e-25
-1.900434645185220503e-25
-1.853549751247519986e-25
-1.910308324711032941e-25
-1.897182468332102589e-25
-2.045033915165589731e-25
-1.929515303998156683e-25
-1.950267389564128137e-25
-1.855812742992003491e-25
-1.798018702962628863e-25
-1.836144222823124271e-25
-2.001981071383386662e-25
-1.929845600103014491e-25
-1.737161618049546310e-25
-1.830479417067850842e-25
-1.919942717711234412e-25
-1.917517153737369234e-25
-1.972599361422006924e-25
-1.940721850616106670e-25
-1.894878819320348031e-25
-1.863943625079794293e-25
-1.860307355522267147e-25
-1.867777263123159226e-25
-1.810259758929076427e-25
-1.842880917148869440e-25
-1.779818938155965341e-25
-1.945336302864195178e-25
-1.864256462564195608e-25
-1.869748977259697318e-25
-1.924432198816882829e-25
-1.811172897801763712e-25
-1.838842044398045387e-25
-1.805195169444107265e-25
-1.769427169031285823e-25
-1.789057728634208246e-25
-1.915980702098400110e-25
-1.840156413987618002e-25
-1.882361885800852601e-25
-1.829232003691724962e-25
-1.777125687879231853e-25
-1.834660091281285996e-25
-1.859730401288727791e-25
-1.632025245825325491e-25
-1.787229809384121333e-25
-1.690412145510773852e-25
-1.907272597384505919e-25
-1.806777550367797883e-25
-1.886746096741342183e-25
-1.791890048724637934e-25
-1.734683935303670758e-25
-1.803102251860630232e-25
-1.854159177786197976e-25
-1.801832292054616856e-25
-1.764131200874366195e-25
-1.738713931844892578e-25
-1.700293882754784959e-25
-1.675670330232760853e-25
-1.717897858261819075e-25
-1.709194708867796276e-25
-1.766379169825334843e-25
-1.708816919944682489e-25
-1.812911172987943989e-25
-1.740256267919294627e-25
-1.834725711526442665e-25
-1.774767675967211198e-25
-1.726228369913549487e-25
-1.777200273664980257e-25
-1.763217119681821475e-25
-1.764059886107772806e-25
-1.781531859554238706e-25
-1.767533020804401315e-25
-1.764823145285037935e-25
-1.794736180172380670e-25
-1.700815429847487017e-25
-1.768732416378801767e-25
-1.824843194457195045e-25
-1.763413022957282165e-25
-1.669776885572924384e-25
-1.677100311142735843e-25
-1.718531671423585617e-25
-1.770612497339851466e-25
-1.717675210238935214e-25
-1.666089574772210910e-25
-1.731820119506515508e-25
-1.693084921404530441e-25
-1.755859289212878937e-25
-1.692349457601660569e-25
-1.631477281730200575e-25
-1.578717809147145948e-25
-1.763456840574327711e-25
-1.589258104371297765e-25
-1.628088861895448851e-25
-1.705782737826363704e-25
-1.679485015012684240e-25
-1.731508854322259401e-25
-1.725431162910583669e-25
-1.548705441317272943e-25
-1.627931289902091304e-25
-1.598572405434295074e-25
-1.693342677067753068e-25
-1.580247955556244164e-25
-1.697817742594500665e-25
-1.659294366085114312e-25
-1.686588676005275711e-25
-1.617410820591978903e-25
-1.776003126045481521e-25
-1.514000008535257899e-25
-1.677212594674417037e-25
-1.690853142033282210e-25
-1.647820040525998975e-25
-1.685833643190654324e-25
-1.690561225825558993e-25
-1.535007709640829395e-25
-1.639259195505717336e-25
-1.625586441409626626e-25
-1.580127158223075302e-25
-1.601570878662475483e-25
-1.686145341744520885e-25
-1.663803279015504947e-25
-1.615255846687119892e-25
-1.567645975099104559e-25
-1.495833523879259129e-25
-1.646650916111685008e-25
-1.617742407066980918e-25
-1.696178334207114151e-25
-1.565524499945600162e-25
-1.546272683341059222e-25
-1.540078382647684954e-25
-1.577804072204100587e-25
-1.619280882454488774e-25
-1.529494558179059741e-25
-1.545083027512858114e-25
-1.616606489961124062e-25
-1.497038516488309802e-25
-1.538476207596721741e-25
-1.586624877581605542e-25
-1.549679057993429270e-25
-1.700077279379150654e-25
-1.527440455882089008e-25
-1.601635912223816048e-25
-1.628979290078597696e-25
-1.465899888912993362e-25
-1.558937534264083631e-25
-1.530158971483098386e-25
-1.604483692412393488e-25
-1.560610728966492180e-25
-1.516974374075909305e-25
-1.487698457719139592e-25
-1.549461350600213159e-25
-1.562790869534453997e-25
-1.559831139075309678e-25
-1.550971924761820642e-25
-1.516015123637394823e-25
-1.549327635637502794e-25
-1.514467449453158252e-25
-1.607054394592048652e-25
-1.565450338638040620e-25
-1.510242331783279849e-25
-1.478011020946301277e-25
-1.401158462021672670e-25
-1.506463330582262829e-25
-1.490785177230184647e-25
-1.508573630733135306e-25
-1.524875702899102681e-25
-1.467295315855733030e-25
-1.471342403213248045e-25
-1.494953895408225484e-25
-1.479459590880501260e-25
-1.452901418952502687e-25
-1.450209723515962305e-25
-1.476367327371275072e-25
-1.441444316730469507e-25
-1.413429183880451018e-25
-1.442927166898540741e-25
-1.372648050852560848e-25
-1.474086316444126224e-25
-1.434107442751962888e-25
-1.439615495075999800e-25
-1.436481580338755761e-25
-1.521430922164806132e-25
-1.328707727345715019e-25
-1.433567117822271896e-25
-1.477044921192653596e-25
-1.445753841976407847e-25
-1.411363770621343304e-25
-1.505930371998341510e-25
-1.468066150297602017e-25
-1.419916862546223348e-25
-1.376492864156263716e-25
-1.429361113409237473e-25
-1.368055848470432904e-25
-1.446986478563527542e-25
-1.376247917392683949e-25
-1.307951776217023241e-25
-1.393366794852453607e-25
-1.442641907488325906e-25
-1.426376361578068920e-25
-1.421351219502223333e-25
-1.311267106487599280e-25
-1.413459004778390661e-25
-1.372565348303438172e-25
-1.466849961694053805e-25
-1.398553734792615842e-25
-1.348374606131369007e-25
-1.323011522576251299e-25
-1.436281222578615792e-25
-1.387774972563800034e-25
-1.376592778470919150e-25
-1.350934582895693757e-25
-1.325157306347081602e-25
-1.356537011419837508e-25
-1.348686376022720442e-25
-1.318598945158678843e-25
-1.300548919626499728e-25
-1.334969631765648056e-25
-1.408201718417050816e-25
-1.376908697355048057e-25
-1.311881749826361428e-25
-1.277634258369742549e-25
-1.346911550210719668e-25
-1.345144568918730403e-25
-1.293816666228887280e-25
-1.410076104756907259e-25
-1.335008526202959162e-25
-1.275919072471681466e-25
-1.241184212094464431e-25
-1.238892513657709999e-25
-1.246209748382054006e-25
-1.195335457808096516e-25
-1.296230751098965383e-25
-1.201436852016247794e-25
-1.192196275647793008e-25
-1.265446720572171325e-25
-1.326664342531604641e-25
-1.262997380410341312e-25
-1.239760768654179837e-25
-1.236886899231809815e-25
-1.336434515087798312e-25
-1.302422575485857590e-25
-1.286535184021605674e-25
-1.294351376449715241e-25
-1.270636448755988769e-25
-1.323829124501992210e-25
-1.226769938889819492e-25
-1.268824264865845845e-25
-1.254213353223877397e-25
-1.254464271285196585e-25
-1.230781656659437644e-25
-1.255409645661581015e-25
-1.208331446965486819e-25
-1.220527855325083075e-25
-1.169588398738030177e-25
-1.188670833409953729e-25
-1.242834015941454994e-25
-1.148397597201897891e-25
-1.248464155749708211e-25
-1.235798346650749750e-25
-1.169264453443102135e-25
-1.234087452239317923e-25
-1.217496939496096003e-25
-1.190456110319472633e-25
-1.156732404108151564e-25
-1.170472041920751608e-25
-1.176666031331665889e-25
-1.193846056621739217e-25
-1.194981746937251763e-25
-1.134490328168879877e-25
-1.182824520465279416e-25
-1.156555226327347251e-25
-1.167055384558798647e-25
-1.157756776119655003e-25
-1.103932122261899036e-25
-1.133376778446188541e-25
-1.091072626102796188e-25
-1.170878353505254242e-25
-1.116756317707366969e-25
-1.151877529295943382e-25
-1.077302074442727951e-25
-1.122720108545174022e-25
-1.095359050004507876e-25
-1.139614066797846894e-25
-1.078733825641327679e-25
-1.131112099270336800e-25
-1.090512796906905006e-25
-1.085630603351366128e-25
-1.112595514044700233e-25
-1.104360941232594886e-25
-1.112435469060347722e-25
-1.160366199003246031e-25
-1.090396983484669214e-25
-1.093650968701156716e-25
-1.123641377117586725e-25
-1.135055737458294271e-25
-1.099588382099428317e-25
-1.058143166323590092e-25
-1.003227168113244147e-25
-1.064301182340573523e-25
-1.035296256828338556e-25
-1.112875105803814662e-25
-1.130988228930215628e-25
-1.058027654316328539e-25
-1.012402802068529318e-25
-1.029127097368911422e-25
-1.138559639283880221e-25
-1.103514616420983433e-25
-1.056016184323139493e-25
-1.094980869769154313e-25
-1.041606843115425005e-25
-1.074585681522991623e-25
-9.605199211785962374e-26
-1.038412529162619551e-25
-1.013414552003962668e-25
-1.038557585283549710e-25
-1.063677500757099754e-25
-9.689310074247286194e-26
-1.042146619384804209e-25
-9.783270405733671821e-26
-1.000835585214833801e-25
-1.064350777617296767e-25
-1.011591635064569924e-25
-1.012500398500117853e-25
-9.979547266760792434e-26
-9.845072298178967607e-26
-9.500586580036976471e-26
-1.048034320916041436e-25
-1.040856222634529783e-25
-9.386755524507390172e-26
-1.036125188972810188e-25
-9.784449917845937932e-26
-9.849207734836919634e-26
-9.734979334653014257e-26
-1.072066567253334141e-25
-9.494321149325981797e-26
-1.074172645819155020e-25
-9.950953603533571826e-26
-1.002292997056556832e-25
-9.723653259410370658e-26
-9.494859515748790836e-26
-9.829106323382430708e-26
-9.475524144103268401e-26
-9.683043946681866788e-26
-9.659726983066899275e-26
-9.763056054584310153e-26
-9.643991089540384387e-26
-1.010437424573410008e-25
-1.004758353118986250e-25
-9.155856433556598259e-26
-9.665212937634670120e-26
-9.512386163846502497e-26
-9.138968429453258195e-26
-9.109441959619754124e-26
-9.162462816043981473e-26
-9.193192922654103206e-26
-1.000074234031478970e-25
-9.688999562582163673e-26
-9.711374281843555176e-26
