0.000000000000000000e+00
0.000000000000000000e+00
-1.703411787959300891e-11
5.437174553595751847e-13
2.690016296451223887e-13
1.260344137576652163e-12
5.492304507438280098e-14
-4.076900510741290571e-14
1.226034939587754338e-13
7.872340670002860094e-14
2.033472268887235837e-14
1.887979038376290497e-14
1.833877541333335247e-14
7.112597292677594423e-15
9.867236421216570668e-15
-5.915191566470788062e-16
6.887534445072527190e-15
2.294753010111054966e-15
4.221355612396629272e-15
4.019175673259697066e-15
2.828349458956849778e-15
1.235822858645879936e-15
7.789323581087490584e-16
7.165460933513368068e-16
6.317473237733231155e-16
-4.299427051556459514e-16
9.741566665572321798e-16
1.923023597651522214e-16
4.993550731580708166e-16
4.921891124988951793e-16
4.364285875929931242e-16
2.172932277799265402e-16
3.105281336646752563e-16
3.913344370737528942e-16
3.212637240482969913e-16
1.840315195550018644e-16
1.227230147354092976e-16
1.630302985472694320e-16
5.979817360224593473e-17
1.462952945197592696e-16
1.172554404485448206e-16
4.571323082659272506e-17
2.323171127616769075e-17
4.412610481876437197e-17
1.025321741966250914e-16
5.648649900363423398e-17
9.838130626494249942e-17
4.318880595280285212e-17
4.830483949851073273e-17
4.233639819322599997e-17
3.117509970861241065e-17
7.004829130339310012e-17
7.036889280325897498e-17
2.454184395105871194e-17
2.851599286934570472e-17
1.822641711805381690e-17
2.925685595596723278e-17
2.692984686985216550e-17
4.579505560775035082e-17
2.465494918430222234e-17
1.675071666929108196e-17
1.734068473371706027e-17
2.605205629722140061e-17
1.176744756525917030e-17
1.981817327628838539e-17
2.123195367241365162e-17
1.928619666460686350e-17
9.876038640866148581e-18
1.580275366743267411e-17
1.695826879260718442e-17
6.316054083076311615e-18
4.672866788548597607e-18
9.889650358116580119e-18
2.004464933534896277e-18
1.390480637145346465e-17
9.043307291882781138e-18
5.279175464071132873e-18
7.627227958966209739e-18
4.297616194770523292e-18
8.707709109381752646e-18
1.095170974563156363e-17
8.649164899412028889e-18
9.015581870817032882e-18
5.984536838876649675e-18
3.212173973415479283e-18
4.968256437841436529e-18
3.405034145456328542e-18
4.320479209169413855e-18
4.461640029367226839e-18
4.375306992034197929e-18
5.350496891726080588e-18
5.832470754483680852e-18
3.683194823453724349e-18
5.229636769490619477e-18
3.096020730727824764e-18
2.124436009402751472e-18
3.433292850569450651e-18
3.500785943384613576e-18
3.310432618909628062e-18
3.968676608526466901e-18
1.809649623485911518e-18
1.841289456321129227e-18
1.521460786448553388e-18
2.706304717930939122e-18
2.020891524759222728e-18
2.356023846591327801e-18
1.007668668847639288e-18
1.846902837732333935e-18
3.033980312584436116e-18
2.478313822457704959e-18
2.142275808167505532e-18
8.584063819219023456e-19
1.845995732148411858e-18
1.517848182285180478e-18
3.032343064814626234e-19
8.514292668629772139e-19
1.795587312871582408e-18
1.545592649673982748e-18
1.444662953443027378e-18
1.349661991771298196e-18
1.099977325264536278e-18
9.149539585596637595e-19
7.755939226591152161e-19
1.088010221893336144e-18
4.363751016321504665e-19
7.432947364150697677e-19
1.157641830187491789e-18
7.269643515179142864e-19
8.253502983012581360e-19
5.683290299417663675e-19
6.003272902073286810e-19
7.357618649652669236e-19
6.369671364602516486e-19
4.450888660273681673e-19
8.345093723031965811e-19
9.142754261007880998e-19
9.679137214114389913e-19
6.319161780992338380e-19
8.194382872432268517e-19
4.627696017243134351e-19
6.396446544883893975e-19
5.947297738297620435e-19
3.814441120237277562e-19
2.619036963591211270e-19
4.557669710101676802e-19
3.164630185368672028e-19
4.281598613619587035e-19
4.781335498393381666e-19
3.859972551328534813e-19
5.246638502915076928e-19
1.963559747459741928e-19
5.492772819948822991e-19
3.367940880079767613e-19
5.555248154473994407e-19
4.721458182163756346e-19
1.788621849207960986e-19
4.377709110805959088e-19
3.776844116760251098e-19
3.476215308741463143e-19
3.035967843634181907e-19
1.919092032351790576e-19
3.734992913685895441e-19
2.630129147410228209e-19
3.454899885167959919e-19
2.560205274954317045e-19
2.234368782156967313e-19
2.362848076135406522e-19
3.047311231353956373e-19
1.691884910150401970e-19
1.778382912106980341e-19
2.691556752300264683e-19
2.468292681904078717e-19
3.624893843418356055e-19
3.339467641946358345e-19
2.039172441293260411e-19
1.808971881562316069e-19
1.642551742312022570e-19
1.942107533027047697e-19
1.587694320960698760e-19
2.027667094342436019e-19
2.363221824270071169e-19
1.335924942615048269e-19
1.882602715383160649e-19
1.607667088317686376e-19
2.025327850377002165e-19
1.180924709882106877e-19
2.109145851988640626e-19
2.000614689020461576e-19
9.161584583271613415e-20
1.599109770807132540e-19
1.568205966260864138e-19
1.568018987535136444e-19
1.364978481263331024e-19
1.712494517653978504e-19
9.760240105444602390e-20
8.509086569482677566e-20
1.311562254540836968e-19
1.699044648175998555e-19
1.191808293751615029e-19
1.348214946346376619e-19
1.314380080554228149e-19
1.040551700159426550e-19
1.131040267091295065e-19
1.142687751249380274e-19
5.542019457805413555e-20
7.347790812775332166e-20
1.054855782518842956e-19
9.772878646869662135e-20
1.000726428493326475e-19
9.109080359333782944e-20
1.150732763302197701e-19
6.407066054193948989e-20
1.181185801444091219e-19
8.787642224165590293e-20
8.067744793374962775e-20
1.239189413454209953e-19
8.565048728849984611e-20
8.311722572155852482e-20
4.716917537430375707e-20
8.437220331244797051e-20
9.548525149719797654e-20
5.768282838219702137e-20
6.998065013702434766e-20
5.237300287671458404e-20
7.429434839347446837e-20
5.714755283088316439e-20
6.405877052342809724e-20
6.077915985047841299e-20
7.051223287000024792e-20
6.933102718425849606e-20
5.700697265946531490e-20
5.175298142772659811e-20
5.363336910240360479e-20
5.682383564522455415e-20
5.239288288215685572e-20
4.172214854810927102e-20
5.090073130466537312e-20
6.189962110305130977e-20
6.260459883143243057e-20
2.473670832496670445e-20
5.784162436437802450e-20
4.400745758320088949e-20
5.772085876527441461e-20
4.273347244516304306e-20
2.948061661271007769e-20
5.303454287017304168e-20
4.326879396719286582e-20
3.293800487193213317e-20
4.688326931371959988e-20
5.641841972132000939e-20
2.980107700355618047e-20
6.785938847791776223e-20
3.388357638341366040e-20
3.208477350346867469e-20
2.222886426327870683e-20
4.870642337136482232e-20
4.072989403242577634e-20
6.669921258857721946e-20
2.409155488817807826e-20
4.607634276026209875e-20
1.958869433952759841e-20
3.478204663581569805e-20
3.246321750903666251e-20
4.886343632740420670e-20
3.610991522483628279e-20
1.726105665739746224e-20
2.321235247802376002e-20
6.138638802565540132e-20
2.937154006645726416e-20
2.781639377135747356e-20
2.394163490629636245e-20
2.679470556239115495e-20
4.774271027821506941e-20
2.851877956671641515e-20
2.642195486425111610e-20
2.105243900357544190e-20
2.583155251156465480e-20
2.698692323338729229e-20
1.599026279283451363e-20
3.867302879905446909e-20
3.310026866912058508e-20
2.499059619916702128e-20
3.312259461919297128e-20
2.130630850173935455e-20
2.992320160228351201e-20
2.650120460945036284e-20
3.009551483568769758e-20
4.102517745699226793e-20
3.476582310685214963e-20
2.479517582882505038e-20
2.399475167540833997e-20
3.233645236866122223e-20
2.079906205129411080e-20
2.977637789291306068e-20
3.067857048579013645e-20
1.894879165920152370e-20
1.332894197172017723e-20
1.760943264391209034e-20
2.831716757567296775e-20
1.942502639288682485e-20
2.310834068969485449e-20
2.248478412920189515e-20
1.367507029729861525e-20
2.502218767006091511e-20
1.946342988571788916e-20
1.838081511336445668e-20
2.384603789488543111e-20
1.977591766681249015e-20
1.890168907791724942e-20
1.597328990703538952e-20
2.593495461860845810e-20
1.232068973020385345e-20
1.846744393578714397e-20
2.316470961322181281e-20
1.662923079085484112e-20
1.609661471191917803e-20
8.766611436428932218e-21
1.558815668782668122e-20
1.279314737981948955e-20
1.456633591819837328e-20
1.327826348057194825e-20
1.635137420247416234e-20
1.888974005945537973e-20
1.628436095002738684e-20
1.695134775488744809e-20
1.492048778819106071e-20
1.297956466453262570e-20
1.307309451308687387e-20
1.342535732589981295e-20
1.603888025684524670e-20
1.402469030828060912e-20
1.541026378386301994e-20
9.778791299969055716e-21
1.600679737746656672e-20
1.298424438348934299e-20
1.087858026025787824e-20
1.991051238091587952e-20
9.377670383778720869e-21
1.434272375641903665e-20
1.437843671270136377e-20
1.172768352417286024e-20
1.314475376219133884e-20
1.152075624096247353e-20
7.508116654336626473e-21
1.015785941931798759e-20
1.365579542580104432e-20
1.206807244716992767e-20
6.272598173074535742e-21
1.366467439978271912e-20
9.813912432961514895e-21
9.858573049844796211e-21
1.297861118647336499e-20
9.244857537914865069e-21
1.066021699155541670e-20
1.377196146921305313e-20
1.100730450015579756e-20
7.813425305530812610e-21
9.143506885892790959e-21
1.293436736589470623e-20
1.052755316095832335e-20
9.848096417348249428e-21
1.193410498487388055e-20
9.123087680628191757e-21
7.412991801305103471e-21
9.990260620129338959e-21
2.872421040738061743e-21
8.392329021513591986e-21
9.533770422967080427e-21
1.098103516199273790e-20
1.050765401961142985e-20
9.531851983095620914e-21
1.075404101356661730e-20
7.826925603271346883e-21
9.555615943690144271e-21
1.033807106648737256e-20
7.247341830218634811e-21
7.119813640433240545e-21
5.864509088990138768e-21
4.092128109487598998e-21
8.378877619256571526e-21
8.388637638494345107e-21
7.096815014839949446e-21
9.973260463107229063e-21
7.925113045803413865e-21
8.152881135635258861e-21
8.005526237589277816e-21
8.213205822868586500e-21
9.242859940386958613e-21
8.276915463530352198e-21
1.029816866695875898e-20
7.430400911496201509e-21
8.152181810010919232e-21
8.280659804734766124e-21
7.582011716211784010e-21
4.929996556923689716e-21
4.340599906768178047e-21
4.726470095783861819e-21
7.032366100433325754e-21
6.434792354301494637e-21
3.172984905878206231e-21
6.340147405016856168e-21
5.324968238678778283e-21
7.662165421144444629e-21
5.707927751369657172e-21
4.396931917647122942e-21
7.879949233795898776e-21
5.978952878421432120e-21
4.305887010946383911e-21
7.286242423383251620e-21
4.753867049194232699e-21
7.418332246551389605e-21
7.702914343052257385e-21
6.456289667812132380e-21
7.333674575322033011e-21
9.520855867220043847e-21
5.519399352604026249e-21
5.493971771316255908e-21
2.779393868856316960e-21
6.461755558337757170e-21
6.391073334418423902e-21
6.637081548542743672e-21
3.450280108952537053e-21
5.921939292803195776e-21
3.165047781265239044e-21
4.974862324908606515e-21
6.281295881389968137e-21
4.015745144041544126e-21
4.290915177393605503e-21
3.248437127281010687e-21
3.903210830964429743e-21
3.568023152021013516e-21
5.707303903355775752e-21
5.467920041620269792e-21
3.711186165856557265e-21
3.652253127206532051e-21
3.199148980827140332e-21
3.105260540824719624e-21
2.117153425708370046e-21
4.484263107418299378e-21
4.339673535074978134e-21
4.001888029181037196e-21
4.769825892945870393e-21
4.395688667846296897e-21
4.462589654197121801e-21
3.426665007114857858e-21
3.668412030731673815e-21
1.837009758642108935e-21
2.396480792977443788e-21
3.283163035099148826e-21
2.908034960461791734e-21
3.718160732284635356e-21
1.895819922388468316e-21
3.769506205343550371e-21
2.307971112251540293e-21
3.948672777536486553e-21
3.114299889401908876e-21
2.498948148524932273e-21
4.571502752137315560e-21
2.656212485061850626e-21
3.795201942758370624e-21
5.004855976717094423e-21
2.324038288966573381e-21
3.037146214204401953e-21
3.510370700841811052e-21
3.869954267514336747e-21
3.920672032410967457e-21
3.247124110194509366e-21
4.520556040410948319e-21
2.596073447759849689e-21
4.230501328339058460e-21
2.143599166189561776e-21
2.593010350848510016e-21
2.587596959134390691e-21
3.760609789998559791e-21
1.983694640709015905e-21
2.682499583910226400e-21
3.514060565136668735e-21
3.546701244459247111e-21
3.854800437365252716e-21
3.403033292978371368e-21
2.774183581862417269e-21
3.592676985186381670e-21
1.338865745561600608e-21
1.993472402507407218e-21
3.143227571565864280e-21
2.687044046430045642e-21
1.010741209045674615e-21
2.235257328074498268e-21
2.318976976842685789e-21
2.589396844479166883e-21
2.547822330428888395e-21
2.119471760364451979e-21
2.231969141539543781e-21
3.197900876179769177e-21
2.596799960777718567e-21
2.018562975614598668e-21
2.208325706173302572e-21
2.444452744849035654e-21
2.328911282295213823e-21
1.305128446744639520e-21
1.887150381522871260e-21
2.710333007914166073e-21
1.732659081904226208e-21
1.825500031111500965e-21
2.735177310260336425e-21
2.513641195737734689e-21
1.938780348388492623e-21
1.258386545817279395e-21
1.515296424609128876e-21
3.482322451329178358e-21
2.201870781747223638e-21
1.605064378660106758e-21
1.182267659658743004e-21
1.613975271544543937e-21
1.662592857562162220e-21
1.006057192672431444e-21
1.043268947402900315e-21
9.992481659570518251e-22
1.597939224265487569e-21
2.379783605708147964e-21
1.597967147381348014e-21
2.014192275011014203e-21
1.889930746166185251e-21
1.294186742133416159e-21
1.676516564789119407e-21
2.302826771367873737e-21
7.875890289395957763e-22
6.727702377706398191e-22
1.075676848040264656e-21
1.220786797567923677e-21
7.279450489595205798e-22
1.272116891199269776e-21
1.401788679295367470e-21
1.673129650112982107e-21
1.495202722293232058e-21
1.919170129602987637e-21
1.633960207160703607e-21
1.161678668134775648e-21
1.804337136941983863e-21
1.469676502984487123e-21
1.876778459952276131e-21
1.158492799187728974e-21
1.428943292912245260e-21
8.330541142207408540e-22
8.223403435547996500e-22
1.727585919657521500e-21
1.146402469890989623e-21
1.232503635607699741e-21
9.910220466797662241e-22
1.720085048126711658e-21
1.236559200037013632e-21
1.273760096978511938e-21
1.288704446782890827e-21
1.121831901538391150e-21
1.187496101572776430e-21
1.282773501192315933e-21
1.086136133187589845e-21
1.445005168969769747e-21
9.278693290337084991e-22
4.541256148132848885e-22
1.457773674214877489e-21
1.603412613910341610e-21
1.419089722750422475e-21
8.513737645775969520e-22
9.805691922175982131e-22
1.103896889484985651e-21
1.409916052840216671e-21
1.244723255391515591e-21
1.018085336392495186e-21
7.384666806585448915e-22
7.790795152421297915e-22
1.784249213936500766e-21
1.002357666582076506e-21
1.267345359596224883e-21
7.692378063491700201e-22
1.468113675270093354e-21
7.696605109254070241e-22
1.042063271815530787e-21
3.504408199060226406e-22
1.365310235082882320e-21
6.320209595823780907e-22
5.328945847144767530e-22
3.373770145314807251e-22
1.050252059036922773e-21
7.377702453677272828e-22
9.066058406928611108e-22
1.552493517386041584e-21
1.088458286618648190e-21
6.806761196052957863e-22
8.912127248906341580e-22
7.636334568977880492e-22
9.843823977427069470e-22
7.143120467979659022e-22
9.664312455485285467e-22
8.557816716472698743e-22
1.204463471179255259e-21
1.043943498006336699e-21
1.253862073712145790e-21
9.128578565474558627e-22
8.630654426026710224e-22
6.553479444859753884e-22
7.175944225864221453e-22
7.076960844757632118e-22
3.039376947877770615e-22
7.516602648701436107e-22
8.080645438089404393e-22
7.507237896350092343e-22
3.542118290630362386e-22
8.686486613673182363e-22
4.609359408315889131e-22
1.349966356427694129e-21
9.071169973063187480e-22
8.341432793635289405e-22
9.243621228484779223e-23
7.592198638268277504e-22
9.375413391764626665e-22
1.214638154395910261e-21
5.772703694302337870e-22
9.318042672201634154e-22
8.096774736231358857e-22
2.915968443101481029e-22
7.055839155808789485e-22
5.937673908377487755e-22
3.317781835771050605e-22
7.482979121458928805e-22
6.352696166506076291e-22
2.389141738934726338e-22
2.434590456334914769e-22
5.260925350310896015e-22
6.540141098090049210e-22
4.515113087565341693e-22
7.002212583357471491e-22
4.925839272693768060e-22
4.395594632108634608e-22
6.003014701142592340e-22
3.399518231793762311e-22
7.701809694727236068e-22
4.641364111215067275e-22
4.867486411341012198e-22
3.294110968811434989e-22
8.566542859298860941e-22
4.161136939421939663e-22
6.904998908700564386e-22
4.332572205255878850e-22
6.149651574048877421e-22
8.498308879407064187e-23
3.838000328017393282e-22
5.488227718104250392e-22
3.098074172231385073e-22
6.562750426145600229e-22
7.974321519778952379e-22
6.078824877056701898e-22
4.346624234509448768e-22
2.401572990039877237e-22
6.284982819455584423e-22
6.784397013844528866e-22
2.373522786419184273e-22
2.729725857500261718e-22
6.361854160092032171e-22
6.590783718579981453e-22
4.052861552619205866e-22
6.569074999906876406e-22
3.557997685325928052e-22
1.215098721809461411e-22
2.599205722219442062e-22
3.792737960395585031e-22
6.359536667007864385e-22
5.598896064675729394e-22
4.904580345185470448e-22
4.754433407268187277e-22
7.213350805147965949e-22
4.325157785767744646e-22
4.101124168311073898e-22
2.613840539786853456e-22
3.069277234349005496e-22
3.296636100476385353e-22
6.923006489572728317e-22
5.669300018644601619e-22
1.655301206155990142e-22
5.079242554650749096e-22
4.813957139751476480e-22
3.361643046976717029e-22
2.856082059213905010e-22
2.599304117482782226e-22
5.266942311633944618e-22
5.771284623828908743e-22
5.763063335846543475e-22
2.156795014771074776e-22
1.793350600899276612e-22
5.496176052297454378e-22
4.543147246964782639e-22
1.915176632482325501e-22
1.497983024627697972e-22
3.766429007574678780e-22
1.410995031278031034e-22
3.185526161727672574e-22
5.095095024607416233e-22
3.750995414608197377e-22
4.895602699301917903e-22
1.924289461765933001e-22
2.015896639582281870e-22
2.301062830333237346e-22
2.706089625198776414e-22
1.907771258857793378e-22
-9.220196594219874196e-23
3.558548132885914606e-22
3.770702122235186355e-22
4.252075203288546770e-22
3.151371906726380051e-22
7.916013299921274424e-23
1.923636655518031676e-22
4.158074441959740319e-22
3.711989758869458240e-22
3.109183515479121685e-22
1.005609729989762562e-22
4.245827571851631829e-23
4.409739188324400470e-23
2.194804867232804705e-22
1.059823998833901475e-22
3.419079281846979457e-22
1.640485099899629864e-22
3.999599588821519891e-22
3.114882513774967945e-22
9.064486245102808429e-23
2.186493504907764369e-22
4.756053391568200797e-22
2.983537716345480682e-22
-1.537725700031897323e-22
3.103505108863637012e-22
5.390162083272869959e-22
1.034498548860276045e-22
1.558522120043558629e-22
1.949200131452920208e-22
2.229100488834276240e-22
4.364010162506701233e-22
1.890549043998081606e-22
2.464163675563335218e-22
1.651946717003169329e-22
-1.935779182349444738e-24
3.277775976370051067e-22
1.537837800155668893e-22
2.058888447361344246e-22
3.302335702923571749e-22
1.393075012416802693e-22
-3.277339546323883131e-23
1.933779794865016682e-22
2.876394112432183411e-22
2.710543307069653476e-23
4.240311006604088138e-22
1.677111927055176755e-22
1.530885414444694965e-22
5.984507000805947488e-23
1.597309443812621119e-22
2.934090095690102189e-23
2.349699841194960066e-22
1.892032167670155446e-22
4.198219523531832275e-22
1.868738903341594333e-22
1.550091018195772506e-22
1.631950783445983660e-23
2.564934731560396372e-23
3.040141759257545187e-22
1.407720237205662922e-22
1.597569250663194193e-22
2.801918009374432096e-24
2.410134688051638690e-22
1.579886304011227707e-22
3.617998853700222641e-22
1.822475347876396138e-23
1.719517136852770943e-22
9.580801373789916296e-23
1.582900999184954962e-22
1.640112296100807005e-22
4.569080299681926537e-22
1.599189425160554538e-22
1.458701198419369047e-22
5.566713028685506015e-23
1.688062608817503916e-22
1.698869184055110584e-22
1.343817522412243354e-22
2.325194986609991720e-23
2.965837001228385456e-22
2.689251599106613372e-22
-5.187993448148357136e-24
1.990279952814513340e-22
1.277454909694916834e-22
2.979195788810359946e-22
2.382299303131934084e-22
-3.378318178799540989e-23
-1.104565381608803715e-22
2.101663194226175350e-22
-1.976309061123770281e-23
4.506151612957633125e-23
5.869941365392334254e-23
2.290720912994056125e-22
1.120727491019693411e-22
3.816391749793873380e-23
8.284824106973564469e-23
2.616335047152680318e-23
2.356711667240365604e-22
1.710155293214451824e-22
6.728593402764568559e-23
6.566929431275680327e-23
-6.599131948263435912e-24
1.642962365985134249e-22
1.211200510103921116e-22
6.412466934166283993e-23
1.564000291327305203e-22
8.094402370200350372e-23
3.496434293157070544e-23
5.798969457375842915e-23
8.609889250488684515e-23
6.446648268292111409e-23
9.804470049728297755e-23
6.277178365006043838e-23
-6.927504866827192310e-23
-5.426106545550025285e-23
2.574527200144356808e-22
1.185972686338070591e-22
1.119221750706472638e-22
2.439458255335591803e-22
7.527733344045146379e-23
1.297097128874218781e-22
1.149165787410978756e-22
-1.184366895511509436e-22
2.291288516974883717e-22
3.490640827119309498e-23
1.274950760203112981e-22
9.152620229266945879e-23
1.158536000967080249e-22
-7.525010075035227608e-24
6.452804375324377090e-23
2.806853247466863808e-22
7.509412513143363940e-23
-4.809189316418941851e-23
1.063193039373702239e-22
5.423632905572654463e-23
1.073948648647069833e-22
9.456139929456783614e-23
1.433697305608896484e-22
-1.058958863340420677e-22
8.317242050304093295e-23
1.533096514527183379e-22
6.083221994922909649e-23
1.762673567355165837e-22
-1.879847377956253379e-23
4.407446844897737295e-23
1.572395104292785800e-22
9.488793888293191004e-23
1.254386422606807710e-22
4.545991572010711559e-23
1.024973036113653057e-23
5.553505988883821055e-23
1.399593181628832115e-22
6.444520128521310255e-23
4.251594721709480208e-23
2.067271420213595890e-23
6.678610270986354077e-23
9.589118361460686653e-23
2.052687156428864269e-23
-3.014225639825517349e-23
-4.721716634548835650e-23
9.598517543630612942e-23
-4.120000396969345055e-23
1.143477798419715800e-22
4.356709607985909554e-24
4.858454630330159565e-23
3.630361652142354383e-23
3.201541241719898962e-23
4.999725552040767321e-23
8.191540930729789512e-23
1.760987649164284758e-22
1.799992668455119175e-24
-7.671569548661897242e-24
1.107213130026333134e-22
-2.883295438598451290e-23
8.550281298169288852e-23
-6.316054720526497898e-23
-3.911394068931612977e-23
-2.492978060401508186e-23
-7.367210933478880545e-24
-3.351696157943856810e-23
1.144053760068346087e-22
-8.817758536485562705e-23
4.872388901780477956e-24
6.626211489255590084e-23
7.338507256664726502e-23
-1.314009786629804073e-23
9.884780079297601399e-23
1.759044839195743539e-23
-1.202798004492747220e-23
-5.191107712451562182e-24
9.726053892545452892e-23
1.156875510741014786e-22
6.589682402864879614e-23
6.692591413579639760e-23
1.965777776993630738e-23
-5.648901577981783401e-24
2.927760574763571130e-23
1.904435980722619797e-23
4.211365511456341281e-23
2.133775030829542609e-23
-3.883535825585307832e-23
-7.587261145089313794e-23
2.017118849864755160e-25
3.068844866344566101e-25
-4.450823251455501146e-23
1.679577173509270470e-23
2.021973157107958828e-23
-4.658947339524244979e-23
-3.974043358631670662e-23
-4.886420903395646548e-24
-6.580249917937386010e-23
1.336071222506406521e-22
7.996148653185859022e-23
6.344815876007811161e-23
-1.187756888708468061e-23
-6.445251708671173971e-25
-3.569575339937884325e-23
-2.415266591231925302e-23
-6.334872536689909520e-24
-5.541087041111445118e-23
-2.024283635301360457e-22
-2.194381682833537442e-23
-2.322845475509639712e-23
-3.035898502739848993e-23
2.484473715562122587e-24
-2.456380365141630174e-23
1.464025868578641146e-23
3.948225361578248819e-23
-4.001247757314337113e-23
-3.646992345944680756e-23
-1.106966410309362122e-22
5.367457302396465996e-23
-1.458163565008747726e-23
-5.494889647232653753e-23
6.074764811151403094e-23
5.506487665281890365e-24
-4.433016653337734388e-23
-3.805472493961033551e-23
4.962930198609062477e-23
3.498240480296146722e-23
7.022263211231638457e-24
-9.741544863546387360e-23
-2.584324534555657327e-23
6.694472552535782985e-23
-4.464184409462708595e-23
-3.869941396182282678e-23
-6.667483007489609214e-24
-2.203438843735918766e-23
-2.703873899212433846e-23
2.584225712158367746e-23
-2.135841279809641131e-23
-2.709247894231886842e-23
-3.811325992694873576e-23
9.975200377042841803e-24
-1.921642928976148631e-23
-1.598288317428006871e-23
-3.971649912488925836e-23
-4.682805025735167643e-24
-4.036797050865149229e-23
-2.220610857929432489e-23
8.574928295392464479e-24
-6.548598420599754008e-23
-9.096017319700409589e-24
-8.522062411426601334e-23
2.776860292771621462e-24
-1.780423137389435724e-23
-2.092860810561760291e-23
-9.124103448297153870e-23
1.150014723990992842e-23
3.056177641696688622e-24
-3.950155031094256278e-23
1.815153711748054055e-23
8.552090009761685291e-24
-4.737670147657522558e-23
-1.189865543487732346e-22
-8.772360901226407456e-23
1.240934859442535313e-24
-8.030343086683477970e-23
-1.732767872169029230e-23
-5.614800173247752003e-23
-4.634753964421071427e-23
-1.100783067978702055e-22
-1.451553620824656952e-23
3.178282258160210455e-23
1.784760583992348373e-23
1.380796691535320454e-23
4.827751730659435168e-23
-3.222538409764808172e-23
-3.608102942957263967e-23
-1.183445639013402274e-22
-1.617960799904777396e-22
-3.704902308589593387e-23
-3.076311559498103875e-23
-1.026542236448558049e-22
-9.280784650843275387e-23
-2.268918049275597484e-23
-7.753958915937273665e-23
-1.117335698741658856e-22
-1.159996183750411142e-22
-2.887169755058774106e-23
-1.103253022934575035e-23
-3.562422759061538493e-23
-2.753786368255909016e-23
-4.045820711695610140e-23
-2.485155877662780106e-24
-6.980243530806741975e-23
-4.252936432998780948e-23
-7.294784053476583275e-24
-7.735614088183657003e-23
-1.318625287862336462e-22
2.487197923533828567e-23
5.976607144851319740e-23
-3.339282116188715635e-23
-9.723192158604041073e-23
-1.054100180930263072e-22
-6.642876987141438515e-23
-2.019738592211187471e-23
-1.997379091257937147e-24
-5.059398609723944432e-23
-1.060367033311667563e-22
-5.702794634058130042e-23
-4.839775860771469584e-23
-7.603203232568693547e-23
-6.442513145394714468e-23
-1.050132885031275804e-22
-3.985268216302295877e-23
-1.485254842955618473e-23
-5.614980002252061878e-23
-1.154919796729935565e-22
-1.981056080738566855e-23
-1.569064938792398211e-23
-1.574638373953330733e-23
-7.147007590945607246e-23
-3.569192742955836623e-23
-2.187128543099608342e-23
-5.971918212539657778e-23
-4.624919503765380362e-23
4.527087754653218672e-24
-4.041690230264245928e-23
-3.795211655587208446e-23
-3.055428046754835922e-23
-1.206910985566612792e-22
-1.514492966714464934e-23
-5.077270586644610986e-23
-2.930952382087705411e-23
-9.988811280857730627e-23
-4.137080896218794001e-23
-1.424465170629077013e-23
-4.393298036621924325e-23
-7.475669928562750215e-23
-2.410299981145856494e-23
-2.535067217959447806e-23
-7.009646079214356087e-23
-3.228298399027299090e-23
-4.993080536182274232e-23
-3.167918028817169557e-23
-1.008320731828534231e-22
-1.208307639678518454e-22
-8.885975244577577705e-23
-1.790643100362932690e-23
-1.019871271754085659e-22
-1.002529488259903405e-22
-5.666254220580501502e-23
-1.043121768338664489e-22
-7.951641233773392007e-23
-3.838461177979348659e-23
-4.686965020631689847e-23
-4.514657164285224137e-23
-4.779266585730039194e-23
-6.385320890818765466e-23
-6.939758682338927026e-23
-3.393031894849076664e-23
-5.300682423941103293e-23
-7.011184552299148147e-23
-9.837793028738797485e-23
-9.449977025663689779e-23
-4.772750413004218291e-23
-1.354673187745413278e-22
-4.842579294296472200e-23
-4.007279710749472044e-23
-8.318817489441232472e-23
-1.127272018805687742e-22
-6.811920830163271221e-23
-8.501531591974396224e-23
-3.544561017300678528e-23
-2.477181217567039415e-23
-1.140006694126389337e-22
-7.658227456697918261e-23
-1.304650115738687696e-22
-7.585581287346290594e-23
-6.905867432611774710e-23
8.761420945429209978e-24
-8.138898641452416582e-23
-6.748475028146720294e-23
-6.383275481010262185e-24
-5.920189782011349712e-23
-1.692016888391435972e-23
-5.745252135984474510e-23
-5.579988373298416766e-23
-1.024012913031526298e-22
-5.088784245461750598e-23
-5.290088115165488122e-23
-3.761758924447636279e-23
-7.607433177695901463e-23
-4.553370621617628744e-23
-3.692531240408055565e-23
-6.788720962708179088e-23
-5.054708105379740672e-23
-7.090018411247667587e-23
-1.052394763913340673e-22
-7.101530276028319432e-23
-7.318802586787245952e-23
-6.553137744660685105e-23
-9.137144224809367986e-23
-1.091706602958525211e-22
-3.993176309488814196e-23
-6.376866809978062978e-23
-3.804449369621363933e-23
-7.288167680706777661e-23
-7.184333860572626362e-23
-1.139499936557227886e-22
-7.251347688967764499e-23
-9.529749094966912012e-23
-5.091975178441887885e-23
-1.128381025546171594e-22
-6.709318275797582576e-23
-6.960894445871996096e-23
-7.062429285237733494e-23
-9.949255308932744705e-23
-1.106425920060162663e-22
-1.096714210107858779e-22
-6.977215550712404038e-23
-7.745718193887458124e-23
-1.029622287605994818e-22
-7.951675529648578251e-23
-1.080438622861807758e-22
-4.989397413581171033e-23
-1.206522640080915194e-22
-1.018390244645521164e-22
-7.059595696267023096e-23
-1.076948643437410950e-22
-6.574187612834001987e-23
-5.076605810761280663e-23
-8.233336123531205497e-23
-8.174587781325214158e-23
-8.150266244925703636e-23
-8.363545447804813095e-23
-6.905860850970264851e-23
-9.157062558992413016e-23
-8.019219887562375649e-23
-3.910689388153963652e-23
-9.858385649128542465e-23
-5.874698688331240816e-23
-9.071541170290755570e-23
-9.188457959443075123e-23
-5.681735996994658198e-23
-7.818741595141510592e-23
-8.849288933902642038e-23
-7.343315819601793918e-23
-1.300765829536774044e-22
-9.607036856631158603e-23
-7.194547257728487474e-23
-3.912640707840661595e-23
-6.828536788387780936e-23
-8.607831566238556198e-23
-4.846199465904301107e-23
-7.083972885601932413e-23
-1.005792194946779233e-22
-1.406844235904793230e-22
-8.067296843232400826e-23
-5.176383186853061970e-23
-1.009774266131037301e-22
-9.120535143750963512e-23
-8.687294305270800106e-23
-7.450969295255842279e-23
-7.991655198504911480e-23
-8.380768371855034219e-23
-6.465875289154546275e-23
-5.755122346841778069e-23
-9.887069933484770137e-23
-8.567728160862628985e-23
-6.154357521423081444e-23
-6.796688222543738842e-23
-5.234147533818812147e-23
-9.394263122535022442e-23
-8.878884556527848108e-23
-4.604386373901889138e-23
-1.165311385107481484e-22
-6.302615155874578827e-23
-4.309830778132458575e-23
-4.728214825273000787e-23
-6.925627253554130626e-23
-5.981592480164428539e-23
-8.860557479555343780e-23
-9.786087432782770989e-23
-9.274626463116381869e-23
-7.532301772292470717e-23
-6.634895385661549204e-23
-9.678937709855924704e-23
-8.689196716576041813e-23
-7.924152597548204078e-23
-8.944092753406967209e-23
-9.602131066616120124e-23
-1.067414781245789597e-22
-1.047267000560080794e-22
-8.262932005493623772e-23
-9.201156432016317688e-23
-9.081292861375864849e-23
-8.142627268463318945e-23
-1.006880396026405304e-22
-6.634303791531113487e-23
-1.047488607108859034e-22
-6.534999642982911051e-23
-9.749459843999162248e-23
-6.670801978266319789e-23
-1.170419902775112399e-22
-1.025375612976173789e-22
-7.309312054336700444e-23
-1.090547919961395808e-22
-1.027866689192575999e-22
-9.662277068717291694e-23
-8.100122791676979707e-23
-1.192800608753327054e-22
-7.093213182227003649e-23
-9.167297639106598307e-23
-1.319398503863520830e-22
-1.059124806443796586e-22
-1.064350717730809258e-22
-7.281871023692471000e-23
-1.159016418777312957e-22
-1.116021648656319316e-22
-1.097013733204892134e-22
-8.554277815512396351e-23
-7.825540820525100207e-23
-9.546105658162971992e-23
-1.203224566056857548e-22
-8.411577776465197398e-23
-9.522817364499394625e-23
-1.196404839875941515e-22
-8.631874827346201242e-23
-8.341306626591340593e-23
-1.032909299558703600e-22
-1.228054811105956543e-22
-1.102678521315049681e-22
-7.991875548085386278e-23
-5.877077961924038262e-23
-1.113340607010098584e-22
-9.552354666115298997e-23
-1.057111966009287858e-22
-1.161167000119437300e-22
-8.914399377933568071e-23
-1.423369930769905964e-22
-8.780190652408900647e-23
-9.923582180303018919e-23
-8.267646095838822009e-23
-1.167834103584400771e-22
-8.188056180870065192e-23
-1.106011805382458600e-22
-8.108166141429691165e-23
-9.721942543247467523e-23
-1.226075301715637699e-22
-1.055624040838995159e-22
-1.096111744587451159e-22
-1.016753698595244195e-22
-9.186265746079483116e-23
-9.876844556046258215e-23
-1.132636709514889670e-22
-1.026838312400603158e-22
-1.059845874993394540e-22
-9.045554676499979358e-23
-8.444965127454080273e-23
-1.380499049724525209e-22
-1.060854961774859710e-22
-1.293664709193720871e-22
-1.276084874379829240e-22
-8.109800777598732615e-23
-1.100412819042495988e-22
-9.017748558240263614e-23
-9.072108295082556603e-23
-9.125623653595642903e-23
-7.366514618837355051e-23
-7.820367580109476190e-23
-7.967684824626541418e-23
-1.241819554905759551e-22
-1.122424176840602793e-22
-9.186824809017966204e-23
-1.075011377379097787e-22
-1.176232850517745859e-22
-7.769271500185958629e-23
-8.653474235746879501e-23
-9.516484855912246300e-23
-9.674798165539962900e-23
-9.137668733042771301e-23
-1.342922142224704485e-22
-1.145707645406327760e-22
-1.176189847200002393e-22
-1.234454708839414080e-22
-8.972448781189875722e-23
-1.207316614811034939e-22
-7.207226498255913452e-23
-8.255553145558012169e-23
-9.230053465119924387e-23
-1.122024385226253971e-22
-1.434059113757590493e-22
-8.230420724910575542e-23
-1.285635641543431280e-22
-1.514736099507891819e-22
-1.255858856276110630e-22
-1.009293831960466882e-22
-1.219575890102532241e-22
-1.127855758945354489e-22
-1.031950840558141701e-22
-1.088528455421511783e-22
-1.356429325358821507e-22
-9.907297117619687103e-23
-1.208716687466831564e-22
-1.142408196517952361e-22
-1.168678217335811278e-22
-1.068845415336595683e-22
-1.030859928963901941e-22
-1.182340189493394561e-22
-1.122643530493674045e-22
-1.278859448752999044e-22
-8.154582535120162206e-23
-9.836974174624278116e-23
-9.251991189056348134e-23
-1.131096466224100717e-22
-1.187711866878198144e-22
-1.138440966296792252e-22
-1.024335657734564751e-22
-1.168255395719565530e-22
-1.267326018125207946e-22
-1.038482761624154927e-22
-7.826722589938026128e-23
-1.075639173637301535e-22
-9.324328588931004307e-23
-8.700048029837967964e-23
-1.226904742686438449e-22
-9.648574677857882479e-23
-9.699025753609375472e-23
-1.182043378547094466e-22
-1.097265399829166607e-22
-9.139102853659812218e-23
-1.204219987435121029e-22
-1.025075441681432407e-22
-1.015478756443597181e-22
-1.055017358739530378e-22
-1.015690183420154317e-22
-1.017537181599591886e-22
-1.109430230680153635e-22
-9.580862181657709244e-23
-1.037616557732144961e-22
-9.792703346016500977e-23
-1.214275583591841459e-22
-8.244052564156363303e-23
-1.020491617807455640e-22
-1.005050548563657548e-22
-1.126966217273823303e-22
-1.011490226624685056e-22
-1.014262052999935422e-22
-9.695697254002440634e-23
-8.129532499632020400e-23
-1.266544635904554658e-22
-1.078877248689652417e-22
-9.787479831570774263e-23
-9.935183801613060065e-23
-1.045287197731389626e-22
-9.499247479664316258e-23
-1.066225771179172525e-22
-9.140302945944580182e-23
-9.311175884494188535e-23
-1.131477673054313870e-22
-1.021099955851651201e-22
-1.116002100976486627e-22
-8.361997407026262879e-23
-1.011693658335392898e-22
-1.126050104678987059e-22
-1.063250333340793897e-22
-1.168552181030846100e-22
-1.048106655641175796e-22
-8.399340504549372569e-23
-1.146146392857153997e-22
-1.041527684518040804e-22
-1.045407824913031914e-22
-1.332282667970701388e-22
-1.033886390020133857e-22
-1.162105898347827227e-22
-8.482947723714195515e-23
-8.705453832190263788e-23
-1.114220380541423163e-22
-8.697724290608086216e-23
-1.111243266456897663e-22
-8.879225042077981005e-23
-8.770588477720302802e-23
-7.845507160229630855e-23
-1.048349957918373356e-22
-1.077823309177383637e-22
-1.018200982948527727e-22
-1.048105016665200384e-22
-8.581745586101134627e-23
-1.015739851323194403e-22
-8.999212981430678734e-23
-1.124453221306802651e-22
-1.012310258483249367e-22
-9.444793699823655870e-23
-1.015930666563783364e-22
-8.728188937052606163e-23
-7.277695989402818005e-23
-9.932419216709529721e-23
-1.087377805564258580e-22
-1.017427599964271406e-22
-9.175337047927616670e-23
-1.077873076043482622e-22
-1.167645264954208776e-22
-1.238621762788068474e-22
-1.218918636503770824e-22
-1.007878675605232277e-22
-1.004078931368989164e-22
-1.004153501839373531e-22
-9.944941023557130476e-23
-9.621596394565964080e-23
-9.545435443187836980e-23
-8.632059617691873810e-23
-1.089539423031796710e-22
-1.155926060109583787e-22
-9.146172084122800340e-23
-1.025866264966761922e-22
-9.332219066363887079e-23
-1.139196029939212538e-22
-1.082399576465796283e-22
-1.003290517360469900e-22
-9.338846878972759654e-23
-8.546617622260630159e-23
-9.854020783778821029e-23
-1.123317031410210599e-22
-7.597743230866258944e-23
-9.362887495164102558e-23
-1.201044425262395620e-22
-9.263738172267545600e-23
-8.475897565847299649e-23
-8.772462426760905771e-23
-1.036109527441291400e-22
-9.238947710176923161e-23
-1.050972398627998414e-22
-1.045186657370640845e-22
-1.145794996163473357e-22
-1.105781071741003702e-22
-1.137013294648199559e-22
-9.558880992336631474e-23
-1.143159791736278506e-22
-9.953749107686419434e-23
-9.997042865136800843e-23
-1.108604280581712416e-22
-1.017842394893474641e-22
-8.821058816693055576e-23
-1.000385954691302740e-22
-1.018032263192307802e-22
-1.116420184317910235e-22
-1.064352942325454610e-22
-1.086102647188071500e-22
-8.091715021810070525e-23
-8.644009819819012538e-23
-1.118999302380439490e-22
-1.011761637753725481e-22
-1.009711927966707533e-22
-9.276170265823568444e-23
-9.116988159501110713e-23
-9.405094061758862715e-23
-9.757318240285579571e-23
-1.073143960103079718e-22
-9.201171650756299014e-23
-9.703849762286070123e-23
-1.107689204249501916e-22
-1.115470577227880920e-22
-1.075438775136610949e-22
-1.096905527987027775e-22
-1.033042389919004292e-22
-1.186217566712371974e-22
-1.075908227222824031e-22
-7.561080949274394455e-23
-9.005014527373388951e-23
-1.131049598519241166e-22
-9.343757379810476678e-23
-1.011996299502894143e-22
-1.101948811072584570e-22
-1.024812523858293289e-22
-1.141788186020214466e-22
-1.161020142544026786e-22
-8.501227781798293800e-23
-1.017990006842407718e-22
-1.087317501115281570e-22
-1.001330136030620532e-22
-1.048614205780391466e-22
-8.734765456441571004e-23
-9.110978228905988356e-23
-1.033876355878645494e-22
-9.079244872538127873e-23
-1.056336575633847383e-22
-9.405304744225867703e-23
-1.149244474567339289e-22
-8.555821510001743919e-23
-9.517110884010665795e-23
-1.055206441646842437e-22
-9.774980912358990998e-23
-1.161922942879830541e-22
-1.024551279825592957e-22
-9.420531524990609041e-23
-1.068208129704361484e-22
-1.127885834540885708e-22
-9.254481335150800553e-23
-9.634625686980785316e-23
-1.106914761227318199e-22
-1.078681782604968888e-22
-1.179358219246830950e-22
-1.063307070275383534e-22
-9.573664391238836707e-23
-1.246447264164047724e-22
-1.057164746992132064e-22
-9.422080246246953318e-23
-1.047979766451169098e-22
-1.105617663424274674e-22
-1.073677940820380116e-22
-1.030546058123589092e-22
-1.106885111715249699e-22
-1.187868775797079167e-22
-9.956653738423525023e-23
-1.105823514580222096e-22
-1.157201627048081215e-22
-9.970843105259640375e-23
-9.672377841605798675e-23
-9.580913531838061257e-23
-1.119594459847404254e-22
-1.065633514853203261e-22
-1.092441258656079128e-22
-1.114814906387309159e-22
-1.214720393100913574e-22
-1.021808079737703708e-22
-1.173012247408695587e-22
-1.142230717865102060e-22
-1.210783731033411620e-22
-1.212681544472281122e-22
-1.104224532655619409e-22
-8.949552863809084180e-23
-1.075084705187286794e-22
-1.044537319478667919e-22
-1.026845845648909602e-22
-1.056015504345042623e-22
-1.058244017561395410e-22
-1.171405165577851444e-22
-1.041623969212772848e-22
-1.069815949196788833e-22
-1.030171425838399601e-22
-1.119063318705112879e-22
-8.853121445464111823e-23
-1.150774570062221548e-22
-1.156614482434802501e-22
-1.327731862441279542e-22
-9.551373638698080045e-23
-1.032168321929205851e-22
-1.099330928251228229e-22
-1.044358306654012585e-22
-1.167736766380161047e-22
-1.024103320135464974e-22
-1.041386010521885250e-22
-8.289773855100409180e-23
-1.087257939377046955e-22
-1.113123720737483385e-22
-1.220370167122539913e-22
-1.101129394845030045e-22
-1.234888724817209350e-22
-1.109185168437979873e-22
-1.014923459887750599e-22
-9.811894250191896178e-23
-1.076783853455309325e-22
-1.063332274873677141e-22
-1.042886691811757335e-22
-1.164345955593590015e-22
-1.069249542827826961e-22
-1.000595187333837586e-22
-1.199094689628550364e-22
-1.228559945826773672e-22
-1.178445995398593637e-22
-9.974810159997269027e-23
-9.673357765964471878e-23
-1.058887223902284337e-22
-1.142297484631990333e-22
-1.090672904564330234e-22
-1.185284708730637783e-22
-1.020250821411939801e-22
-1.012657073489876554e-22
-1.038753649384778905e-22
-1.224291426179672370e-22
-1.176118100484283349e-22
-1.098936148071027555e-22
-9.615194190767302459e-23
-1.053477815818487753e-22
-1.125846100934806071e-22
-9.560706159873282295e-23
-1.228197485527260777e-22
-1.039345511659073928e-22
-1.239063882271637467e-22
-1.049843064986661286e-22
-1.156179137987160702e-22
-1.086064391005322705e-22
-1.131997159338534385e-22
-1.067949679067132569e-22
-1.041850695527987781e-22
-1.063464149143934425e-22
-1.005405587947377922e-22
-1.077673681603540677e-22
-1.190515138917343067e-22
-1.022424135092114906e-22
-9.787234994181346567e-23
-1.062671553070714492e-22
-9.590659835494038112e-23
-1.218984784609525683e-22
-1.050193791993589650e-22
-1.084490200800831568e-22
-1.058540633059680606e-22
-1.165887164625394623e-22
-1.047057335426823929e-22
-1.058653915873853097e-22
-1.134082495332655496e-22
-1.047205552479560717e-22
-9.595299282687228706e-23
-1.132705011877050093e-22
-1.097821548545939492e-22
-1.075138596722581366e-22
-1.028377240757424979e-22
-1.093243065657258099e-22
-1.069901283391677005e-22
-1.053576073876339714e-22
-1.040169229545262736e-22
-9.487860846214879118e-23
-1.054167853192519641e-22
-9.869161045839691825e-23
-9.332727065266202706e-23
-1.084203958267439555e-22
-8.949831590115105310e-23
-1.044215740058707012e-22
-1.126101582559779600e-22
-8.863185891582554718e-23
-9.909418249620376694e-23
-9.602276019756298146e-23
-1.102703199086361737e-22
-9.580245902097883789e-23
-1.112837179009441583e-22
-1.052696128096344802e-22
-1.131532417254113821e-22
-9.761989293106595421e-23
-1.059071823072432330e-22
-1.061406418962655512e-22
-1.005549231412715862e-22
-1.033294817382885655e-22
-1.016435966052562898e-22
-9.546023499309913069e-23
-9.817600987844463358e-23
-1.032305190172795155e-22
-8.959709315187341416e-23
-9.700223947042194549e-23
-1.032554391037944369e-22
-9.921844793929507063e-23
-1.163901500514855185e-22
-1.053913593814979394e-22
-1.004096979157307584e-22
-1.002276512343112393e-22
-1.085545303068737146e-22
-9.227678973103247746e-23
-9.903022063572225418e-23
-1.028045093243264599e-22
-1.043951225746947352e-22
-1.036841004979150515e-22
-9.776458620945952925e-23
-9.633382405817435774e-23
-9.619986674081335892e-23
-8.763618438695916146e-23
-1.039801230706273073e-22
-8.523302372104056106e-23
-1.027611057301876207e-22
-1.052350318579066171e-22
-1.039163608606109383e-22
-8.733901347646088463e-23
-1.002380678239224886e-22
-1.073406176080243446e-22
-8.676560060436205236e-23
-9.117169846883101812e-23
-9.291193047543358597e-23
-9.140773621736797216e-23
-1.047690833138396640e-22
-1.076565076101187250e-22
-1.000634801123792714e-22
-9.984537675444035248e-23
-1.030271144513847406e-22
-1.024249933021697400e-22
-1.008057149723772514e-22
-9.755135857960676611e-23
-9.320986302015430318e-23
-1.027252315678001107e-22
-9.586283666626746829e-23
-1.012280429295498718e-22
-1.019095934592516604e-22
-9.428426674134275961e-23
-9.444362766061900092e-23
-9.525680989178007497e-23
-9.266377385286578879e-23
-8.800342027964752469e-23
-1.004737615560996082e-22
-9.432108545072003083e-23
-8.808417734881779051e-23
-8.870233088713340993e-23
-9.591092893595487836e-23
-9.179424825846370791e-23
-8.306762659220154712e-23
-9.296730323958826183e-23
-8.174621342652670933e-23
-9.659593623936203295e-23
-9.894888853081002333e-23
-8.806213484133804586e-23
-9.377066905694089397e-23
-9.962987658816499042e-23
-8.777585620184029713e-23
-8.138346582723457386e-23
-9.163140162194692682e-23
-9.672323437091419882e-23
-9.128607651844357094e-23
-9.765142268277427235e-23
-8.815006769246243017e-23
-8.462026148332962517e-23
-9.360285085212678450e-23
-9.292183508589666963e-23
-9.362722024302208963e-23
-1.003192942934041409e-22
-9.081918911415564662e-23
-9.660102409541811315e-23
-9.934650217926854585e-23
-1.037892523402836732e-22
-8.469598899348502248e-23
-9.368992127638274344e-23
-8.054349284397590987e-23
-9.600938692565667281e-23
-9.769069878129376228e-23
-8.330211992230491801e-23
-8.853027864476019664e-23
-9.357974501306686405e-23
-9.134033506378796066e-23
-9.125622301404370215e-23
-8.914614093232756571e-23
-8.695544798506762276e-23
-8.546785929281655749e-23
-9.107299933510523413e-23
-8.703420930450942325e-23
-9.008726477661368088e-23
-9.264311216108038533e-23
-9.220575781925644384e-23
-8.507832400362006128e-23
-8.924830781834402941e-23
-9.750783032044566356e-23
-8.805360568140885585e-23
-8.818108608011005213e-23
-8.243490618238566075e-23
-9.687825065601568286e-23
-8.524721830873406398e-23
-8.356838018892006985e-23
-8.982133005637787975e-23
-9.167664446377398208e-23
-9.111114266496350936e-23
-9.561480566999875563e-23
-9.021631845560842933e-23
-8.590117462733829772e-23
-8.773738252288568415e-23
-9.136315308668388117e-23
-9.195502624603368198e-23
-9.891164127874125885e-23
-8.568856512463740333e-23
-9.015006829782395077e-23
-8.364919095358083473e-23
-9.377180749865747579e-23
-9.344473962697615976e-23
-8.815440868902118282e-23
-8.394797857104072682e-23
-8.989101515999720838e-23
-8.877331508657523443e-23
-9.088658822332291263e-23
-9.756417871637921773e-23
-8.789776531280652689e-23
-9.306873566011909528e-23
-8.279025688752341646e-23
-9.364595651028083160e-23
-8.221825493135813754e-23
-8.024972716303105631e-23
-8.275143156174117988e-23
-8.863010338721488956e-23
-9.521780596968321325e-23
-9.491574400685633106e-23
-8.027221058007650543e-23
-8.849757907966747681e-23
-9.132595286532493810e-23
-9.692159519301780994e-23
-9.260584281579433184e-23
-9.018514437968414651e-23
-8.464923912671722691e-23
-9.614234901209784355e-23
-9.610860593736341930e-23
-9.013145626145593204e-23
-9.204955305662123569e-23
-9.430678367814564786e-23
-8.743570021280150789e-23
-7.731043642835095800e-23
-8.432120049917845926e-23
-9.683010231173250500e-23
-9.978599788772359844e-23
-8.975366071920171616e-23
-9.347887926034840303e-23
-8.641352248737674340e-23
-1.022742742942028297e-22
-9.697723057782761003e-23
-9.347167546178933887e-23
-8.232739116780453700e-23
-9.154346584583996111e-23
-8.686925271001410601e-23
-8.824265719377506289e-23
-8.832602910440946703e-23
-9.091363146893880457e-23
-9.299545633814061153e-23
-9.138273119695896303e-23
-8.547818728017211902e-23
-9.043829772443241169e-23
-8.279614171674715717e-23
-1.004971339313105278e-22
-7.911663043618927915e-23
-9.300196264170351815e-23
-8.716224644459815084e-23
-8.357741471956093108e-23
-8.451133070105510245e-23
-8.307318328692774585e-23
-9.953610761076904584e-23
-8.444407093264659817e-23
-9.474585089019879937e-23
-9.292605879699153789e-23
-8.860954497056756037e-23
-8.817948582948185981e-23
-9.020662082534387110e-23
-9.289446355751106852e-23
-1.062523248187644588e-22
-8.648140752216321853e-23
-8.918707619084485586e-23
-8.918188244346741792e-23
-9.343166064022287306e-23
-8.574796069592725481e-23
-9.764588968668373603e-23
-8.611607447026261331e-23
-9.533527113937425098e-23
-8.231514704591507090e-23
-9.003650246031253282e-23
-9.028544193844287490e-23
-9.054444119813208730e-23
-8.649388174911338615e-23
-8.558806299924998397e-23
-9.372827190961002453e-23
-8.974691346779224937e-23
-8.676463592215363141e-23
-9.474215839361720620e-23
-9.640154265834701358e-23
-8.878671096442147939e-23
-7.889239672155965139e-23
-8.768869872192352317e-23
-8.917705975547785986e-23
-9.307265390391765738e-23
-8.859999900297860588e-23
-9.243644676690611922e-23
-8.991439961074940621e-23
-9.376370146366189556e-23
-8.515319498946076873e-23
-8.794155513938499927e-23
-9.108010054513288576e-23
-8.176137285503084492e-23
-9.136454342612703522e-23
-8.312996509243967605e-23
-8.713466325112209050e-23
-9.915540560995829303e-23
-8.575610577668192102e-23
-9.426758095699364815e-23
-9.160740778887766000e-23
-9.790089081566637526e-23
-9.739982063423634137e-23
-8.906952201995107572e-23
-7.770829640809589559e-23
-9.393353200514861051e-23
-9.008758109167980069e-23
-9.234153632259413473e-23
-8.609986512179622764e-23
-8.733984578249476679e-23
-7.918988383021580984e-23
-8.818234275607821758e-23
-8.058544584241770356e-23
-8.356517023105517178e-23
-8.905398748494588051e-23
-8.426141887150504406e-23
-9.125440031893208591e-23
-8.883444212446231013e-23
-8.658155238270191816e-23
-9.061549524249305662e-23
-8.371344952569974908e-23
-8.603953166327529859e-23
-8.302701625646377227e-23
-7.725702766097193427e-23
-8.024261077705164812e-23
-8.699777793061248454e-23
-9.293798345649175461e-23
-8.866802770303468152e-23
-8.910458507150256601e-23
-7.986364325071518722e-23
-9.819332366900142977e-23
-9.148743863054680548e-23
-8.832571528343683693e-23
-9.083954649976218757e-23
-9.174522630127930949e-23
-8.231038835296088609e-23
-9.287666281557984952e-23
-8.155632391741778463e-23
-9.175009833555263753e-23
-8.867109540786618852e-23
-8.796966562589079714e-23
-8.472202343602535641e-23
-8.452192552286519537e-23
-8.511807393427713435e-23
-9.194495859694746306e-23
-9.458336174428599149e-23
-8.677012078162761538e-23
-8.203225285808108875e-23
-8.799327046318320446e-23
-8.803039176622478953e-23
-8.358503781339010587e-23
-9.520597562152437573e-23
-7.760719131243224187e-23
-9.179332252969918104e-23
-8.803861563531577358e-23
-8.828154092706720320e-23
-9.100713785027918345e-23
-8.021228397804301867e-23
-8.654472808690517655e-23
-8.675911086755425271e-23
-8.272613797489535971e-23
-8.050148765812754355e-23
-7.979072760647739801e-23
-7.598130612495120798e-23
-8.371165746650766734e-23
-9.038075381700131782e-23
-7.719751756676182506e-23
-8.230260199535856107e-23
-8.163285440118667948e-23
-8.148628047109228713e-23
-7.885802285632582442e-23
-7.785368670699770963e-23
-7.969819017963612959e-23
-8.515020334829113820e-23
-7.744102381206885849e-23
-7.588356725525208135e-23
-7.921926200946183197e-23
-7.540232765034543175e-23
-8.172833235157015213e-23
-8.569015415735720227e-23
-8.508460928572948344e-23
-8.370595099736438915e-23
-7.770259736321863172e-23
-8.006984913232100946e-23
-8.402589645485794003e-23
-8.499141365377132150e-23
-8.590066584243418828e-23
-7.619055908212757516e-23
-7.501917055498558611e-23
-7.702562644228103767e-23
-8.158922281044923295e-23
-8.019173300378071494e-23
-8.947852920037462301e-23
-7.988275589011777805e-23
-7.953738768299849073e-23
-8.222457954241523658e-23
-7.610283774231694846e-23
-8.652580146681011777e-23
-7.926177507384336999e-23
-7.663807683124916112e-23
-7.905694542798188417e-23
-7.704922786344579043e-23
-7.137900451389315090e-23
-7.600618335782982738e-23
-7.557361450789129513e-23
-7.988127885732699352e-23
-7.502823355338544306e-23
-7.612737187369955903e-23
-7.700714593202123600e-23
-7.417461347124818523e-23
-8.059020735475789618e-23
-7.715055438846274798e-23
-7.520838006192751706e-23
-7.648724320332431146e-23
-7.548034848340375018e-23
-7.740112575578862108e-23
-7.535931657405386322e-23
-7.426954919065524390e-23
-7.556586226254361626e-23
-8.229821018263273968e-23
-7.455174836219501135e-23
-7.710636213677795261e-23
-7.736903148569851846e-23
-7.004602727422615626e-23
-7.600408910687563211e-23
-8.131292074003907600e-23
-7.583212108344697159e-23
-7.213793877732572691e-23
-7.632064678845416520e-23
-7.144930678985789463e-23
-7.407148150210708138e-23
-7.685200186787781852e-23
-7.952224110055984937e-23
-7.485364621428531525e-23
-7.098350252215852483e-23
-7.497650709796781758e-23
-7.522499683255539314e-23
-7.767779109327665373e-23
-7.569869697147722996e-23
-7.579426590835440828e-23
-6.564542916282542638e-23
-7.247588414236659745e-23
-7.599245239627488559e-23
-6.758140506716418170e-23
-7.181988508340337972e-23
-7.642065613487728707e-23
-7.525672963172205946e-23
-7.223524062837886959e-23
-7.994830909717320780e-23
-6.999910989608072517e-23
-7.275891934141788769e-23
-7.543392878795754444e-23
-6.608064064917296460e-23
-7.544863754118081944e-23
-6.787347053025764591e-23
-7.649159263060728282e-23
-7.512075085106183591e-23
-7.248741783550832839e-23
-7.211351616554670725e-23
-7.196456988562683141e-23
-6.693202366588999492e-23
-7.416320621435444828e-23
-6.860183042830090024e-23
-7.395928660560596970e-23
-6.929137021549680885e-23
-7.358022507728136749e-23
-6.709386980191902932e-23
-7.276156737537577231e-23
-6.905028706459324057e-23
-7.181394355361446255e-23
-7.506477740533672919e-23
-7.470971790812830772e-23
-7.187460319671006804e-23
-6.911654963992442375e-23
-6.583846456953418974e-23
-7.277467391491205167e-23
-7.577245057940637391e-23
-6.772111081278771955e-23
-7.363361820736139112e-23
-7.302732989118432020e-23
-7.278998540727159127e-23
-7.160553296243113138e-23
-7.342219357447223658e-23
-7.355004559603026276e-23
-7.343501090280250930e-23
-6.953780544882783699e-23
-7.398593824805250035e-23
-7.121533565316642417e-23
-6.717734268388193013e-23
-7.352428236497786774e-23
-6.555597913864691214e-23
-6.391662509543290731e-23
-7.218511308409774273e-23
-6.702063410055949890e-23
-6.943771009421237526e-23
-6.796400012087475070e-23
-6.811081409982876256e-23
-6.808824168369475638e-23
-6.274321744465031060e-23
-6.961616884985316115e-23
-6.996559469479139782e-23
-6.875509687028516410e-23
-6.835540869692288123e-23
-6.587160405811357904e-23
-6.782371249168375193e-23
-7.311400039152503372e-23
-7.008051031003073053e-23
-7.485141367781340188e-23
-7.069750382621382577e-23
-7.174951281660245043e-23
-7.249003525658694378e-23
-6.618037433466053821e-23
-6.496693546869712982e-23
-7.148956828694343458e-23
-6.809433989941241693e-23
-6.691687869665869360e-23
-6.117268831458713443e-23
-6.616594081202685694e-23
-6.790238834275741110e-23
-7.004901622503571822e-23
-6.159286310858851642e-23
-6.885860193801960615e-23
-7.066562859095051839e-23
-6.640384337692553399e-23
-6.817505083831160806e-23
-6.637639438465783250e-23
-7.119757350073382309e-23
-6.688817448226356628e-23
-6.803487473029111066e-23
-6.635740206992211903e-23
-6.649362572172399465e-23
-6.414271753575660829e-23
-6.505273561611784966e-23
-6.732319147527117960e-23
-6.848863899322758923e-23
-6.427133838478265542e-23
-6.647895044734760520e-23
-7.174392460061393929e-23
-6.393688777703108133e-23
-7.000091643844796699e-23
-7.044991288903447166e-23
-6.506871500637283562e-23
-6.560474683470932859e-23
-6.980012931996755940e-23
-6.386464758580007517e-23
-7.002455808785952508e-23
-6.704027404329114437e-23
-6.907699747348394799e-23
-6.675090754920623118e-23
-6.604146935107130027e-23
-6.444420996986219466e-23
-6.916575713354391659e-23
-6.907567165307787088e-23
-6.177076466884874927e-23
-6.637329014056186550e-23
-6.882645394860856015e-23
-6.642049178644913487e-23
-6.630358874530266684e-23
-6.924500636227959646e-23
-7.056082530003096889e-23
-6.753074382753310391e-23
-6.839839243678549469e-23
-6.942369737635672490e-23
-6.638879189991763486e-23
-7.111021497641514542e-23
-6.899289918110029080e-23
-6.496222602518802100e-23
-6.679280313117609660e-23
-7.210681631491530001e-23
-6.787339183461116176e-23
-6.264255101243708092e-23
-6.512247738381598575e-23
-6.917488388051057788e-23
-6.523233073711144222e-23
-6.483931494187055501e-23
-6.663614381956238102e-23
-6.751618438578382546e-23
-6.689961781976120608e-23
-6.850504312000341167e-23
-6.412312327351166172e-23
-6.526367825210289160e-23
-6.761341177055548172e-23
-6.180588855020743557e-23
-6.630264606413358196e-23
-6.949453654191850864e-23
-6.394749429494747566e-23
-6.642095754817291183e-23
-6.843010328567185825e-23
-6.781709774503178988e-23
-6.247468872081597130e-23
-6.535222226029265603e-23
-6.963358229125597334e-23
-6.300783316186080281e-23
-6.666486541845533446e-23
-6.981108674460651023e-23
-6.943539371775759664e-23
-6.920828944820444870e-23
-6.415051520089811266e-23
-6.603522425704988203e-23
-6.677270819344327915e-23
-6.710841750247398098e-23
-6.047209843293730533e-23
-6.708883061796352802e-23
-6.209876182037581608e-23
-6.383815180388288051e-23
-6.459689750604404951e-23
-6.851489394338796518e-23
-6.821001133731821109e-23
-6.597643114081138980e-23
-6.656609362654157641e-23
-6.369663985991150173e-23
-6.321719663981982558e-23
-6.679464954021433507e-23
-6.548122995032167110e-23
-6.173639201108904363e-23
-6.274483703968754639e-23
-6.595085627248409270e-23
-6.410856604167046286e-23
-6.507307293051488952e-23
-6.764631037345653952e-23
-6.491694659285623679e-23
-6.411842887354651999e-23
-6.391183412328013990e-23
-6.573721683271132697e-23
-6.754925937885318706e-23
-6.366353988319487999e-23
-6.507670583189432309e-23
-5.976034337963066000e-23
-6.387374527669862025e-23
-6.334419986498009100e-23
-6.857873693932669840e-23
-6.008613437101737954e-23
-6.754853935048722437e-23
-6.521616076618540119e-23
-6.241143475982737574e-23
-6.829232254615086757e-23
-6.150857565093499688e-23
-6.352827926437481074e-23
-6.035936650913955897e-23
-5.674615040192061978e-23
-6.019324556147444009e-23
-6.076377897229740891e-23
-6.617400027285653077e-23
-6.029071605193704512e-23
-6.842568576786813010e-23
-6.131054267514780074e-23
-6.062473303173238050e-23
-6.301637826065246482e-23
-5.838127662838561786e-23
-6.370853171955345664e-23
-5.988161825826824800e-23
-6.443906970412436288e-23
-5.928987348362382967e-23
-6.408972406326445960e-23
-5.585103557027507302e-23
-6.395538938409604796e-23
-6.407906496062375555e-23
-6.056316509635872167e-23
-6.396124519405528387e-23
-6.476648224441683633e-23
-6.554711985746790110e-23
-5.989588808879237914e-23
-6.484168960757586247e-23
-6.293484548364796577e-23
-6.206386156551249174e-23
-6.012862214584650887e-23
-5.781328278306874176e-23
-6.255876373612616837e-23
-6.050444937471243914e-23
-5.984175166583553486e-23
-6.237540987247243330e-23
-5.868367414384661738e-23
-6.226598844405974383e-23
-6.224240726542297843e-23
-5.732153451144193021e-23
-6.347898690658586562e-23
-6.248724879104007732e-23
-5.824882604426825822e-23
-6.046770604579787042e-23
-5.955450316658812511e-23
-6.188926742629129701e-23
-5.963407033637529984e-23
-5.906862295093928300e-23
-6.106393965695315883e-23
-5.824020539315509148e-23
-6.079381295826044452e-23
-5.920381172450174100e-23
-5.860907723776387068e-23
-5.598163085891585371e-23
-5.981863255488074409e-23
-5.689079070352513837e-23
-5.903040515553455796e-23
-5.475686181204050938e-23
-5.894771259009846000e-23
-5.763812159920140222e-23
-5.646526108023595093e-23
-6.205011270473806612e-23
-5.670478456473302772e-23
-5.978751765790703170e-23
-5.772643881380423380e-23
-6.110597047042578000e-23
-5.857146083637982244e-23
-6.154371800913396406e-23
-5.775238950983345150e-23
-6.034499132652491434e-23
-5.975171371593499671e-23
-5.311335668764303497e-23
-5.450655707053444868e-23
-6.019044123374330698e-23
-5.885647526185064820e-23
-5.341076163636733161e-23
-5.613748930279995426e-23
-5.747945574109283803e-23
-5.598984060745277121e-23
-5.656383980015138453e-23
-5.994925338156506971e-23
-5.553368328143595619e-23
-5.368341677439739161e-23
-5.641864384958992798e-23
-5.517485916073160836e-23
-5.651899839261931212e-23
-5.430182709801877535e-23
-5.527533769624424039e-23
-5.740935279674406298e-23
-5.376914274402341583e-23
-5.566779947563147685e-23
-5.544584077875417320e-23
-5.400805391791824385e-23
-5.120152211578215868e-23
-5.444578223016097452e-23
-5.654915335170976683e-23
-5.457261225031774443e-23
-5.259785657807679867e-23
-5.457769838250716263e-23
-5.508172606992075466e-23
-5.574226847846726479e-23
-5.335313973546492113e-23
-5.015081582294308114e-23
-5.342152373630858090e-23
-5.044850188058278105e-23
-5.142475311650459983e-23
-5.577743169777537563e-23
-5.406439580545650255e-23
-5.588297323413614826e-23
-5.645839808294181668e-23
-5.282256028402599180e-23
-5.395380540034349402e-23
-5.201403825636454382e-23
-5.402621437863410513e-23
-5.374900195148689171e-23
-4.882904210103226741e-23
-5.196406618795808752e-23
-5.381844017609090093e-23
-5.279101472398809527e-23
-5.057423788435404576e-23
-5.135898745008083379e-23
-5.273493858427044876e-23
-5.124885287620662711e-23
-5.128494374384255548e-23
-5.041367590483100959e-23
-5.103751724417022917e-23
-5.382506533666265572e-23
-5.078940841540956681e-23
-5.030413319017182005e-23
-5.084302796259387696e-23
-4.852213628066398942e-23
-5.239450166004743292e-23
-5.358809595986186733e-23
-5.051691918379407315e-23
-5.053500816622834117e-23
-5.069999811983407813e-23
-5.070446052885690829e-23
-5.243688295679114204e-23
-4.937813077441632728e-23
-4.799090924640113081e-23
-5.125311843476886446e-23
-4.893151304001623042e-23
-4.765250395866197258e-23
-5.129849537072419584e-23
-4.811310625496256204e-23
-4.661999091209959203e-23
-5.169917779312155318e-23
-5.048665500853095488e-23
-5.196646135604351866e-23
-4.929651823855952100e-23
-5.097404213346023920e-23
-4.922682565858004766e-23
-4.918824016508573848e-23
-4.763997648576057936e-23
-5.116258012600256245e-23
-5.069000968663001587e-23
-4.621081116931174907e-23
-4.843291151774902989e-23
-4.996851823440014401e-23
-5.117143932728082446e-23
-4.758618279068434577e-23
-4.778079871774232534e-23
-4.952215520774598257e-23
-5.002017256474624117e-23
-4.707990773322880361e-23
-4.657864029167257107e-23
-4.628493290683799644e-23
-4.985421322051434625e-23
-4.889628795406845650e-23
-5.133404489924247079e-23
-4.988668891866284179e-23
-4.824207069381687425e-23
-4.661071015689142765e-23
-4.745333524018535935e-23
-4.743500577381397621e-23
-4.770024731362602414e-23
-5.242991974161791350e-23
-4.647553995233816979e-23
-5.052401346431227845e-23
-4.801655438383705779e-23
-4.457056992920298378e-23
-5.168599989324493140e-23
-4.409051570259556211e-23
-4.875121858488991364e-23
-4.592052535192932666e-23
-4.558103612265296942e-23
-4.699204202303850510e-23
-4.772058366151110224e-23
-4.662316711225420396e-23
-4.487233643234154377e-23
-4.647150399645221262e-23
-4.827527464023775699e-23
-4.954611460587632491e-23
-4.614045313470503490e-23
-4.719972411597048963e-23
-5.138936273203596230e-23
-4.887591963055815145e-23
-4.640973057613059512e-23
-4.513043080749168294e-23
-4.436385154782402895e-23
-4.734268496767448258e-23
-4.604812563580834492e-23
-4.350522786468680043e-23
-4.388069979472125145e-23
-4.548818534085934528e-23
-4.559558199604382901e-23
-4.869086731606339974e-23
-4.719052816596301526e-23
-4.620927019736891599e-23
-4.339918280189535086e-23
-4.535006791978319009e-23
-4.447885893899341229e-23
-4.504319387247509101e-23
-4.325288531501188121e-23
-4.773168771003801255e-23
-4.544238191822883534e-23
-4.522931707246406131e-23
-4.654798376096149913e-23
-4.680770312298927593e-23
-4.732377681238657456e-23
-4.512389392623056013e-23
-4.875887560123012670e-23
-4.617645405235594652e-23
-4.681744295557210279e-23
-4.720545555171970415e-23
-4.592447447137470252e-23
-4.829605072609278041e-23
-4.726525632936187901e-23
-4.644271279859241203e-23
-4.483467040183167626e-23
-4.433985650364463694e-23
-4.369370221100071058e-23
-4.490002767670317510e-23
-4.297591877191901093e-23
-4.587539793662579481e-23
-4.658597020935448702e-23
-4.700574109281895326e-23
-4.961643347798461584e-23
-4.740821893337775752e-23
-4.505623031948851114e-23
-4.322331841111014714e-23
-4.465585986585750679e-23
-4.716991565392772764e-23
-4.580226958817568061e-23
-4.530962368447057519e-23
-4.307366557651822783e-23
-4.662527875687780842e-23
-4.452430452307526687e-23
-4.915172589047164167e-23
-4.605776235139578496e-23
-4.351066743879647523e-23
-4.348598590661872545e-23
-4.485732091447190596e-23
-4.149288286207580387e-23
-4.573993176401779669e-23
-4.508254213475535467e-23
-4.460628803352896529e-23
-4.433759640847810518e-23
-4.568064302237006547e-23
-4.332570848965469634e-23
-4.507292041561279120e-23
-4.380015542584795641e-23
-4.473708781998024277e-23
-4.484140786242407502e-23
-4.532270940818146785e-23
-4.177772747232719034e-23
-4.168393774976894459e-23
-4.471026688779802216e-23
-4.495343134312192954e-23
-4.292573479085999349e-23
-4.140510300163740504e-23
-4.358479156025264921e-23
-4.526899431101872595e-23
-3.981032077840081890e-23
-4.482934503542800647e-23
-4.277884287830648906e-23
-4.323622900066363033e-23
-4.491855744751251883e-23
-4.241882757909004344e-23
-4.440445472679374662e-23
-4.287394750118908796e-23
-4.319084701254831323e-23
-4.223232090106781284e-23
-4.426315965227128978e-23
-4.281145864632569016e-23
-4.521528447793430291e-23
-4.122084937436960902e-23
-4.333100249449631822e-23
-4.065306925262994341e-23
-4.153479047374356120e-23
-4.255672558053663743e-23
-4.305447425995272594e-23
-4.409766826226592402e-23
-3.867019085517322356e-23
-4.385652743071120828e-23
-4.157236859057337913e-23
-4.176806690232249251e-23
-4.274659239880498797e-23
-4.059858787077366468e-23
-4.125829801533728145e-23
-4.322179081174919414e-23
-3.992226110065101700e-23
-4.111648699998976626e-23
-4.113445654112056103e-23
-4.133619398529137130e-23
-4.113207520454217090e-23
-4.255136181345243801e-23
-4.174514548057755618e-23
-4.207958182123016205e-23
-3.872338510824952715e-23
-4.188756458132175629e-23
-4.333346427604203267e-23
-3.919406951229752483e-23
-4.031867885349154957e-23
-3.987359632425274564e-23
-4.197356666174783801e-23
-4.056313816493703898e-23
-3.724956220245933467e-23
-3.978681535860914814e-23
-4.174040182029484444e-23
-3.879805552474824499e-23
-3.994655853456405602e-23
-4.052358586742485826e-23
-3.818842679527928551e-23
-3.737992803749222347e-23
-4.019497624932223004e-23
-4.065145540200471959e-23
-4.037404706950831865e-23
-4.013915642889673264e-23
-4.091182004175272871e-23
-4.208333222053168247e-23
-4.043874404431494165e-23
-3.840911753883853126e-23
-3.924657649479811759e-23
-3.860432401922698855e-23
-3.939742353744727784e-23
-4.053450498439988296e-23
-3.781464598423153679e-23
-3.826097086786591309e-23
-3.783206837492553781e-23
-3.716892573849341532e-23
-3.946103163254631938e-23
-3.802215865064247741e-23
-3.572727333496499725e-23
-3.918721741769258829e-23
-3.576897073561148641e-23
-3.727027731162045605e-23
-3.779507421510871482e-23
-3.814701780753623311e-23
-3.663257685347638308e-23
-3.648962922122026427e-23
-3.552744943495534325e-23
-4.024620960806394994e-23
-3.821088056786989768e-23
-3.382799759393902261e-23
-3.593869041849540234e-23
-3.776564233178613604e-23
-3.949222861843207490e-23
-3.929987174140239316e-23
-3.739091576366627088e-23
-3.657329781056616172e-23
-3.631262171645493952e-23
-3.636689216185335978e-23
-3.861230403967122424e-23
-3.887845164197332660e-23
-3.625048403757382165e-23
-3.717718063395711311e-23
-3.603720336678786142e-23
-3.425200437861494038e-23
-3.567499848752277016e-23
-3.399839876407209089e-23
-3.491167026776813356e-23
-3.674424333146600081e-23
-3.482505522973656280e-23
-3.507252177654488768e-23
-3.568900384111699647e-23
-3.747240472530872543e-23
-3.652827277187811901e-23
-3.696242757041513796e-23
-3.529130929223580115e-23
-3.450537716552366094e-23
-3.585634221701813162e-23
-3.459264278796986707e-23
-3.227123381506695976e-23
-3.440971245505990835e-23
-3.505191982787084187e-23
-3.472436845015992828e-23
-3.369645844997576904e-23
-3.385279744286883423e-23
-3.632556584850947346e-23
-3.206757756798293917e-23
-3.334248749357762723e-23
-3.426065805921070917e-23
-3.494648489054133326e-23
-3.251595263259659052e-23
-3.392692412402102737e-23
-3.533923047888907468e-23
-3.301734445478285387e-23
-3.401929278586510937e-23
-3.392480788406358252e-23
-3.334168877684232503e-23
-3.366541347757901107e-23
-3.597108404022090035e-23
-3.382246178519664464e-23
-3.598917936962573738e-23
-3.382140055774327530e-23
-3.409363515788736471e-23
-3.231193181899732400e-23
-3.231412973172163443e-23
-3.425779945530582918e-23
-3.201105376248918327e-23
-3.141730080708773862e-23
-3.305891347193198669e-23
-3.422752989848778472e-23
-3.336016681845616187e-23
-3.148614452954065929e-23
-2.998407787809287593e-23
-3.202297011438568376e-23
-3.209055109111703187e-23
-3.364831272633478921e-23
-3.158089317754052163e-23
-2.970903934753637793e-23
-3.119032351649219868e-23
-3.344212218238668113e-23
-3.024999615853898529e-23
-3.095476518860892166e-23
-3.048479204934023661e-23
-3.123103967740629353e-23
-3.105578371437518530e-23
-3.004892026202760547e-23
-3.118016249024012918e-23
-3.064887428849257738e-23
-3.201284817701402367e-23
-2.944862198192506197e-23
-3.265944523926105734e-23
-3.160340784239996186e-23
-3.081851669860793958e-23
-3.076565687641055496e-23
-2.926192480058679249e-23
-3.037179278277333308e-23
-3.097829822751663726e-23
-3.020874030186671831e-23
-2.996756084909576113e-23
-3.039105612505913830e-23
-3.082069600638028236e-23
-2.943974609882949228e-23
-2.818874655115015000e-23
-3.072499151539729662e-23
-3.094192266433184870e-23
-3.007127040549511883e-23
-2.910509732982229348e-23
-3.002331241039227640e-23
-2.766615535453828189e-23
-2.795351685767422675e-23
-3.078149275734898163e-23
-2.987426119862659529e-23
-2.946558959623919857e-23
-2.940306680835303946e-23
-2.889749862822504889e-23
-3.031881083692100852e-23
-3.056404348085528111e-23
-2.926700071379126749e-23
-2.843489743818166953e-23
-2.753650052684044614e-23
-2.959553461211989407e-23
-2.839630570364211543e-23
-2.873728344012202015e-23
-2.899312143003177337e-23
-2.801174133609812733e-23
-2.929884179005858229e-23
-2.892564005353471503e-23
-2.780414633724591592e-23
-3.008823051968394159e-23
-2.837041433877542221e-23
-2.748075370929283742e-23
-2.854192493454957201e-23
-2.835949964505541252e-23
-2.856241863219465234e-23
-2.832917305434586903e-23
-2.797467399036374609e-23
-2.772054613756231151e-23
-2.870388794604843420e-23
-2.807347720891382610e-23
-2.884786727572588183e-23
-2.799033314208362947e-23
-2.785293236519804633e-23
-2.752788841597388194e-23
-2.437387690522117521e-23
-2.714291403231469966e-23
-2.620320448572030948e-23
-2.864033389480170979e-23
-2.695342825441738347e-23
-2.665150410301190501e-23
-2.730562085290337815e-23
-2.717783215242656746e-23
-2.808846461811378893e-23
-2.808833361695984328e-23
-2.756300948138420549e-23
-2.800622956394227016e-23
-2.631753683866702062e-23
-2.895766618892082523e-23
-2.500143625180307966e-23
-2.610189616712240637e-23
-2.770467705131949531e-23
-2.643983232861989223e-23
-2.689935987224915690e-23
-2.548871513481911622e-23
-2.687930934725489169e-23
-2.691349018962782132e-23
-2.537711111245906373e-23
-2.652149511302842252e-23
-2.567077716607566412e-23
-2.644558004271045344e-23
-2.650966534711795653e-23
-2.478054289206201742e-23
-2.632482382916314033e-23
-2.607833687966611971e-23
-2.588081680245165963e-23
-2.465745056348948263e-23
-2.711431801135475716e-23
-2.624948048880796477e-23
-2.399147093836877700e-23
-2.549899917908936508e-23
-2.643373487235585938e-23
-2.516445539037760223e-23
-2.593004366012353233e-23
-2.423411204827184635e-23
-2.539100610725240711e-23
-2.576671839558993766e-23
-2.554569264404174581e-23
-2.477509029077361421e-23
-2.514894594592662308e-23
-2.415292012541987807e-23
-2.590002046819572468e-23
-2.520880468975420590e-23
-2.575660380147396727e-23
-2.568288277440215459e-23
-2.524213932445528487e-23
-2.509028251236919745e-23
-2.658809511169279498e-23
-2.484062470381270434e-23
-2.357887919380247352e-23
-2.302078795892221729e-23
-2.439951371852565033e-23
-2.440749581259791261e-23
-2.342728109046678531e-23
-2.502264712334020802e-23
-2.418880344379536118e-23
-2.422950622392543482e-23
-2.462979744425594827e-23
-2.491005486749396043e-23
-2.281391693552043009e-23
-2.468787165656874036e-23
-2.339347103844327251e-23
-2.420475626205166024e-23
-2.289862355751374964e-23
-2.427287800054470360e-23
-2.479013350256399870e-23
-2.312793118317471847e-23
-2.345145488868869029e-23
-2.295364111384588475e-23
-2.337481424672511676e-23
-2.121918772823114160e-23
-2.474317065729245703e-23
-2.411576241143080514e-23
-2.423301282225545418e-23
-2.261494257513643106e-23
-2.312882528577706016e-23
-2.385550386134084576e-23
-2.238993745524185465e-23
-2.368898119371234788e-23
-2.369197587770236421e-23
-2.326701764229823335e-23
-2.251395791492229483e-23
-2.431203540101379945e-23
-2.359171895751258998e-23
-2.278282993107327110e-23
-2.231920272557715123e-23
-2.265876530451208129e-23
-2.319869648971654940e-23
-2.280965914901593094e-23
-2.170192717435748502e-23
-2.375555119223159565e-23
-2.235385433027135394e-23
-2.229665897156597632e-23
-2.186580658512097180e-23
-2.175903000656156052e-23
-2.232700598934347486e-23
-2.288845998372538009e-23
-2.246497548483373069e-23
-2.205129517217742663e-23
-2.177576667169965810e-23
-2.377695797617003126e-23
-2.208961626378320098e-23
-2.211938216189205108e-23
-2.199773174655004816e-23
-2.208987873131938028e-23
-2.072803729905759260e-23
-2.104457334152221089e-23
-2.172958747959337421e-23
-2.069355977840522260e-23
-2.103885477212862806e-23
-2.156049814029910375e-23
-2.027362077048159421e-23
-2.117916016155104782e-23
-2.161323697125452793e-23
-2.069072306247102236e-23
-2.074930671366718238e-23
-2.214137981254890739e-23
-2.085218415322725412e-23
-2.110228811593026013e-23
-2.148707766357762927e-23
-2.193249416069968941e-23
-2.020924351662656633e-23
-1.985915883644498280e-23
-2.100684414600016984e-23
-2.034660447638507467e-23
-2.097299463043079509e-23
-1.994799950420793767e-23
-2.108097582748085310e-23
-2.060467364581915923e-23
-2.110801948309752252e-23
-2.138450762498571673e-23
-1.989534860963040095e-23
-2.032539367878153338e-23
-1.982670010981701963e-23
-2.030123022331882820e-23
-2.031383809326054574e-23
-1.958240348288580850e-23
-1.942157785757337167e-23
-1.917118184607051383e-23
-1.982796481130995355e-23
-2.019621870942783551e-23
-2.083875384109010826e-23
-2.013037684742351497e-23
-2.021254670293689652e-23
-1.902090416811725043e-23
-2.014252529791834027e-23
-1.938440184453073819e-23
-1.927014997441171163e-23
-1.896029163745301498e-23
-1.916381599423206298e-23
-1.853096088807363692e-23
-1.967028558115961972e-23
-1.897457814769599949e-23
-1.942914358547294913e-23
-1.915898515926642712e-23
-1.928106643056712879e-23
-1.940671129853068001e-23
-1.957758481628869396e-23
-1.849733973363462322e-23
-1.887507738447510452e-23
-1.774627102659510845e-23
-1.818868949819810305e-23
-1.747388426752810597e-23
-1.831234818755202025e-23
-1.917610177779538330e-23
-1.920255673177206870e-23
-1.854728352643357725e-23
-1.807163527970030916e-23
-1.852282214366576855e-23
-1.741324402473592124e-23
-1.773868931114167909e-23
-1.882977888051722131e-23
-1.728528366850066635e-23
-1.849026380985106310e-23
-1.794561934005332765e-23
-1.811725761193061827e-23
-1.796505233747022408e-23
-1.730820972251806293e-23
-1.773856764600666309e-23
-1.813397689897207656e-23
-1.775470809977492752e-23
-1.808496739585245776e-23
-1.772311866512002955e-23
-1.679136585681877012e-23
-1.741760001351713067e-23
-1.749779319668699265e-23
-1.702399804761595080e-23
-1.684183875240015493e-23
-1.738916964261052784e-23
-1.766380245207091604e-23
-1.668997329394774056e-23
-1.688197652380418820e-23
-1.714499505254388234e-23
-1.728482263349870150e-23
-1.567997671153455639e-23
-1.646131214858569980e-23
-1.715915822831454977e-23
-1.649423092947570875e-23
-1.731096327119581649e-23
-1.630607984567382455e-23
-1.627597399629282440e-23
-1.657440029651833107e-23
-1.672266025082905990e-23
-1.593592467567055184e-23
-1.686198498949097307e-23
-1.493538964850803408e-23
-1.459063168886814156e-23
-1.643055836648172308e-23
-1.568037334339022748e-23
-1.490679280014463383e-23
-1.683083547642898497e-23
-1.575743829720719053e-23
-1.591381686975255116e-23
-1.599738550760812381e-23
-1.628623239095712696e-23
-1.576559638057950641e-23
-1.592958339954995770e-23
-1.547032429991135453e-23
-1.533044484503112830e-23
-1.589736844325297754e-23
-1.526975494951119312e-23
-1.519216052396916751e-23
-1.565421819301709672e-23
-1.541622454734159763e-23
-1.550162104079957213e-23
-1.460482444639623910e-23
-1.616502110562528621e-23
-1.536595656471702260e-23
-1.471584014613352544e-23
-1.388660317101795105e-23
-1.522476940955348022e-23
-1.525544180454533417e-23
-1.565465277990495729e-23
-1.522442182932662268e-23
-1.536995069512940680e-23
-1.500980651411323163e-23
-1.449008633045810890e-23
-1.452161638008898446e-23
-1.449293396338734951e-23
-1.539388859053770331e-23
-1.427806289767454095e-23
-1.419455767694471674e-23
-1.432034999303730562e-23
-1.434512030649907362e-23
-1.404840665375286876e-23
-1.437717012214818689e-23
-1.438649608748419951e-23
-1.417343222308912154e-23
-1.422669342571291754e-23
-1.516230873095512594e-23
-1.427643535223211820e-23
-1.418132200911344639e-23
-1.454876380006343855e-23
-1.344746076052534015e-23
-1.480147252487686252e-23
-1.391014578492882207e-23
-1.381461627446077977e-23
-1.307065741805058109e-23
-1.358180832229863863e-23
-1.305849559568703490e-23
-1.423269697529365338e-23
-1.309597278803328276e-23
-1.348166153572487309e-23
-1.346916280981706498e-23
-1.327345957605180908e-23
-1.316051263511505535e-23
-1.322418264018528236e-23
-1.367541620922056305e-23
-1.339484739681960134e-23
-1.285063835490665378e-23
-1.318518813165052491e-23
-1.325629930477865576e-23
-1.337244051944680312e-23
-1.312087499902805289e-23
-1.333753915027770551e-23
-1.254482921591237337e-23
-1.304707139921798390e-23
-1.274072717326904708e-23
-1.339051464642701179e-23
-1.290110375029722767e-23
-1.348251414862884531e-23
-1.236963784586031481e-23
-1.264545925394844494e-23
-1.252135377413851558e-23
-1.304295081981022024e-23
-1.262808416342546847e-23
-1.289411652342655964e-23
-1.175886598902069619e-23
-1.267685104214647808e-23
-1.223887055198105346e-23
