0.000000000000000000e+00
0.000000000000000000e+00
1.721903873182722518e-14
4.870310330760258377e-14
2.292933065406813406e-15
1.396995483500188898e-15
5.109424832172104662e-16
-5.019042956793265297e-17
2.090025338169742726e-16
1.644902626016342394e-16
6.213643502673454381e-17
1.285724307402237532e-16
4.441407941283201478e-17
3.961253790825429425e-17
-1.124948240249750720e-17
4.623163804691357011e-17
1.906222965907171576e-17
3.898967844817360455e-18
6.895550975704371182e-18
2.232822252783789307e-18
1.142082903164163598e-17
4.357789375874167679e-18
6.944238615050761670e-18
1.067904936477666342e-17
7.047636616071695572e-18
2.281399042003650932e-18
4.261474890629174710e-18
4.280684109957793147e-18
4.099619358403815632e-19
3.912284330739308097e-18
2.284780992093309932e-18
2.424346312781749007e-18
1.444334983524145172e-18
1.445213893781084286e-18
9.476788023322635675e-19
6.606106345764896135e-19
1.200521093911226859e-18
8.826062146653177377e-19
6.198725336696241228e-19
7.776278673848626726e-19
7.005032064292645132e-19
4.706698504174940338e-19
4.359024259640825296e-19
3.023068135893246753e-19
6.018407208711322404e-19
6.215592971430660861e-19
5.452922078155857940e-19
1.360032720453134611e-19
1.905106689091308944e-19
3.464343145553383260e-19
2.386383297413804432e-19
2.597004760588521055e-19
2.390254590183577251e-19
2.003463209023192087e-19
2.758457129859770320e-19
7.577615506813988604e-20
7.745109186049885492e-20
1.207942128224121739e-19
1.296778621840112144e-19
1.243999119920400823e-19
6.196177693466109835e-20
1.686678570494254943e-19
1.112148685240696307e-19
4.889726248784189542e-20
7.351650699242281813e-20
1.364620322833582216e-19
1.075095246604090276e-19
8.931311892698716994e-20
8.516797844974447281e-20
9.639746721088275144e-20
1.048190384840151737e-19
7.499105945146989408e-20
6.510079291101169014e-20
3.303087605324224990e-20
7.595876111532759187e-20
6.329140461618703411e-20
4.594674381253271112e-20
5.356378139242752992e-20
5.959259488908476259e-20
4.740940578193459195e-20
5.662508581871234463e-20
3.905772470506557750e-20
3.726091348648688487e-20
3.145160329628118113e-20
1.644085835397743433e-20
2.089351606606421165e-20
2.596125993568809465e-20
2.480959648210352199e-20
3.041850079653851098e-20
1.358849429140873244e-20
7.069581825937839212e-21
2.254773012495505613e-20
1.692810342145330074e-20
2.449200470582400933e-20
1.721088401247006534e-20
1.754044929418779728e-20
2.998973975699134537e-20
1.587472075768161330e-20
1.254326278394054283e-20
2.401937442748170810e-20
9.667844668626425719e-21
1.706188131266463323e-20
7.922140513141353274e-21
8.651603539650360024e-21
1.402348421479576846e-20
7.872077032652216887e-21
7.595565335108000193e-21
9.492162867929249938e-21
1.005280602299844805e-20
9.416097407048090109e-21
1.289800170954495111e-20
8.059375365082827909e-21
1.250590771913927567e-20
1.050889404634387215e-20
7.449425794196384985e-21
1.161773688412060409e-20
1.247586099641161310e-20
7.467238323017282008e-21
1.015418228956637582e-20
9.872560461281646861e-21
8.453872015477300918e-21
6.829601637286159677e-21
4.515158045888882878e-21
6.374785059469317015e-21
4.117403050630082457e-21
7.160689285083944774e-21
5.659666343256744342e-21
4.764057137358252023e-21
6.184211062377020261e-21
5.430100700351096479e-21
5.438025151960171243e-21
4.430229295128144443e-21
2.916282883213086236e-21
5.213816107469877640e-21
3.973195451153611781e-21
4.144752929642753752e-21
2.877931512338117265e-21
3.555175164124635806e-21
4.644959580553511060e-21
4.748847898171556270e-21
3.138651984493525686e-21
5.763370214748968056e-21
2.984022127685810715e-21
3.518698317428677718e-21
3.768036889417227506e-21
2.862948193605425471e-21
3.206989848859409377e-21
2.692510663779965484e-21
2.772746387549289728e-21
3.174824532194767182e-21
2.479992534117218540e-21
2.728819501432339874e-21
2.243335154679513148e-21
2.683283000810017984e-21
2.161287584153695596e-21
2.850365503438146721e-21
2.368745303626069591e-21
2.132776367365257738e-21
2.193034301751995576e-21
1.643246299396737349e-21
2.205018383137738211e-21
1.642395235881331374e-21
2.666057313931018882e-21
2.080557866034120510e-21
1.792906050443443739e-21
1.792622206639635118e-21
2.589593109588608810e-21
2.516740721272493031e-21
1.014582944454172809e-21
1.426964742810479231e-21
1.493845003930466116e-21
1.358473563646964520e-21
1.947157066512072680e-21
1.364845115384338113e-21
1.793117147608983656e-21
1.145144365715859385e-21
1.247152079615247109e-21
1.413716068858479630e-21
7.500780185443844661e-22
1.404619379137032247e-21
1.438702381775435684e-21
1.378032383661039849e-21
5.979563984240401374e-22
1.251446051521030732e-21
9.909172917307627041e-22
1.596918993037243159e-21
9.699701686681147717e-22
1.151792397986627843e-21
1.497370381081538213e-21
8.336654485786001345e-22
1.134308776522192708e-21
1.024370558018702457e-21
1.131871914008923479e-21
8.871764446184197516e-22
1.040419113817997621e-21
1.312738028956741228e-21
6.854650841474014397e-22
1.075750902830622215e-21
9.838725959303667333e-22
7.773170236299550551e-22
6.792783280461027366e-22
7.094357025668266987e-22
7.826947243177204053e-22
5.383663533444642082e-22
3.756618884748797052e-22
7.402294663658282094e-22
9.415103295866250905e-22
8.357888281696962246e-22
8.062020531604054967e-22
5.552624282579104922e-22
5.298303324449757110e-22
4.523742369693898193e-22
3.460405967221904663e-22
4.802730204070856806e-22
8.021882714994186852e-22
6.097995000132537971e-22
5.334787298752514440e-22
6.037328037064457211e-22
5.258242646922009518e-22
3.080819875013565170e-22
4.598764285069471409e-22
3.943789486008219217e-22
3.486033443893000193e-22
5.907727626005770977e-22
4.871287356961455083e-22
3.990295979736705815e-22
4.667343202584683929e-22
4.847177613529635375e-22
3.837922331985357668e-22
5.046293391575172713e-22
4.380636261559023638e-22
5.700842996338880783e-22
5.204736149303011394e-22
3.917035740689855447e-22
3.964640432012436320e-22
4.389761521973671269e-22
4.189652793244751079e-22
3.817300474284989680e-22
3.887952308990358832e-22
3.701458269095087899e-22
4.700093221405497840e-22
3.556638523567260441e-22
3.449037034171144835e-22
3.778870555449366886e-22
3.340059637603169744e-22
3.756075619243962264e-22
3.435099578389294356e-22
3.668071050474803278e-22
2.801681105247426274e-22
4.119966534794156774e-22
4.346016365813216092e-22
2.875607577868115257e-22
2.490496204691266112e-22
3.214136399472485868e-22
2.939860684337269533e-22
2.489731353989653382e-22
2.234124661407999811e-22
3.101143891105423517e-22
2.670782151589360670e-22
2.832696581560622518e-22
2.486439420356324843e-22
2.077112009339388388e-22
3.193554674404979144e-22
2.503762135380482532e-22
2.376212686208538529e-22
2.481971482440883806e-22
1.821949926832995612e-22
2.092548958748948328e-22
1.758805351798643194e-22
2.518834854686175596e-22
2.621613399729136313e-22
2.163202125582848329e-22
1.929238314380464814e-22
2.062253174567119738e-22
1.636857166552826649e-22
2.027419949570181450e-22
2.211556860197025147e-22
2.524267233651870672e-22
2.471264662240493412e-22
2.325880383978788525e-22
1.840346093080513308e-22
2.564237711914201930e-22
2.074451712979445861e-22
2.030919420576052153e-22
1.802589021344597905e-22
2.315633722530732837e-22
2.202434462091953218e-22
2.025387147941762319e-22
1.649727026845496092e-22
2.535362523951764262e-22
1.290323382172663414e-22
2.133683246405000221e-22
1.460216160979291100e-22
2.061994171676189227e-22
1.865818433201822862e-22
1.979867007748242588e-22
1.213365227814759027e-22
1.822359021841174933e-22
1.679114844761236187e-22
1.741006432824628388e-22
1.269386204285398143e-22
1.936236541071153640e-22
1.587000672581192641e-22
1.723647492676408411e-22
1.356241135639257699e-22
1.485042206799289952e-22
1.464727023416039095e-22
1.104289419586656450e-22
1.208328572293273585e-22
1.242455061490086338e-22
1.598043375728243023e-22
1.421867544501410362e-22
1.445496944320836259e-22
1.644984826765755006e-22
1.445655135585342735e-22
1.243031381912032753e-22
1.402756724714199552e-22
9.347575640697943344e-23
1.111320493166156170e-22
1.461473668470983317e-22
9.970038486564183803e-23
1.280694194014304511e-22
1.049446528151004472e-22
1.085240753295817063e-22
1.157744790178316945e-22
1.110444697889757021e-22
1.318129945399056011e-22
1.221811255924786826e-22
1.184251057411580978e-22
7.959468005411416956e-23
1.048830741602262717e-22
1.016395910521890258e-22
1.009453100069777148e-22
1.231067441310753324e-22
1.026632275584809498e-22
9.086756390651798077e-23
9.712940934876297115e-23
9.966551195572419571e-23
1.034390606014637693e-22
1.173672629724081476e-22
1.164635720831698957e-22
6.913501183284445727e-23
7.520393417371215885e-23
9.697620725410866780e-23
1.105288401841599625e-22
1.205650199290080985e-22
1.161772234531203135e-22
6.978645294045485524e-23
9.097345643164586677e-23
8.430871859727956117e-23
8.962180570580961565e-23
8.790627183475779961e-23
1.087124012910881435e-22
8.357384039388570562e-23
9.737086354088532035e-23
1.037984242314579965e-22
9.265559697064423519e-23
6.590517284845999743e-23
9.035681271846811989e-23
9.729647435188680453e-23
6.316535106663818908e-23
8.318215901754976714e-23
7.307385393304255219e-23
8.351555410648217347e-23
7.435061979999784780e-23
8.284777962851297774e-23
8.124702982542204726e-23
6.671473836197561693e-23
7.121579349220004121e-23
5.814123995156253209e-23
8.307675806744055046e-23
7.657058365464119390e-23
6.720711902779643618e-23
7.304813237469338982e-23
5.336966183452159738e-23
6.744316373615482742e-23
8.554058786453729562e-23
6.536451783731160897e-23
7.383961485251004325e-23
7.692071969393343937e-23
5.980001703518103608e-23
8.358991892935605279e-23
7.211913963712241955e-23
5.676232612266171500e-23
6.146492214886423189e-23
6.858478602941904000e-23
5.392210305269583458e-23
6.243163395872062013e-23
6.456475877157769105e-23
4.744749955002905049e-23
6.895286749184286605e-23
4.997446275131940002e-23
5.513514599305052254e-23
6.641027070415102068e-23
6.892633801451770844e-23
5.127558036350389608e-23
5.871863212012025671e-23
5.189233783134707054e-23
6.076000237594563091e-23
5.963918938114442454e-23
3.938051975208070185e-23
3.597658081482480624e-23
4.461647694520421983e-23
4.704661710029060612e-23
4.927497505041918096e-23
4.741945491799001436e-23
4.243587871248110771e-23
5.078142670019585124e-23
4.530549721414882548e-23
5.654722947151647987e-23
4.667668533523811554e-23
4.763480493005672219e-23
4.536766792523232194e-23
3.836954880507313940e-23
4.332001591990281125e-23
5.926183770575295177e-23
4.701550413916008759e-23
3.127300688124486914e-23
3.970781523969084441e-23
4.299733108310769762e-23
2.694388969004157456e-23
3.390246816960131004e-23
4.541756152241568309e-23
3.934439278544901549e-23
4.006945606638345373e-23
3.183386760404665484e-23
4.996156233883738644e-23
4.135203114636074317e-23
3.005057214894053681e-23
3.280042316574076216e-23
3.768868475643007775e-23
3.989755104702369632e-23
4.394182858863247089e-23
2.707217330038579877e-23
3.942766217152352638e-23
3.712186115189427192e-23
3.943279245406393086e-23
3.517689505750052389e-23
4.108439165907770100e-23
3.678383351355931528e-23
3.459194966317187600e-23
2.367800601275977529e-23
3.291060260787627239e-23
2.216790998824337855e-23
3.717852122891104438e-23
2.736145828087366318e-23
3.500467399450575502e-23
2.284556796578738594e-23
3.202150100179631427e-23
2.550099782229507964e-23
1.822916416427187580e-23
3.357523233540294334e-23
2.803998615288703569e-23
2.710987723249978025e-23
4.369582595943997045e-23
3.025437778285653454e-23
2.684591597585135338e-23
3.121153190258097526e-23
2.297098369193654477e-23
2.596563083564915566e-23
2.425456840162919299e-23
2.279842197741203050e-23
2.853236056667293685e-23
3.418377959979956922e-23
2.591932370762305047e-23
2.093003320953041209e-23
2.235889322254994028e-23
2.657023159007962154e-23
2.698386761402678275e-23
2.880370622995211289e-23
1.928759628152363240e-23
3.106871823214571856e-23
2.532237537592112114e-23
2.413418161886196261e-23
2.351206343186207431e-23
2.517060863448623241e-23
2.433757987241563845e-23
2.526754360700356484e-23
2.570029781563965092e-23
2.232436413042804692e-23
2.470771114773621699e-23
2.963610511358274408e-23
1.840010871004840185e-23
1.773942360596665618e-23
1.595095294215503928e-23
2.495826556801088910e-23
1.844766785778385621e-23
2.069912911972063176e-23
1.942414835636173007e-23
1.656249295183702581e-23
2.438506068758158241e-23
2.301352836377080013e-23
2.332674989569070938e-23
2.313879891295401150e-23
1.714790986174632170e-23
1.752897165195300711e-23
1.424182336533037117e-23
2.413217583254373243e-23
2.039049752305693543e-23
1.942714472827442132e-23
1.385007370237959203e-23
2.264484339797551165e-23
1.849684810263978866e-23
1.827591168980057865e-23
1.577133333610627508e-23
1.241454958822265206e-23
1.741282822806326887e-23
1.918247438931612022e-23
1.283096372375670499e-23
1.855805419627199572e-23
1.856440280700696493e-23
1.900799469674585656e-23
1.741727442752339700e-23
1.496931291974526226e-23
1.851163947154231080e-23
1.237478793596499153e-23
1.651713692467372611e-23
1.984744542167389335e-23
1.538671664056275493e-23
1.436978719746184044e-23
1.780311156322560597e-23
1.957437852757847556e-23
1.126578303954580937e-23
1.513955524617951038e-23
1.441184707556904873e-23
1.641536689059878360e-23
1.228383226968866316e-23
1.418361322168926330e-23
9.838133931168230310e-24
1.777118327516041716e-23
1.076215445649178310e-23
1.620149673005250438e-23
1.208875542493943884e-23
1.435127628833755278e-23
1.218627529286138312e-23
1.096898145526516226e-23
1.322367145541033216e-23
1.184537008636109893e-23
1.293682967328336361e-23
1.454990901503399429e-23
1.200252109315164356e-23
1.436139951326413958e-23
1.292278497751125975e-23
1.341189091301714644e-23
1.203323574303124295e-23
1.287385951916271234e-23
1.581686123050296448e-23
1.336531578106563600e-23
1.399980204659701589e-23
9.580448649199136995e-24
1.287785215198207957e-23
1.119519659356087630e-23
1.336452285103554517e-23
1.188752371756209863e-23
1.209618904963909221e-23
1.042056833386161953e-23
9.883567053851013966e-24
1.494062809024516693e-23
1.002336909328153481e-23
1.350579703153488722e-23
1.270020476281621199e-23
1.106442040098371179e-23
1.144826260521831780e-23
1.186445423754001477e-23
1.031885031911821385e-23
1.173865812176707748e-23
1.125075956788328041e-23
7.277505837966973745e-24
1.039262642993162650e-23
1.110989932472333252e-23
9.546290287169823814e-24
8.976176573000390914e-24
9.744468078387717689e-24
9.798434011803990269e-24
9.286939791401439939e-24
1.387370386654028813e-23
7.832495163759800703e-24
9.478957711091973688e-24
1.144197302912803727e-23
1.031567053746699653e-23
8.235260299435900048e-24
1.027155269690550036e-23
8.827396895049666391e-24
9.245575741296600668e-24
9.610269427378041800e-24
1.073522614723979651e-23
9.226009756893225994e-24
1.057816115751371911e-23
9.968467286167049145e-24
9.193577738155947065e-24
8.870430502629185206e-24
8.332171982313676041e-24
1.055670918576069400e-23
7.078989925975986057e-24
1.038865507382877859e-23
7.287536829731783779e-24
8.351305530592140695e-24
8.748402655483813700e-24
8.520822067473141461e-24
8.341101294587842351e-24
1.066406280951702881e-23
9.218005395267995683e-24
7.824581187881506982e-24
8.836700591570732570e-24
8.049970521157235098e-24
7.120403717508179196e-24
8.599664045398091853e-24
6.724341080592162267e-24
6.249554481789431452e-24
8.064025189215335457e-24
8.166256263362812649e-24
8.078901979820006084e-24
6.227707873244405149e-24
7.500011488344196020e-24
8.922825315375739936e-24
8.810629231191511857e-24
8.819800825542338505e-24
7.852787867861084248e-24
1.148895739006499601e-23
8.218504047971663069e-24
7.202781714976659339e-24
7.645273296145179201e-24
8.073999649029875586e-24
8.990081465319778542e-24
7.187618959887920666e-24
7.678467077885187349e-24
7.811416175991936031e-24
6.916288021317651344e-24
9.101663390207638919e-24
7.651904144677277089e-24
9.299829766799370568e-24
6.928980887491367943e-24
6.061828057506286949e-24
6.972589612233168251e-24
7.010458763015431657e-24
9.016644080753369555e-24
6.903353769308981727e-24
7.179196071537034044e-24
5.498869848429332806e-24
7.620310474129288207e-24
6.972218676657197526e-24
6.771664715496036024e-24
6.985066418681333211e-24
7.920422399843379968e-24
7.639980088556948544e-24
6.545850429776814568e-24
4.736959518082923609e-24
7.835106352964350184e-24
7.440570644977991022e-24
6.729000659771824532e-24
8.162930688046259661e-24
6.297988368717690968e-24
7.245768650693421334e-24
6.622147633917104106e-24
5.606787963608977633e-24
6.683659949331573579e-24
5.334533032654135817e-24
7.215594084320460705e-24
6.353570439677651712e-24
6.017568472570942707e-24
6.339893287131222273e-24
5.048307860113913797e-24
6.065204414921384629e-24
6.465389306555353669e-24
7.688862487710612941e-24
5.186401778223591861e-24
4.873102855757362824e-24
4.335416983840001555e-24
6.632777078745360165e-24
4.498978434831549464e-24
5.162570071659562284e-24
5.126003218290288873e-24
5.827223229597100964e-24
6.530508150741885955e-24
6.555953018805799506e-24
4.008551090920063626e-24
6.251350868075270868e-24
5.659965523433490373e-24
5.319558110789529062e-24
4.599822268295738687e-24
4.490033354480731692e-24
4.374246719399271479e-24
5.395898367453037953e-24
4.250157261109948914e-24
4.875793394562935780e-24
4.671594206941193536e-24
6.214929613237568624e-24
4.822111381014943349e-24
4.338144575632242872e-24
5.102565171735108281e-24
3.586110418726742017e-24
4.566649752063585758e-24
4.794929156000789681e-24
4.487209428079769329e-24
3.597543493804605710e-24
6.022475986461437643e-24
5.179581991336058447e-24
5.908614522118599501e-24
4.561756526092744119e-24
4.363962399049339582e-24
4.643025593488789966e-24
3.751158946093248905e-24
3.751047994794862139e-24
4.269725548329501929e-24
4.633675130628912299e-24
5.524344981070750582e-24
4.566349828414755572e-24
4.400354167761607853e-24
5.355581052024875321e-24
4.713833511565552030e-24
3.537621311612272806e-24
3.443496960701345012e-24
3.672947319446230985e-24
3.515871367152124408e-24
4.121005840747537335e-24
3.980440044508513149e-24
4.315158433302239861e-24
2.974912234587812208e-24
5.171012340860978792e-24
5.276949495325091986e-24
4.975808236250120755e-24
3.930445891892315835e-24
4.107962003873861581e-24
3.500491067904774662e-24
3.700411134310711110e-24
4.217202466797004962e-24
3.323526388381844520e-24
4.469235986986087099e-24
3.718094726600404575e-24
3.650644193738758404e-24
3.611957564221487900e-24
3.667298914642069999e-24
3.965055665693223074e-24
3.959023468231929363e-24
4.186488459934651008e-24
3.349716965690916980e-24
3.395705456786613163e-24
4.204040549659644590e-24
4.008387689138759546e-24
4.088436611860048512e-24
3.772210158633006633e-24
3.456449345038335313e-24
3.730265180562596553e-24
4.372503485827491009e-24
3.921848570597877539e-24
2.997427828847975907e-24
3.452470841107623127e-24
2.815612884966277671e-24
3.790892729918656949e-24
2.991817205419549157e-24
3.848052889190526214e-24
2.749192317420697393e-24
3.187745153033477723e-24
4.194970215606105123e-24
4.355723186633290693e-24
3.698810251092703907e-24
3.437751262963759145e-24
3.486365639697744533e-24
3.322944151616712542e-24
4.155883248379153497e-24
3.728401389198906515e-24
3.236041426961452818e-24
3.431803010151457889e-24
3.398937244691395370e-24
2.327968320795837042e-24
3.065547850306927741e-24
4.108262164264343204e-24
3.212586908937754868e-24
3.066099583377335768e-24
2.923698231341120886e-24
3.732642860768104331e-24
2.774732709628123359e-24
2.916350150536408044e-24
4.039977386073116212e-24
3.110858841858304856e-24
2.674720648940448990e-24
3.067097511258175014e-24
3.692163655239180765e-24
2.882950204187035786e-24
3.441969387829609133e-24
2.825900634357754339e-24
3.161800784291540893e-24
3.142231723912335555e-24
2.284026146563444666e-24
2.707443568949721023e-24
2.920703202904994437e-24
3.460308297885883522e-24
2.595556002154751735e-24
3.118543255805849092e-24
3.403345168748294849e-24
2.693933592141162957e-24
2.907605438079262872e-24
2.780658677150598278e-24
2.881893834666332284e-24
3.193529777840992996e-24
1.953384866918842166e-24
2.243423193506532355e-24
2.548000319581880716e-24
2.322127528993335542e-24
2.683546543448989712e-24
2.803979589177673464e-24
2.835682936670897790e-24
3.014726481664712685e-24
2.464576935886576851e-24
1.910510218686255784e-24
2.764178634082872446e-24
2.427997815317969041e-24
2.914996708491608731e-24
2.423240612576893754e-24
2.427739828693579033e-24
2.231735930230114515e-24
2.619412042526537941e-24
1.607577188859928930e-24
2.261214735544836464e-24
2.519030732178091938e-24
2.263087654263825878e-24
2.960022238575982858e-24
2.091240111022016405e-24
2.469119987424120025e-24
2.463362026206214093e-24
2.413011758167189037e-24
2.200908439008422314e-24
2.041739192123376430e-24
2.118713799427316545e-24
1.830201089202384046e-24
1.868954735037854042e-24
2.777167482929513296e-24
2.456576059465791179e-24
2.222056336861790544e-24
2.304952825377747937e-24
2.064262068401839144e-24
1.524141232338970117e-24
2.427413331379669396e-24
1.564250554904168352e-24
2.095353021553866849e-24
1.971457217636165561e-24
2.052045993405278429e-24
1.817863133251779845e-24
2.030727081283286942e-24
1.817057266866538340e-24
1.754870018822878707e-24
1.833692875008091666e-24
2.070729089676996909e-24
1.666704663205051870e-24
1.795485280537599308e-24
2.043021944430128462e-24
2.632473919547297048e-24
2.262061164168163925e-24
1.980346878537944172e-24
1.960127689630665485e-24
1.772589589271226568e-24
1.838094770535861977e-24
1.814965387678721396e-24
1.190805523353318993e-24
1.578675839562994385e-24
1.871447800795079587e-24
1.747744557719189341e-24
2.032260386035922642e-24
1.766757706373579016e-24
1.586306800131163505e-24
1.613050676107579364e-24
1.154375733888987133e-24
1.982042347211525696e-24
1.720509474681341621e-24
1.752688007898940976e-24
2.001906049838293982e-24
1.388827506626126543e-24
1.720981350966050953e-24
1.745622946389418357e-24
1.267940051616350837e-24
2.051199340787837448e-24
1.899476259365225606e-24
1.468094229814498912e-24
1.156715819830228244e-24
1.740491363236836252e-24
1.654834945304036040e-24
2.131959411743209682e-24
1.571639758291619043e-24
1.735160204750634146e-24
1.957519824027796745e-24
1.370037074221138635e-24
1.502798723155043437e-24
1.436014848213346933e-24
1.577841821817411527e-24
1.581707020205385965e-24
1.559504183618837380e-24
1.703712026580944879e-24
1.186677884507121557e-24
1.731354056686322545e-24
1.286491468846120793e-24
1.485109070068815467e-24
1.799560315926931732e-24
1.316633882703194030e-24
1.468534686427269706e-24
1.037193623525395408e-24
1.390351490257756509e-24
1.904871798161975335e-24
1.184100161107491071e-24
1.435236633644619840e-24
1.702527109747487399e-24
1.560800785297662980e-24
1.548442842886336167e-24
1.195392284334628558e-24
9.581995396650839843e-25
1.489782204845796404e-24
1.564414554851616491e-24
1.582336967007307102e-24
1.233808894530830595e-24
8.951191953927003261e-25
1.391346826151063884e-24
1.769036448865129162e-24
1.404151231798625761e-24
1.421733353213858598e-24
1.497382699737544737e-24
1.355463706933695174e-24
1.362469315990853208e-24
1.195492676966737085e-24
1.074155928259547770e-24
1.418570500811239658e-24
1.603770726507552595e-24
1.205058360633334376e-24
1.377260527969875555e-24
1.076047389089781531e-24
1.372565601796858300e-24
9.208832833181518405e-25
1.078131019700905322e-24
1.243151512619540263e-24
1.634596985408108692e-24
1.376351634138818307e-24
9.045492776701453524e-25
1.617401642909840584e-24
1.167037722678759485e-24
1.042650619521268964e-24
1.372066885640345173e-24
1.163055907634325568e-24
1.325357093798199455e-24
9.333865223759437339e-25
1.200362338524821515e-24
9.555041876659107545e-25
1.211620495232621811e-24
1.205458830243972948e-24
1.229113773126979456e-24
1.020155265929134907e-24
9.802263776023755620e-25
1.132269432934436399e-24
9.126103645646877662e-25
1.426263745910516804e-24
1.461011835885300305e-24
9.071823030190489618e-25
1.061197306349336240e-24
9.548575357816614149e-25
1.298489105930660577e-24
1.319839371623692681e-24
1.429760133709618123e-24
1.050242332753328936e-24
1.411254953798907975e-24
1.024636369769611110e-24
7.673544887978311699e-25
7.349646025770136167e-25
6.626102298154061834e-25
1.179147887052614473e-24
1.399362966598947107e-24
9.886030208798966693e-25
1.327697039501937241e-24
8.453954023297486848e-25
8.175303769917965336e-25
1.005541532058227494e-24
1.225909242361412583e-24
1.058530336727600434e-24
9.653931217014903789e-25
9.879061040994097765e-25
1.032054136684856046e-24
9.205035130604360984e-25
8.935175799726754878e-25
7.653668611684847053e-25
8.604880691776998437e-25
8.169496688665573063e-25
1.025637405306916312e-24
9.369107446586013611e-25
8.630981911726125943e-25
9.922370552333215996e-25
8.926611299959058282e-25
8.302918435198260623e-25
7.156538718646862247e-25
9.074089123130106397e-25
8.050499264674329912e-25
7.959131492499517806e-25
1.224338509629315685e-24
6.728808049308730133e-25
7.341860388955817577e-25
1.051504885977763482e-24
1.021860749396646134e-24
6.988983162747804451e-25
7.957772444582492404e-25
1.101304798400238146e-24
9.122801227206312846e-25
7.140913542750809902e-25
7.724492725869766274e-25
5.304009516429324575e-25
8.246281485476909820e-25
9.342628334311861512e-25
8.557859049212071312e-25
7.881553132905655602e-25
6.766082679687793903e-25
9.760887324211803413e-25
9.205700469552749993e-25
8.058871220268144776e-25
8.520163114017838419e-25
7.484793707859661455e-25
7.400951222327166641e-25
7.275975056797601469e-25
7.470010289991191136e-25
9.995127608642020515e-25
1.103313323133868178e-24
9.303999793073559464e-25
4.821901479137066012e-25
9.943174021089421792e-25
6.022558877518473713e-25
9.775893625808449681e-25
7.399666612105396758e-25
6.572262365716695838e-25
6.323906846562756526e-25
7.010412862484951028e-25
8.476066831214869392e-25
9.274650436933580853e-25
8.004642471024802493e-25
9.312268575061997004e-25
6.395510775707796692e-25
6.835667590595171276e-25
7.499335607233844514e-25
7.594783305434058975e-25
4.864313182079949684e-25
5.293594722325352800e-25
9.670609508124700661e-25
8.921733495846490508e-25
7.177154446732392825e-25
7.430059162870399758e-25
6.783367216760831483e-25
7.505654087353817160e-25
6.583710224401869122e-25
7.387525945538111449e-25
5.836907755234459874e-25
7.969581260364306586e-25
5.232579461514580984e-25
7.142651796929763925e-25
8.828100076071305163e-25
7.285322318059847931e-25
7.754872493368496221e-25
7.759629307755568601e-25
6.287200861593903713e-25
7.951558219066296706e-25
8.423715216827759160e-25
4.797169094626950277e-25
4.934763391250519091e-25
6.590659881939410989e-25
7.499148977594950000e-25
8.731841423393660741e-25
8.076584349632312071e-25
8.451261226469921150e-25
6.357997410499375199e-25
6.139049418532181995e-25
7.452011841055404860e-25
6.036572258901741163e-25
5.726009777866198747e-25
5.581378031233021944e-25
6.251601888246121459e-25
6.681824189358296884e-25
6.120291594285168786e-25
6.220077105921557466e-25
6.650811811415866616e-25
5.941987304521266588e-25
4.713770684753564025e-25
5.203227470572171636e-25
7.366411317513591727e-25
5.150013413554113424e-25
6.497346557320090148e-25
5.428406392112488855e-25
5.319819807846056429e-25
5.197950930700129365e-25
5.441382623087121007e-25
5.901950360845716262e-25
5.012141493305061691e-25
6.722010488360760706e-25
6.058107970965073213e-25
6.546531591537565908e-25
5.688190281165721008e-25
4.956440945375114454e-25
5.581740851463854123e-25
4.670674646224262854e-25
5.967329073371445494e-25
4.749209465610076661e-25
5.276417618841343194e-25
4.399043277434777779e-25
5.715044933079862198e-25
6.187842512766974418e-25
5.076662643139506253e-25
3.727216323504251084e-25
6.137208954799177987e-25
6.513836749335520057e-25
4.249599246411996632e-25
5.186368694219251237e-25
5.595870526836969294e-25
4.878424112515921097e-25
5.219375792508573093e-25
4.946108762293715056e-25
6.171699295513787317e-25
3.573282951972840057e-25
3.334238117447295859e-25
3.567938825128207810e-25
3.350512063241496806e-25
4.573479202986220024e-25
3.961323301962726648e-25
2.762061504019933030e-25
5.223476019882360052e-25
4.675469168293166625e-25
5.500650618623496593e-25
4.735047298427490925e-25
4.426962799389854716e-25
4.668661397769663653e-25
5.077704720362324526e-25
5.318359254510677906e-25
4.145524437315155811e-25
3.275775521311746010e-25
4.095369188819243514e-25
5.581028777370903884e-25
4.595060022370772391e-25
4.858576808469628762e-25
5.132293899840679532e-25
4.703361690391749353e-25
3.888939738736108114e-25
3.332421074517884563e-25
4.584679779509454468e-25
5.172921477678048832e-25
4.616085950711396171e-25
3.976512244627665663e-25
4.695685627552136894e-25
3.582712697114180551e-25
4.655486770051945014e-25
3.750104821450434535e-25
4.387222048215938570e-25
3.965506382183295447e-25
3.753971691121476278e-25
5.626745737604868977e-25
3.679664498897468468e-25
4.036400712425023366e-25
3.535184124904105177e-25
4.428956705991394523e-25
3.438211153418767143e-25
3.354173182723290612e-25
3.980006892733670297e-25
4.115926471751823471e-25
3.258410667282707978e-25
2.815443254965499049e-25
4.749755428615520650e-25
4.037625912758551147e-25
2.990688006938121816e-25
3.509922943851907135e-25
2.631957361516804199e-25
3.834805230114098063e-25
2.524134205697948228e-25
3.262549984140592594e-25
3.673640994477736876e-25
3.816290865453835839e-25
4.222549156878948085e-25
2.578394989348571086e-25
4.036129819251413324e-25
3.121835128870616703e-25
4.410088917578926353e-25
4.181985672045808909e-25
2.322415933248879388e-25
4.070404213805042145e-25
3.214586036214255682e-25
3.974666485795488603e-25
3.582300119359977266e-25
3.217707816953350849e-25
3.626445055982527610e-25
2.713133250381894281e-25
3.076980294525334077e-25
3.408862675706213337e-25
2.977252015702088948e-25
3.203039379226671852e-25
2.808588743023639204e-25
2.533582241359700597e-25
2.410837396831425470e-25
3.726821638547876810e-25
3.959676260871747200e-25
2.957402534940188110e-25
3.070285035247375020e-25
3.655828603049613945e-25
3.764756749534058514e-25
2.313069523316884300e-25
4.309671473202445386e-25
3.598041888929510713e-25
3.762549053647716918e-25
2.286036907689066899e-25
3.810065464208431490e-25
3.170297066558069316e-25
3.234106280181073137e-25
3.271192084278267947e-25
2.961376746747173399e-25
2.954816113390810141e-25
2.320737140149244735e-25
2.789325160668386787e-25
2.317921596502798676e-25
1.737799557400457533e-25
2.801690462522167150e-25
2.778371707639737523e-25
2.002047128546560267e-25
2.799616572355446904e-25
2.374935306465369529e-25
1.938833734055694231e-25
2.268634196386847178e-25
2.421447930239483435e-25
2.892974811733227706e-25
2.547319774718533654e-25
3.090285821381853098e-25
1.539709433258797639e-25
2.070013153663487456e-25
2.740805953433898891e-25
2.824343240925953960e-25
2.546379584013317648e-25
2.040993727196722269e-25
2.356852824850622970e-25
1.519994622102809219e-25
2.725149592600779826e-25
2.405798257973015193e-25
3.731656409217656887e-26
9.157048438692140703e-26
1.689384313697556610e-25
2.319479061622544942e-25
1.922760140342436861e-25
1.324148764362790170e-25
9.841198201494524412e-26
2.687282297260347423e-25
2.614248511459937507e-25
1.619989375102040089e-25
2.240929178334329723e-25
2.167706257965767313e-25
3.169518106709109365e-25
1.719390867612682196e-25
2.327920887129233036e-25
1.697712819054641547e-25
1.949689750480836970e-25
2.885442217762303532e-25
1.743498633104489953e-25
1.597428257794632898e-25
2.376155706106675232e-25
2.755639420289576081e-25
1.347922103689793560e-25
1.824392733510121984e-25
1.586138717158198498e-25
2.231047849017049959e-25
2.560084023389103373e-25
1.471789576340244104e-25
1.445817032340882406e-25
1.564426330588826551e-25
2.750318118137719288e-25
1.239707052694263855e-25
1.460191265199687812e-25
1.272873812340334347e-25
2.755490324355840921e-25
1.704599363950568811e-25
1.365643409096747954e-25
1.093426583231532925e-25
1.318980298622147630e-25
2.042508179314449105e-25
2.456693843181509689e-25
1.551723516934750284e-25
1.315262458076971206e-25
6.162997174613603954e-26
2.123023574749341386e-25
1.858610408088213135e-25
2.368444222787705624e-25
1.871913184770892294e-25
2.272858918566154170e-25
1.555236213900506016e-25
1.918226825172727822e-25
1.767559531237717564e-25
1.100101620868944976e-25
6.411729643955054164e-26
1.335613577277944710e-25
1.103727093261953941e-25
6.404397610747160433e-26
5.785942322095359511e-26
1.273082695839282752e-25
1.900838829993116160e-25
1.349734833042692647e-25
1.158220660222074211e-25
5.883734719465829493e-26
5.905942770114071831e-26
1.441116176992888839e-25
1.826628460190789111e-25
1.719455305696164442e-25
1.723709359248018374e-25
1.066416015398871818e-25
1.288033179083070171e-25
1.806917913818538900e-25
1.261090910487412909e-25
2.063897585280192764e-25
1.051011904939539678e-25
7.642983025502715846e-26
2.530401310582040303e-25
3.015690912466988343e-26
1.830512371745284158e-25
1.664480071698912477e-25
1.335797959853461122e-25
1.763096578188313364e-25
8.265841239268221792e-26
1.095243095834406397e-25
1.401296259654873380e-25
1.045788754781217045e-25
1.404709222101924530e-25
7.015505752028326775e-26
6.647166003343368449e-26
2.104120481481447780e-25
1.521495917780947984e-25
1.182367291534407355e-25
1.517388848730702358e-25
1.064970224931037919e-25
1.228184788181315171e-25
1.172972356949634456e-25
8.073819823601582139e-26
4.869944665011538358e-26
1.717977975440565218e-25
1.331856384405392727e-25
5.296421242947818856e-26
6.997073033440556686e-26
4.246302238274041131e-26
5.262952597645755585e-26
1.384829685055220984e-25
8.891958112476925797e-26
1.015836479337455004e-25
1.079086983676646135e-25
1.248861599111494876e-25
1.653171246163007800e-25
1.064693465203495170e-25
1.539194605901068883e-25
1.047056627438295512e-25
1.265421168507516017e-25
1.465485180990577234e-25
1.239973489360226009e-25
4.467384011728949842e-26
8.382549440799743291e-26
4.181128311251340766e-26
1.376575922027650398e-25
1.089136569087991685e-25
1.378105668628234494e-25
8.072546139379526299e-26
3.921125244729987565e-26
1.086404997821511757e-25
1.054875810247584194e-25
1.120809042888868886e-25
1.318167704761658752e-25
9.787251925166333683e-26
4.808160921772266031e-26
4.985120597380588773e-26
8.694840934943172090e-26
1.628474432364723141e-26
1.159993221614363229e-25
3.077414739963597360e-28
6.694756962123252785e-26
4.798334482331443025e-26
1.193050661421361194e-25
8.332072589632384098e-26
1.069232475890392550e-25
8.824853176743142800e-26
5.681629554577397951e-26
8.165564220349135234e-26
8.277760124877385369e-26
5.503079653195158926e-26
2.617757452906558128e-26
6.848832212568071293e-27
-2.507147655235209160e-26
-2.435356901438542828e-28
6.131278286749094359e-26
4.695386563732803097e-26
1.295243916392564482e-25
-1.426277556380251331e-26
4.795972428142884754e-26
4.591824797747678113e-26
4.422307817073848741e-26
7.466971573499697832e-26
2.729417096479236000e-26
2.754287871833083625e-27
5.768573086363030407e-26
8.151500947267066486e-26
4.509915256145634322e-26
7.104869326577619952e-26
7.127983628026474299e-26
7.167317896591977915e-26
8.145538563960739620e-26
4.101492188016873593e-26
5.775981818382185202e-26
6.006802510554401267e-26
-1.605733208291984073e-26
1.613404577644773441e-25
7.696794187444842590e-26
7.413683341651940149e-26
2.847854431513345706e-26
-3.131909866979599833e-26
3.278461644227728842e-26
7.934172567103846627e-26
9.284646138729051807e-27
4.647470305208452196e-27
-2.151159922480648396e-26
9.636827783530622202e-26
2.040672363221255940e-26
5.591317440379980650e-26
6.410536829674056563e-27
3.845121049690005977e-26
6.374424808325859761e-26
3.801300580807698745e-26
5.903667230026679539e-26
3.093650466148844318e-26
2.840204250136135648e-27
7.423616658317212221e-26
1.730431186353956689e-26
-1.523623104299204877e-26
5.443979995167623682e-26
-1.768662079321036175e-26
2.625485661066759790e-26
5.584759468653864550e-27
5.511539198652372359e-26
1.859101910963298631e-26
1.651670420169233730e-26
7.501407041717591550e-26
6.136551226239574773e-26
4.401084862918751157e-26
-1.442520275007676331e-26
4.296860802420576718e-26
2.634682949040025360e-27
3.865913656530377293e-26
1.385990163864131369e-26
2.019227210697486366e-26
5.030374538797587837e-26
8.655981245991681647e-26
2.562125063676199846e-26
4.467723449316881045e-26
3.071162589893481588e-26
-5.131999326263827679e-26
2.863882232691985229e-26
4.179216341320985335e-26
6.566667795816881568e-26
5.413917287894019110e-28
2.885376440205106965e-26
5.402957603042680962e-26
5.786025591082258583e-26
4.046582185516162672e-26
3.699377991359373713e-26
3.352138741482991514e-26
3.141280726286150061e-26
-1.843630234607177253e-26
2.943597978019240592e-26
-1.327343516758208414e-26
1.344133452807112768e-26
4.544953360765110060e-26
2.266915113846882956e-26
7.225156506365442791e-27
3.827105862182644766e-27
-3.503925417042761985e-26
1.609116684680612683e-26
-1.282771308393919145e-26
1.412970967556281789e-27
-7.554719164762378322e-27
1.037736555297020464e-26
6.442605958386935702e-27
3.626959582264567449e-26
2.509231731119291594e-26
-2.044001050560569924e-26
-2.881985105519347498e-27
1.843572467174028190e-26
4.465489860375461869e-27
-1.965725932290524471e-26
-2.555734104380996728e-26
3.081093195229513776e-26
5.665100140334973373e-26
3.595421429549343609e-26
1.929320328443246150e-26
1.110088616641499178e-26
-2.731280064538692946e-26
4.165061758729750671e-27
-1.007914144852427161e-27
-9.981825854670899514e-27
9.988604752712001206e-26
-2.289008139360795799e-26
2.953199634003239964e-26
-1.180404696997048733e-26
-5.238053884568490203e-26
4.455610519966108603e-26
-2.223685195981979847e-26
-3.618065457684806876e-26
-1.447691113149100857e-26
-4.248930347103718629e-26
8.702818108531384841e-27
-2.003516188079329023e-26
-2.858343562083578081e-26
-5.097014838932556373e-26
-2.138979362363122627e-26
-1.745264589781894257e-26
2.250816296380416982e-26
-5.077931664233176642e-26
5.029276630288222453e-26
-4.851371401462681026e-26
-4.853334347754749988e-26
-1.718535471793840156e-26
8.851751344522652390e-27
-4.565380132839405560e-27
-8.053378728491837283e-26
-2.428292798052861357e-27
-5.304570749131643722e-26
-2.409256819436868137e-26
-5.325671054364984512e-26
-2.877545514706168957e-26
-4.972661735319387788e-26
1.688575260687631973e-27
-1.211429374201051178e-26
1.263719907190069002e-26
-3.104637724083043953e-26
-1.527309337096959692e-26
-5.589228145690944789e-26
-5.820026152554854882e-26
-5.326203730623309884e-26
-1.123626949717369671e-26
-2.622634465653469122e-26
-1.650908281325911639e-26
-4.066644844109207984e-26
-7.105148788192173040e-26
-5.955073847319419106e-26
-7.013970726298837255e-26
-5.222412376532958078e-26
-8.695009722581319573e-27
-5.835386497614837422e-26
-1.180983508031820257e-25
-1.243817250253986072e-26
-4.222703998815453877e-26
-5.209580132854124197e-26
-5.696938025544006166e-27
-1.823522480372665221e-26
-7.265112511034497313e-26
-6.929958015501214441e-26
-3.444895364854457614e-26
-6.378872391344208079e-26
-3.092221096807117482e-26
-3.867693867720886989e-26
-4.456235352653202688e-26
-2.235525034235103496e-26
-3.001412952311157115e-26
-9.519686174405818446e-26
-3.128175498639739801e-26
-1.199057748525057706e-25
-5.542594675681361336e-26
-3.062019122153182040e-26
-5.583805530194944168e-26
-5.302843212394023420e-26
-6.697205117354742882e-26
-8.092784870626924468e-26
-6.491586557457170456e-26
-7.875454893481068784e-26
-4.527616257877868303e-26
-7.357112501039670139e-26
-6.409962517143778791e-26
-7.475085961825697265e-26
-7.195099483489534577e-26
-9.943723796028547101e-26
-6.498174460074823687e-26
-5.906670260497660706e-26
-8.035468057413426831e-26
-4.238362521203673418e-26
-5.051984290447136951e-26
-4.269561869753506973e-26
-8.022074307222328801e-26
-9.625223335874361814e-26
-4.119523783226922628e-26
-7.605758335706940039e-26
-6.552683936938656800e-26
-6.313325832287319353e-26
-8.030084449595683693e-26
-4.361181567122158343e-26
-4.926507327218911979e-26
-5.802832676515660152e-26
-6.451690975662539735e-26
-5.469403976262344652e-26
-8.364440732259496353e-26
-2.602677710966304857e-27
-6.966296882463457348e-26
-6.990771451096428804e-26
-5.554663050026317028e-26
-5.781960850479575089e-26
-2.093547679826822330e-26
-8.573878506294599530e-26
-7.249560641694267214e-26
-4.280943917274471560e-26
-5.156801793807055901e-26
-5.571292384845505239e-26
-8.406770015106544355e-26
-6.864927071475476262e-26
-4.908111699996926746e-26
-7.404654252271464669e-26
-4.416566598675226654e-26
-6.918783409025180137e-26
-6.208222464355138949e-26
-4.970519382528650054e-26
-7.300455150492054116e-26
-6.153331225687210242e-26
-8.707327718739881260e-26
-6.327844879701493241e-26
-3.589854871002809075e-26
-8.160356968266694859e-26
-8.342839826620402684e-26
-9.877124354501601873e-26
-6.019314098392020265e-26
-7.428208840673052010e-26
-9.525922958067156372e-26
-4.148597104149546634e-26
-4.853676480299011277e-26
-5.083618987704814748e-26
-7.152725780054623329e-26
-8.133420459097088854e-26
-8.695254613908037383e-26
-1.049014135055661217e-25
-4.810694631631561880e-26
-9.377716273189382787e-26
-7.409457412609653549e-26
-9.532363611447842635e-26
-9.270866017434046105e-26
-8.812554961577621519e-26
-6.550634236484206885e-26
-4.289609297482706176e-26
-8.351001011606674508e-26
-7.566153686535329373e-26
-1.042764237185601746e-25
-7.883769623151309502e-26
-6.474272271377014982e-26
-8.218728947881245319e-26
-8.039540308407936255e-26
-1.071997644494197005e-25
-9.060011244070376395e-26
-5.699536877269267055e-26
-6.232007322356363631e-26
-7.509304113002952999e-26
-9.798050675812254100e-26
-9.860747492106200459e-26
-1.056805110117215154e-25
-6.715890215163771409e-26
-1.095943041060959907e-25
-7.298711850760969543e-26
-8.999806935182371468e-26
-1.230585721387178223e-25
-7.824884465761552693e-26
-7.832551314863078784e-26
-9.907646719625859301e-26
-6.111175513584686662e-26
-1.162742199036076276e-25
-1.089481921589003847e-25
-7.284797033583677884e-26
-5.705858749580737598e-26
-5.551699051346021088e-26
-9.486127320771839103e-26
-1.079712984633555452e-25
-1.248351430099232084e-25
-1.054644062861348292e-25
-8.993844537690557598e-26
-4.947363637067644217e-26
-9.821808877163539426e-26
-1.021068758427305079e-25
-9.137890496030365839e-26
-1.291679653063071964e-25
-7.056871812776726947e-26
-8.946349934280063698e-26
-9.174392650209148358e-26
-7.432572705182852487e-26
-8.196877350598629551e-26
-1.030082249130875392e-25
-8.589870741130270198e-26
-8.081710302048193497e-26
-8.484505392475475334e-26
-1.203182891663543576e-25
-1.054855300088810498e-25
-1.161603351971974036e-25
-1.337020627630350303e-25
-1.022011390481875487e-25
-1.076538610032965835e-25
-1.319412302601987624e-25
-7.619452997905024479e-26
-9.647318829023192635e-26
-1.018831732914268444e-25
-1.005444379392500806e-25
-1.130527855289572380e-25
-1.057800543188026178e-25
-1.014441755363954003e-25
-9.471652529303290611e-26
-7.900411458539863474e-26
-9.611110604500946251e-26
-7.983040273603739423e-26
-7.765988263018051479e-26
-9.273096798514057344e-26
-9.048780254370932623e-26
-1.008825087231187403e-25
-8.285333613267755621e-26
-6.735648514774380887e-26
-1.027598361455807264e-25
-7.555949307840081445e-26
-9.955184546476201279e-26
-8.306727200320833221e-26
-7.930181537535282132e-26
-1.028928068953674315e-25
-1.225567041503369945e-25
-1.173516206585482747e-25
-8.809213286518524401e-26
-8.107698810004390966e-26
-5.710437222744456822e-26
-1.011154065253297612e-25
-9.749071708739263814e-26
-1.009698260149480640e-25
-8.356967724071143263e-26
-7.585474361392712154e-26
-9.272742325886973615e-26
-7.075855869249783656e-26
-1.098573037037979156e-25
-1.093760670304478502e-25
-7.605729339028340895e-26
-9.929179455112139486e-26
-9.934745433128164929e-26
-8.471662207369514325e-26
-1.110329972256802943e-25
-1.028832233624597544e-25
-9.584094875162255189e-26
-1.222703558744350588e-25
-9.374913472360842225e-26
-1.247958853930151763e-25
-8.077579929127575209e-26
-8.552312329576203338e-26
-9.130278019152880686e-26
-9.288483934859140911e-26
-1.043809291349298405e-25
-8.939388152785849779e-26
-1.114925663413604509e-25
-1.319956249168569275e-25
-1.307352166150861307e-25
-1.053675059858141092e-25
-9.051808009030444293e-26
-7.887400906909081602e-26
-1.114843822721216930e-25
-1.113480352137785531e-25
-1.173797654396217113e-25
-1.093260834891979872e-25
-1.118463066235782674e-25
-1.146354178671573220e-25
-1.040031124237114698e-25
-6.948462207688865463e-26
-1.339700667937203062e-25
-8.010470343199966311e-26
-7.788204118738865699e-26
-1.006896919591164872e-25
-1.212626080911724721e-25
-1.127161586563609738e-25
-1.008972301814947446e-25
-1.142044898282935913e-25
-1.263510591107903093e-25
-1.103795942380348541e-25
-8.332207873503458630e-26
-1.210852997996222828e-25
-8.259952765278578953e-26
-1.004149941198422623e-25
-1.015230052468449380e-25
-1.133777702625022730e-25
-9.050188452830683697e-26
-6.995273555186803869e-26
-1.292973833214722840e-25
-1.138665574476354781e-25
-1.130713519097889954e-25
-1.298891982418024118e-25
-1.265874480886094556e-25
-1.098807883025282552e-25
-9.833566372937497518e-26
-1.078988312418616317e-25
-1.349035396948975289e-25
-9.671978879332892873e-26
-1.028870157703307382e-25
-1.145643694372656035e-25
-1.209875294854052524e-25
-1.051569085984463030e-25
-1.062710974826600634e-25
-9.863413684610812728e-26
-1.008890000651328388e-25
-9.086584055213127512e-26
-1.021374027183787620e-25
-1.362302594926837221e-25
-1.229260139293220117e-25
-1.177274973181156258e-25
-1.296432964823392716e-25
-1.166348252911561029e-25
-1.252064084756669620e-25
-1.002541378324112358e-25
-1.136643343772401994e-25
-1.344303860923598353e-25
-1.372666377140983477e-25
-1.348248572860178989e-25
-1.396306991994536164e-25
-1.036650754384710692e-25
-1.417163400106333806e-25
-1.428933969175268591e-25
-1.216846157258627809e-25
-1.287827857466863806e-25
-1.318057332858706834e-25
-1.087426665146087975e-25
-1.366111989106055203e-25
-1.247909288659123491e-25
-1.171699734429797892e-25
-1.020042515198652687e-25
-1.142226181175334015e-25
-1.398101209725942466e-25
-1.145848935886909095e-25
-1.093353226663510294e-25
-8.849171579204247791e-26
-8.577389139399176361e-26
-1.338317904654509511e-25
-1.236728177232850551e-25
-1.063572899471293777e-25
-1.441155526599640580e-25
-1.231034100623400049e-25
-1.503742023519412231e-25
-1.188386547692807705e-25
-1.210702981721841312e-25
-1.235833362205659530e-25
-1.322693169175770862e-25
-1.566238731278116438e-25
-1.433076570802261942e-25
-1.209294472591627506e-25
-1.307673614194470168e-25
-1.381131113959332976e-25
-1.115375078657597164e-25
-1.404405805795538941e-25
-1.218712116044291780e-25
-1.531124833146493492e-25
-1.171644609683278880e-25
-1.493348539147638899e-25
-1.439787992359506184e-25
-1.551186231355949789e-25
-1.426590188636699335e-25
-1.478324988835461081e-25
-1.458594845128940509e-25
-1.425305756643014893e-25
-1.190858816124019658e-25
-1.659919881090940069e-25
-1.627799013903600730e-25
-1.229744691244457004e-25
-1.419075755914284233e-25
-1.502553351647524783e-25
-1.379989632452644764e-25
-1.341506041058746195e-25
-1.271455918640911780e-25
-1.464551859563085713e-25
-1.401456722845618138e-25
-1.319370179025172357e-25
-1.524776328680330816e-25
-1.309084941159123680e-25
-1.419810732482272067e-25
-1.356104168111647236e-25
-1.596641624800751190e-25
-1.400857568271357440e-25
-1.325994269653011079e-25
-1.476301098245964098e-25
-1.354964956911851153e-25
-1.318327880704307650e-25
-1.437205959336919711e-25
-1.438122258075432760e-25
-1.420257114502069837e-25
-1.594516429626162122e-25
-1.712770350217731472e-25
-1.460009654195088150e-25
-1.124766768020645065e-25
-1.319313526674181523e-25
-1.554346386036631779e-25
-1.626393615981818905e-25
-1.305177567577786390e-25
-1.503491117872257457e-25
-1.427903907866340581e-25
-1.621791356722549586e-25
-1.659600634825910067e-25
-1.452360898623926245e-25
-1.501890781531708357e-25
-1.124409081846511965e-25
-1.356648262628073873e-25
-1.311333341761441593e-25
-1.578878743178897360e-25
-1.350654423597666634e-25
-1.413938995817818492e-25
-1.431954445491374410e-25
-1.449066937524770391e-25
-1.314528240260542846e-25
-1.498797094684345261e-25
-1.346375045720208296e-25
-1.467981090167621218e-25
-1.380018846125761476e-25
-1.543131265437996162e-25
-1.575928798816054862e-25
-1.145973897548742736e-25
-1.281610777446030785e-25
-1.454691583814819357e-25
-1.412403354865816707e-25
-1.470779213423663233e-25
-1.686645509596111088e-25
-1.474433006927698175e-25
-1.672633292068796166e-25
-1.304701719098979948e-25
-1.469261084637262005e-25
-1.441193832241004807e-25
-1.217344341975496288e-25
-1.500970465833786917e-25
-1.678875975429928707e-25
-1.485577188276211704e-25
-1.661269239480202404e-25
-1.376395097498853629e-25
-1.409997457746041916e-25
-1.580658237080292764e-25
-1.304233324289695949e-25
-1.702201343444324947e-25
-1.585678370188744225e-25
-1.600987724499832864e-25
-1.845544330116573796e-25
-1.421921369208877420e-25
-1.490248999225485647e-25
-1.385686099500414186e-25
-1.163040646785608942e-25
-1.622232276465607279e-25
-1.584636021995391687e-25
-1.417385858229428411e-25
-1.470023067422656680e-25
-1.660350860771523700e-25
-1.519339536938335372e-25
-1.534958033991576775e-25
-1.238131634272828489e-25
-1.509517635182908770e-25
-1.717131174539852941e-25
-1.338258706427488128e-25
-1.661036995031156396e-25
-1.533177878023543547e-25
-1.587342549627473489e-25
-1.491678662575450310e-25
-1.407434273552275367e-25
-1.456246216714656101e-25
-1.664641166041419951e-25
-1.383679288467617224e-25
-1.385166996361341662e-25
-1.624380165720081572e-25
-1.670717743895156956e-25
-1.828044428519783316e-25
-1.491103287414889796e-25
-1.804786143491312825e-25
-1.352586665145515759e-25
-1.488128955661567794e-25
-1.760145038746589469e-25
-1.715078857894153969e-25
-1.555791467284880642e-25
-1.622931800200227391e-25
-1.405815665961659579e-25
-1.576278482136803927e-25
-1.516741794439086192e-25
-1.411825992486473349e-25
-1.648678779996602469e-25
-1.678551424385212841e-25
-1.613017995300129653e-25
-1.796852387388362460e-25
-1.674815458875590681e-25
-1.668974056169724417e-25
-1.644854829149351767e-25
-1.550564989164863983e-25
-1.688376207157934714e-25
-1.494990630517747082e-25
-1.445943516086871247e-25
-1.681833722534939313e-25
-1.410895287193722667e-25
-1.536643937663460735e-25
-1.591379824207229813e-25
-1.683283197762882612e-25
-1.695204159852031363e-25
-1.663409768810883603e-25
-1.686407760912530635e-25
-1.640775868863185850e-25
-1.410979385253294871e-25
-1.731637568385952133e-25
-1.729837114414342175e-25
-1.394953700136576331e-25
-1.738074340096870197e-25
-1.528104289375256204e-25
-1.756623710985058626e-25
-1.630928939835336529e-25
-1.582596976023297188e-25
-1.701238223227501075e-25
-1.675374548086350368e-25
-1.241195208168501913e-25
-1.526048032401747801e-25
-1.640055180959981248e-25
-1.756618378853680007e-25
-1.639419968425460150e-25
-1.500228880018822245e-25
-1.669043545534948307e-25
-1.656047771733863941e-25
-1.734329650582429298e-25
-1.472711968459595946e-25
-1.737372052211393699e-25
-1.669736914568228587e-25
-1.296620201750100815e-25
-1.504875869441434681e-25
-1.537216374798485328e-25
-1.663862908912535650e-25
-1.426302128952315239e-25
-1.531565325731594509e-25
-1.535563456104201783e-25
-1.664258031376239140e-25
-1.532795408479620666e-25
-1.665460105227140369e-25
-1.580718491569410083e-25
-1.592762194917258391e-25
-1.561791304972081130e-25
-1.602380887547799819e-25
-1.759540911985033177e-25
-1.899161863513708470e-25
-1.857506839490520643e-25
-1.713475212336417459e-25
-1.590690732705124777e-25
-1.735314656360219087e-25
-1.693136531487939592e-25
-1.604698258678531676e-25
-1.568712667302452211e-25
-1.880054296071106451e-25
-1.662889569848339580e-25
-1.554331831680678668e-25
-1.660527045208158537e-25
-1.784570664957988613e-25
-1.616907960665126851e-25
-1.675388935254996611e-25
-1.653530696189969425e-25
-1.632643805713394441e-25
-1.683836803905113777e-25
-1.701463792844946229e-25
-1.545021637046224403e-25
-1.507088622686637748e-25
-1.571175281954072170e-25
-1.458851648277582529e-25
-1.682493909320008080e-25
-1.685886612416674114e-25
-1.827611540430098697e-25
-1.576791078789928373e-25
-1.593105278898717355e-25
-1.564608442558372699e-25
-1.637640524809628868e-25
-1.704612870477224784e-25
-1.827763246516565449e-25
-1.734742508958726223e-25
-1.701168359405419222e-25
-1.751086408504176835e-25
-1.714387020305019517e-25
-1.748887620343909237e-25
-1.440909434870414311e-25
-1.800180058092008550e-25
-1.583348100480302214e-25
-1.673670532024387976e-25
-1.649141939052438357e-25
-1.721550023843659539e-25
-1.847145091380976335e-25
-1.638366403395153920e-25
-1.697884953166080734e-25
-1.575888748736302013e-25
-1.830627865992893288e-25
-1.783114092972968312e-25
-1.790208065154332384e-25
-1.941660660880115631e-25
-1.795042321940661795e-25
-1.807615829810479527e-25
-1.785923664351053884e-25
-1.721753445641785252e-25
-1.794026066995329411e-25
-1.594864632305940280e-25
-1.626966377160730512e-25
-1.794742502660099928e-25
-1.599840998308803136e-25
-1.619408726917821122e-25
-1.731047318995994688e-25
-1.784322810160750327e-25
-1.473287403781920142e-25
-1.764306545455682836e-25
-1.918885671458532553e-25
-1.968806094152584198e-25
-1.663993647256831902e-25
-1.698429000019777877e-25
-1.873794264473408704e-25
-1.647862906095690776e-25
-1.809648916667493214e-25
-1.894361207031381791e-25
-1.803291031776926107e-25
-1.600949788871519899e-25
-1.804546884126942258e-25
-1.825229724194008021e-25
-1.817116946015706352e-25
-1.883961997462028514e-25
-1.844236030512640569e-25
-1.749205081515030421e-25
-1.944976093835476536e-25
-1.698184071276602960e-25
-1.693122558985995911e-25
-1.992654362703045380e-25
-1.669625507529325460e-25
-1.733515729508472385e-25
-1.809586166504538219e-25
-1.843737039399524894e-25
-1.815827003864441887e-25
-1.656484578859823505e-25
-1.697929051295227629e-25
-1.739471338042465044e-25
-1.851691425046194358e-25
-1.843209903725084303e-25
-1.832569034134548815e-25
-1.854448685867690821e-25
-2.089296366219954654e-25
-1.989102511376798501e-25
-1.732869910562611057e-25
-1.662557950360791869e-25
-1.931551616965022889e-25
-1.686239962150974423e-25
-1.956033075406000649e-25
-2.025708511681992242e-25
-2.012499639911493071e-25
-1.737605863630271344e-25
-1.941143352985748114e-25
-1.786957364732975436e-25
-1.745235343464218461e-25
-1.757497489859931528e-25
-2.017666867763415477e-25
-1.797914643890285141e-25
-1.968532720938053300e-25
-1.986261872304262343e-25
-1.708020207330842146e-25
-1.869224530505680690e-25
-2.079263482026972259e-25
-2.028154941576964620e-25
-1.962039413759053065e-25
-1.774202399942168137e-25
-1.841298142778855684e-25
-2.012799936020359415e-25
-1.882890181669787217e-25
-1.768947545730735665e-25
-1.822481883987321998e-25
-1.838275469027465593e-25
-1.745357509152241119e-25
-1.853400120500134127e-25
-1.881605842459277198e-25
-1.799504882588582159e-25
-2.083739579361589420e-25
-1.984413369599713396e-25
-1.853119362453754092e-25
-1.844018197643681478e-25
-2.066516940408464385e-25
-1.794776357027990701e-25
-1.836093934659170088e-25
-1.825410591696791754e-25
-1.861473014439291139e-25
-1.920059338998830954e-25
-2.193998457081423320e-25
-1.989539973339172124e-25
-1.899605315290491151e-25
-1.878362333504349115e-25
-1.929821565587133687e-25
-1.811340092176270993e-25
-1.947999184663685257e-25
-2.051252047221458449e-25
-1.990606727170417868e-25
-1.976211181457002100e-25
-1.827208970165427061e-25
-1.906615360245668010e-25
-1.863201431453004070e-25
-2.103712997846894939e-25
-1.875445101301031075e-25
-1.994988617521979520e-25
-1.996699951581362383e-25
-1.901752680662478239e-25
-2.002263089014499968e-25
-2.092981635659644962e-25
-1.892444595030105081e-25
-2.130502632000109538e-25
-2.124023945892250723e-25
-2.162110008354307838e-25
-1.952598480638804023e-25
-2.001396025995437787e-25
-2.070896346802449151e-25
-1.998502713024556975e-25
-1.984291688904249114e-25
-1.854624883108394660e-25
-2.114230044131205749e-25
-1.965691323552828026e-25
-1.992115055116713617e-25
-2.045431771359240413e-25
-2.042450907940932536e-25
-2.031346388218360112e-25
-2.127238341346025746e-25
-2.123783253349549401e-25
-1.998422793619975471e-25
-2.036262288802375550e-25
-1.913788991402276009e-25
-1.959016680824865911e-25
-1.999845247344467420e-25
-1.874088945739093650e-25
-2.151207061214388511e-25
-2.069954573043025292e-25
-2.021877429829979173e-25
-2.144703959488581774e-25
-1.921764706076417849e-25
-2.074490075731071632e-25
-2.113434023767047240e-25
-2.181762897215629056e-25
-2.024481914483809856e-25
-1.905167325340729646e-25
-1.977770597219419288e-25
-2.014155358311820963e-25
-2.013695018294543796e-25
-2.007267076812062655e-25
-2.138267044071980566e-25
-2.076077762488830961e-25
-2.127980175762951306e-25
-2.098551954487414872e-25
-1.985905566017071186e-25
-1.869823577422763762e-25
-1.857842100936599767e-25
-1.935834986753426744e-25
-2.122870087112086705e-25
-1.945160315028904880e-25
-1.914563695314447314e-25
-1.998817252152528247e-25
-1.866264751229012706e-25
-2.110643706525320274e-25
-2.103785399837763835e-25
-2.023468805511520524e-25
-2.121196763069714230e-25
-2.215528312223728643e-25
-2.017626801672764681e-25
-2.065836732009020737e-25
-1.872168315213078487e-25
-2.027204493884893741e-25
-1.935242065529246027e-25
-1.811971060617723179e-25
-2.222373083425997007e-25
-2.111844374384715139e-25
-2.225829558878137811e-25
-1.932546925131910618e-25
-2.029113907020160538e-25
-1.978398847976638444e-25
-1.900998624381520389e-25
-2.126618781010416614e-25
-2.131300749049666283e-25
-2.064819705056687955e-25
-2.128878884435232592e-25
-2.049740267364456379e-25
-2.279376987628954697e-25
-2.113366741792625500e-25
-2.146956760226707858e-25
-2.092374083307927097e-25
-2.107948387369074415e-25
-2.114240402541996471e-25
-2.096561602945470248e-25
-2.166446006665123920e-25
-2.165479461310031794e-25
-2.016814719861438363e-25
-2.134437063890209227e-25
-2.301189007702087514e-25
-2.000714087916338413e-25
-2.130104134323778631e-25
-2.200184981448276544e-25
-1.893596677274764552e-25
-2.187056421797553456e-25
-2.168114149133803868e-25
-2.014554667876434487e-25
-2.102929433055721507e-25
-1.999311545453611064e-25
-2.080810256741084475e-25
-2.060565618330426888e-25
-2.072223633152907841e-25
-2.081518503410126435e-25
-2.184120245472796648e-25
-2.067577072377091441e-25
-2.058990684418222436e-25
-1.967256751036609870e-25
-2.023885087542057835e-25
-1.975391726113533103e-25
-1.875801024671646652e-25
-2.139585539955380686e-25
-2.124157436289364046e-25
-2.082728850061165230e-25
-2.087223930225793480e-25
-2.016554108611764533e-25
-2.001894003698913757e-25
-1.996867923177956948e-25
-2.117784341166201069e-25
-2.140493791594073520e-25
-2.167043743854587522e-25
-2.050059026347825177e-25
-2.065024878353849747e-25
-1.988424791838829455e-25
-2.226618209856391984e-25
-1.963854303802216065e-25
-1.991030077324875178e-25
-1.998638535336959022e-25
-2.012458739714292517e-25
-2.015222491515446923e-25
-2.195664131341024603e-25
-2.061180606774192979e-25
-1.984683588040878626e-25
-2.049944904196591221e-25
-2.125095760999167564e-25
-1.912659652505191322e-25
-2.113708498264075708e-25
-1.899301558228448165e-25
-1.872978937096732839e-25
-2.090031985257807919e-25
-2.273061430022419471e-25
-2.042525383843197829e-25
-2.054035323155000936e-25
-1.984900481013369564e-25
-2.020199909121895659e-25
-2.010880994731049569e-25
-2.166274467407420296e-25
-2.203280131382152602e-25
-2.009047613825896081e-25
-2.064421908838565686e-25
-1.947937015212195229e-25
-1.869336752223174340e-25
-1.924075886755339470e-25
-2.084512773478770119e-25
-2.104950188053481706e-25
-2.030718604662247030e-25
-2.073108686643010441e-25
-2.140730023732249304e-25
-2.140743680635874264e-25
-2.005652250309034192e-25
-2.267469164851608837e-25
-2.146498602596767753e-25
-2.039566148028146006e-25
-2.159234118411475089e-25
-2.055110120474167188e-25
-2.047538913072250341e-25
-1.981439862032015868e-25
-2.032620125286837680e-25
-2.123657520253402435e-25
-1.903080501211434217e-25
-2.005058893170580374e-25
-1.851535906356290473e-25
-1.938932985776815784e-25
-2.079806481605354282e-25
-1.991490990353491515e-25
-2.090231044952388587e-25
-2.032976607337597159e-25
-2.070704742636585394e-25
-2.075396583724491296e-25
-2.029498787011930058e-25
-1.827619777238956429e-25
-1.839470440579689404e-25
-2.021920984004315869e-25
-2.163935742748638709e-25
-2.024761524162952480e-25
-1.954740101642785065e-25
-2.002638876087315203e-25
-2.018851414229247096e-25
-1.978906620004418891e-25
-2.036959335327160426e-25
-2.007654212170792398e-25
-2.112211718720269684e-25
-2.077577287526543864e-25
-2.013019868088214552e-25
-2.051767201632273636e-25
-1.943840131110242832e-25
-2.153924384994775005e-25
-2.079058550470209480e-25
-2.026618502364047096e-25
-2.141970499056072740e-25
-2.075759814296493812e-25
-2.110133247307814334e-25
-1.930255760741130327e-25
-1.957216494650421306e-25
-2.029272957338587190e-25
-1.969107701043326585e-25
-2.146105442801348895e-25
-2.113189880529331491e-25
-2.049800108751576257e-25
-1.977794328253681428e-25
-1.947462171895968133e-25
-2.105491707096777540e-25
-2.055551318434470827e-25
-2.040149654909188232e-25
-2.036918639041280417e-25
-1.952001418499192127e-25
-1.922284625032861940e-25
-1.984724925418303446e-25
-2.035759076402510172e-25
-2.183853743875398711e-25
-2.115338074708703529e-25
-1.951361954531383765e-25
-2.064857316067248814e-25
-2.012054219402156243e-25
-2.133336146506334737e-25
-1.907648526115585176e-25
-1.943772146094618523e-25
-1.999660294624847812e-25
-1.977068665784355586e-25
-2.113072950591755760e-25
-1.908958220021765450e-25
-2.131217698715117292e-25
-2.008218071940008851e-25
-2.140763755870257276e-25
-2.138342858636389237e-25
-2.007221189892843805e-25
-2.102524443429896323e-25
-2.168831799635170946e-25
-2.163792637663296265e-25
-1.945850879847814396e-25
-2.063916395452677086e-25
-1.899050776559378738e-25
-2.006593842531443485e-25
-1.977358026260581475e-25
-2.050816478937413153e-25
-2.160062891503378053e-25
-2.117811439189558293e-25
-1.964972448432713099e-25
-2.089625072887470541e-25
-2.105780468985755004e-25
-1.954637734840333279e-25
-2.222343181385967423e-25
-2.093844149986243368e-25
-1.942911785631154497e-25
-2.086891692222222872e-25
-2.045339571053803224e-25
-2.018624961363623605e-25
-2.184371957966204258e-25
-2.081169792095693520e-25
-2.206343747834846088e-25
-1.984131211248021484e-25
-2.255914942734278828e-25
-2.145235060662795503e-25
-2.040387490403255622e-25
-2.097673062352817746e-25
-1.913660299177889176e-25
-2.133201394244437771e-25
-2.095054187173249259e-25
-2.123050508665510661e-25
-2.062091233486628937e-25
-2.045310732165433701e-25
-2.057195330165051597e-25
-2.096340779864602540e-25
-2.145945281374153087e-25
-2.055288034821169870e-25
-2.091096042554276651e-25
-2.126587157384522122e-25
-2.163924092325687864e-25
-2.124562531104615750e-25
-2.001409485847914836e-25
-2.073648557121301880e-25
-2.294306892800190050e-25
-2.121397078569499294e-25
-1.986112510093145849e-25
-2.050680650748777294e-25
-2.057319061531009361e-25
-2.177504870936078010e-25
-2.150196255104415721e-25
-2.167974494812207830e-25
-2.055905502672110389e-25
-2.135929569023667534e-25
-2.030118367069374539e-25
-1.999034284742062980e-25
-2.249239662362019059e-25
-2.203676855372062272e-25
-2.101908022474744435e-25
-2.100299582142991006e-25
-2.072192616018213011e-25
-2.228108148497411152e-25
-2.124447113650339827e-25
-2.020234380457041109e-25
-2.216788848016905494e-25
-2.110934686742093559e-25
-2.070772147634025591e-25
-2.088304530728841005e-25
-2.066910839556534493e-25
-2.171284415706330482e-25
-2.099784619665759484e-25
-2.053175498320852349e-25
-2.118764453263051365e-25
-2.073165677045478458e-25
-2.034208756113181599e-25
-2.191347787104473329e-25
-1.937225859014827539e-25
-2.127652747052102142e-25
-2.040233443791008159e-25
-2.117414338829117540e-25
-2.017314389830974432e-25
-2.072418393568061800e-25
-2.234537013871765628e-25
-2.202014420033986491e-25
-2.147553975981229945e-25
-1.864136511304750696e-25
-2.193318577474903583e-25
-1.996706714600234159e-25
-1.921708832942527266e-25
-2.060197792307148836e-25
-2.138721047369312255e-25
-2.059029837251417421e-25
-2.063181618700094781e-25
-2.023714834251370250e-25
-1.904448316476058537e-25
-2.041713521362215510e-25
-2.102814952787533709e-25
-2.095102428686537201e-25
-2.038136712623882544e-25
-2.059643135114819046e-25
-2.139551663461779867e-25
-2.132050092804904838e-25
-2.070315527288358165e-25
-2.021331810764030050e-25
-2.064648273628299560e-25
-1.984958408775397448e-25
-2.100715583029577633e-25
-1.956040587916876929e-25
-2.034552764673408971e-25
-2.050696527244650028e-25
-2.016710087810450055e-25
-2.076444696035986404e-25
-2.185748115883225844e-25
-2.000635422357888390e-25
-1.960890382451402963e-25
-2.061266065097500574e-25
-1.870765069259226958e-25
-2.144725430982667754e-25
-2.097020039514038815e-25
-2.094318690338650404e-25
-1.983859035495942458e-25
-1.967749543555840373e-25
-2.103614360976736222e-25
-2.000251915008954504e-25
-2.111143165505693295e-25
-2.001297535141489114e-25
-2.050774399588108837e-25
-1.935362014410059753e-25
-2.060574362853826684e-25
-2.030820682382017876e-25
-1.968253809901831006e-25
-2.027573540829140201e-25
-1.937686241907488127e-25
-2.071266003657925373e-25
-2.104623189267939626e-25
-2.041221575798971191e-25
-1.874458513023690213e-25
-2.044094028217973436e-25
-2.057254715888752069e-25
-2.016169408040135270e-25
-2.018481239130287109e-25
-2.006552979605554381e-25
-2.075884496561748891e-25
-1.887513677461705549e-25
-1.996026863569211590e-25
-2.003575492887723983e-25
-2.080759441362421267e-25
-1.839399009924760955e-25
-2.098129953067709766e-25
-2.029659276161619366e-25
-1.904460366651439335e-25
-2.011562625367406354e-25
-2.112558279835136182e-25
-1.986840934594435914e-25
-1.900844978962282226e-25
-1.956776712776884770e-25
-1.838917622978240349e-25
-1.951679175657479653e-25
-1.877432134153372875e-25
-1.882916007700446341e-25
-1.854530079504238417e-25
-1.997594348305043052e-25
-1.846937528647759300e-25
-1.961354811632921085e-25
-1.987587315145172383e-25
-1.864570097378906617e-25
-1.956600080447387948e-25
-1.894116287773953129e-25
-1.994722666080485625e-25
-1.914057157989774810e-25
-1.853913145271148731e-25
-1.942342721639635863e-25
-1.953349906578056232e-25
-1.976290370889835533e-25
-1.853534766157209504e-25
-1.972461417286994634e-25
-1.963615545345542424e-25
-1.952736246906742407e-25
-1.870935988051002477e-25
-1.917362203907521195e-25
-1.798952270281272141e-25
-1.768598592644919360e-25
-1.908468441589175558e-25
-1.823257236905586247e-25
-1.869154922349862233e-25
-1.865187989907390886e-25
-1.815493342195301566e-25
-1.868504443793709677e-25
-1.895430480241479468e-25
-1.822524113502915031e-25
-1.875166687511194371e-25
-1.867182124126260303e-25
-1.883327628582517429e-25
-1.745797513297032656e-25
-1.941400840018535554e-25
-1.806257938112415466e-25
-1.925539021391050258e-25
-1.917770627235297838e-25
-1.769276758707071120e-25
-1.995446020742922121e-25
-1.846851020243828042e-25
-1.921734938286828315e-25
-1.934397617669807406e-25
-1.817382569969302589e-25
-1.859784430042088561e-25
-1.808502041744129103e-25
-1.786165937109444734e-25
-1.847862886959728593e-25
-1.875538167961569301e-25
-1.825086937687395811e-25
-1.868222730458017349e-25
-1.891402933765957074e-25
-1.823626226126823533e-25
-1.747985929521849635e-25
-1.874297048910248645e-25
-1.762751656640149683e-25
-1.766342934072857486e-25
-1.813620230780962828e-25
-1.857376965933149155e-25
-1.845707369885858301e-25
-1.710798318189554976e-25
-1.783119312405538320e-25
-1.835631082615617415e-25
-1.670986684276187164e-25
-1.737881827333524771e-25
-1.784199044118605987e-25
-1.696536497883451161e-25
-1.653016837522642917e-25
-1.815011310692090025e-25
-1.659172564424747464e-25
-1.692189374604691301e-25
-1.727945805211402391e-25
-1.768212784910381118e-25
-1.726380201037671760e-25
-1.755480106955660302e-25
-1.634019058960406544e-25
-1.829455622408499766e-25
-1.766304655630573098e-25
-1.846827413389741686e-25
-1.769393282475028622e-25
-1.764269660504207713e-25
-1.686338883248839199e-25
-1.817980134279422262e-25
-1.684839458026753529e-25
-1.810340998181040309e-25
-1.718404056610627679e-25
-1.705301997456849057e-25
-1.764009864330300987e-25
-1.707988211038973243e-25
-1.700439463637838520e-25
-1.720930286874278082e-25
-1.715161088276022393e-25
-1.709627473781274172e-25
-1.686787738962960968e-25
-1.665687319986379325e-25
-1.590682522268353777e-25
-1.726172201324130850e-25
-1.671725625458520103e-25
-1.651114205721275483e-25
-1.717269482541881474e-25
-1.650415099694789313e-25
-1.649776965328308032e-25
-1.606023959652247433e-25
-1.709289241203251585e-25
-1.774418660083615665e-25
-1.700062212277679937e-25
-1.654377296900645664e-25
-1.618737609738188196e-25
-1.706984780013645611e-25
-1.722045343500106168e-25
-1.673504679930109131e-25
-1.636577342114599245e-25
-1.544928314431491181e-25
-1.619179532619124379e-25
-1.676943787952437966e-25
-1.578180361415153525e-25
-1.677374940040807472e-25
-1.686209691532518541e-25
-1.516228896011831969e-25
-1.691436475359576580e-25
-1.725060058200864031e-25
-1.685884671832638558e-25
-1.568608090962004019e-25
-1.720490554343539683e-25
-1.582634907561477789e-25
-1.619290669319756066e-25
-1.604029953643394325e-25
-1.589653561752826312e-25
-1.558706738286859139e-25
-1.617545408216320712e-25
-1.558366683776888350e-25
-1.550778317477866783e-25
-1.607203220387458680e-25
-1.596524946322347786e-25
-1.655100829580332818e-25
-1.547028251170632421e-25
-1.628762212321209108e-25
-1.590041027407916348e-25
-1.605613049301515730e-25
-1.629385434361074397e-25
-1.510683541507668301e-25
-1.544418794326631465e-25
-1.546696498806815006e-25
-1.585896659981387435e-25
-1.630449843765357681e-25
-1.641757020009818984e-25
-1.574172897956752395e-25
-1.519587343967680122e-25
-1.472405171419534390e-25
-1.606067784588205267e-25
-1.562665893390224372e-25
-1.634599526914435107e-25
-1.517646370172384800e-25
-1.519214687527657529e-25
-1.573421998116453161e-25
-1.528908419797978134e-25
-1.447630127816079156e-25
-1.570193071585689164e-25
-1.607332483051698956e-25
-1.554045187818701949e-25
-1.636163783630658631e-25
-1.473026921561435477e-25
-1.498966788052047261e-25
-1.611818731931988247e-25
-1.643872311755354935e-25
-1.443009100649535992e-25
-1.663838637879395086e-25
-1.484228206498426717e-25
-1.539203057705784658e-25
-1.574293941227033696e-25
-1.596988685422359298e-25
-1.608975496466300184e-25
-1.545838718881753751e-25
-1.522942445847336814e-25
-1.560581095387159385e-25
-1.408988986948319333e-25
-1.582064870134307307e-25
-1.456082967699077746e-25
-1.507726805446508950e-25
-1.408090005788839415e-25
-1.466040159114430528e-25
-1.567911741275157106e-25
-1.475200664095149443e-25
-1.402381919978174334e-25
-1.430875313694114037e-25
-1.475173937464328805e-25
-1.463797303341874267e-25
-1.520281099623826968e-25
-1.428701590896997287e-25
-1.598393608724028728e-25
-1.447587316398720169e-25
-1.429778914120878661e-25
-1.353545171465389264e-25
-1.524383241589058935e-25
-1.504042092547504510e-25
-1.511826505798049059e-25
-1.449267645535231008e-25
-1.459116738586920637e-25
-1.463337500562908774e-25
-1.465294476417618448e-25
-1.505188842018694761e-25
-1.403266006930079716e-25
-1.401211578979472454e-25
-1.518456206366476446e-25
-1.327937041182549109e-25
-1.472917493491151942e-25
-1.478496931967579016e-25
-1.545294152895121956e-25
-1.481918623306082696e-25
-1.450546574385017063e-25
-1.462845296418067851e-25
-1.402708951723987049e-25
-1.320060879559164236e-25
-1.400569858351919288e-25
-1.389222243878758081e-25
-1.404539086807078635e-25
-1.485481647424003329e-25
-1.496469384699395235e-25
-1.459166811651571437e-25
-1.444698027575192517e-25
-1.357389239577796947e-25
-1.332436324525977727e-25
-1.384850913414656628e-25
-1.311125331603286926e-25
-1.388952701808817987e-25
-1.459484223149463250e-25
-1.292957061559424936e-25
-1.341317312907612855e-25
-1.341709245184614349e-25
-1.373654441745933751e-25
-1.377631809176395565e-25
-1.401520365545630200e-25
-1.313904085513124185e-25
-1.441151912689175107e-25
-1.316850285382339050e-25
-1.324036531730715072e-25
-1.328042871200364068e-25
-1.340733934014489678e-25
-1.356972675353226302e-25
-1.380403340978903981e-25
-1.289475379587542242e-25
-1.421756992636808848e-25
-1.333825248187467907e-25
-1.380236993117096158e-25
-1.350350165431590927e-25
-1.287091779640383282e-25
-1.335017553384838604e-25
-1.318391059378171992e-25
-1.340776260791513626e-25
-1.304413500307597892e-25
-1.293882066782196866e-25
-1.347105165412976354e-25
-1.263461177501875213e-25
-1.359123070773540981e-25
-1.241568722978241478e-25
-1.317352714386706880e-25
-1.301556668003072563e-25
-1.199626078913641042e-25
-1.373388270519066356e-25
-1.295031181589140806e-25
-1.368621499854503343e-25
-1.350653016920282275e-25
-1.268931714602077912e-25
-1.277971858572010203e-25
-1.308312140422128490e-25
-1.302341154532511053e-25
-1.298299539250202208e-25
-1.268243060242938793e-25
-1.301221219785145290e-25
-1.235337105541154544e-25
-1.249529303632453768e-25
-1.290666476288263196e-25
-1.268046428735430907e-25
-1.216641756178843859e-25
-1.296802802122919416e-25
-1.257664428034693411e-25
-1.201029753688961786e-25
-1.216589272694841138e-25
-1.283135091952921109e-25
-1.202379906682676061e-25
-1.225874194277273732e-25
-1.225442599133798655e-25
-1.256382365456582126e-25
-1.217139732996260426e-25
-1.193075814265608634e-25
-1.241510986380541127e-25
-1.206755099650864062e-25
-1.171059205935834027e-25
-1.137981361418731078e-25
-1.254827760158916239e-25
-1.248752596110654118e-25
-1.125135061271961329e-25
-1.236148932745794529e-25
-1.212775678132679162e-25
-1.182261932043470225e-25
-1.199910056666361003e-25
-1.211169612492400390e-25
-1.150685821874529118e-25
-1.201455434321199911e-25
-1.210947611800700378e-25
-1.149411047636693478e-25
-1.174488148491600847e-25
-1.228334042750414013e-25
-1.168466820659649864e-25
-1.207600155826316127e-25
-1.164215205412867922e-25
-1.212080040107684959e-25
-1.210260303797215752e-25
-1.169553492176517809e-25
-1.200711726227999482e-25
-1.173397514997683760e-25
-1.170402170159365987e-25
-1.078773158995481467e-25
-1.111211903280196162e-25
-1.160041666915975288e-25
-1.124274476633234869e-25
-1.096635052738884220e-25
-1.174059314176943514e-25
-1.140661719962476412e-25
-1.138589661603711303e-25
-1.015525412236353706e-25
-1.108466630379607642e-25
-1.107814252373617555e-25
-1.137029600453363829e-25
-1.133269542823016883e-25
-1.130739714306499306e-25
-1.161587759731644997e-25
-1.174359575956471029e-25
-1.098949061957539410e-25
-1.103686043282805635e-25
-1.050027549814344225e-25
-1.045866293746402177e-25
-1.121491435144437593e-25
-1.070706038576697161e-25
-1.086276905955641069e-25
-1.124538150667572494e-25
-1.109128351604871730e-25
-1.143929636124073202e-25
-1.102827815217539787e-25
-1.097150482728155915e-25
-1.134496971611274597e-25
-1.144901450439188940e-25
-1.111245212220867895e-25
-1.062911401460901530e-25
-1.082094848279608981e-25
-1.137297589144211954e-25
-1.047060571492509967e-25
-1.109233058437393209e-25
-1.059894486382742594e-25
-1.025733345131172662e-25
-1.024994786743462012e-25
-1.014353993858791472e-25
-1.039011214873476848e-25
-1.050693582078103092e-25
-1.005436802504322288e-25
-1.068285415745708398e-25
-1.043009025078095627e-25
-1.064262280474301358e-25
-1.026709329178397998e-25
-1.106786335411175257e-25
-1.104173144925590669e-25
-9.361490237117213120e-26
-9.850470304997585117e-26
-1.021570507087559836e-25
-9.702364166129567965e-26
-9.877027043726975427e-26
-9.993283895425543398e-26
-9.772828053953105719e-26
-1.008823867054741186e-25
-9.750534361733927633e-26
-1.004535046324007314e-25
-1.007452204022013610e-25
-1.047312700025189562e-25
-9.723445104041537788e-26
-9.443445138355985366e-26
-9.868236673294584838e-26
-9.949423930844948037e-26
-9.670075344398747111e-26
-9.349285787933264157e-26
-1.001486635112899815e-25
-1.005857670169070403e-25
-9.593287523267147121e-26
-9.548769202918619943e-26
-9.141328950841945910e-26
-9.600006509168196738e-26
-9.326760903635424786e-26
-9.477314564676295010e-26
-9.194861890975875751e-26
-9.505651027675363514e-26
-9.683312568250680063e-26
-9.756219139218580347e-26
-9.075656716233322999e-26
-9.426080406114298298e-26
-8.983953089965296548e-26
-9.063828202120676766e-26
-9.430303701616552671e-26
-9.310949560892039976e-26
-9.413756070989356110e-26
-9.324571049532489924e-26
-9.874507701356091953e-26
-8.741757602118083351e-26
-8.863605058060196273e-26
-9.265323192253747874e-26
-9.376856369363946733e-26
-9.178032501446412211e-26
-9.015551807229190744e-26
-8.915533853042720417e-26
-9.638247885138106219e-26
-8.761095067577431805e-26
-9.204263046561203090e-26
-9.069501116032365621e-26
-8.556340252909477642e-26
-8.948125211711331481e-26
-8.958766290582318113e-26
-8.707507677541757729e-26
-9.318313636708209267e-26
-9.133783593166043646e-26
-8.541888095526812794e-26
-9.427685115636347862e-26
-8.952015008408619838e-26
-9.276224418680310678e-26
-8.623347432551982414e-26
-8.903702222992676873e-26
-9.063199514030979504e-26
-8.573349564441714452e-26
-8.885087130575748573e-26
-8.242731669457728111e-26
-8.769912490154942843e-26
-8.102887939886887763e-26
-9.379147271261229403e-26
