0.000000000000000000e+00
0.000000000000000000e+00
-5.545784183386286564e-14
1.308935325487407866e-14
-6.773647598746113056e-16
3.618600694675276397e-15
4.012086689823370478e-16
3.665897630503239617e-16
2.200742634750476009e-16
7.299517333841340944e-17
6.811704200430453354e-17
1.443920691507623064e-16
7.256542104725935759e-17
9.923612667273009176e-17
4.960953157084827292e-17
3.888466531865592625e-17
9.971483536453482011e-18
2.776814931652495177e-17
1.157274213755680796e-17
1.984109454343450454e-17
7.789687560695405038e-18
8.725233477943427724e-18
6.249179748400877355e-18
4.403188419988194207e-18
5.934282073473253249e-18
4.794477305365262125e-18
1.955871229996264214e-18
3.276726305151303088e-18
2.284632845887532117e-18
2.895497788551472645e-18
2.076196297858761383e-18
3.695490569814838107e-18
2.208235315689472611e-18
6.706338940682573479e-19
1.819080482241626775e-18
1.526065460821106625e-18
7.463742928581436102e-19
1.082037816711326654e-18
6.931977796501185093e-19
6.950143982338269839e-19
1.058700511116467778e-18
5.436422135257409090e-19
4.368318434013405867e-19
2.718393734111271114e-19
6.028317589129939381e-19
4.316100917436495400e-19
2.266585845565482355e-19
1.061942749206303287e-19
2.721939964925024767e-19
3.359594697211213638e-19
1.409518717333276257e-19
2.378518665235880279e-19
1.820543874354428155e-19
1.598608596733676481e-19
2.486608078083953573e-19
1.542970563864538042e-19
2.014862785001072730e-19
1.838937065053127525e-19
3.234510802383662895e-19
4.405580632208450163e-20
1.107150214746064405e-19
1.262018649196843082e-19
4.322666930617250890e-20
5.877716245721891843e-20
1.245436170615089055e-19
9.577517578038635900e-20
1.280673790938021956e-19
8.554769612702912672e-20
1.057697402420599515e-19
7.581061502387386968e-20
6.414883138963576524e-20
2.926147827232175714e-20
5.502596276403594735e-20
3.725769189990218814e-20
3.406435482425723301e-20
4.976445392826203469e-20
6.652777379287946637e-20
5.503283990502421101e-20
4.723074912251656220e-20
5.808190493722578487e-20
3.709776595881449717e-20
2.114256101309190397e-20
4.043383096579630816e-20
4.141917398911038200e-20
2.792005601357352157e-20
3.353139776888702201e-20
2.623044578342083651e-20
1.975670762100156835e-20
2.422350741555040791e-20
3.084701828973192346e-20
2.507170859373230246e-20
2.619931007486810091e-20
1.848001669889374363e-20
2.076819438835813759e-20
2.765785536029779324e-20
1.294018202309397323e-20
1.915842965100930820e-20
2.890510695881813017e-20
1.779180817096270031e-20
1.462829870313023023e-20
1.284313554029780952e-20
1.531438023438930044e-20
1.330624089245130315e-20
1.824920368697644708e-20
1.563748152489138971e-20
1.076791125605408840e-20
1.681377742755189204e-20
1.301020820746204572e-20
1.242231492020629602e-20
1.134793094347526654e-20
1.205296042295368151e-20
1.481956835152638022e-20
9.443780895831900136e-21
1.159152315432876922e-20
8.505026218256346551e-21
9.337397243948044212e-21
5.885070568574254033e-21
9.488968519018734624e-21
5.207133285455152058e-21
8.198053303515311408e-21
6.814692556097211633e-21
9.706685589057961729e-21
4.233724884777582597e-21
7.465953138817289862e-21
9.433114927783210255e-21
5.448363547980134868e-21
4.329993702340807390e-21
5.046043058661049121e-21
3.501634885685391540e-21
6.142146187349504299e-21
5.644498682530266292e-21
5.296483384393712022e-21
4.102100758583769523e-21
4.002962259632184758e-21
6.323341843968507161e-21
4.546446785316430048e-21
3.613673054920203257e-21
2.848338821896430678e-21
4.147714764193369133e-21
3.407095796021226915e-21
2.783201186794866001e-21
3.727028337160539039e-21
3.110100856734619083e-21
3.601414656752436568e-21
3.054297412351961847e-21
3.424576127854484316e-21
3.063222519120014112e-21
3.290986836773250246e-21
2.969492593893068080e-21
2.984717494299938637e-21
2.286719730266528796e-21
2.627402181749662384e-21
2.823800543171679988e-21
2.820219440688243250e-21
2.600954851373356948e-21
3.446575857251025549e-21
1.616276915693549318e-21
2.670743087254058592e-21
2.296246361298570741e-21
2.481759976087948480e-21
2.626142734026929581e-21
2.534011554598462327e-21
2.547423137564615575e-21
2.271825291296202927e-21
1.595285129607318893e-21
1.820805385201109876e-21
1.456248837265643373e-21
1.468610461240505876e-21
1.840875655842294743e-21
1.920049674333431816e-21
1.859152870052786093e-21
2.258815666675516964e-21
1.375026543229711574e-21
1.328318925100266671e-21
1.559337449574484989e-21
1.425870685678732426e-21
1.221052464333542373e-21
2.117254758526220803e-21
1.419491442023976019e-21
1.761132363841409128e-21
1.825744062718471036e-21
1.207294944425461627e-21
1.377277618451708456e-21
9.367147329102971065e-22
1.528764402921982962e-21
1.343243548427250863e-21
9.860835995081410625e-22
1.170200484513548833e-21
8.388074967342196299e-22
1.061461850879846045e-21
1.046460361409540131e-21
1.137828531970953617e-21
9.424607120840019078e-22
1.091635106758585481e-21
9.712837394971200752e-22
1.186985577987630278e-21
7.505597019274816179e-22
7.788356937316802274e-22
8.106130981375461194e-22
9.482674724822689723e-22
7.567381279419559673e-22
9.104928988405419655e-22
1.004238088876929149e-21
4.531708804593518833e-22
9.030508976366710636e-22
6.828948203466725556e-22
6.972794406068463253e-22
9.223950529355759483e-22
9.367258385126268506e-22
6.994354745137621172e-22
7.917042471434443568e-22
7.918118908757288877e-22
7.049044720419337587e-22
6.220473718682968636e-22
7.994302810839500549e-22
6.447384085922228972e-22
5.935885178486117804e-22
6.291163622500000133e-22
5.167336222094832030e-22
6.606826114061736688e-22
4.096420013858322728e-22
5.961615465454720312e-22
4.674295456722449862e-22
6.503888719385702156e-22
4.969001537149662817e-22
5.108336388513215097e-22
4.210085474403351104e-22
4.719504003407514672e-22
6.517212721511483467e-22
4.495359780964420444e-22
4.586064996824326620e-22
4.198384423758655245e-22
4.592732123259643773e-22
5.372768787107995154e-22
5.254722595101976713e-22
5.822211157554709263e-22
4.872454454681250457e-22
4.037107374750911123e-22
4.406113387183206982e-22
3.296325156601751897e-22
3.983718704879648266e-22
4.618052090713845229e-22
3.749054642170495836e-22
3.214758144661171111e-22
3.392152726882438333e-22
4.440962193880302516e-22
3.947202251924812887e-22
3.034541430847666309e-22
2.521299844403795627e-22
3.582189917790376247e-22
2.620100111172559760e-22
3.463556869704365869e-22
3.089736446842266003e-22
3.160447309569367079e-22
1.544225349066371896e-22
2.407418213750092384e-22
2.323526371313015714e-22
2.840465063523608123e-22
3.400965705429965974e-22
2.444399039166403894e-22
2.484096286133914630e-22
3.416837751193956996e-22
2.440483076120368535e-22
3.126518493596134166e-22
3.051555334883004424e-22
2.720255003900650839e-22
2.423896022116218041e-22
2.636652249231030000e-22
3.095709461247793973e-22
2.562367836147910474e-22
3.436025039797119253e-22
2.217953629531241923e-22
2.110658876781061106e-22
2.628068576888887398e-22
2.893413574605261292e-22
2.084543131095918064e-22
2.039257173276890734e-22
2.114162959273727904e-22
2.190637838002771838e-22
1.953526410853550927e-22
2.576064100508063252e-22
1.634720629451426629e-22
1.473654795454677122e-22
2.357459109431665201e-22
1.818242530749316459e-22
1.929312103208311053e-22
1.637556947215453713e-22
1.917962206228348468e-22
2.056740805843627532e-22
1.813099571036388959e-22
1.574401530312604309e-22
1.786361063423515126e-22
1.863134063987269731e-22
1.706597800383862512e-22
1.705688802379430896e-22
1.621341543191681847e-22
2.271409304187295693e-22
1.855644626878937502e-22
1.949224641376555298e-22
1.455084530518678386e-22
1.309931400325873451e-22
1.908419446812048577e-22
1.061489108552356578e-22
1.589235457789980981e-22
1.757224835677231361e-22
1.408816997227427998e-22
1.985566620539973462e-22
1.744223111246212059e-22
1.568018888285260525e-22
1.159607766111703495e-22
1.484058632933090288e-22
1.691723738134762763e-22
1.529480981742377490e-22
1.539102523736796184e-22
1.413066659076810352e-22
1.744767091990657415e-22
1.590963850257413446e-22
1.073379840304876977e-22
1.209574757671433615e-22
1.453958662299551848e-22
1.023047382520554343e-22
1.784098459628993604e-22
1.154889704766837227e-22
1.340463631256209742e-22
1.240157499424003588e-22
1.150085631990650686e-22
1.168336757048081599e-22
1.248095045820045774e-22
1.282973938628598440e-22
1.196287322724745223e-22
1.128024052368807094e-22
1.302621712162591352e-22
1.249955339159455270e-22
1.079963366639008842e-22
1.273278480782596158e-22
1.073038577596166535e-22
1.157121012524512753e-22
1.340079053164553746e-22
7.852275312038114956e-23
9.783278191216582804e-23
1.222990296154965126e-22
8.116839005841917644e-23
1.155839137030086364e-22
9.578591956064166551e-23
1.104879684051310850e-22
1.251734591759276378e-22
8.385885118697447413e-23
1.253198938439207676e-22
9.321760836127834784e-23
7.661200561456791230e-23
1.201393951869314380e-22
1.030077899082069161e-22
1.041557748782387058e-22
7.934853335809381204e-23
1.185545285608705525e-22
9.464824159048507915e-23
6.577075694711346916e-23
1.097878170050803529e-22
8.619829200694361402e-23
8.273646509043594392e-23
1.005698077647779485e-22
9.240037695324922839e-23
8.616275771178862176e-23
9.352836508829029114e-23
6.657757791720901486e-23
6.342536000252780191e-23
7.454666820036125507e-23
5.842292387173815013e-23
7.749663879310752337e-23
7.703062893587414091e-23
5.670561645282371380e-23
8.234254076457399215e-23
7.547153649473945160e-23
7.364741346892587494e-23
5.572231430915155174e-23
7.610689390135691625e-23
6.421881997269634186e-23
6.373600748535750806e-23
5.825563924543923356e-23
6.742031729260884646e-23
6.525554663747032118e-23
8.004772256008319097e-23
6.411905855972798993e-23
5.688515992702669824e-23
7.243971804704401687e-23
5.980905403338654839e-23
5.606824263300260108e-23
6.675112686235856193e-23
7.780316832274816648e-23
6.167788409878138730e-23
5.540531112476318536e-23
6.125351236050243181e-23
7.564522441626659919e-23
5.879694861845987189e-23
6.001344593935212414e-23
8.007725570198486035e-23
6.325976127901649963e-23
5.955566761963621404e-23
6.629707941270756755e-23
5.339089924694498946e-23
5.540482239049533351e-23
6.435600767494311232e-23
5.193438469744330376e-23
5.669074123081797274e-23
6.334698652975856986e-23
4.634337606451645060e-23
5.563767336499976781e-23
4.632739103329314363e-23
5.437815412297767524e-23
4.947779771276913303e-23
4.973380867527801501e-23
4.302751823695580942e-23
6.445547053113476355e-23
6.012449834096904358e-23
4.998316786422050500e-23
3.451592283100556278e-23
4.769220938116517614e-23
4.990720939428783466e-23
4.287898537927687117e-23
4.489509265377483697e-23
5.395045817641579448e-23
4.470906319170919377e-23
3.978980967691180275e-23
4.099590937046441077e-23
4.493579545341272131e-23
3.757335579438394244e-23
3.779502126037235557e-23
5.061645445671829555e-23
4.869686551886163121e-23
2.832457297377771050e-23
4.406520925969872295e-23
3.784119706029959285e-23
4.962513119050218997e-23
3.948405592028419777e-23
3.682481076715557854e-23
4.189745548128420421e-23
3.727967866544688364e-23
4.300195738299144024e-23
3.409445955561417721e-23
3.365558551041454435e-23
4.464030627496755718e-23
3.600066899725866844e-23
3.701064733623334249e-23
3.987772426512931290e-23
3.826293063623805135e-23
4.311449936963079420e-23
2.953955324418556918e-23
4.082275013942881546e-23
3.381176923531243224e-23
2.927339910040509949e-23
3.437672268465950372e-23
3.985088057554456782e-23
3.800718281956898540e-23
3.235364041670131125e-23
3.865067178448119088e-23
3.042207025304845613e-23
3.218313245009595781e-23
2.731007965032787861e-23
3.517798575105207143e-23
3.280609921303959488e-23
2.105398671056234171e-23
2.987366496400410267e-23
3.343190847614936231e-23
2.350519437607699427e-23
2.637548032895410064e-23
2.611191251623281416e-23
3.393420521137632267e-23
2.498998249744697296e-23
2.727462588740220510e-23
2.709710776020411594e-23
2.395913378004934041e-23
2.979137357003933668e-23
2.685941247952453093e-23
2.892700380653170127e-23
2.633537238340524711e-23
2.737284812662295673e-23
2.486702886500444353e-23
3.079171132142408075e-23
2.472094701655889521e-23
2.107103080688319084e-23
2.451430252495199208e-23
2.562721177012781194e-23
2.512565317196836928e-23
2.088582712485439066e-23
2.293750376966237658e-23
2.018947096415141193e-23
1.946703844817426573e-23
2.686346435314737530e-23
2.382519891775748355e-23
2.426180573594257865e-23
2.008456504474731884e-23
2.181480978084576560e-23
2.434068318437151583e-23
2.762079144300035450e-23
1.821283507337647832e-23
2.724462618150057128e-23
2.394175775539459015e-23
1.942318001750828734e-23
2.194996770073640981e-23
1.632976194850916877e-23
1.916851586994159858e-23
1.695434712212159596e-23
1.543350404085588291e-23
2.259929299656813786e-23
1.737380486498382006e-23
1.879321329151140329e-23
2.327209862799352714e-23
1.993081629723675621e-23
1.678312527685419760e-23
1.850006747741375256e-23
1.887324397213495834e-23
1.720945317346080942e-23
1.837300975627476866e-23
1.774952846536853611e-23
1.989449037725302404e-23
2.188966498389178816e-23
1.817620097665005186e-23
1.865460519715953354e-23
1.538407030312460544e-23
1.595505634590215270e-23
1.746382536902478660e-23
1.608517606536886096e-23
1.636828395454663885e-23
1.905504663989675453e-23
1.454355115101898742e-23
1.963866120052686342e-23
1.262674112110573321e-23
1.724872731806765904e-23
1.498298097685599295e-23
1.738006306453298678e-23
1.542740165773403439e-23
1.366013054208850590e-23
1.361203328345879370e-23
1.898559930412012402e-23
1.217223151260654163e-23
1.352342119927585745e-23
1.474931288454790060e-23
1.512372468626949428e-23
1.695597891480476785e-23
1.686985207522018156e-23
1.306282134375014861e-23
1.175056171508162650e-23
1.313724744859596991e-23
1.373573668175814249e-23
1.484623072741307460e-23
1.612389480418375572e-23
1.385468855905930608e-23
1.244006490655806343e-23
1.319097322759495091e-23
1.263609180353638140e-23
1.322520313411967621e-23
1.192097028440246575e-23
1.183956002341771446e-23
1.461569234113242810e-23
1.154629470557263198e-23
1.075597245258888395e-23
1.122017114518326620e-23
1.152248008124710582e-23
1.267496475738877968e-23
1.049562860347475197e-23
1.052992914089536669e-23
1.109812252802302160e-23
1.036547974570891813e-23
1.422331820616787173e-23
1.258375250982304884e-23
1.128993883373753072e-23
1.152150541714556406e-23
1.431912848199079413e-23
1.250990609316169003e-23
1.086189536988228849e-23
1.297917439469855037e-23
9.804457894307539909e-24
1.193613899303571904e-23
9.957408488343626148e-24
1.301443110268340005e-23
9.612231614993715796e-24
9.857254640315164194e-24
9.644375533489589099e-24
1.161403935592974701e-23
9.582642124948694184e-24
1.146758055058393472e-23
8.786576212425969507e-24
8.270308895014874012e-24
9.086169533571146002e-24
1.088880473054335823e-23
1.198721220653861243e-23
1.068418217606057254e-23
9.856033173910151879e-24
1.215547587434703926e-23
9.030177248193949728e-24
1.118673488810915656e-23
1.239712420160308861e-23
8.309646371568532995e-24
8.594394020755146848e-24
9.394651067393705265e-24
1.025036006635396044e-23
7.926964250670533492e-24
1.013646508879705044e-23
9.092337683149205577e-24
9.592657510667204928e-24
1.061940178366378068e-23
8.439497513004733921e-24
1.135664871096419050e-23
6.843178319907393829e-24
9.412109358422259441e-24
8.807618236287661744e-24
1.154797148398053599e-23
9.414877574755529978e-24
9.954417523624694737e-24
9.795772064720592152e-24
6.064028149554091891e-24
9.156939946775323924e-24
9.340414845539647224e-24
1.008416086131380781e-23
8.225350241158043398e-24
9.696482694613376252e-24
7.562374475703654212e-24
8.329373146236211056e-24
9.897058317130320590e-24
7.925145202425260128e-24
8.203180665010626507e-24
1.046125303111513192e-23
1.050925015138041362e-23
7.285202297573174832e-24
8.741060676495291888e-24
7.092788032199158060e-24
6.183364130986313402e-24
8.506307455565068224e-24
6.059866564658886988e-24
1.041286706586616423e-23
8.320086337453971895e-24
8.386801700580612010e-24
7.493115584409236320e-24
6.593452590926116054e-24
9.093614787286636447e-24
7.949406865471803367e-24
8.213210125598425476e-24
7.138812522172162647e-24
7.764201229125247854e-24
7.193507264373991901e-24
7.093461228879989083e-24
7.694545257163379762e-24
6.391835351346072905e-24
7.636915654963488855e-24
8.689689712477266625e-24
6.807061748706386132e-24
6.906313119344916650e-24
6.617521091603162281e-24
7.754089910614230454e-24
8.060518290676470642e-24
6.091602775648341853e-24
5.845084428815420683e-24
6.560692950122921636e-24
8.237618337796271304e-24
7.591122077834185206e-24
6.661509963761807891e-24
5.620741763578626689e-24
7.645157561627329058e-24
7.232003839723631157e-24
5.623075670301984829e-24
6.759937696008111291e-24
6.021788989673139279e-24
6.710521801474779810e-24
5.953972105316171681e-24
5.234041189494674400e-24
6.942789540222920540e-24
5.219030061221044069e-24
5.547207928432589139e-24
6.262125118707946403e-24
6.217756143364468998e-24
5.690022767407966934e-24
6.732411990489246645e-24
6.624433157392727505e-24
5.533302205758003248e-24
7.167014499065861613e-24
5.109662648545662168e-24
5.243178760990628319e-24
5.881424465626802388e-24
4.381837767785580194e-24
7.000730659523775802e-24
4.182688802475310317e-24
4.271701758598861088e-24
5.076258169959741907e-24
5.814579424139481149e-24
4.860087362688921594e-24
6.220942901360733906e-24
5.189949229213939436e-24
4.882139045565305958e-24
4.991325747853747541e-24
5.640673656558402647e-24
5.685166015101209198e-24
4.305307909447044632e-24
4.523961674560654979e-24
4.869958938842010102e-24
5.381057430401525680e-24
5.173334168303988988e-24
5.167824666216224065e-24
5.256628982257944663e-24
5.834534244415014729e-24
6.364765359558614388e-24
6.146155672072641546e-24
6.014524068533347672e-24
4.852353816189917500e-24
4.717886047470967163e-24
5.608029100568197816e-24
4.638129065384961927e-24
3.817397657948329202e-24
3.903916922561099589e-24
5.074794725900652732e-24
4.299373856764297467e-24
3.331297270214719885e-24
5.085706989778035013e-24
3.492669075324437201e-24
4.583047815169667761e-24
4.355236424396358550e-24
4.521010503624877181e-24
3.922657414666463080e-24
4.755184617782719850e-24
4.085454423030072270e-24
4.386637925292075403e-24
4.241223285173541272e-24
3.802625142550284972e-24
4.822232574843114386e-24
4.782993887923286357e-24
3.773253086344562740e-24
4.391291638625695419e-24
3.858067994030227060e-24
3.697113007284317894e-24
4.272742993972465010e-24
4.462625507822989928e-24
4.220567049204990149e-24
3.388417658926698093e-24
4.703018204138957325e-24
4.397151039536853279e-24
3.481964897880018552e-24
3.594307740769143330e-24
2.961232504450372290e-24
3.689727776874017535e-24
4.108808979000573665e-24
3.719094088344453632e-24
3.755885812480629075e-24
3.850353038911233321e-24
3.837604142928453975e-24
3.213990124759298056e-24
2.696798345589632833e-24
2.674760492919448128e-24
4.149433070579539622e-24
3.029194875140667886e-24
3.474324375444712431e-24
4.100942723724812732e-24
3.893656502974120360e-24
4.060188821024675712e-24
3.538669260915823855e-24
4.621575084143316269e-24
4.609281990017059616e-24
4.272164679593227068e-24
3.422338903209661823e-24
3.290316722343831794e-24
2.980836887787842441e-24
3.673679854902712382e-24
3.728956068398203973e-24
3.184967227057315911e-24
3.177435891307417022e-24
3.840674148552715338e-24
2.935677473628017645e-24
3.106893196423353388e-24
4.075047483564026447e-24
3.137414942354087572e-24
2.554783674467551085e-24
3.367715881155773470e-24
2.970564497845899310e-24
3.640127261846040804e-24
2.699351095892595414e-24
2.934598012709387842e-24
3.384517124315938693e-24
3.223594951376943137e-24
2.903199103546735150e-24
2.645422090891962117e-24
3.073014011087337901e-24
2.470271185033460199e-24
2.955533747084278582e-24
3.794016982175364415e-24
2.276738707281381364e-24
2.618206574924363653e-24
2.793859474804736791e-24
2.486842125163561765e-24
2.354108910188251372e-24
3.016191622110735153e-24
2.439555842785645747e-24
2.851397184484581573e-24
2.206611602057697435e-24
2.953599236979765672e-24
2.815418694471559124e-24
2.783998374456877350e-24
2.173857700613557740e-24
2.642332589383954913e-24
3.231709242464937651e-24
2.545908601931271084e-24
2.188753773020746874e-24
2.340250610935811608e-24
2.372501117709654814e-24
2.892320119778447182e-24
2.815700571474898415e-24
2.237560437688243750e-24
3.004314505875503449e-24
1.645776707271671927e-24
2.230784869355154258e-24
3.133376501038469357e-24
2.088431772608846346e-24
2.508680221819607943e-24
2.737709079883822224e-24
2.669846025128925147e-24
2.810108968841868929e-24
2.536052636133271837e-24
1.972033136324567017e-24
2.625591938599177277e-24
1.719200651643159180e-24
2.493240643300093291e-24
2.647610801432057977e-24
2.182124696442995918e-24
1.906277548117441777e-24
1.924707431903359768e-24
2.429768419069788590e-24
2.490430982738599559e-24
1.919733563744205736e-24
1.846448001526387910e-24
2.338923033397469869e-24
1.480682938977565743e-24
2.417993339491477070e-24
1.885818599097449240e-24
1.801722239920539076e-24
2.024642870125290319e-24
2.831965045358274861e-24
1.802399338136983046e-24
1.612024689304660874e-24
2.530048844840635466e-24
2.232003093881711021e-24
2.461832965624205550e-24
1.910726409980837593e-24
1.983106912940790081e-24
2.292095695174262754e-24
2.537714569237562751e-24
1.944448253806036375e-24
2.244161182971150563e-24
2.185432462287857906e-24
2.138480741399791142e-24
2.077405891851971210e-24
2.065648003697157279e-24
2.053382176832819257e-24
1.667124913274912162e-24
1.741541085894821107e-24
2.053581881346266508e-24
2.168805959491770056e-24
1.454373001053254404e-24
2.188641618545926211e-24
1.748628337075464354e-24
2.060950866311591947e-24
1.778028665803313732e-24
1.897220204499872806e-24
1.634406295743064790e-24
1.577816411438243771e-24
1.623862196265626042e-24
1.672754461674744340e-24
1.667982776179748850e-24
1.813062047746286752e-24
1.711417471980667735e-24
1.762174372827086464e-24
1.716541379953247104e-24
1.373821335570549820e-24
1.690138915224116960e-24
2.220387790642237482e-24
1.701503392530281249e-24
1.896595288290493797e-24
1.560349158353568838e-24
1.754969462775388850e-24
1.331417309217551481e-24
1.768625060058234195e-24
1.958591258377558642e-24
1.847123040946691592e-24
1.834608575615293998e-24
1.643779583426083909e-24
1.280571995603933584e-24
1.012776974765193545e-24
1.826508521728998215e-24
1.238464080239074284e-24
1.882361024707561779e-24
1.720490486470805719e-24
2.085561865737635255e-24
1.964053426619322025e-24
1.286806679350603960e-24
1.201627789727869522e-24
1.713926814726453891e-24
1.554544094619927315e-24
1.152472272068212371e-24
1.144330976850251589e-24
1.683308522501150738e-24
1.490916859120429726e-24
1.467641151855020568e-24
1.728330856565662476e-24
1.575398293612310610e-24
1.479824899973950473e-24
1.570083821633578583e-24
1.193139580629490709e-24
1.507269427291238689e-24
1.121172158316353764e-24
1.606583902408362022e-24
9.684257962353553835e-25
1.358707814587939962e-24
1.541585169451030039e-24
1.277513084922995613e-24
1.564448171477297489e-24
1.366473455749035120e-24
1.583887449224668687e-24
1.464036201659352222e-24
1.637884906893710195e-24
1.328034208966400616e-24
1.353630350829285794e-24
1.303687097222122422e-24
1.232507177398530464e-24
1.515278587835525440e-24
1.175911912462188248e-24
1.130370721123773095e-24
1.139247984182269048e-24
1.544168370916631677e-24
1.064149605036353134e-24
8.755112400880472713e-25
1.412035320906403099e-24
9.431343294068070951e-25
1.280466880465332021e-24
1.382979931125614880e-24
1.347212269535898541e-24
1.113179934910316602e-24
1.261387777590456974e-24
9.154560509968936314e-25
1.100948534042382683e-24
8.089326661389391345e-25
7.714915193736729971e-25
1.299913915181307180e-24
1.146191774339387626e-24
7.785340472323775243e-25
1.023595138104468706e-24
1.338876706546168611e-24
1.048632446907260493e-24
1.081612238274506082e-24
1.462046029554136743e-24
1.021844902887853547e-24
7.157450140693645811e-25
9.426991764485909518e-25
1.153436244793861900e-24
9.533995039791322546e-25
1.354758039147028083e-24
1.167897040132056298e-24
1.154000085010369550e-24
1.064958347296131328e-24
1.168976614047532765e-24
1.149113561584390726e-24
1.131471596419413154e-24
9.917745460240433411e-25
1.152686463615388534e-24
7.705040008320241186e-25
8.984728228703570450e-25
9.059201992008492918e-25
1.081972004385677018e-24
9.646727231256459587e-25
8.473620904750862359e-25
1.034272851631676527e-24
1.033381267109357810e-24
1.216123105288295944e-24
1.139160603713940495e-24
1.102548899987189419e-24
1.100656827300931104e-24
8.490855757390174592e-25
1.206684025436416951e-24
8.479596400391189446e-25
7.857804037532959351e-25
1.116324636619540232e-24
1.086540167890551937e-24
9.669077516041727855e-25
1.122433968111535233e-24
9.089314538832745846e-25
6.856562875156507768e-25
7.947897159596289114e-25
8.955469344934623565e-25
7.813550465528589579e-25
9.047897530576902274e-25
8.643235226651233100e-25
6.815703608747721454e-25
8.203231494127025135e-25
1.154255944951071138e-24
8.582923544692525527e-25
8.383271823935933923e-25
8.979739107542299853e-25
8.399622819290242819e-25
9.410649483388795923e-25
9.928909022628062163e-25
8.748941036891557391e-25
7.912380831826374943e-25
8.901941635236420975e-25
8.267244770740353480e-25
8.759506120252697044e-25
9.087956396785260612e-25
8.667239209865788460e-25
7.659975642516957121e-25
9.369296233463568894e-25
1.046271426585796728e-24
5.329422062424012694e-25
8.147392764071945405e-25
1.109552395748727680e-24
8.603235780817378248e-25
8.323628048629978153e-25
7.181033281464542211e-25
8.501245470109446721e-25
8.136577620011327104e-25
7.418763990172618187e-25
8.357963553583288716e-25
9.081511735232787266e-25
9.240167988248416583e-25
8.843773635059717427e-25
9.395745264059286188e-25
5.767671981224140455e-25
9.487067596347211378e-25
7.432932525275552087e-25
8.802449632400000521e-25
7.917213729404886839e-25
7.427615460280158496e-25
7.366626519130820843e-25
8.794706829653273763e-25
8.789110460304542691e-25
6.113377599373919995e-25
6.904860756292094951e-25
8.357429402690080721e-25
8.635329030641488196e-25
7.178956831359399333e-25
6.844201133752779226e-25
7.553930370866583221e-25
6.520989189632772281e-25
6.028364498959400819e-25
4.158322430388579827e-25
5.365942028900941947e-25
7.397506930433254941e-25
7.969830418101177393e-25
6.567405831129206207e-25
6.963393092273942474e-25
5.226372130778670016e-25
8.574185057205221701e-25
6.889888031349411493e-25
5.483407239554492664e-25
7.716406952202898535e-25
6.806568504996519962e-25
5.194767483227218395e-25
7.385126221569817050e-25
7.156634400019421443e-25
6.516876809529858350e-25
8.051759573030209853e-25
8.404756547596276762e-25
8.873667960099572096e-25
6.258456380085180634e-25
5.715244125373606766e-25
4.118236309909858066e-25
6.708451595235015670e-25
6.599342245409467582e-25
7.496058955186829263e-25
5.850142003823891471e-25
5.665927356522956192e-25
5.493018944168813317e-25
5.860250872992618219e-25
5.003062709416958307e-25
4.672533225613541985e-25
3.928093857549130050e-25
7.016131585542745244e-25
5.201388544883479139e-25
6.794086965655673630e-25
6.085071347577798244e-25
6.025668986554471610e-25
6.001326865395350836e-25
5.130861858791248203e-25
5.393621431950496124e-25
6.463387083843586660e-25
7.456278812905644872e-25
6.939737749015892343e-25
6.188920362973328459e-25
5.305786831971441373e-25
5.494076710048187228e-25
5.855917978087484910e-25
4.509277810660718117e-25
6.070046518684990970e-25
4.975078073323210697e-25
5.045915185286412616e-25
6.368985174847004904e-25
4.525969345168719735e-25
7.707160073269051193e-25
4.876028084916617087e-25
6.571174164762611146e-25
5.697411148099231049e-25
4.702779527171069704e-25
4.257297792458295393e-25
4.286426067178467313e-25
1.823633787026991575e-25
5.880302632751514308e-25
4.739867865381832983e-25
5.566855974017619497e-25
4.956068993554090932e-25
4.198728934899587263e-25
3.395140857933485694e-25
5.924917042983951973e-25
5.091169753167638469e-25
6.148058110053847158e-25
3.201312322378865862e-25
6.097515399092637598e-25
4.980644483088872574e-25
4.004254336407334877e-25
3.705820022937737214e-25
4.843129904465628995e-25
4.767604259347126980e-25
4.501590014187948096e-25
3.628072343723110674e-25
3.330638929951278045e-25
5.411470095377140540e-25
5.743861117288216107e-25
4.610735774358008146e-25
4.860106395770149594e-25
5.164911800507948412e-25
4.398729167749214542e-25
4.922139009803183353e-25
5.215227775849238271e-25
5.055014665020634104e-25
4.432959561291276722e-25
4.276885941826877116e-25
4.499100199720681052e-25
3.268387085941630422e-25
4.586980403143706404e-25
4.219405362310112505e-25
3.441001999894812630e-25
5.641913074504208932e-25
4.311976652026397094e-25
2.797241454941642410e-25
3.677200838715518937e-25
4.354217879017579152e-25
5.504408764622621159e-25
3.575639733731501588e-25
3.997312988084869824e-25
3.917820982204129708e-25
4.654245073085605122e-25
4.542792646105549907e-25
3.223102810980010108e-25
4.025894913743706783e-25
3.727957280858840111e-25
3.573164650991006188e-25
3.831791540088284098e-25
5.025286181266737617e-25
3.488723564898000215e-25
3.665347268716259766e-25
5.358814046687680183e-25
4.729719447877214571e-25
1.693225217614172026e-25
3.897642798600133433e-25
1.715640642972903665e-25
3.235690293605852882e-25
3.341227134931342699e-25
2.580665533309732447e-25
2.681085290070402686e-25
3.525621767770289943e-25
3.912883758946558039e-25
1.708314446688143582e-25
4.077664408326128573e-25
3.741949770430473715e-25
2.739403692065828605e-25
2.471145465429415514e-25
2.584437593022917386e-25
2.920607959098912945e-25
3.999339739352281920e-25
3.279412887630870422e-25
4.275787546771809978e-25
2.934231721144402627e-25
2.451625269941901235e-25
3.727178997478922497e-25
2.493462414130429549e-25
1.378979041995708960e-25
3.630917242648194734e-25
3.306089191600427878e-25
3.520788596354308340e-25
2.524058060420242668e-25
3.574240175782954290e-25
3.323039249550630536e-25
2.640361849640366933e-25
3.017010670956366638e-25
3.242228533895006216e-25
3.360891553120618722e-25
2.822373888436530962e-25
3.797485249270866072e-25
2.486661132606581606e-25
2.980343382469834133e-25
2.722249084692253927e-25
3.512311840293980274e-25
2.274079220831803738e-25
3.143860380599164358e-25
3.823667221637459820e-25
1.489868309160216344e-25
2.943418256543331395e-25
2.721518227774880946e-25
3.106927675042176924e-25
2.528169969267402478e-25
2.952709901062819031e-25
1.999905808168881931e-25
2.815858414713354712e-25
2.952997689958589240e-25
2.197770391754801033e-25
2.845582951958682370e-25
2.113161051271091990e-25
1.200542593193410060e-25
2.375352373411589957e-25
3.333466751448141183e-25
3.116322563212611400e-25
1.841068222507291582e-25
3.383613848424731897e-25
1.918329949574356051e-25
2.221293398534147912e-25
2.648094103451158755e-25
1.502318983393478354e-25
2.445342222443345708e-25
1.817327625589777186e-25
2.219002912966447138e-25
2.506238170643288073e-25
1.522032542453018456e-25
1.434483734363203558e-25
1.958878654703273615e-25
1.410748378606096061e-25
2.191340121213867231e-25
1.301073322672440287e-25
1.327738169475270173e-25
1.430466607872769273e-25
1.938910346160695677e-25
1.883960257620759296e-25
4.468862894223783792e-26
2.108368840592369826e-25
3.398190002994690412e-25
1.812171337774339490e-25
3.076535660029811118e-25
2.679976027681756660e-25
2.531409501193897265e-25
2.488212938806209692e-25
1.356333176599202568e-25
8.309047690428796289e-26
1.617903732183431297e-25
1.916420093772859715e-25
2.400343859153658221e-25
2.009568083403312712e-25
1.222862153255861656e-25
2.883253619538514646e-25
1.283363058236971517e-25
9.628395915202441851e-27
2.271523044736947120e-25
1.062886879474054194e-25
1.795479644779069948e-25
1.597005237314793272e-25
1.484047679529357175e-25
2.012471346380053077e-25
2.513615866031720563e-25
2.589979809816810265e-25
2.070017164587344439e-25
2.316226173086527229e-25
1.689440826879002410e-25
2.066637346564788379e-25
7.400427793675711453e-26
1.792563173745350327e-25
1.207816844162921675e-25
1.245809735182478497e-25
1.420788768052396594e-25
1.759973295657165323e-25
2.492459672662854850e-25
1.832010908006994013e-25
1.430330361805449246e-25
1.944242679618944461e-25
1.102414060411409747e-25
1.825591326460335134e-25
1.939029983287793731e-25
7.407056763440570560e-26
1.935064483486192557e-25
1.361707061559980575e-25
2.007155823582951070e-25
2.043993381315946687e-25
1.797347049220378849e-25
1.320099933653950189e-25
1.944707495154671062e-25
1.731748224213340374e-25
2.155690698156030500e-25
1.887315870366287822e-25
1.820245259135530521e-25
1.144637235327452463e-25
1.025425484012707371e-25
1.443262590095802137e-25
1.427530860943017313e-25
4.669048463143232351e-26
1.813821636695791006e-25
6.973439148665226941e-26
8.662183062716252627e-26
1.552478565604930106e-25
8.923361045394638786e-26
1.283903668559177630e-25
9.404348874649548832e-26
1.401358259683733268e-25
1.178197373187270027e-25
2.169188027537296587e-25
1.082571824496394163e-25
1.356630024439483522e-25
9.373224644436668071e-26
1.151338430930112321e-25
1.154417939491243009e-25
9.692675214816886633e-26
9.415914492484034715e-26
1.218074212004837800e-25
1.338362028350497136e-25
7.750621767356623126e-26
3.973170256649035227e-26
1.237240807015852707e-25
8.369915676106408014e-26
1.190680874020956231e-25
1.128808297118591513e-25
4.627091733692579812e-26
1.628497229553042946e-25
2.707991164301929227e-26
4.769480733539504277e-26
4.007380893876480681e-26
1.107327776169270019e-25
5.434310205316616167e-26
1.546762391138276914e-25
7.589163754713861633e-26
6.721261451478245258e-26
1.278498472129801305e-25
1.890613665539615046e-25
1.193774112281860115e-25
6.395883114527134395e-26
5.519560272743372062e-26
6.571198720440737601e-26
6.539216990164371930e-26
9.111830242137910929e-26
1.627372301497806457e-25
7.506933724776594725e-26
1.601433528771733634e-25
5.362571960187336697e-26
5.878022991105251665e-26
8.483702920200042676e-26
1.451259277467329639e-25
7.627253317826892812e-26
3.224936666583231815e-26
4.990364802704196923e-27
2.837706917589554132e-26
7.835776415959781493e-26
1.508284982001698534e-25
3.715768744520854873e-26
4.475155350885772845e-26
-2.516701153856599412e-26
5.259393061880575437e-26
4.685270628521425348e-26
6.181543268602226648e-26
9.895180545118343924e-26
9.377703569996566600e-27
6.883498027115266009e-26
6.354248329484594616e-26
2.775099037134622134e-26
8.148796761768530344e-26
4.680461724382061948e-26
2.862018134826350575e-26
6.931780461700216305e-26
1.297076828556959495e-25
3.837971038521946801e-26
5.369377232539301953e-26
5.682921935588861613e-26
5.945016446302471686e-26
2.440884808460775869e-26
3.955818748304344759e-27
6.340434012800938931e-26
4.435250079461312397e-26
2.293896040650104740e-26
7.055790955468334679e-26
4.015782530602899795e-26
4.493348366696122339e-26
1.764408721432247410e-26
6.053847956994551738e-26
1.122213207058702115e-26
7.875974808171707012e-26
8.921222482851105777e-26
-1.707438746345654090e-26
-1.531059750543655114e-26
7.182198549834585417e-26
1.022243708163133711e-25
9.722377247179240886e-26
1.264105204967323294e-25
5.926411425546711677e-26
8.555845583839959066e-26
6.439574233984141542e-26
1.219401194472587676e-25
7.813135834893963893e-26
6.832581563797931794e-26
3.744554493412169496e-26
7.658561045205499679e-26
1.278994851957180796e-25
5.549093587035059299e-26
7.410942263714258081e-26
-1.360107012674250875e-26
-4.175081333951835112e-27
-1.571129554007466791e-26
-3.077239255932493240e-26
2.606379325925879529e-26
-3.190500844148581874e-26
2.355267919917547588e-26
8.112677189520665207e-26
-7.754067918093455637e-27
5.602789211155087284e-26
-3.099998160649085823e-26
9.163215126193351075e-27
5.490872616512739725e-27
3.199153255749963663e-26
3.569959306090402019e-27
7.401448487225973145e-26
5.035021193716291688e-26
5.659120748727184178e-26
9.899597706398822214e-27
2.987635458099745618e-26
3.208732615650321957e-26
-5.967730671139254905e-27
3.241763320719432497e-26
2.977857156246048782e-26
1.350466346641023637e-26
1.198588052663905274e-26
1.788597942950654601e-27
-4.126742633091264525e-26
1.488802923141771521e-26
-2.073433002304150091e-26
-2.183606488651384656e-27
-1.335594105496480569e-26
1.502208279921355439e-26
3.546207594904320748e-28
4.576839562319056842e-26
3.019184152837745894e-26
8.232700724027748989e-27
-9.192575029355667497e-27
1.351220883163614026e-26
4.923463162664360419e-27
-3.208473413406252872e-26
-9.339630114332992081e-27
-1.306239676379706054e-26
-3.495796510396996029e-26
-4.570371972294761110e-26
-6.399479080439772572e-26
4.758280535424531737e-26
-1.742614244960750901e-26
3.296155857814455274e-26
1.440507186659718758e-26
-3.803994283965894107e-26
3.935269734762674419e-26
-9.978675526570093187e-26
-2.870507050952555569e-26
-3.934482655767014609e-26
3.330660485483858730e-26
-4.878219793932402549e-26
-2.752403399131967207e-26
2.692191519020255481e-26
-1.432600863412665804e-26
-7.034060619728557138e-27
-6.150645375128414990e-27
-1.331162149006971034e-26
2.650392853751505897e-26
-3.593098527295081055e-27
-8.030053147501523593e-28
-5.544827229668101495e-26
-3.017277552810312268e-27
-5.578870313445612415e-26
-4.112449261987507977e-26
-2.220697442336591256e-26
-4.577671915671512770e-27
-5.041095827767493507e-27
-6.760696774128319057e-27
-5.727394272201283668e-26
-5.474404047578474544e-26
-7.022377283221971626e-26
4.832904484640789762e-27
-9.502673915349156653e-26
-8.947960571129549079e-27
-3.374553026157962565e-26
-5.740661915791390817e-26
-4.872131871569427959e-26
-5.401958381421179873e-26
-6.718439576246451156e-26
-4.587222718868039428e-26
-2.117067526816989579e-26
-6.912734165333297239e-26
2.118066111346473665e-26
-4.257238044078758582e-26
-1.512550621944833435e-26
-6.456616860413316924e-26
-6.310796989916404186e-28
1.520967510266227232e-26
-5.635333124874972774e-26
-5.846644729432291494e-26
-5.071322496029053770e-26
-5.885435394659522076e-26
-2.784224561919191254e-26
-4.456434814803878096e-26
-4.706299073175225111e-26
-2.303721892555245178e-27
-4.467724577592394065e-26
-5.224711411861229518e-26
-4.836140275889186510e-26
-3.085674715626090693e-26
-7.622296636606827681e-26
-8.234951434851075482e-26
-7.941636120131668799e-26
-1.835899355027808812e-26
-1.058135823586792655e-25
-4.779957885089460827e-26
-4.328902253347970022e-26
-3.743838723837311893e-26
-5.441155004736614023e-26
-3.830500517104072559e-26
-6.149042558163435724e-26
-5.922235019335585534e-26
-9.637511991608206003e-26
-3.537226427843159333e-26
-6.771074431718231446e-26
-6.874384991419030563e-26
-6.645773551028729150e-26
-6.809308890316226567e-26
-9.424725713747065002e-26
-6.910121027433172338e-26
-5.408951632380157321e-26
-9.240173253992121660e-26
-9.217662035259106664e-26
-8.033832416341952530e-26
-7.868822366839904735e-26
-1.121418524049230708e-25
-9.001082018062684256e-26
-1.308302433775858383e-25
-9.452814455193503095e-26
-1.021718862395441938e-25
-7.805349049011445916e-26
-8.942167220970436772e-26
-5.245856085415368682e-26
-7.626444741103560388e-26
-4.771757583610133484e-26
-5.629087250995859822e-26
-6.739640191180916597e-26
-7.729126102415871154e-26
-2.253777456879343262e-26
-1.031072141887500675e-25
-1.056956625605747270e-25
-9.901780010172581462e-26
-9.064162008111552483e-26
-6.209855634350798886e-26
-6.796044670439290413e-26
-6.880417358681154155e-26
-7.894764981287708546e-26
-5.688671524634181242e-26
-1.203176191550818292e-25
-8.896313718160699558e-26
-5.418011187206040570e-26
-1.371701570542280647e-26
-1.174551051757325414e-25
-5.532097692284584083e-26
-3.202281821033205599e-26
-8.523191623573988107e-26
-6.367457774889521876e-26
-1.067451886628244074e-25
-6.897609480267875988e-26
-7.157221200408314499e-26
-8.101713151116951599e-26
-9.416628743799537334e-26
-7.835671840492503133e-26
-1.082397455555767821e-25
-6.785439408604960862e-26
-7.242962043789118832e-26
-1.011689706745062528e-25
-7.402638751985532128e-26
-1.351031798889509302e-25
-9.689188569893776387e-26
-1.299162331587867836e-25
-1.328358912375009015e-25
-3.551198419117578366e-26
-9.662866661285936609e-26
-8.789717801526798124e-26
-1.043671010916819384e-25
-9.906346282214859187e-26
-1.115790896417277301e-25
-9.527383885690156569e-26
-1.356554059953196665e-25
-1.206011764895121974e-25
-1.270544709730824623e-25
-8.494054327832148410e-26
-7.748580462741917020e-26
-5.629736329487013101e-26
-5.136514794701094777e-26
-9.712907657779009759e-26
-1.092416071065259879e-25
-1.585392304130361357e-25
-5.484038707327164492e-26
-8.840006210085200191e-26
-1.144647347229330346e-25
-9.121559296509419539e-26
-1.283501739243783846e-25
-1.417921779647946244e-25
-1.043406842160395900e-25
-1.352069450083922787e-25
-9.618251926273525173e-26
-8.527133456720199994e-26
-9.401485083203689813e-26
-1.565194917499645402e-25
-1.551153078487862935e-25
-7.485788662783884147e-26
-9.798875171036442837e-26
-7.410964355199679638e-26
-1.086324811674886792e-25
-9.388648588609529361e-26
-1.144841559882148491e-25
-1.219869977315822551e-25
-1.235576840459890340e-25
-1.424095443386458505e-25
-1.149398288918829380e-25
-8.986368067458697393e-26
-9.262935319394119924e-26
-1.149198994491874039e-25
-1.407208332198371071e-25
-1.003911558425565794e-25
-9.032279812069779073e-26
-8.031436346424971965e-26
-1.262430998011397611e-25
-9.227699629307608191e-26
-1.098837974131560872e-25
-9.938088921821884422e-26
-1.184608442245697558e-25
-1.338257621406976394e-25
-7.100330038427671047e-26
-1.242604553011585624e-25
-9.030070034502764075e-26
-1.123939307983898634e-25
-1.040808634203925546e-25
-1.080553190050808025e-25
-9.401352030807794939e-26
-9.585920809473793073e-26
-1.094172523787615482e-25
-9.909997214397145606e-26
-9.532301494024763658e-26
-1.603966635731481178e-25
-9.853906436091844091e-26
-8.722994519803145730e-26
-6.443392722169683736e-26
-1.070145461687075028e-25
-1.144625126013030312e-25
-9.740593681130264568e-26
-1.041743260539642401e-25
-1.038615497034501257e-25
-1.155754941849116578e-25
-1.345832952875780906e-25
-1.430978256223341025e-25
-1.385400183821209179e-25
-1.165529939044206182e-25
-1.447203502713613440e-25
-7.953315675530708723e-26
-6.610577711101520083e-26
-1.087535405658091992e-25
-1.038665390500498059e-25
-8.019342950370040628e-26
-1.187058066772055663e-25
-1.258582128620311882e-25
-1.000255728953935203e-25
-1.246589457534409522e-25
-1.149111197028825356e-25
-1.472586884723066799e-25
-1.401639306466243126e-25
-1.307467950048929154e-25
-1.315861719707839595e-25
-1.361982807053527109e-25
-1.415277300257594823e-25
-9.702293833694007734e-26
-1.397617405398662217e-25
-1.384013865922274211e-25
-1.351668838109469061e-25
-1.178442286063972778e-25
-1.395304574180789148e-25
-1.355526479940751786e-25
-8.011224739318398788e-26
-1.078015419829467756e-25
-1.118564140300234815e-25
-9.112258971151214017e-26
-1.552844887111220248e-25
-1.394449660662767143e-25
-1.140773961420150698e-25
-1.070881019255939359e-25
-1.293140727056428117e-25
-1.301525895096639825e-25
-1.382738395427426701e-25
-9.954546888061032222e-26
-1.354814621201786572e-25
-1.024047811506250451e-25
-1.411604252117913264e-25
-1.237683697230838257e-25
-1.109333864959054218e-25
-1.551265077721400932e-25
-1.019918881667421435e-25
-9.564955512427692519e-26
-1.383422077118303626e-25
-1.190961115763872995e-25
-1.311045719744653430e-25
-1.453269967130142402e-25
-1.538815922118054381e-25
-1.284868034091579662e-25
-1.230732861755085694e-25
-1.116980933467627786e-25
-1.265081647111119545e-25
-1.164342144607941075e-25
-1.045791233085421909e-25
-1.134287021244752853e-25
-9.677705661658278000e-26
-1.628561324066427359e-25
-1.510317757104613134e-25
-1.417671876350492274e-25
-1.053078506266902209e-25
-1.394926702177226001e-25
-1.633307052310694618e-25
-1.235544997531793689e-25
-1.314662571477188529e-25
-1.082820683972907753e-25
-1.154197926097029549e-25
-1.528752843302817894e-25
-1.217563076466089801e-25
-1.457492876911875719e-25
-9.646839554615204930e-26
-1.102912677510518196e-25
-1.410929407913943101e-25
-1.346829416172889633e-25
-1.281382022899289926e-25
-1.371155042295425721e-25
-1.027376266505227093e-25
-1.500013192076060663e-25
-1.354235505399398391e-25
-1.405695854212613343e-25
-1.484098901580417979e-25
-1.291711697182175516e-25
-1.738540681193690259e-25
-1.200950812109985579e-25
-1.352645399398498260e-25
-1.553342892528310827e-25
-1.320257761730737316e-25
-1.032134065321542177e-25
-1.354327553519885797e-25
-1.235794831811755399e-25
-1.217088908781496871e-25
-1.315785920628698766e-25
-1.194009445119461450e-25
-1.452099730909100095e-25
-1.357700690670165403e-25
-1.243627675418208699e-25
-1.266863575634224292e-25
-1.450537916803610798e-25
-1.544248268716213474e-25
-1.605827533027599055e-25
-1.538424462089669485e-25
-1.646734788266627692e-25
-1.494570645951630890e-25
-1.759086290269952674e-25
-9.561940659900949818e-26
-1.700458955245870596e-25
-1.492911703696162519e-25
-1.448926097183964837e-25
-1.159592348043305348e-25
-1.582405789263727975e-25
-1.340461991734547704e-25
-1.423626944570867898e-25
-1.422776840868480029e-25
-1.422989036577109007e-25
-1.529617268015403764e-25
-1.684549007192792171e-25
-1.358232831616244503e-25
-1.475015175693471662e-25
-1.273940552456718781e-25
-1.519366678465239305e-25
-1.547937966376164035e-25
-1.542703969325968307e-25
-1.756487155548881478e-25
-1.401447073711031560e-25
-1.490299686404769851e-25
-1.860266565944055373e-25
-1.498569704265900071e-25
-1.482059993781563354e-25
-1.346666707102454686e-25
-1.570930204619133399e-25
-1.395121262166612765e-25
-1.532296624840941767e-25
-1.368161150618434229e-25
-1.298522158464383219e-25
-1.547770971320304341e-25
-1.463146759451136364e-25
-1.521412887887979202e-25
-1.500990635959798493e-25
-1.280077597331724477e-25
-1.552002376147737408e-25
-1.584902063663015638e-25
-1.501726011392468711e-25
-1.440983010998712458e-25
-1.517188948014103999e-25
-1.454618121976829788e-25
-1.539666401345545627e-25
-1.406599245641782901e-25
-1.640549012110372812e-25
-1.300537428192808456e-25
-1.489383319542243104e-25
-1.673512550575882760e-25
-1.550187541239182444e-25
-1.719810616570418693e-25
-1.621650865463916710e-25
-1.644516321893075199e-25
-1.849689500580606222e-25
-1.429160078216237274e-25
-1.475960729913342834e-25
-1.553182611309089952e-25
-1.597100781251321351e-25
-1.602368852578060634e-25
-1.462175670705767808e-25
-1.729415236141016770e-25
-1.442821387810739987e-25
-1.818180009413785507e-25
-1.586922697934240567e-25
-1.647099145064715205e-25
-1.790882276560929245e-25
-1.441611362950617366e-25
-1.684264422798795899e-25
-1.437514719032949840e-25
-1.749166198182648885e-25
-1.592846464676234187e-25
-1.486538319017698241e-25
-1.729764708713469155e-25
-2.008055553787812843e-25
-1.316676389854430776e-25
-1.703398759317421554e-25
-1.658851055302833482e-25
-1.913788452876303028e-25
-1.629430978966640000e-25
-1.628842527272306369e-25
-1.594813859930693639e-25
-1.557129707991429902e-25
-1.553150293516152623e-25
-1.577197068715391293e-25
-1.601809754173223081e-25
-1.546075637911514803e-25
-1.805670518369197323e-25
-1.541849680296774004e-25
-1.620750051119985116e-25
-1.573474090767504183e-25
-1.626427884144220686e-25
-1.641421935439931493e-25
-1.766359616904074181e-25
-1.705198242113061153e-25
-1.542384602214609141e-25
-1.871950420905756451e-25
-1.643820724864385040e-25
-1.804957947186291095e-25
-1.644957502594160992e-25
-1.804334131977889045e-25
-1.759155842308072374e-25
-1.504505968989279839e-25
-1.749077546209580361e-25
-1.687648843633566921e-25
-1.766152925366946518e-25
-1.815226735387652951e-25
-1.784633287637779077e-25
-1.991061522386339020e-25
-1.732977781425320148e-25
-1.740804431923681409e-25
-1.596040831527901962e-25
-1.844957209254156009e-25
-2.017890051066422931e-25
-1.809372306313017660e-25
-1.540205345867528180e-25
-1.854978644310885438e-25
-1.455891100364470858e-25
-1.757909317321903115e-25
-1.880660232280190769e-25
-1.757718123385888085e-25
-1.808585112649171921e-25
-1.935107864536544976e-25
-1.774434435389761534e-25
-1.947429819155730691e-25
-1.943919687245571997e-25
-2.060331989177967466e-25
-1.926400373970685219e-25
-1.758349326136005481e-25
-1.905152239262952173e-25
-2.008018400633196107e-25
-1.769698583487458185e-25
-1.902011902484663336e-25
-1.837736090926352427e-25
-1.752409861365461316e-25
-1.932583667808426619e-25
-1.822518529179196777e-25
-1.655537525743648748e-25
-1.978336491764664679e-25
-1.847870524419245855e-25
-1.660584039430610112e-25
-2.131597445136891987e-25
-2.161825083407468041e-25
-1.915175897989926598e-25
-1.695173748617896430e-25
-2.091209611559160646e-25
-1.816060287226539160e-25
-2.044178898490924964e-25
-2.124239813581117145e-25
-2.144998477266518836e-25
-1.910243289722671621e-25
-1.881764013394789710e-25
-1.944946052626059875e-25
-2.072633628229414248e-25
-1.758403289943928768e-25
-1.884828858741235380e-25
-1.744939577386528536e-25
-1.612629950674620915e-25
-1.858431982513181437e-25
-1.809306878411050711e-25
-1.648157303942182024e-25
-2.134994226896846668e-25
-1.940162860859274375e-25
-2.115873080067973157e-25
-1.963870337311508361e-25
-1.898230672294602771e-25
-1.955759450396040835e-25
-2.011310141811321172e-25
-1.878200528836433254e-25
-1.855751894625430351e-25
-1.886511438668240152e-25
-2.049032870376136584e-25
-1.972573015214041749e-25
-1.878972499125099528e-25
-2.203787113503862923e-25
-1.799893009754814092e-25
-1.814658100424978874e-25
-2.042604560869117720e-25
-1.810845657722875290e-25
-1.882909321009912054e-25
-1.902172288219154848e-25
-1.808945904499103403e-25
-1.873845363874423241e-25
-1.895822933108924835e-25
-1.845893113739213901e-25
-1.946682754150663559e-25
-2.081566291786152993e-25
-2.022942730119971745e-25
-1.782647381960028206e-25
-1.598018020705035746e-25
-2.147260385308158244e-25
-2.164432122782308275e-25
-2.155097947392817041e-25
-2.081794369465364441e-25
-2.059505369861484963e-25
-1.990171180038039071e-25
-2.193794200635725426e-25
-2.225151698743346066e-25
-2.114600385873437976e-25
-2.232571681261084813e-25
-2.023263179508142173e-25
-1.993484706656365839e-25
-1.988384479203507832e-25
-2.055166291799217172e-25
-2.258084756703211150e-25
-1.899152398825371100e-25
-1.845545145617888222e-25
-1.957691606444047770e-25
-2.104746593671248949e-25
-1.878613182956068220e-25
-1.763931840308549516e-25
-2.033288720231744128e-25
-2.065302215307714618e-25
-1.828681588922241354e-25
-2.031962528853517652e-25
-1.702633106023097628e-25
-1.845908380286967473e-25
-1.938236510878396205e-25
-2.000824731557768398e-25
-2.090124058173103048e-25
-1.820690052018397039e-25
-2.008123781870380162e-25
-1.967053206743309499e-25
-1.862937052751721898e-25
-2.128460989926236271e-25
-1.906948283709237530e-25
-1.751690190244231985e-25
-1.862460990255610542e-25
-1.859536810486171759e-25
-1.903563255144833497e-25
-2.027878739557400262e-25
-2.073067874171082141e-25
-2.129917159780047807e-25
-2.178453086202630721e-25
-1.889057663503631727e-25
-2.079857348353237710e-25
-1.957504101306568824e-25
-1.851477253440985708e-25
-1.993207244716702886e-25
-1.917003241361576809e-25
-1.835762165418094497e-25
-1.762509946660771640e-25
-1.875167127554936881e-25
-1.976333606848486537e-25
-1.748314574833660723e-25
-1.896281282017707203e-25
-2.171141261147690512e-25
-2.017293063956281450e-25
-2.046743452381335836e-25
-1.886056522856084295e-25
-1.879723596980896984e-25
-2.164147659875053934e-25
-2.120245453615752281e-25
-1.946164794984702452e-25
-2.120143399770579579e-25
-1.927292344559581805e-25
-1.912607020708162237e-25
-2.064722020178297484e-25
-1.894926450685918558e-25
-1.867714477570377791e-25
-2.020810940917800277e-25
-2.152086607756338518e-25
-2.023283565751325955e-25
-2.001487087847392562e-25
-1.887890558293691501e-25
-1.970336463271251248e-25
-2.127348051898933135e-25
-1.907697849504614202e-25
-2.147357038707206865e-25
-2.086815114499422374e-25
-2.024723134969414617e-25
-1.887964442658482041e-25
-2.045189185350754377e-25
-1.927953673034256765e-25
-2.027109313330995350e-25
-2.128585743425156885e-25
-1.979535988431765039e-25
-1.925122583794456390e-25
-1.910986686627749387e-25
-1.897098240090787607e-25
-2.125722109043535288e-25
-1.822833492127570937e-25
-1.987324908692589259e-25
-2.039706409689259013e-25
-2.152570353788136728e-25
-2.188708747765591470e-25
-2.289253481292016753e-25
-1.937037238923600781e-25
-2.205895664851704800e-25
-1.930617708229171902e-25
-2.143452274427519610e-25
-2.101405636709288542e-25
-2.198602118863452927e-25
-2.101095123648117936e-25
-1.973434748924757187e-25
-2.113958077280350303e-25
-2.164424914887639412e-25
-2.100122334053890746e-25
-2.016617161416506252e-25
-2.056788922030858756e-25
-2.111273295372574759e-25
-1.976195590680450283e-25
-2.025823076867318889e-25
-2.000770570912008328e-25
-1.981009551446080788e-25
-1.961614000277919415e-25
-2.232716634765815151e-25
-1.904891662602267804e-25
-2.089742923733751881e-25
-2.155567386245874282e-25
-1.987412270140754694e-25
-1.944794736123090756e-25
-2.230138847487321420e-25
-2.007240143220968536e-25
-2.067226168845798443e-25
-2.081054003405270893e-25
-1.847973673641742196e-25
-1.984362273303367244e-25
-2.191430970099505240e-25
-2.041893998593089875e-25
-2.187006888650736254e-25
-2.411105779796483170e-25
-1.979767369136821148e-25
-2.008085017698365375e-25
-2.125349521631368130e-25
-2.238676350711794683e-25
-2.068086882183694488e-25
-2.053086400410303658e-25
-2.292830955332771991e-25
-2.126223247160748255e-25
-1.998294259653244175e-25
-2.322733116084658540e-25
-2.172611651012767627e-25
-2.366052096957741776e-25
-2.218297736624438606e-25
-2.251081799840371848e-25
-2.076125018413770696e-25
-2.190289847494206259e-25
-2.094610863869896018e-25
-1.999874137608203485e-25
-2.071911206687768356e-25
-2.279108150956236622e-25
-2.332092260753328878e-25
-2.150970517682940585e-25
-2.060319578237160942e-25
-2.131423359493786265e-25
-2.159960562603985574e-25
-2.091988819297506221e-25
-1.982001584879833360e-25
-2.287556922053952299e-25
-2.120830349773393158e-25
-2.209965095200643834e-25
-2.164652422246325018e-25
-2.105431549646208683e-25
-2.159048711162833122e-25
-2.202216714481658826e-25
-2.324522259784372846e-25
-2.178273065822206259e-25
-2.205337053736434108e-25
-2.202304331009606433e-25
-2.368724316099665701e-25
-2.156630935077101789e-25
-2.216696120168168202e-25
-2.261260559620796805e-25
-2.122492310920694146e-25
-2.091777109141993978e-25
-2.325119134507252355e-25
-2.009964423216593311e-25
-2.342087265220569430e-25
-2.255822228234229469e-25
-2.466478616330620143e-25
-2.202645155811112134e-25
-2.372436001522185373e-25
-2.186124064113698577e-25
-2.396962084825488582e-25
-2.335216461765087365e-25
-2.326999250510647544e-25
-2.326407278521787603e-25
-2.130169999897863723e-25
-2.239150629878274193e-25
-2.212409478144512441e-25
-2.162092418083478298e-25
-2.180299041780142802e-25
-2.216186283287434397e-25
-2.099957488731053862e-25
-2.298796510368880308e-25
-2.507681505951516959e-25
-2.235420499005839239e-25
-2.238906866174511048e-25
-2.314992157056385982e-25
-2.298901592003396600e-25
-2.290926227291714979e-25
-2.381553793115048817e-25
-2.307823107017400503e-25
-2.353271967297923724e-25
-2.301201264315676513e-25
-2.261814519007972594e-25
-2.190832654430195070e-25
-2.299968312373541321e-25
-2.537193062489351603e-25
-2.672129930689369435e-25
-2.390133095498464739e-25
-2.370910523304740612e-25
-2.627461033010841810e-25
-2.336631166581199516e-25
-2.360206921306024941e-25
-2.301155048249337102e-25
-2.472396706420152738e-25
-2.306085681935073064e-25
-2.439471655481818765e-25
-2.353843495770229467e-25
-2.511259341662808368e-25
-2.451537947563878474e-25
-2.300970691918529523e-25
-2.569056397400635025e-25
-2.403919845357265189e-25
-2.376326092730957221e-25
-2.265676618954709255e-25
-2.261058103155960886e-25
-2.362346045377226256e-25
-2.459136676355296201e-25
-2.314151931626933049e-25
-2.508612050416407940e-25
-2.336175518451359676e-25
-2.355632598664740213e-25
-2.361355227922308207e-25
-2.328013899694817954e-25
-2.507290656592756342e-25
-2.387648303730881903e-25
-2.434912244230849492e-25
-2.446981689030498717e-25
-2.207484964091946221e-25
-2.386824607717156711e-25
-2.130071673442770238e-25
-2.324915815175826769e-25
-2.521750047756008163e-25
-2.462028687784383369e-25
-2.417532537944842638e-25
-2.506789624558397029e-25
-2.580681467110954094e-25
-2.370722864776019120e-25
-2.538864316665848888e-25
-2.242765644071445610e-25
-2.282369669847541635e-25
-2.415042502805249592e-25
-2.554740118273744711e-25
-2.491457373961518547e-25
-2.414859394240032795e-25
-2.380255007901588700e-25
-2.374777569611136546e-25
-2.180380035349289259e-25
-2.465827258275073667e-25
-2.449979506473248989e-25
-2.400497185061297276e-25
-2.432451518841015051e-25
-2.511649815717807749e-25
-2.240325470388373203e-25
-2.585268985355286370e-25
-2.498522113582337316e-25
-2.338365609093517904e-25
-2.480624444227915684e-25
-2.419258504811752084e-25
-2.484153506114713400e-25
-2.420151355491561909e-25
-2.527187150704796656e-25
-2.637290623599484253e-25
-2.538778722956223579e-25
-2.494421066637949535e-25
-2.533252834504190931e-25
-2.443113676834373451e-25
-2.494156406409763348e-25
-2.368604694123658288e-25
-2.555005143841579830e-25
-2.545347375257883567e-25
-2.625977729831366297e-25
-2.398683723021537807e-25
-2.540425050526112228e-25
-2.581069545670326103e-25
-2.628606355058377062e-25
-2.434549935488694294e-25
-2.387139605508689990e-25
-2.502854262221755925e-25
-2.486597201358968122e-25
-2.502195602000742934e-25
-2.534756048694122521e-25
-2.517388637885427777e-25
-2.476853210031714839e-25
-2.413817480858258610e-25
-2.397363408703750556e-25
-2.690696421622868445e-25
-2.649171890683785252e-25
-2.447658498561796579e-25
-2.544190087498459449e-25
-2.618978068672135839e-25
-2.596312069992207704e-25
-2.368597825896789477e-25
-2.276109545699053679e-25
-2.556248799375873887e-25
-2.523669559531448736e-25
-2.468540750667972276e-25
-2.434322046345473428e-25
-2.545348712155232481e-25
-2.371151411816277069e-25
-2.319015640627631507e-25
-2.512119939684491865e-25
-2.422032583796035684e-25
-2.240455947628383914e-25
-2.482434945879863013e-25
-2.383775644127054386e-25
-2.299271354528216492e-25
-2.563562331922566482e-25
-2.321796039868442772e-25
-2.445993333921460651e-25
-2.392059184145490669e-25
-2.344005455300901576e-25
-2.404900683160672760e-25
-2.499280444299333404e-25
-2.432293514451510887e-25
-2.444468475745672038e-25
-2.378426487725006285e-25
-2.352775032940346301e-25
-2.502315219964102118e-25
-2.478888663586083265e-25
-2.439279935439263540e-25
-2.316670410819491724e-25
-2.439561844349427112e-25
-2.535377128358952145e-25
-2.530652154988806962e-25
-2.523363978122181474e-25
-2.430367457480507811e-25
-2.474814710070064576e-25
-2.426955509297379767e-25
-2.469473454847825937e-25
-2.427836441604629225e-25
-2.391236510005593352e-25
-2.584132716192530858e-25
-2.252233988719388811e-25
-2.550477315431748662e-25
-2.413582325824375021e-25
-2.417188007401396325e-25
-2.367449399163099486e-25
-2.385085517127527194e-25
-2.302821963840344206e-25
-2.446541439033399541e-25
-2.509255720382758770e-25
-2.440774174847837970e-25
-2.584846115577633462e-25
-2.474516258483518377e-25
-2.395038365110292563e-25
-2.525819902083759886e-25
-2.388596319567581819e-25
-2.579446399286698848e-25
-2.421381982805679434e-25
-2.568400335147457448e-25
-2.479425948038547572e-25
-2.389065042978643555e-25
-2.227456873164143892e-25
-2.593898823739751428e-25
-2.467470383636112711e-25
-2.422306610575999873e-25
-2.478034281592708153e-25
-2.384727806500060822e-25
-2.517907385888593705e-25
-2.424532184916761320e-25
-2.373989184202947864e-25
-2.310066011193365937e-25
-2.603673411637574422e-25
-2.450756405663111316e-25
-2.378725377091751134e-25
-2.491629217106705284e-25
-2.561101931957270461e-25
-2.595761607261147662e-25
-2.419220083945109440e-25
-2.413549507880049240e-25
-2.417377535925942373e-25
-2.522606883506344347e-25
-2.562281933615766290e-25
-2.569117776400442108e-25
-2.558233987960818022e-25
-2.404749862982171511e-25
-2.582081610877030276e-25
-2.488026724504772266e-25
-2.422503742202471622e-25
-2.633854490004045362e-25
-2.500839039881607507e-25
-2.407741680427699239e-25
-2.489804358568790576e-25
-2.610674409682477370e-25
-2.495075706490202666e-25
-2.445080770338462576e-25
-2.534752633382919311e-25
-2.555224841488622087e-25
-2.282882685196801647e-25
-2.326027522379092938e-25
-2.484567970923028533e-25
-2.494880119816318952e-25
-2.303930572410535685e-25
-2.359151028168007487e-25
-2.301682155925620671e-25
-2.353140819354501489e-25
-2.379751802071160847e-25
-2.200405811175999099e-25
-2.519634139420597598e-25
-2.461866510341239851e-25
-2.460533015363627653e-25
-2.524903575097440070e-25
-2.430499499728105475e-25
-2.439713309364215221e-25
-2.363183943280951775e-25
-2.553206611561204001e-25
-2.397764909064126339e-25
-2.498309269033597033e-25
-2.471645329975002925e-25
-2.533218630088045841e-25
-2.332991353175833252e-25
-2.471244170011292926e-25
-2.287118555215356030e-25
-2.354064661817498761e-25
-2.599634639274211982e-25
-2.450386848198940321e-25
-2.478565308241592527e-25
-2.474393405838934771e-25
-2.467397147834509277e-25
-2.355398554526703804e-25
-2.452539946417532437e-25
-2.512039035638037144e-25
-2.511219381042467777e-25
-2.430772413040216049e-25
-2.288178161152381116e-25
-2.498894342055048051e-25
-2.450144304735108008e-25
-2.168054528682120755e-25
-2.409806804923039467e-25
-2.456165532620444034e-25
-2.602290848045138497e-25
-2.482839099445244357e-25
-2.616067805981882531e-25
-2.387551054342494181e-25
-2.370138506080656259e-25
-2.290927402345644802e-25
-2.377889508384256539e-25
-2.347372688099578207e-25
-2.508091838549005228e-25
-2.415463443622439085e-25
-2.446947938327436428e-25
-2.457090861918754771e-25
-2.408522033914664454e-25
-2.535950973097202717e-25
-2.442678126941179720e-25
-2.582721951704412268e-25
-2.506964334591306074e-25
-2.515343069012514614e-25
-2.517736397751008747e-25
-2.397328105259442263e-25
-2.433437900280606138e-25
-2.498934510569642434e-25
-2.454662450108514431e-25
-2.334513253131297330e-25
-2.597403381112318027e-25
-2.468897148373604757e-25
-2.403263611659244439e-25
-2.433921347179852821e-25
-2.407718461267998339e-25
-2.431335083867821199e-25
-2.427715867163611020e-25
-2.432665467314020567e-25
-2.471992811011976195e-25
-2.576111681407828349e-25
-2.537160448255303542e-25
-2.412644929093503239e-25
-2.435537456093853343e-25
-2.354401356312037637e-25
-2.433080942481200452e-25
-2.556093429542854899e-25
-2.420505311300639332e-25
-2.398158583339037506e-25
-2.455716678471200497e-25
-2.340311006760975207e-25
-2.514703244413059820e-25
-2.358070029227741735e-25
-2.541086101298195398e-25
-2.372906066367125812e-25
-2.442287633136446743e-25
-2.366511558625107887e-25
-2.304770613303310376e-25
-2.511861359575791636e-25
-2.573715495335215868e-25
-2.586425397873692710e-25
-2.442550479853400269e-25
-2.444285000087443527e-25
-2.380508447661940008e-25
-2.467553119778724396e-25
-2.465723873190220137e-25
-2.482593612784954074e-25
-2.516389241504284954e-25
-2.573586764766125941e-25
-2.321428992132768756e-25
-2.466032586715329861e-25
-2.499618995118506518e-25
-2.612437068799221056e-25
-2.560935249208372626e-25
-2.568504235894080607e-25
-2.470394967339712142e-25
-2.581468178232283696e-25
-2.509586463468693283e-25
-2.527014439395981436e-25
-2.453178518117323393e-25
-2.360048946369226472e-25
-2.596790871901656313e-25
-2.426048508974655904e-25
-2.406134035765776060e-25
-2.539872825785755814e-25
-2.306469767045674453e-25
-2.513884961455692366e-25
-2.433376979385212838e-25
-2.502970552346686587e-25
-2.410663665382896896e-25
-2.405433706898507552e-25
-2.481756740725274824e-25
-2.557538843743742185e-25
-2.558717400300912828e-25
-2.511573009262010214e-25
-2.476588976250570911e-25
-2.487173128228367705e-25
-2.487396593660562301e-25
-2.572605700814265608e-25
-2.691686008421287318e-25
-2.445382338629456787e-25
-2.415527041722993351e-25
-2.415085270730052741e-25
-2.529839645301596533e-25
-2.462569589894066394e-25
-2.526308408969902394e-25
-2.491777843402342414e-25
-2.468563649009751558e-25
-2.634404213252487184e-25
-2.434870777784234721e-25
-2.364715028655618684e-25
-2.444923817057052070e-25
-2.605333221131295492e-25
-2.363924419323331032e-25
-2.594929004145366535e-25
-2.484355881740967200e-25
-2.440076894564618422e-25
-2.502457088423082532e-25
-2.577244488512268043e-25
-2.522712505953096434e-25
-2.328211598502912726e-25
-2.423849420861672791e-25
-2.268846668144775090e-25
-2.530813392065762132e-25
-2.390191939405995021e-25
-2.514270379827636604e-25
-2.386469245269305327e-25
-2.410718354618839711e-25
-2.363167293736381034e-25
-2.556002598909248541e-25
-2.403183343743645054e-25
-2.499998988834019973e-25
-2.467105898409484720e-25
-2.458922525930407413e-25
-2.425028617133388908e-25
-2.403109280533724308e-25
-2.339230912634184121e-25
-2.406196373925704660e-25
-2.443610834859938363e-25
-2.358762003377145875e-25
-2.389567284886097492e-25
-2.438132457249840023e-25
-2.492008225916195411e-25
-2.384098564067623917e-25
-2.422260590665076856e-25
-2.447671452643744147e-25
-2.233900600082109497e-25
-2.342863316245372953e-25
-2.443235451610171091e-25
-2.430976205739394518e-25
-2.421275255398324253e-25
-2.527376104000675656e-25
-2.251946995394131977e-25
-2.462011384513601786e-25
-2.297323197749383461e-25
-2.379286149306062522e-25
-2.246446830648793416e-25
-2.401730486606435469e-25
-2.471186679975802834e-25
-2.444496484964338064e-25
-2.515252873067985791e-25
-2.271757174844575073e-25
-2.303028025854410760e-25
-2.347983833961866156e-25
-2.362764525520186997e-25
-2.389878278713708699e-25
-2.343249831583457591e-25
-2.291284712555641849e-25
-2.494820459667697996e-25
-2.271630624882575961e-25
-2.259244925157185250e-25
-2.293334659558936056e-25
-2.340184836174813688e-25
-2.388260996328970420e-25
-2.309094356176087829e-25
-2.295495861827714996e-25
-2.269541552884549440e-25
-2.401948374294970111e-25
-2.296902498845491209e-25
-2.252885557093719188e-25
-2.407618253864398827e-25
-2.431337678578362684e-25
-2.433321826115727938e-25
-2.285843065877335454e-25
-2.276476589220384837e-25
-2.250809567018878711e-25
-2.394825994514479567e-25
-2.335168340378109140e-25
-2.434767235392403726e-25
-2.258515520601731678e-25
-2.255064496454933636e-25
-2.203820493266791861e-25
-2.291798806589985083e-25
-2.324576338123124400e-25
-2.322077727242142760e-25
-2.067563959559884063e-25
-2.394630311621787331e-25
-2.288488388899800921e-25
-2.339154632293713141e-25
-2.315782570025718662e-25
-2.385305003268409982e-25
-2.192829339183196883e-25
-2.286648069439417768e-25
-2.355369407673654063e-25
-2.276802503914624411e-25
-2.246574288220792132e-25
-2.329261050912703170e-25
-2.302386976612471855e-25
-2.200609697769085557e-25
-2.278606651150195230e-25
-2.301666492776190878e-25
-2.183016213684707666e-25
-2.182004765261790822e-25
-2.212309238004419684e-25
-2.292021446960308885e-25
-2.151620426514372579e-25
-2.218444310174415266e-25
-2.139760219094499593e-25
-2.214331155759925436e-25
-2.124602773974378875e-25
-2.034816720696111351e-25
-2.288735740703478754e-25
-2.139785505242863620e-25
-2.087685511062246999e-25
-2.147993125475920596e-25
-2.222503716350818132e-25
-2.177022122227519235e-25
-2.161851300793454548e-25
-2.161825909424401362e-25
-2.136789984204882667e-25
-2.060171277238380127e-25
-2.079187488968317528e-25
-2.152263797880532612e-25
-2.088603507514391577e-25
-2.240760782372599924e-25
-2.127148978883821298e-25
-2.205533114221805128e-25
-2.184795960386167084e-25
-2.123100792354538307e-25
-2.078055643117087807e-25
-2.147790694600845480e-25
-2.157174096296128290e-25
-2.090080463819680904e-25
-2.126981353197103368e-25
-2.138221454587484763e-25
-2.201024591501286228e-25
-2.064312446468494837e-25
-2.098036749867658281e-25
-2.091720955903779200e-25
-1.918551155848622979e-25
-2.082607805409975844e-25
-2.151449869119480671e-25
-2.064348449131274193e-25
-2.274932406838364755e-25
-2.098938094605017459e-25
-2.230207990139345019e-25
-2.053987335584202086e-25
-2.105220068883120554e-25
-2.046904840410080404e-25
-2.177198691896728571e-25
-2.104592061108859469e-25
-2.085222329809850444e-25
-2.011877228551377539e-25
-2.090915689846356815e-25
-2.016087760377097572e-25
-1.958564902024965409e-25
-2.089050566976085732e-25
-2.151631905151166283e-25
-2.096051500626214739e-25
-1.996384856584726869e-25
-1.989049044472396192e-25
-2.194282625743967564e-25
-2.039868885986819467e-25
-1.986133886041089158e-25
-1.992712294030362554e-25
-1.940994129281795230e-25
-1.895214166199117852e-25
-2.015113124658481384e-25
-2.059959445108096514e-25
-1.995675721155563281e-25
-2.038520359097544134e-25
-2.082591285400421654e-25
-1.987211414385903003e-25
-2.057753072228234053e-25
-1.882832566012043696e-25
-1.895585471728156061e-25
-2.045581301885805448e-25
-2.019842924159763446e-25
-2.032707395026305374e-25
-1.895091431821987680e-25
-1.957992322905011047e-25
-1.975010068816142191e-25
-1.907873768814525834e-25
-2.076794804137596908e-25
-1.982322026602097277e-25
-1.884752172671025570e-25
-2.037510674465781163e-25
-2.010568389011908044e-25
-2.030050179916544993e-25
-1.954286895655039701e-25
-1.983513034697940544e-25
-1.898128550724592213e-25
-1.958703768670985423e-25
-1.854348738236079128e-25
-1.917968405159101334e-25
-1.998478326711282586e-25
-1.885746474126939732e-25
-1.987433998645228595e-25
-1.992154862999928351e-25
-1.860229038695211497e-25
-1.887271105588804027e-25
-1.842990110827467788e-25
-1.918871747227169480e-25
-1.901045197969955873e-25
-1.832653391541447729e-25
-1.913563604336485078e-25
-1.973020197560753160e-25
-1.892512322627615054e-25
-1.929991408664303422e-25
-1.858938735666472360e-25
-1.864581912755760420e-25
-1.824725290081376394e-25
-1.886791426012707341e-25
-1.859030057231417536e-25
-1.877149729729454403e-25
-1.898841184978854695e-25
-1.844415559262235213e-25
-1.948439037686879889e-25
-1.856913601523554854e-25
-1.743177878448787907e-25
-2.012257480154618306e-25
-1.834962034130937359e-25
-1.991375787980845005e-25
-1.961232470253284595e-25
-1.851162718616625528e-25
-1.860844334547439364e-25
-1.814766894409429977e-25
-1.834751230062227174e-25
-1.860531992674721500e-25
-1.916108774786514846e-25
-1.939938474651805177e-25
-1.844594397005373578e-25
-1.849387880700835618e-25
-1.887216572124759226e-25
-1.699768526919936472e-25
-1.819173297678619490e-25
-1.760587578090265960e-25
-1.830052665815075528e-25
-1.806461001950388183e-25
-1.868481137618521594e-25
-1.804735029144887935e-25
-1.753784824339017620e-25
-1.711993485070379087e-25
-1.874004397388678307e-25
-1.787791722803167928e-25
-1.870624178326348967e-25
-1.790427468271716447e-25
-1.679167239018334546e-25
-1.861447117022855676e-25
-1.819118927422581781e-25
-1.685192884126103943e-25
-1.777057562353008963e-25
-1.746947905231459936e-25
-1.824770595593947051e-25
-1.749419697645610961e-25
-1.706542505861039621e-25
-1.770766439680910051e-25
-1.682897449975041028e-25
-1.689155713686311817e-25
-1.737125144428485913e-25
-1.758261111634080922e-25
-1.788318747376104104e-25
-1.734696560104708599e-25
-1.740451439695880291e-25
-1.663673532208022775e-25
-1.672359930731355037e-25
-1.814116676266834216e-25
-1.752460970371516417e-25
-1.615116693076789017e-25
-1.864931374850344268e-25
-1.755392204984567058e-25
-1.688185771599340427e-25
-1.761805127541256205e-25
-1.808825463288706297e-25
-1.643516402303182974e-25
-1.785178869329854181e-25
-1.631760726148271318e-25
-1.693171317973389346e-25
-1.652428720105697011e-25
-1.698044097065801377e-25
-1.645691022413809798e-25
-1.699798600434711784e-25
-1.658129871017843263e-25
-1.621860283455462134e-25
-1.687091680756217558e-25
-1.745562702096314959e-25
-1.625714846375729597e-25
-1.613959546706611067e-25
-1.730430281126109991e-25
-1.701972844910156383e-25
-1.652283878289235623e-25
-1.722141812888149813e-25
-1.606337547180502163e-25
-1.666741676755665451e-25
-1.756641197228314523e-25
-1.731052059847585513e-25
-1.684171000371536268e-25
-1.554554033378603608e-25
-1.542188936654911945e-25
-1.704400289151798810e-25
-1.644410456073826187e-25
-1.657058268646072812e-25
-1.605661659906536899e-25
-1.621770068589891092e-25
-1.586426680343252448e-25
-1.595019529818761033e-25
-1.646976405481933326e-25
-1.695293321254019187e-25
-1.676230138874470488e-25
-1.556845650344010984e-25
-1.655473641519056370e-25
-1.578730071977031469e-25
-1.604959169677170427e-25
-1.567464236821631944e-25
-1.591674685912552312e-25
-1.533323653613711709e-25
-1.587423249228585862e-25
-1.553766569656747241e-25
-1.620805442466259967e-25
-1.600172302606993958e-25
-1.580466779620991271e-25
-1.595945975933344003e-25
-1.642571167188231650e-25
-1.475418806894650377e-25
-1.567248251508143342e-25
-1.554107716680015346e-25
-1.556116406174712023e-25
-1.561820051023556368e-25
-1.508193833468059318e-25
-1.582087973036140655e-25
-1.451322708798018499e-25
-1.408252040200708679e-25
-1.473132436641423853e-25
-1.451393995054619600e-25
-1.531350895069684515e-25
-1.435488378368648171e-25
-1.501199475856351674e-25
-1.518021506099288144e-25
-1.552490987861926412e-25
-1.465416554292590189e-25
-1.511164431570460085e-25
-1.453512678566746907e-25
-1.547122868286659392e-25
-1.527187408847785858e-25
-1.438769346151052049e-25
-1.491169010361130524e-25
-1.482268116931101667e-25
-1.475242902510817037e-25
-1.456074324829339375e-25
-1.508089732671199231e-25
-1.529303764973473566e-25
-1.442295359501184478e-25
-1.488227945050642660e-25
-1.489000563445723732e-25
-1.396012695287871816e-25
-1.443237149850355059e-25
-1.527426569150544073e-25
-1.416411456084724586e-25
-1.421718545782959052e-25
-1.489477795164030678e-25
-1.313036247265724030e-25
-1.319050243740122528e-25
-1.363222844937056189e-25
-1.350406633369253513e-25
-1.373305256636639429e-25
-1.341080558990352366e-25
-1.440578258175465456e-25
-1.369002613884538178e-25
-1.378652427562423303e-25
-1.322783327140389221e-25
-1.421302843015486879e-25
-1.416151231242104136e-25
-1.412499989496006923e-25
-1.359890746642623856e-25
-1.384087945358298140e-25
-1.336271332992692055e-25
-1.377061603726231960e-25
-1.422337126998170783e-25
-1.377805503246409671e-25
-1.396000833422959335e-25
-1.507088811443660298e-25
-1.321576602519157647e-25
-1.332999750412639546e-25
-1.348310645249119348e-25
-1.331143672692058568e-25
-1.368019069870971173e-25
-1.301857133873917506e-25
-1.338941298690860483e-25
-1.311125121372110645e-25
-1.307146488641160834e-25
-1.348097956447526725e-25
-1.359710613068042743e-25
-1.362533557831170151e-25
-1.326164971163741594e-25
-1.387844121406268693e-25
-1.395664986622637988e-25
-1.287952263124911735e-25
-1.294212184636830450e-25
-1.292897749401162811e-25
-1.343957798544370753e-25
-1.215959722916211056e-25
-1.335835585908274878e-25
-1.269989814067399995e-25
-1.277919254281361583e-25
-1.348740917266286498e-25
-1.260646515543695493e-25
-1.298815633864359598e-25
-1.346828056553789604e-25
-1.314151217416301243e-25
-1.246482338247780196e-25
-1.273536329293272191e-25
-1.275003349755624989e-25
-1.307384341954824432e-25
-1.139993544420989690e-25
-1.245711264049967296e-25
-1.262051383185798787e-25
-1.254448378475707180e-25
-1.292950455531646824e-25
-1.250365521483668501e-25
-1.212716647249601335e-25
-1.267639483187816994e-25
-1.284127394950759491e-25
-1.285677750995289604e-25
-1.215174940055914021e-25
-1.237186343565653999e-25
-1.142673268269180102e-25
-1.222038315765683767e-25
-1.234884095397505997e-25
-1.197599313425631624e-25
-1.216019946742733869e-25
-1.214859530035875246e-25
-1.208047535226278941e-25
-1.221025407334050362e-25
-1.157151609793255804e-25
-1.208611160020862126e-25
-1.266470213855968319e-25
-1.194111111434254265e-25
-1.162788911464186906e-25
-1.148359147824330141e-25
-1.215411067852856846e-25
-1.168722098465202345e-25
-1.172760112872947920e-25
-1.160130900638804112e-25
-1.141102468868092510e-25
-1.156499856717504176e-25
-1.124190256458645636e-25
-1.103303300844258238e-25
-1.135624515218667971e-25
-1.200337383921137680e-25
-1.188467363505551901e-25
-1.172195788655899255e-25
-1.173995077088869353e-25
-1.137238922964515977e-25
-1.104686558384342689e-25
-1.156652130274480641e-25
-1.120738266122619063e-25
-1.157856364013142907e-25
-1.154465298865842727e-25
-1.142596056163054349e-25
-1.087329965633077849e-25
-1.168397569449056152e-25
-1.122870489132293523e-25
-1.158642517442711119e-25
-1.126161547129969545e-25
-1.136760986198969332e-25
-1.126706674708624746e-25
-1.114345713708778078e-25
-1.099211379401485497e-25
-1.097737752557357908e-25
-1.131769202747381825e-25
-1.155311886901992197e-25
-1.057581668188793624e-25
-1.000835944509471695e-25
-1.076752402814053329e-25
-1.067177409721964170e-25
-1.106975227590790081e-25
-1.103657781781317905e-25
-1.067918303321979883e-25
-1.079643216060868002e-25
-1.109329229453971774e-25
-1.033315562413513624e-25
-1.091045284376199485e-25
-1.063380113320822239e-25
-9.913503151838847507e-26
-9.846212937194233914e-26
-1.010282137356278124e-25
-1.000326668536197238e-25
-1.009167594618109525e-25
-1.009946044274874602e-25
-1.063743480432212888e-25
-1.004419818881905713e-25
-1.060083164886148364e-25
-1.022616634018721962e-25
-1.085534272692407257e-25
-9.809994203933432362e-26
-1.019021545459129484e-25
-1.029864159067072883e-25
-9.388790317862731046e-26
-1.004690186418109502e-25
-9.924557891085563782e-26
-1.024844651630593258e-25
-9.965639568796191231e-26
-9.867002562860841710e-26
-1.013109831359866449e-25
-9.819289824623043594e-26
-1.019028195145803230e-25
-9.651896850363361610e-26
-9.822960913126966154e-26
