0.000000000000000000e+00
0.000000000000000000e+00
3.445258325671626578e-13
3.088534545533465585e-13
1.974823981005675905e-13
1.094619848708284733e-14
2.556891482830095128e-14
1.042018879414063824e-15
7.047899574165373998e-16
3.221318081058273472e-15
-2.705246901506271222e-16
1.746326848222649142e-15
8.575540809535515507e-16
3.133682495805881186e-16
-2.071792819697846475e-16
7.609122397045731331e-16
3.455556419462310673e-16
2.675713162440667670e-16
3.329113754096945353e-16
2.742776682584321910e-16
2.228090785008255468e-16
2.085363239532781930e-16
1.763444537441284429e-16
1.875570468966649297e-16
1.132192425315118200e-16
7.203453573276196761e-17
6.481841065163570491e-17
6.198199091497507263e-17
-1.315311077343921636e-18
7.410410136346489594e-17
4.404023259395078656e-17
4.044638061889895090e-17
3.567502274886196582e-17
1.803941840557231496e-17
1.498604978684749125e-17
8.086681248121423847e-18
2.829527113125692153e-17
1.546839995708912226e-17
5.134362148887036780e-18
1.739724565161279852e-17
9.822463032610073349e-18
1.082371115939742061e-17
3.362127021796485192e-18
6.941927613471752180e-18
1.110722579327288162e-17
1.419314425052665475e-17
9.113474752326026947e-18
2.070588045696521365e-18
5.218816582454548230e-18
6.184347163991013911e-18
4.285176046403747714e-18
6.522284648192413110e-18
5.990611841269324296e-18
3.788342527144649200e-18
5.902485977303698190e-18
1.864883603375175265e-18
2.444329120852829569e-18
3.059727536155558766e-18
2.067434925218500032e-18
2.042761873224427360e-18
1.425083571682319234e-18
2.829381009954968731e-18
2.242564210287308404e-18
9.642981577294492400e-19
1.487495815366451866e-18
2.048137618909663546e-18
2.108091032839853601e-18
2.659867356984038498e-18
1.707004709893325733e-18
2.144957522565273454e-18
2.275290875161548704e-18
1.418942669826337433e-18
1.260365306879243500e-18
9.225066393801964244e-19
1.558539799207787486e-18
1.127230770492755567e-18
7.948353233518004700e-19
1.182220285632128418e-18
1.025662374722267550e-18
9.719733640237171491e-19
1.146034571472223218e-18
5.479262844352568381e-19
7.799794816191651428e-19
5.655158618710867037e-19
4.143691859052986202e-19
6.184679145619964805e-19
5.642642925586485923e-19
5.346030791236478265e-19
5.226949300471640734e-19
3.445225231193284242e-19
2.773440150465482608e-19
4.357740959408777266e-19
3.109240843124938118e-19
4.732922798236797601e-19
3.797834417802526137e-19
3.350817879427998129e-19
4.770274196683815755e-19
3.526756211817240119e-19
2.459114536628591701e-19
5.018879070055905461e-19
2.110000606351835128e-19
3.347584473085383889e-19
2.252125783588908662e-19
1.929074032119230270e-19
2.549245451656224063e-19
1.367099790176902191e-19
1.606476794406488907e-19
1.784997336916574630e-19
2.007069666685331917e-19
1.635991717698724494e-19
3.098629987907611574e-19
1.537807824010782010e-19
1.947357654075286661e-19
1.574391640300284686e-19
1.342621837318200335e-19
2.016667934061826954e-19
2.049508473873820832e-19
1.427759353276192457e-19
1.755230674114914337e-19
2.197882995557097720e-19
1.909818732771090999e-19
9.984659183080614640e-20
5.356414636621484887e-20
1.176445281856912429e-19
1.030854485935196175e-19
1.434979787779442177e-19
9.954248763175960150e-20
1.066800274954381901e-19
1.261257580341876102e-19
1.008125396745026435e-19
1.043526803740863469e-19
9.013828169854066904e-20
6.666432835604376096e-20
8.530617251843481308e-20
7.152918853885463384e-20
7.656698539497583620e-20
5.178492762630727795e-20
5.508906821100309126e-20
6.457464328466116116e-20
8.181623819031908968e-20
5.888231292537442679e-20
1.049934950452497107e-19
5.518536896070002494e-20
5.609952076164827667e-20
6.658784311783358204e-20
4.397781846983679894e-20
5.203231300956511348e-20
5.535775005818215504e-20
6.197656662969480198e-20
6.138495556011444825e-20
5.822448529087375210e-20
6.171319432116701861e-20
2.649553744954098721e-20
4.575510303898322978e-20
3.624754284756145560e-20
4.448527356217220408e-20
3.945861777382555397e-20
3.599326257922712866e-20
3.097247051065242143e-20
2.417448267045672389e-20
4.514253864389904373e-20
2.707575319867490418e-20
3.912367421984318281e-20
4.204515978585702802e-20
3.948362206211604678e-20
3.655807990078189017e-20
4.083661631342270643e-20
3.701685319456580085e-20
1.846282360876468652e-20
2.718188602901001810e-20
2.678488860946082600e-20
2.262044353147984279e-20
3.638267762862627553e-20
2.047229482435294845e-20
3.091661052488613412e-20
1.183429519310240818e-20
2.086248998913377871e-20
2.274294091655917665e-20
4.260811687820752131e-21
2.326265961341138111e-20
2.504259854419780777e-20
2.128264529509713034e-20
1.237692609509560792e-20
2.075256067038765440e-20
1.702964043594420753e-20
2.842376885683462652e-20
1.793017274962408447e-20
1.463194277248117985e-20
2.365523346017983302e-20
1.232988526308064806e-20
1.683641481545540483e-20
1.904809958154578311e-20
1.829414000540433632e-20
1.448632364353483439e-20
1.893956150914477659e-20
1.924035942506920228e-20
9.723932972530460933e-21
1.884602691565208445e-20
1.658181314187772856e-20
1.190832439851020378e-20
1.344892124069770758e-20
1.284491893517449069e-20
1.629654179054140496e-20
9.549666148179361404e-21
5.941811339103286766e-21
1.150044965383060001e-20
1.470527218319103372e-20
1.099857324904989778e-20
1.341977474244802811e-20
9.755048474781804164e-21
9.691367530627464550e-21
8.313786611869906430e-21
1.013050165994738054e-20
7.650292273817644175e-21
1.141640228019192346e-20
1.112975616457178193e-20
9.599966420938370303e-21
9.662870374239841123e-21
7.920873761168438570e-21
5.645998021555067785e-21
8.960193281260298817e-21
6.555546528119513067e-21
4.401081064329823730e-21
9.725659342190784665e-21
8.675403870908787020e-21
5.138023024374282136e-21
7.826316583747317094e-21
5.317238344618789212e-21
5.663162979116741735e-21
8.536518569088389592e-21
7.943124720754679355e-21
7.950465862052791890e-21
6.562559994872094530e-21
6.310611118397443296e-21
6.520718585840538575e-21
6.343800963703838429e-21
5.135302630395784324e-21
5.738662398349157395e-21
6.479789726943458026e-21
6.768159621229567229e-21
7.868058006010662138e-21
6.504570892979147689e-21
5.527121338080637348e-21
5.627793160417010190e-21
4.891518480041700071e-21
5.978568641151313982e-21
5.524570392232278412e-21
5.003506403998143602e-21
4.721017525314411850e-21
5.883774117662103033e-21
6.633641531782084883e-21
5.215206630239637358e-21
2.415062377588695539e-21
5.096450845205392952e-21
3.760851659037923616e-21
2.719608322057785700e-21
2.773773348076979278e-21
5.037038923580761776e-21
3.452219504435830148e-21
5.041410215388391741e-21
4.028339607063643210e-21
2.969344140860204838e-21
5.582475070614175341e-21
4.704922042509444746e-21
2.436853532462593058e-21
3.389398435608963659e-21
3.704226911691739159e-21
2.825822835955872869e-21
2.366947541218345544e-21
2.801911542436813600e-21
4.369300083704370077e-21
3.816422510003908242e-21
2.060711862535175953e-21
2.230025180936907170e-21
2.078787349250746719e-21
2.918519190178050653e-21
2.569999144231549892e-21
3.796278025023794447e-21
4.087817260881670903e-21
3.044086707894541842e-21
2.866858829170829343e-21
3.850936751656934233e-21
2.419275436190740407e-21
2.833626312030845942e-21
3.472384483907667248e-21
4.128485228223521137e-21
3.159766396480423737e-21
3.299263691353572161e-21
2.712116807571089013e-21
3.499112299423296614e-21
1.905247545899803261e-21
3.169559347970888965e-21
2.171145448736129707e-21
3.866255548624332616e-21
2.964341540497860769e-21
2.627445515337662076e-21
1.965060481712371576e-21
2.918472676501295755e-21
2.284749467336785498e-21
2.708954597952850096e-21
1.814259885812873372e-21
2.953000256748087995e-21
2.281687394248877031e-21
2.685626401234485893e-21
2.111584134983115215e-21
2.031730140494359106e-21
2.349718250184090389e-21
1.252502022451036161e-21
1.450020596753298382e-21
1.928783569197306637e-21
2.185211970704553539e-21
2.049652165156714128e-21
1.900286744177709537e-21
2.474068727606621154e-21
2.481920951072788194e-21
2.122492680589817705e-21
2.338762382976392461e-21
1.467197777876161437e-21
1.761801943086603958e-21
2.035703909459104259e-21
1.140947340443392537e-21
1.875672459567289217e-21
7.317148670240736326e-22
1.601430206147153493e-21
1.489424935058397921e-21
1.572277828064971974e-21
1.862266592900032843e-21
1.728718016461085586e-21
1.686162478327383788e-21
1.017434995667345144e-21
1.470953608972313222e-21
1.350367000440114118e-21
1.469184117059019898e-21
2.095542740041934071e-21
1.632766325243032926e-21
1.910730799758625733e-21
1.279460600795075277e-21
1.789413614150886396e-21
1.513063107305398537e-21
1.863355936285956984e-21
1.778700523308045604e-21
1.102485519336507516e-21
1.190741531584332582e-21
1.621749482357400123e-21
1.765457518467926092e-21
1.700050404669978345e-21
1.485220216975812586e-21
1.105606785670735843e-21
1.453151274550392500e-21
1.511875871833302104e-21
1.471400049671775643e-21
1.366342684401045465e-21
1.870618048119169129e-21
1.145123010752929013e-21
1.343377751502287784e-21
1.475541624768015217e-21
1.188127154138276246e-21
1.038446476943593207e-21
1.424006848450770044e-21
1.273538100908692854e-21
1.013845099244587373e-21
1.144022631591101102e-21
9.757785108116103953e-22
1.597141279894940415e-21
1.347400812447145845e-21
1.273276590437376579e-21
1.016488886099334666e-21
9.705545894230470577e-22
1.277930420476112436e-21
9.523439510835724735e-22
1.211968770316391038e-21
1.097663460192128497e-21
8.704285166638019771e-22
1.168861631971373317e-21
8.606585276083847907e-22
9.065713091069606457e-22
1.195859531598037756e-21
1.159797178983513122e-21
1.066427105687771749e-21
1.150941856971405020e-21
7.207713020279126677e-22
1.235509821125774386e-21
1.034438511688795565e-21
1.110000014014503674e-21
1.020999663692012564e-21
1.019928666468022516e-21
8.365553853329559159e-22
1.033272227689457050e-21
9.068500356894018115e-22
6.919503243574549129e-22
1.102245308536734446e-21
8.065465801977543077e-22
9.635100499424996448e-22
9.743836180977892223e-22
1.034890524978975484e-21
6.253644968040229661e-22
8.286483362448478170e-22
8.055892480760401545e-22
9.306281834376700869e-22
7.910176260998064967e-22
8.453249149577833948e-22
6.148499834085616092e-22
6.299162102732085423e-22
7.105685929589869250e-22
6.550888463892836468e-22
6.678502304209400348e-22
5.438834259653849985e-22
8.507205984195626266e-22
6.467649462950542789e-22
7.956693381349350507e-22
7.101576611599550907e-22
4.920923435412798830e-22
7.311890041040837540e-22
6.353560985525641809e-22
5.872077951006121647e-22
9.330616055790303945e-22
6.302027952008112407e-22
4.303814850282478184e-22
7.102483975059553339e-22
6.155188775268235401e-22
4.651456603715809777e-22
6.323598737647771425e-22
7.544116304017558414e-22
7.448689363697119534e-22
4.879863948316562938e-22
4.011530872759481524e-22
6.752817112248471273e-22
6.205240893340132313e-22
4.067992611210021783e-22
4.203762857294309437e-22
5.388121362126483251e-22
5.506494750538949013e-22
6.709610510637778291e-22
3.750505965323844960e-22
6.059073186926183443e-22
5.305204303052092981e-22
4.717940893539364784e-22
4.827952931954768309e-22
5.675936726890772918e-22
5.763028779056500187e-22
5.860473179001399665e-22
4.157926738112580476e-22
4.931427547819293026e-22
2.850771005897077753e-22
6.366127377835087330e-22
4.430484722418002840e-22
4.685406044136864139e-22
3.404559331689895563e-22
3.655973188820684493e-22
5.684614209820530883e-22
2.145021342999185272e-22
5.174557576699847021e-22
3.639273638874314771e-22
4.350723345237178019e-22
6.003728237965771936e-22
5.299978822679167238e-22
3.091174005288089484e-22
4.554399529289287402e-22
2.459607009224838939e-22
4.100672247736343766e-22
3.775331676421366856e-22
3.175110503494175104e-22
3.460381475551289193e-22
5.624250562450000506e-22
3.896236971158447131e-22
3.198370061788523210e-22
2.752761909945218132e-22
3.790298924518614909e-22
4.896040570531919012e-22
3.490359108295174267e-22
3.135801199074235372e-22
4.260387791751210444e-22
3.815326732424522467e-22
4.633690129947564463e-22
3.021887302618393310e-22
4.350229358143643503e-22
2.899869719926472699e-22
3.138735598162797954e-22
4.245391431069414566e-22
2.884904625726881559e-22
2.895099082067169769e-22
4.705212911503265999e-22
2.682511578746982817e-22
3.118154491855083179e-22
2.432763876864843749e-22
3.415484393284401023e-22
1.743616068859555586e-22
2.741407433986057009e-22
2.356673207478306641e-22
2.195321888297962855e-22
3.019463897130701501e-22
2.951842841634023401e-22
2.690291241440958236e-22
3.112227655877672617e-22
2.315485296714019112e-22
1.619438290876379379e-22
1.719897368379537717e-22
3.852094562888900661e-22
2.173896081347228799e-22
2.734887009144004600e-22
1.600770616981735127e-22
3.585697645473100066e-22
2.126283764981935904e-22
2.318281103721427876e-22
2.106846211925163253e-22
1.434660393699812647e-22
2.656802416691783742e-22
3.337614952969301776e-22
1.965680990102112930e-22
2.479837685083464868e-22
2.481390773830065451e-22
3.035747316190789655e-22
2.202175239834022191e-22
1.419512601070144218e-22
1.972906066637600017e-22
1.319799190770915708e-22
1.947639113341606622e-22
2.263395291209165444e-22
1.586643051630873008e-22
1.872167056190206189e-22
3.067116935451542388e-22
2.289049185500377296e-22
1.444600948491464710e-22
1.741007591115332565e-22
1.532642658397699824e-22
2.632251565914969004e-22
1.927135406489714603e-22
1.069343623027046917e-22
1.102718812237664973e-22
2.289695485046156280e-22
1.015100123363993220e-22
1.757883834771974409e-22
1.870831477716846172e-22
2.277012128854907365e-22
1.411620007837804557e-22
1.534656549922807328e-22
1.861664994775041796e-22
1.514221076062896920e-22
1.610583739372843216e-22
1.838536425600351354e-22
1.622721989885078982e-22
1.824589182695546797e-22
1.639121061952943303e-22
1.641286064322894868e-22
1.371952542115677584e-22
2.242478115744183493e-22
1.912877507458788527e-22
1.894107490993238120e-22
1.926735063366470572e-22
1.178316957921732657e-22
2.240901151261175188e-22
1.430009933177865730e-22
1.900423942826943475e-22
1.526602192041054878e-22
1.562895867270799338e-22
1.272438448915247786e-22
1.298482227222829680e-22
1.961676346763000465e-22
1.277457021634790600e-22
1.968043587151148240e-22
1.746264962881290382e-22
1.129203430533703788e-22
1.218332546205533016e-22
1.711949780965943558e-22
1.115971461036432306e-22
1.575437699218585385e-22
1.314540878513657987e-22
7.417544942075766449e-23
1.496487741005007821e-22
1.307636693805318705e-22
1.225090874311641211e-22
1.106301804337963831e-22
1.067829427193838449e-22
1.496240574052460728e-22
1.422727243681377713e-22
1.689572045021614893e-22
1.263339892113658869e-22
8.262113532304289487e-23
1.725473413077321222e-22
8.515464866062440834e-23
8.549351846812108526e-23
1.266147061721880676e-22
1.312872815795634048e-22
1.256486475709956700e-22
1.550472368054044034e-22
1.502084612006704413e-22
7.047183458060248983e-23
1.288269674372078468e-22
1.174672226486596266e-22
1.377382415365731514e-22
1.076757494769563132e-22
9.551775155775807862e-23
1.310445458040851795e-22
1.004073206345816592e-22
1.572470054732185575e-22
7.675636748459042061e-23
1.113851716431310084e-22
6.746740808954826904e-23
8.386202729713860470e-23
1.219943859728522448e-22
1.460449384874930567e-22
1.333546925081604681e-22
8.121320894705489423e-23
1.076686738690376478e-22
1.040012328922969943e-22
7.303667028685543197e-23
1.323836061547789437e-22
8.709139840778314492e-23
8.279533029722274746e-23
8.265243753353550850e-23
8.869924291722927399e-23
1.270598623473714227e-22
8.153401352187487396e-23
1.055594617750954966e-22
1.100298344329867665e-22
1.060064851195895778e-22
1.566925582044588117e-22
1.364225022702129865e-22
1.670493322288430446e-22
9.744210688375508653e-23
9.003247265689663440e-23
7.724075239780949498e-23
1.397955918704191872e-22
1.228543957201729977e-22
6.972496807665104525e-23
1.173729162836147637e-22
9.763865160392611769e-23
8.475517095737472064e-23
1.102958673106961688e-22
9.831002884655398538e-23
1.073050975790777249e-22
8.295272279136295571e-23
6.960294583426570512e-23
1.086532406663342745e-22
5.618341301088658220e-23
1.409164634451109720e-22
7.473085901395170600e-23
9.985950931631557107e-23
1.031796708591353113e-22
1.056583266087847850e-22
9.787649499513363290e-23
7.217733734613752464e-23
5.869493528633343429e-23
1.237750340462349857e-22
1.061212230552268227e-22
6.498303062616675124e-23
7.475276331469593994e-23
1.059299479063593573e-22
9.047779725304972289e-23
1.107318578528568623e-22
1.085572667236683008e-22
7.975952870260639421e-23
9.513798310741964225e-23
9.823154973545906144e-23
7.351454211764905426e-23
8.763194919089419803e-23
6.496298865299521588e-23
1.126150073413317814e-22
8.078937478717656888e-23
7.608843294258341756e-23
6.592977839831924522e-23
4.760971819132513991e-23
7.036448074222128579e-23
9.168835835071032785e-23
9.598460933976443951e-23
4.006200156333796573e-23
4.062588504723021071e-23
4.829518229665273052e-23
6.687871717923050107e-23
5.312927585315525381e-23
6.595494898498236792e-23
7.062157146083490701e-23
6.767045093483476865e-23
7.774898469915925498e-23
6.693174065779990962e-23
4.333421801790392466e-23
9.223460886164889613e-23
8.723718206818452529e-23
5.910724956551384859e-23
3.137997738002486984e-23
5.022727641429838076e-23
3.129491614708944985e-23
5.788905150007314179e-23
4.397165471746884430e-23
5.878918502805948596e-23
3.671968313223519034e-23
5.998148901204938628e-23
5.327899751980205136e-23
4.344365291140439831e-23
6.299593109537855985e-23
3.455319482336675022e-23
4.197858007371002871e-23
6.916055160147066767e-23
6.069086984635457594e-23
3.786637900312740597e-23
7.260838851504536161e-23
6.456743161875914762e-23
9.117639214024567326e-23
6.679961278090822739e-23
4.624535168915533188e-23
5.564536413498819934e-23
4.828545161497794565e-23
5.668012308373020581e-23
3.981812278534779902e-23
5.870451529414960600e-23
5.566447613954250828e-23
4.545556944877079442e-23
5.745066057234039841e-23
5.733157546876067912e-23
5.784700474878182883e-23
2.583218658917134065e-23
3.830456793233986761e-23
3.159690630448240641e-23
5.042216875188086410e-23
2.178536665974806612e-23
3.877716884145219476e-23
4.349126157426228896e-23
4.812230043239167610e-24
5.346812194604963435e-23
6.242355414929876195e-23
5.576981626365009788e-23
5.732107143117349946e-23
5.032992527489782985e-23
2.343837048369586128e-23
3.932047964548429728e-23
3.668484441698359929e-23
2.785027853082841584e-23
5.822397384524788155e-23
2.947339041589044058e-23
3.388467386341184226e-23
4.832098668816139231e-23
5.546824312684141089e-23
5.543223999368014878e-23
4.316491682884041608e-23
5.685127428690436110e-23
3.666949405906829296e-23
3.452977832498447776e-23
5.855024521103685737e-23
4.143262033342754615e-23
4.255985924440748899e-23
3.083864908432103677e-23
4.039238493963276098e-23
4.533949510006649903e-23
6.300438525645703971e-23
4.490717225322939534e-23
1.722323537819368834e-23
3.993511575093592085e-23
3.270836709074769590e-23
4.611296209293384173e-23
2.646499372142714074e-23
4.056139665302501655e-23
3.503495286092193312e-23
3.464822898826031213e-23
6.437102831995821990e-23
4.444400360794233342e-23
3.764257045524861845e-23
3.299914363059022391e-23
4.585859730880964857e-23
5.144976279453027697e-23
5.417548448662206774e-23
4.194245824227718856e-23
3.767414993868895411e-23
5.113656131162206565e-23
2.153787534135347518e-23
2.792863169173705241e-23
3.456716908490066281e-23
4.925126965737734232e-23
4.319489363525350892e-23
3.923570520366561086e-23
3.670238895965946207e-23
5.503502372529753074e-23
2.556760589444356430e-23
2.835447917320976755e-23
5.704561198405576430e-23
3.372138089727246486e-23
2.847947010874431430e-23
4.715263713497291484e-23
4.623432468717361059e-23
2.473974776032936338e-23
3.224933125809366338e-23
3.416936707482350581e-23
2.705695212617374972e-23
4.594356846002684328e-23
2.390956712248550662e-23
2.592800969244972451e-23
3.512440331581105787e-23
2.483756996799102272e-23
1.818803905972097377e-23
3.588651074447171893e-23
3.563388015828807056e-23
2.653230808848933699e-23
4.209435530660505959e-23
3.006535505362723413e-23
2.489811287189115521e-23
3.474598446091877843e-23
1.578739556937103577e-23
1.147019262766297865e-23
1.997197105506076581e-23
3.724588775165932449e-23
3.201507453077033223e-23
2.165025173627159226e-23
3.024171966473662981e-23
3.583262824860120550e-23
2.331550675975226124e-23
3.040594931812045105e-23
2.533875987621497675e-23
2.830370639372962431e-23
3.593914215504745740e-23
2.729829050532268336e-23
2.772499524621792326e-23
2.166770206973112074e-23
2.788450337715821074e-23
-1.253227167716551312e-24
2.885910522591428666e-23
2.953680442442077859e-23
2.302839537181708367e-23
3.198742846622016487e-23
1.768407152602943974e-23
2.278880625947162592e-23
3.095437492005269390e-23
2.397325308851393474e-23
2.689211658693651928e-23
1.473335492680651501e-23
2.068364923568066955e-23
6.464661048666726935e-24
2.431077963940693287e-23
2.841730477262504695e-23
3.045593292057348612e-23
1.580066886435686266e-23
2.407790037614071787e-23
2.585975449539942199e-23
1.607698979552852210e-23
3.067236477392438113e-23
1.059055573693404486e-23
2.490712550023430280e-23
2.390609447913426135e-23
2.416364650217676140e-23
1.793009940276687393e-23
1.367559793748179666e-23
2.241309604324296596e-23
1.691525167847275433e-23
2.202416970682008245e-23
2.946022332335770582e-23
1.412406231946424973e-23
2.113179692709227668e-23
1.171516249436793987e-23
2.628050739358257225e-23
2.427161113469801058e-23
2.222414660324208389e-23
1.456401669371091314e-23
1.704808495317036158e-23
1.063710815124736720e-23
2.647382177596601421e-23
1.123010266353732391e-23
1.656881280135997114e-23
1.414787684782110641e-23
1.459806050493073916e-23
2.255277211963819982e-23
8.728824139448204933e-24
-1.612768955655054348e-24
1.152855140534285894e-23
1.311336371014352011e-24
1.093423513575474051e-23
9.836522067582034155e-24
1.466942312231765489e-23
1.236895101941636098e-23
1.103119099550587912e-23
1.276088681236330509e-23
1.572335203575316723e-23
1.866417076179195767e-24
1.809379077603020759e-23
1.554617262774665399e-23
7.341570664429864088e-24
3.475632736578480614e-24
1.693516932767134686e-23
1.856042931399925304e-23
2.006259156170264713e-23
1.377326379668758857e-23
1.346375088432873994e-23
1.823418777799943099e-23
5.503605252201202767e-24
1.040132086844424680e-23
9.703727639238162809e-24
1.129256223095543567e-23
2.170124556104992011e-23
1.802821072016420716e-23
1.885159474948768664e-23
3.775331282220084128e-24
2.109036723640318642e-23
5.780631788783760668e-24
5.848339320258821824e-24
1.744861513532929646e-23
9.767889813408290349e-24
1.714802234432148521e-23
1.520656928900881120e-24
1.236624361270633139e-23
1.372448238297457143e-23
2.271092781752590665e-24
1.276778679244033483e-23
1.580708902924425040e-23
6.149708723032571714e-24
1.861808111754004903e-23
-2.558979447721384861e-24
1.230900982691628929e-23
6.498771324695165872e-24
1.502461709753283312e-23
1.605068402224203919e-23
1.130024912164673540e-23
-2.879880335853857260e-24
1.128935870191083702e-23
2.151418400426195003e-23
3.472678927513930899e-24
9.833265789836215940e-24
1.322568712708879548e-23
7.257444224202862359e-24
1.511464625994499197e-23
3.319529946027107505e-24
-3.514512690325668634e-24
9.088865748465868029e-24
1.091287913083931555e-23
2.673970391710824257e-24
1.018044019051083315e-23
8.638107094296971079e-24
1.262251284572995597e-23
3.615587474727298024e-24
3.086180467021071194e-24
4.094614608189529029e-24
1.887857613369593505e-23
1.015324822220141341e-23
-1.081459113533590970e-24
1.597690303319667605e-23
8.791298287832503383e-24
-4.699312319979820914e-25
4.240082468489016461e-24
3.287760985650320768e-24
6.854327437591508111e-24
1.113408720818275398e-24
5.090614917865236718e-24
-1.887510544625435981e-24
6.545395434202764671e-24
9.307957887903180574e-24
3.890176720653410610e-24
4.395250514799947772e-24
-3.609068483097820933e-24
5.854414648464982077e-24
-6.546242328576319096e-25
8.418704046419752269e-24
1.298507546603025281e-23
9.956727796970990855e-25
7.168264297812064163e-25
-2.856053560968706418e-24
1.278361160768189753e-23
9.325234548905606008e-24
1.697520818068289163e-23
3.239917845596449927e-24
1.031094869039893256e-23
-2.341917993359431507e-24
7.531200967589156098e-26
-5.037439658138534165e-24
-7.158766687210145961e-24
6.564695235355712370e-24
9.996657600159183711e-24
9.142116983657508518e-26
1.393971624573490576e-23
-2.128644421433981910e-24
-1.523312447453771672e-24
-1.185399397811895908e-24
2.309427802609117153e-24
1.508342789939054052e-23
2.915670219647890226e-24
2.295178290736341100e-24
7.690717789937228706e-24
2.811454248270040812e-24
2.646617843187412127e-24
2.578113709695672407e-24
4.685675892738173341e-24
-5.117770418910071067e-24
5.768182966955409883e-24
3.756014399350241000e-24
4.506761078647774763e-24
2.773872730254422102e-24
2.341001939129454173e-24
2.952862104904978268e-24
1.288840886209320511e-24
1.197319812218911035e-24
1.516449226517009199e-24
-6.293963083717885953e-24
9.905081553653877596e-24
-2.033616528203084859e-24
-4.477402555755196759e-24
5.579229737343658702e-24
7.086478593931065744e-24
-2.993303263795419953e-24
3.833161803905722691e-24
6.619393043820990539e-24
4.816013931947743891e-24
-6.126746335512516556e-25
1.587698533398613145e-24
6.701433268205647976e-25
-4.505302987840969811e-25
-3.852311077786572124e-24
-3.156698742163936320e-24
7.536089505628658730e-25
1.554356074090890315e-24
3.510463800487712054e-24
2.172229431108767374e-24
1.156988981028558781e-24
4.605434143383202250e-24
9.907418535902444315e-25
-2.760007503333413421e-24
-1.888013786229891971e-24
-7.884316893103356743e-25
2.537126442270566182e-24
2.973043364257440356e-24
1.949263058166956775e-24
-8.561417263360258993e-24
5.206749151457812941e-24
-3.172452685377806350e-24
9.910966797781910232e-25
1.281528829914619888e-24
-5.284784165645512000e-24
3.810101111221994566e-25
-3.100639245807261600e-24
5.889108177601779587e-24
2.370596474550939631e-24
2.848762310787847187e-24
3.837871340161512851e-24
-1.634057667750984244e-24
1.892655251677085452e-24
-1.117418400506580071e-24
-1.247931519902899152e-24
-9.713670487670704707e-24
-1.195915411009481678e-24
1.022950830352829050e-23
5.752963810088104443e-24
3.978624960404033961e-24
-3.545051090993102168e-24
-7.376450250193121206e-24
4.588840824674626562e-25
-1.532159486820700096e-24
-2.932021853881937344e-24
-2.228990770042120446e-24
1.734237427076175756e-24
1.519298600660722619e-24
1.353392153152764637e-24
4.586338138782578882e-24
3.379182918831784175e-24
3.135203857321217101e-24
2.829721468068667593e-24
-9.111454521189139833e-26
1.746229361628002242e-24
1.404673789758900564e-24
-1.082928664678119229e-23
-2.477749408456516645e-24
4.676165389671841844e-25
1.549754638793194456e-24
4.751580452168001263e-24
2.349732684322877657e-24
6.668364204810902295e-24
-3.836333624736832694e-24
-4.985742520675007425e-25
2.852928961849684449e-24
4.362248926085241005e-24
-5.647723491326245968e-25
1.896888301907957161e-24
-4.040227817609140343e-25
6.422148094946007432e-24
3.422304163807107071e-24
-1.728641779954917596e-25
4.053401730611762551e-25
-5.471112673489303442e-24
-5.507707226970246731e-24
1.524550896104164975e-24
2.447834160523778051e-24
-3.870669228945399430e-25
4.611838986147860187e-24
-2.163840953983489367e-24
-1.526520608779504533e-25
-3.492870055598184062e-24
6.608083907801776847e-26
-4.576729899455771824e-25
-3.086858685627471598e-24
5.719453425620537740e-25
-9.843322673566999624e-26
6.504747866446822783e-25
2.517061229490041364e-25
-4.269071479850407884e-24
-1.130073069804687201e-24
-3.319500556492762860e-24
1.209737681115496303e-24
-6.282332283136770920e-25
1.953674880581475407e-24
-3.663935284307568465e-24
-4.569717029019744505e-25
4.844332476801910277e-25
-2.269612025753791524e-24
-5.267108755900238761e-24
1.291693260234603205e-24
-1.019117753524466022e-24
7.293086311132175444e-25
3.820050043601496037e-25
-9.417073612086698088e-25
-1.299128885697581932e-24
-4.807828235302104378e-25
-4.112580666231925108e-24
3.167282571443659250e-24
-8.293760924935017225e-24
-4.449175459575287509e-24
-5.492771074242785907e-24
-5.969313743501891083e-24
-9.337966784208277466e-25
-4.410565792075573838e-24
-6.142383478021947507e-24
-4.222910626108210311e-24
-2.909198861895574601e-24
1.464994448344827546e-24
1.616837473588226010e-24
9.271515630830061558e-25
3.998921968714145429e-25
-1.778373797861491792e-24
-3.600489732754587238e-25
-4.601848459875359072e-24
-4.170789091999764108e-24
-2.189198549449140722e-24
-1.930273334877073577e-24
-2.911706868148211362e-24
7.129370473896007765e-25
-5.272437882687329462e-24
-2.486129454203353827e-24
-2.896484686203875589e-24
-1.027369016820972421e-24
-2.164569521111054418e-24
-1.719035050893708379e-24
2.755194778965050833e-24
-1.913977211406587824e-24
-1.520982542509713056e-24
-3.375356807380443535e-24
-3.568119247513493669e-24
-4.330774253019702948e-25
3.399908127382750810e-24
-2.794568574548529311e-24
-4.515401303494333913e-24
1.799467396648824246e-24
-1.315399459554205875e-24
-4.283730485094271912e-24
-1.461093121924018780e-24
-3.783064683793701854e-24
4.349518808837269300e-25
-6.492785287412782929e-24
-1.247394579958230673e-24
-2.325291630101773329e-24
-5.592048404464301670e-24
-5.695205684092291542e-24
-4.386003094134750285e-24
-8.115417371475122577e-25
-1.039164741064841926e-23
-3.047863987430437617e-24
-4.609524999430108963e-24
-3.092641017275303603e-24
-4.245258197938985878e-24
-4.654346830780625821e-24
-4.691485465049201475e-24
2.993966306734013642e-25
-4.837876312402551511e-24
-6.480669566196645428e-24
-1.465570738573136489e-24
-3.870113309385908776e-24
-3.726038079722914487e-24
-8.326519364000996458e-25
-6.243329104565445914e-24
-3.137885753356601913e-24
-4.711345291522501070e-24
-3.397111250914848565e-24
1.156422416183061898e-24
-1.077899536951775351e-24
-3.824531953205462811e-24
-5.476731791643146119e-24
-4.315691502335297913e-24
-1.010068340288713608e-24
-3.213387767770728697e-24
-5.327761861810675424e-24
-4.858859773834743455e-24
-5.961039726911166867e-24
-6.471562456129124585e-24
-2.404332985172594574e-24
-1.714400952756636075e-24
-4.620854061754564327e-24
-4.886985677035443763e-24
-1.788545501901609423e-24
-1.476527473509701888e-24
-5.852284760279862299e-24
-7.811868592976552424e-25
-2.406038868442789470e-24
-3.998996483242868287e-24
-4.674656310990059355e-24
-2.358788040162416517e-24
-4.094763619815457712e-24
-6.022289272016431558e-24
-5.139990699512478889e-24
-3.702971740962139351e-24
-5.595654305941143660e-24
-6.107178788157464794e-24
-5.210225844627965871e-24
-4.865416558164739723e-24
-8.505234098074182246e-24
-3.946368247916591833e-24
-3.683875964618535888e-24
-4.954698509546514578e-24
-5.032034791195168372e-24
-7.361875021252594469e-24
-7.910034382353596865e-24
-3.599355685003831218e-24
-4.087273805407819287e-24
-7.176696812346423102e-24
-5.371104079173619776e-24
-4.029607469437222435e-24
-7.217697158984757878e-24
-6.268827159481317195e-24
-2.696784056915603465e-24
-3.181900360327037770e-24
-4.008086389943778570e-24
-6.813972379284306631e-24
-5.190493767519233263e-24
-6.889839210513662245e-24
-5.107409095565760276e-24
-5.666863445330320867e-24
-8.951604651454473156e-24
-5.524060787090595070e-24
-6.547031841609484270e-24
-6.659934630459043636e-24
-7.521104375272699829e-24
-9.436081552192002374e-24
-9.457514492970034288e-24
-5.544434606456995079e-24
-7.068037580595204369e-24
-8.775156927029902169e-24
-6.746396171767786450e-24
-6.521981130640253979e-24
-5.813509256679144866e-24
-1.043807836379251768e-23
-6.702739414869257322e-24
-7.003714794407504380e-24
-9.805827413922159776e-24
-3.350301510620646515e-24
-6.164420113628690540e-24
-7.370648715859435975e-24
-5.920638655117918700e-24
-3.998107460988542845e-24
-1.105514114497495089e-23
-9.328978968244003697e-24
-8.439465852705954752e-24
-4.946138648289505173e-24
-2.171381412358946521e-24
-8.362985593138311193e-24
-7.936559885393618175e-24
-9.652735734393707562e-24
-5.356925885304037930e-24
-9.245036817137597424e-24
-5.151598253665048926e-24
-9.975748161394639581e-24
-5.002136292298700953e-24
-4.066100374785798535e-24
-8.376843506570439246e-24
-8.823985004876946248e-24
-7.512813665603700212e-24
-5.604070074769480021e-24
-7.305650711059516847e-24
-8.139536952913773220e-24
-8.220315863082818226e-24
-8.490429632051050158e-24
-5.459271698651271604e-24
-9.083836369739414270e-24
-7.811967523711442138e-24
-5.803763054484043173e-24
-5.575027915573577232e-24
-6.172123660272142695e-24
-8.400691871423110229e-24
-8.875233925709665501e-24
-7.827137027714525919e-24
-8.852074623310608161e-24
-8.479467394921896500e-24
-7.661125484730576276e-24
-8.237894330682912182e-24
-1.116254481162391951e-23
-1.027824559733668742e-23
-8.852300290249976317e-24
-9.065144077418543464e-24
-8.514074052876632825e-24
-9.264639674157082163e-24
-1.073222201114654719e-23
-5.151239384632878732e-24
-7.489102950877165159e-24
-9.850062606867847445e-24
-3.899246242904701110e-24
-6.814768884130658169e-24
-8.142348317790811562e-24
-7.171576010863029288e-24
-6.957311823870429240e-24
-5.271908230830487509e-24
-8.501216447957622896e-24
-7.054180228960019336e-24
-5.143840938512751289e-24
-1.020869257912075685e-23
-4.782374473432330022e-24
-5.435734918498972810e-24
-7.659010291407487541e-24
-5.343598456568300098e-24
-6.709521356408824933e-24
-5.978282150528349806e-24
-8.275062047157357173e-24
-7.392112611382945333e-24
-7.719057347486696349e-24
-9.384510429671684440e-24
-1.086918154407624270e-23
-4.886185479022985437e-24
-8.422676274740009458e-24
-6.872855834077434117e-24
-5.365116342806951386e-24
-8.071675302964906647e-24
-7.778917073148955251e-24
-6.716472869750971155e-24
-1.031220618210542736e-23
-7.088676355681897983e-24
-8.920658284456528865e-24
-8.622460793188566832e-24
-9.489835218596013686e-24
-1.065517287933484617e-23
-9.545307500148105463e-24
-9.984188200419480626e-24
-6.761924727887472814e-24
-7.414274874853547624e-24
-7.669946059779834906e-24
-4.930578286715375397e-24
-9.707243260404908279e-24
-4.699059320735307452e-24
-7.539389726135545649e-24
-8.693774632561212555e-24
-5.927353939444620738e-24
-7.617448754497808589e-24
-5.851609905729753168e-24
-6.726656654071354837e-24
-9.505900635513270984e-24
-6.641403850782562275e-24
-1.011236225592764963e-23
-8.318480754257373466e-24
-5.739794274298893380e-24
-1.005892982509634256e-23
-6.620748969876225137e-24
-6.889877103330628267e-24
-9.225225220676920884e-24
-8.226151346568150754e-24
-8.136990552278183359e-24
-6.352174720673854939e-24
-6.297872591488944192e-24
-8.199259111271113921e-24
-8.516523324811790556e-24
-6.738988604746888909e-24
-9.668365172086114313e-24
-6.660993358483148702e-24
-9.082928410878702029e-24
-8.619942096224997362e-24
-7.892550331527947366e-24
-8.234691718553946935e-24
-7.529932187486073907e-24
-6.524861341264269986e-24
-7.349450118700206758e-24
-7.452621477068298121e-24
-7.307682361154135548e-24
-8.362626660555312034e-24
-7.911847762489242767e-24
-9.086866133544954149e-24
-7.910091444753612472e-24
-8.951842893237250680e-24
-8.955686582182865038e-24
-7.057501296548374770e-24
-7.104780512490208945e-24
-5.889796663053748166e-24
-1.007811572590751173e-23
-8.111879830969771301e-24
-9.007135253204575989e-24
-8.728300155209619844e-24
-9.061998892075921338e-24
-7.973741970937147596e-24
-9.040159082202390074e-24
-8.772267712546229186e-24
-7.459289155472857229e-24
-8.672335705234729915e-24
-8.736714657173319195e-24
-7.529626771599927957e-24
-7.450888929925166317e-24
-9.580644202225331446e-24
-7.356284806503344853e-24
-6.458779692188325458e-24
-6.437876442312968581e-24
-9.229753409080628284e-24
-6.491842554064922492e-24
-7.250264693377174219e-24
-7.452682328405866285e-24
-7.314684195968171256e-24
-9.723749788045607427e-24
-6.555360322831187458e-24
-8.242581803530713604e-24
-7.424789278580010139e-24
-9.593892291534669400e-24
-8.283123959079798594e-24
-5.781831152843964304e-24
-8.021414477929558289e-24
-8.912428511517795726e-24
-7.252455419403220999e-24
-7.678040733531359261e-24
-8.665038692137375056e-24
-8.060900440479251088e-24
-7.369582976659845715e-24
-8.557155016715454210e-24
-6.814412327481373459e-24
-5.820780642672144723e-24
-8.701590804026281324e-24
-9.490912630211950229e-24
-5.719516674533976886e-24
-8.347917776793211581e-24
-8.687796473774828416e-24
-7.326899846748534166e-24
-6.518087929842695308e-24
-7.972310162686146741e-24
-7.387214090838344841e-24
-6.992586859741219449e-24
-7.878017633469734501e-24
-7.440540243523225358e-24
-8.365168146766554457e-24
-7.374679966394354867e-24
-7.547238437016005497e-24
-7.785591665684948171e-24
-8.231611945031440282e-24
-7.081491241553686144e-24
-6.626705547764943468e-24
-6.447121035615116946e-24
-8.934396850019700383e-24
-6.632620615758248141e-24
-7.992101235487680453e-24
-9.544335966238723344e-24
-7.909283270188566921e-24
-7.819811786461256264e-24
-5.478364104659206111e-24
-8.317436705188612744e-24
-5.561703772237358823e-24
-6.115273271646654707e-24
-6.361157211105091917e-24
-7.696821945829057812e-24
-7.655110777418085611e-24
-6.573920931395723893e-24
-7.354918065296320874e-24
-7.893340032818674061e-24
-7.603492696446740408e-24
-1.063811935531340965e-23
-9.562774851863260588e-24
-8.609532072974005540e-24
-7.560012076723964281e-24
-7.370696472290944739e-24
-8.534131913233343008e-24
-8.921767152743930219e-24
-7.869080540856592780e-24
-8.158901708533647897e-24
-7.061019451530284693e-24
-8.226780026565280033e-24
-9.223950833798413439e-24
-8.789556006719452799e-24
-7.232477693240830782e-24
-8.315065215187953986e-24
-8.255051129356175327e-24
-8.212569395284717634e-24
-7.928058985997985976e-24
-9.208262927052715652e-24
-9.262815692274189868e-24
-8.244615761946414609e-24
-6.016496284711052750e-24
-4.691425281872627245e-24
-9.082902755218449941e-24
-6.320937163597552072e-24
-7.294445142943630815e-24
-7.809085761983711073e-24
-9.424175911788417259e-24
-6.857146195257810742e-24
-8.104763451094562745e-24
-5.175411876720416475e-24
-8.505662859150896805e-24
-7.239028341755750464e-24
-8.308924827388441681e-24
-9.253090113471307263e-24
-7.870994341145650391e-24
-8.836002624706689384e-24
-8.050362676513987699e-24
-9.077704977537113475e-24
-8.157605750900370177e-24
-7.315512705823055989e-24
-8.616131968778463424e-24
-8.635860605451825862e-24
-9.343347956953339418e-24
-8.865519980505440448e-24
-8.462292131296845359e-24
-7.424255027561965943e-24
-8.388035630819069110e-24
-6.037574567720044901e-24
-1.002746362581948063e-23
-9.153072583706215028e-24
-7.720175729418074594e-24
-8.016814717787596058e-24
-7.780218052307121144e-24
-9.078363064880390447e-24
-7.516651447028667263e-24
-9.714863021304821233e-24
-8.071047117715075100e-24
-8.810659731851175516e-24
-8.356790999739589025e-24
-1.001675562367003898e-23
-9.311892406677089212e-24
-8.501632072915068487e-24
-7.807859529196826915e-24
-9.558593894531188331e-24
-7.462448103100263239e-24
-8.684313173575509257e-24
-7.576821574964967714e-24
-8.417148827836658723e-24
-8.416757418107658732e-24
-8.188671941005082952e-24
-7.494039374622787221e-24
-8.939766717095444422e-24
-8.344950558773903831e-24
-9.601542658391164053e-24
-9.514073680263039559e-24
-9.287846042605216389e-24
-7.787743276538980786e-24
-1.047867950952389491e-23
-9.539803279383406915e-24
-8.134870337370372319e-24
-8.283592206795261383e-24
-8.268077615344129543e-24
-8.762202040468551980e-24
-8.040640401578285086e-24
-7.852612383873524663e-24
-9.043589565507940606e-24
-8.385608875374782856e-24
-9.176144188402418921e-24
-8.654479218427502078e-24
-8.235350791866805686e-24
-8.173968607986787096e-24
-9.566633718180397991e-24
-8.991113776180488278e-24
-1.125687606498649669e-23
-8.167647929804347738e-24
-1.102218801603234887e-23
-9.607918042136587593e-24
-8.096550789843827688e-24
-8.451777055649761248e-24
-8.786179465815608509e-24
-8.591974478150866701e-24
-9.867657225488619404e-24
-9.113560532327330669e-24
-7.931875481296170904e-24
-8.511681128892642823e-24
-1.062517888347864927e-23
-9.286648833341703028e-24
-1.055563202778613706e-23
-9.972227757057485583e-24
-9.791390579777214504e-24
-9.117944314850327486e-24
-9.615439144071282110e-24
-1.014448431653667649e-23
-9.374639348856301130e-24
-9.879566933537724986e-24
-8.711154858147397888e-24
-9.247309516892545887e-24
-9.069453342205565758e-24
-8.155149129905857334e-24
-8.805424552850440220e-24
-8.972272863333062976e-24
-9.735804071762857843e-24
-1.049389969787756247e-23
-1.002803606841991151e-23
-8.962623188847712937e-24
-8.168940009291386377e-24
-8.526924983919402709e-24
-9.161473441627213870e-24
-9.718708710978303627e-24
-7.625462069202425784e-24
-9.198487708217957917e-24
-9.852212593393412789e-24
-9.093405221333381900e-24
-9.174250382805997208e-24
-8.679728739952072483e-24
-9.372168214986886228e-24
-8.955120440743006769e-24
-9.855867074233869999e-24
-8.980802157808876467e-24
-9.937413640637780069e-24
-9.811191804236093136e-24
-8.599512232916120072e-24
-8.179056175991867509e-24
-8.854519922867795704e-24
-9.104676765337720937e-24
-8.721416778789669437e-24
-8.212161846076639739e-24
-8.331032213228635228e-24
-8.625992966424144035e-24
-9.260095046159586467e-24
-9.606563927775694016e-24
-8.707651335886401643e-24
-8.512041754890542419e-24
-8.222941305839117648e-24
-8.879688639947712389e-24
-9.544461584440251934e-24
-8.652147281352576105e-24
-8.367446727038047479e-24
-8.786498340270361583e-24
-8.839047051501359873e-24
-9.145827230922680028e-24
-8.702822062766677195e-24
-7.433568773559374204e-24
-8.365582176673403065e-24
-9.280609898656550954e-24
-9.436816702050966774e-24
-8.531218409292069595e-24
-9.845399195757014904e-24
-9.357385911520792402e-24
-9.122852514860391627e-24
-9.215224778381478199e-24
-9.560504811947514755e-24
-9.441553327596602187e-24
-8.519171614890006328e-24
-1.001826235398823858e-23
-8.425426917921266247e-24
-1.017294057962006246e-23
-9.658397196756531386e-24
-8.718866543409776463e-24
-1.079380952645345025e-23
-8.843293463471737486e-24
-9.675882620087098569e-24
-9.040146099823748261e-24
-9.024354107232809692e-24
-8.527438609485414210e-24
-8.537518549865806990e-24
-9.300417918055368502e-24
-1.046226249525001114e-23
-8.415364847985448730e-24
-8.750400688893421632e-24
-9.926262844561362748e-24
-8.591633735482572814e-24
-9.105609559557003090e-24
-9.285317178646980681e-24
-9.795107083446784113e-24
-9.296797583403103875e-24
-8.342672868336435240e-24
-9.343545222086033162e-24
-9.283157112179019153e-24
-1.063563685217722225e-23
-8.065330576542411403e-24
-8.444883606939941657e-24
-9.269016979451248570e-24
-9.503371705604654999e-24
-9.027475630988052621e-24
-9.093233123874609944e-24
-9.210552605261892519e-24
-8.066483447376287575e-24
-7.039786392533971145e-24
-8.656774565875559748e-24
-8.813850375820369950e-24
-9.933133319586522339e-24
-8.492361310675670814e-24
-7.905536873942346805e-24
-9.182201748605998086e-24
-8.113542938302604353e-24
-9.731401658050847718e-24
-8.786472565615576025e-24
-8.862268333710975249e-24
-7.812347311774558340e-24
-9.388644853735076693e-24
-8.262392180780704165e-24
-9.372679751293642443e-24
-1.001984936400491239e-23
-9.267055814285727217e-24
-9.400438313831007580e-24
-9.796818069759745999e-24
-7.498380532165237014e-24
-9.661321494726391222e-24
-7.728861556606387925e-24
-8.033735641783983429e-24
-9.103747044956990762e-24
-7.847542734690385196e-24
-9.575802684834331054e-24
-8.703537524552187713e-24
-8.904758568775998008e-24
-8.005802335139694540e-24
-8.496311440423223391e-24
-7.601737812776722785e-24
-7.680922061999884644e-24
-7.437306501433798595e-24
-8.266255619710012393e-24
-8.871459163175384850e-24
-9.184727048375536700e-24
-8.181044772228302004e-24
-7.962260744894990603e-24
-8.428649144490244633e-24
-9.284186977309456320e-24
-8.945219918549314168e-24
-7.445311786741958304e-24
-7.565021140432678356e-24
-8.793844208854077459e-24
-9.086882323223058393e-24
-9.360686959814167491e-24
-7.956949190071355149e-24
-8.008739286208964021e-24
-6.717922829830262117e-24
-9.147864368531719168e-24
-8.807508536015629508e-24
-8.270156102205690396e-24
-8.352264750036168888e-24
-8.362094541534212212e-24
-9.426074020758382099e-24
-8.437352539665351088e-24
-8.499857214523254365e-24
-8.303152471426014244e-24
-7.564995728189179683e-24
-8.157560140488330796e-24
-7.395023389616451716e-24
-8.193057538167939269e-24
-7.854166968783181201e-24
-8.245830703910282385e-24
-6.923669119316332130e-24
-8.765383701057597568e-24
-8.648983871488806690e-24
-8.368807518639005122e-24
-7.172454429340904602e-24
-7.211489917957326815e-24
-8.443206289262346240e-24
-7.078546075252211729e-24
-7.939284149109161756e-24
-6.477927335404769559e-24
-8.279068110231303422e-24
-8.743938129534889135e-24
-7.745841348831541479e-24
-8.247735694863701700e-24
-7.617854622983180588e-24
-8.023685289375151160e-24
-8.330747546761869684e-24
-8.266227259818755547e-24
-8.032283069584583092e-24
-8.070832614120610392e-24
-8.049486720897306408e-24
-7.779806012402307103e-24
-7.812202910995853235e-24
-7.488939362792185330e-24
-8.337857627394403999e-24
-6.875519715315994182e-24
-7.383072734503482441e-24
-7.269297276812744200e-24
-8.289201078758859033e-24
-7.872159341242698048e-24
-7.689697333749987659e-24
-7.621537319734342718e-24
-7.851993251059778397e-24
-8.437112627825057383e-24
-6.562673992377244865e-24
-8.202350555748086818e-24
-6.627486683456763661e-24
-8.155645448854340315e-24
-7.525365987630458084e-24
-7.888200745955220981e-24
-8.137785989493713215e-24
-6.770802392124363413e-24
-8.292110239753990769e-24
-7.435551174133799889e-24
-7.882646415979364096e-24
-7.682438465396440567e-24
-8.345864552621442107e-24
-7.854327473723813901e-24
-7.426801122075809201e-24
-7.862108515769303379e-24
-8.188722540970875480e-24
-7.768118702615718847e-24
-7.297131907023170733e-24
-7.887718021051285054e-24
-8.188226953701401473e-24
-7.443480326438755764e-24
-7.839704444938832459e-24
-7.424818512790839262e-24
-7.771403894254359448e-24
-7.147901518621802631e-24
-8.131102972818180129e-24
-8.665173605986753759e-24
-8.106092364164050609e-24
-8.066533353420816605e-24
-8.875156506599679349e-24
-7.878180240683122246e-24
-7.571954391859002347e-24
-7.854786525066827785e-24
-8.651002408198262718e-24
-7.337998302927428564e-24
-8.795791310506401515e-24
-7.902743369472237548e-24
-8.520803840825592483e-24
-7.322036926335061875e-24
-7.787225174375375400e-24
-8.480475576333960994e-24
-7.217558038221854818e-24
-7.849739546338120923e-24
-8.189738176239397336e-24
-7.902711485254340296e-24
-8.056274408072671110e-24
-7.603071954627975334e-24
-6.932303539605996010e-24
-6.281378519218569845e-24
-7.577742490451134557e-24
-7.662338187104860272e-24
-7.761795934510419439e-24
-7.373765152412041389e-24
-7.300226929655570893e-24
-7.415096442840117597e-24
-8.914401490860615999e-24
-8.445273644403178290e-24
-7.750243724527924708e-24
-7.365798369613115560e-24
-8.177783790440768422e-24
-8.548974064450822764e-24
-7.401735737945786948e-24
-7.357844790227493671e-24
-8.372865379184604068e-24
-8.025785046877106911e-24
-8.595982046080633525e-24
-8.007901749552954405e-24
-7.416952479353594186e-24
-7.872580675591877862e-24
-8.231161847408122688e-24
-7.869906142068125064e-24
-7.547707736117146120e-24
-7.006961526971317161e-24
-8.811561649403129676e-24
-7.678933771494178842e-24
-7.960976129644886963e-24
-8.561193059836828330e-24
-8.619012948304007792e-24
-8.260048411794200078e-24
-8.612992326719425363e-24
-8.625908362846092079e-24
-8.410209704397045945e-24
-7.586328613438500023e-24
-8.749637503184385646e-24
-8.483900058719584416e-24
-7.329942378650569358e-24
-7.661555325036115775e-24
-8.083452514424037659e-24
-7.255911105159974337e-24
-7.407507509809419322e-24
-7.860596669650548924e-24
-8.314101050478645883e-24
-7.569633824833421008e-24
-7.604189046432022057e-24
-8.060838044612616503e-24
-7.068966670345063359e-24
-8.217772588619476506e-24
-7.541193531124236443e-24
-8.719291351554992774e-24
-8.058779695464588987e-24
-7.962050572885874666e-24
-8.248386442248522698e-24
-8.106386369209136429e-24
-8.005462724135682833e-24
-7.201937647227003556e-24
-7.940642504211944363e-24
-7.763633830516033820e-24
-8.317399194438934476e-24
-8.680143712855612055e-24
-8.087268346452197630e-24
-7.151151618625735417e-24
-7.239369642706995416e-24
-8.366959916782876402e-24
-7.798393631976731204e-24
-7.577314673322898453e-24
-8.271466210667453797e-24
-8.040171680307059011e-24
-7.797516141146006273e-24
-7.970705081314281533e-24
-7.704340717481718690e-24
-8.420027732372735112e-24
-7.053674728178953399e-24
-8.034011516426514675e-24
-7.417120152044223954e-24
-8.469570757152908184e-24
-7.747295653355385583e-24
-7.300109168823037627e-24
-7.275011400301742875e-24
-7.708923375635400841e-24
-7.203577295378377304e-24
-7.610957017722312530e-24
-7.041136836827964692e-24
-7.877483883998279523e-24
-7.049424621749969614e-24
-7.833353207712981322e-24
-8.054457274626462699e-24
-7.089133504578411751e-24
-7.406881171934405306e-24
-7.658076387605198145e-24
-7.379133264689714628e-24
-7.364236936026371850e-24
-8.295751933527345819e-24
-8.136534136264408290e-24
-7.565258570824424960e-24
-7.706013906681846374e-24
-7.494284101280802235e-24
-7.915507950229583072e-24
-7.757762226935523526e-24
-7.798094245481322025e-24
-8.114881569135291120e-24
-7.364535081327590387e-24
-8.241546687100192425e-24
-7.313315204579699651e-24
-7.823808559738714955e-24
-7.294170434363608451e-24
-7.164497304281429797e-24
-7.818005626683975481e-24
-7.694865254071426423e-24
-8.003873523884287954e-24
-7.683738631411380721e-24
-7.839889528073310988e-24
-7.752446785750661170e-24
-7.159078303284587270e-24
-6.576979395906313878e-24
-7.352217240432020658e-24
-7.698940560110993263e-24
-7.365795694164163450e-24
-7.968304021985980130e-24
-8.137288479847130987e-24
-8.065560108420109747e-24
-7.844889460073034036e-24
-7.171274462014207095e-24
-7.231645045650317135e-24
-7.841257405208714088e-24
-7.220375569438743462e-24
-7.973579923808235354e-24
-7.161836405629937594e-24
-7.649235538193480108e-24
-7.458176201341571044e-24
-6.960744451705239701e-24
-7.684828778334123529e-24
-7.792652676236909138e-24
-6.924918291229816150e-24
-7.871845333675816612e-24
-7.464998654157024727e-24
-8.086639186173044105e-24
-8.046537766434552395e-24
-7.128339617940567526e-24
-8.183209836990557737e-24
-7.116312674990676536e-24
-7.732767769807087893e-24
-8.139655808426534470e-24
-7.428462610887014219e-24
-8.129862456174982812e-24
-7.160110150924415400e-24
-7.205304195660802256e-24
-7.301476556802684565e-24
-7.523721485919421682e-24
-7.231987108331669778e-24
-6.958548050174687720e-24
-7.149702166706868884e-24
-7.427972361211506467e-24
-7.711867399667485815e-24
-7.873730643995496079e-24
-7.235737686000240322e-24
-6.918753109757442271e-24
-7.892818960631378806e-24
-6.940418289613276183e-24
-6.365331455349629196e-24
-6.751273976065330750e-24
-7.433639034810982210e-24
-6.346415466179282244e-24
-7.064515529374019702e-24
-7.067324831359489927e-24
-6.917342082256551935e-24
-7.263467718843181840e-24
-7.554706358043591171e-24
-7.469180143589972909e-24
-7.503904658036031095e-24
-6.426281739398579264e-24
-7.385747524046772155e-24
-7.441065468485812165e-24
-6.896188238211809072e-24
-7.026521434348039789e-24
-6.598264181535538263e-24
-7.424507730988273598e-24
-6.716575391312143044e-24
-6.855252360133776150e-24
-6.907607778445638897e-24
-6.844214167456562886e-24
-6.369917690955912741e-24
-6.968271047858147513e-24
-7.092725162772003845e-24
-7.088396252938645508e-24
-6.788848054298910406e-24
-6.765264976800629355e-24
-7.049592910720513906e-24
-6.913229684760693349e-24
-7.176070145288323541e-24
-6.361819778509346759e-24
-7.176324472383988499e-24
-6.456955556212579412e-24
-6.424764895910650535e-24
-7.260847845385899138e-24
-6.546006316632761543e-24
-6.715652233935163865e-24
-6.572046858131256395e-24
-6.013659297171460972e-24
-6.461321965529864034e-24
-6.817740915401837652e-24
-6.874029152674538399e-24
-6.688204352911021431e-24
-6.861519741046485943e-24
-6.621292650094788987e-24
-6.392913427007627047e-24
-6.801917270980397379e-24
-6.885434906709873872e-24
-7.168741805660377466e-24
-7.076396304774676335e-24
-7.085675522499791752e-24
-6.695137029094987813e-24
-6.839307433564236535e-24
-7.007932966995280564e-24
-6.347099538391463117e-24
-6.234520389468607880e-24
-7.207426881922273521e-24
-7.167991343265811682e-24
-6.328591290258087782e-24
-6.290316259253510831e-24
-6.316581315470173553e-24
-6.039717539028429436e-24
-6.396539190248597915e-24
-6.286687992652188946e-24
-6.260486439568824109e-24
-6.691128213514286733e-24
-6.538637977380616126e-24
-6.480350844263303379e-24
-6.417414549624641305e-24
-5.994703949419109940e-24
-6.216998445224876139e-24
-6.751978700530274055e-24
-6.184447013445207061e-24
-6.680632577215203092e-24
-6.049467053940844988e-24
-6.210258660125461605e-24
-6.061446770517143180e-24
-6.124548484667481209e-24
-6.325149115060530768e-24
-6.679613211694380814e-24
-6.351536745790513602e-24
-6.630751852758961589e-24
-6.398134297236297373e-24
-6.106870346107478596e-24
-6.593496917215259342e-24
-5.938173376346437638e-24
-6.529403406754382798e-24
-6.176446297910097365e-24
-6.080601026997361754e-24
-6.028404485621273528e-24
-6.439775942414524467e-24
-6.355056419352289051e-24
-6.266870396311567190e-24
-6.069757069461263241e-24
-6.189514087110952164e-24
-6.495933224308697318e-24
-6.285651256948962026e-24
-6.392955130061588985e-24
-6.637883463463042932e-24
-7.079833802362887463e-24
-6.849352033100922611e-24
-6.580503559702943622e-24
-5.934346073088066502e-24
-6.085627499980172528e-24
-5.912300562547354436e-24
-5.978003360132354819e-24
-6.462374335679615878e-24
-6.246266350318292911e-24
-5.528171212450289733e-24
-6.773942511654203062e-24
-6.324277985519533650e-24
-5.506451317629058199e-24
-6.090663076415253046e-24
-6.417227987364752006e-24
-6.449353584885461620e-24
-6.012989473247039236e-24
-5.992898838964653994e-24
-6.228726860327609824e-24
-6.223654820360159782e-24
-6.349650124168053337e-24
-6.433712076157270184e-24
-6.671190724985416565e-24
-5.739608751990870973e-24
-6.311268086432229245e-24
-6.575427720372732887e-24
-5.922775685679183301e-24
-6.309195802448391969e-24
-6.081613985537770302e-24
-6.228097688976661618e-24
-6.377130824041447501e-24
-5.890134164071098657e-24
-5.778386148115636381e-24
-6.384313860635303397e-24
-6.060845942197453895e-24
-5.855320640541584827e-24
-6.143075606602232482e-24
-6.354288333234827296e-24
-5.686244565845207261e-24
-5.810211354166525876e-24
-5.899224139699671023e-24
-5.820903063148701267e-24
-6.553333712231646087e-24
-6.138569052898518105e-24
-6.258106697421494753e-24
-6.326301750435258043e-24
-6.574784996177247862e-24
-6.540810245024779695e-24
-6.255176774870004907e-24
-5.580178989625463829e-24
-6.363496610975811508e-24
-5.827942236974362730e-24
-6.505197866867904557e-24
-6.699692918189431239e-24
-6.533496872078235842e-24
-5.994002894370936737e-24
-6.087185176120657504e-24
-6.135245070065391170e-24
-6.016833352065967732e-24
-5.916762359441712780e-24
-6.382477473257261009e-24
-5.960281024939462191e-24
-6.600636453551004775e-24
-5.868586632160424952e-24
-6.164031999581216446e-24
-6.332306574118865194e-24
-6.391957420036453799e-24
-6.435586940832555370e-24
-6.595393941108491170e-24
-6.036956704161595076e-24
-6.104878451855508783e-24
-6.490850097437905391e-24
-5.930147077349219626e-24
-6.023378752733954708e-24
-5.949178209987301283e-24
-6.072584578716628351e-24
-5.998762365287521995e-24
-6.055007044733644429e-24
-6.184300238254096132e-24
-6.241946229087681789e-24
-6.031021752013047584e-24
-6.091024805175638237e-24
-5.637042086873401550e-24
-5.782325039306941233e-24
-6.656457631179165003e-24
-6.012254684770743920e-24
-5.676661569250381070e-24
-6.016647740891753775e-24
-5.525298540251969161e-24
-5.934621214665097595e-24
-6.675351669337853348e-24
-6.180283110152739501e-24
-5.980571459283964805e-24
-6.311276760674537062e-24
-6.112814865683934442e-24
-6.062424521205027200e-24
-6.080210910714887460e-24
-6.053138648631326061e-24
-6.066055080816766610e-24
-5.952526216448596847e-24
-5.531148844574964786e-24
-6.070284337866059651e-24
-5.842482886801156741e-24
-6.230893139811448078e-24
-5.641840264552509299e-24
-6.105769632852060268e-24
-6.053114373835473447e-24
-6.203361824850820341e-24
-6.002964088352095143e-24
-5.914357859761640896e-24
-5.886123877171019408e-24
-6.307858658256772082e-24
-6.321684917865023030e-24
-6.353822709831253867e-24
-5.978488555613060877e-24
-6.067933731861841270e-24
-5.683401758265096133e-24
-6.018848544749543734e-24
-6.195983512518734116e-24
-5.879877690519064318e-24
-6.413217290687183368e-24
-5.652626481606949046e-24
-6.013448278071060646e-24
-6.348330834908967059e-24
-5.921876305117527997e-24
-5.815567552530697121e-24
-5.927692652864258580e-24
-5.821818198610903609e-24
-5.683332915458284775e-24
-5.675485462547103862e-24
-5.782539161720293256e-24
-5.795597683701228510e-24
-6.085186792322056223e-24
-5.423392782411566353e-24
-6.090247262549603566e-24
-6.360626002235120561e-24
-6.296525284790451584e-24
-6.314318079323683233e-24
-5.549019818884396626e-24
-6.059272275705248713e-24
-5.800702368318786387e-24
-6.113879252084154974e-24
-5.964679441071179488e-24
-5.720240657218122224e-24
-5.844724939783696416e-24
-5.663362529043037788e-24
-6.328558406258753636e-24
-5.852430826187588420e-24
-6.041037219056252729e-24
-6.131515348671624747e-24
-6.079711682439413904e-24
-6.113347507572438061e-24
-5.649396208055972218e-24
-5.368248360341955991e-24
-5.313575062095344802e-24
-5.592162861331235945e-24
-6.154515874292623078e-24
-5.466244361284351176e-24
-5.555018607800678537e-24
-5.895909674269404409e-24
-5.447222691323930828e-24
-6.084155541481313181e-24
-5.745618463946389041e-24
-5.640753826784800503e-24
-5.620526698250940305e-24
-5.972171449786071493e-24
-5.563444043587839462e-24
-5.917293224579752598e-24
-5.461063553215093792e-24
-5.374907099028729320e-24
-5.455810173809213968e-24
-5.072547257202835404e-24
-6.040012491306391783e-24
-6.092594960444344502e-24
-5.825968245049681053e-24
-5.385680006147374473e-24
-5.717787413530947986e-24
-5.594215816718057560e-24
-5.214908026656910616e-24
-5.825577613541009215e-24
-5.535030282177356398e-24
-5.679186946454308184e-24
-5.578878328591648543e-24
-5.527857805228648336e-24
-5.889800886278723805e-24
-6.024153985425103941e-24
-5.697865664150415747e-24
-5.750441879200779365e-24
-5.571549961403325671e-24
-5.468341482184534498e-24
-5.345945458914941844e-24
-5.779679126544874899e-24
-5.640107622950335904e-24
-5.439633816698070511e-24
-5.445085789828387138e-24
-5.608993239192915259e-24
-5.525409673634348584e-24
-5.511565300533891818e-24
-5.384216801080685157e-24
-5.178300706856452866e-24
-5.562818670963304695e-24
-5.639228044774966356e-24
-5.382028882842740638e-24
-5.633978594107464447e-24
-5.461272436842093526e-24
-5.589771247420292141e-24
-5.430259017877146193e-24
-5.621306932657906172e-24
-5.536495994250035237e-24
-5.522354694432569871e-24
-5.294660488758397798e-24
-5.206603294394641838e-24
-5.268896169183366845e-24
-5.291652116476374449e-24
-5.398880255648517099e-24
-5.143364911237581355e-24
-5.354177852207502212e-24
-5.172499573190153030e-24
-5.392511051005605617e-24
-5.451220630868713597e-24
-5.432557389191715257e-24
-5.087831766878659032e-24
-5.207862325276657217e-24
-4.960099313619999661e-24
-5.216754169964526403e-24
-5.145281762009234178e-24
-5.309973731327921503e-24
-5.190143122556352413e-24
-5.193799834373082709e-24
-5.435325756733254286e-24
-4.897271850482355694e-24
-5.008910946383255280e-24
-5.112177097660563841e-24
-4.877044674355900127e-24
-5.113752155171824853e-24
-5.163524220907108181e-24
-4.925130310982815692e-24
-4.854342481132762531e-24
-5.156242039318885478e-24
-5.173137380389865867e-24
-4.854608242334521368e-24
-5.040423725885973970e-24
-4.662521472681787863e-24
-4.688669323114982038e-24
-5.097073385633644819e-24
-5.378423625889274880e-24
-4.787550815333832369e-24
-4.993924987921003215e-24
-4.935873478429736682e-24
-5.139614861606687655e-24
-5.047819504489146410e-24
-5.329559932744215475e-24
-5.348536027423680689e-24
-4.834121679586591208e-24
-4.841061432921872515e-24
-4.329685685838297795e-24
-4.785548027506007328e-24
-4.712661736050824456e-24
-4.900373839492509864e-24
-5.227181610273926594e-24
-4.512838548968498123e-24
-4.772843428485601886e-24
-5.006242004235657133e-24
-4.884705228806682630e-24
-4.633023791380871727e-24
-5.027734363150765035e-24
-5.020828338040260996e-24
-4.642011349173164180e-24
-4.961371892978281873e-24
-4.912600446500945903e-24
-4.698989119065227820e-24
-4.737298575858864895e-24
-4.708117288853184941e-24
-4.950427252140707852e-24
-4.460223109153605783e-24
-4.659537033129235455e-24
-4.366949390222777776e-24
-4.542714355991666700e-24
-4.769943893979830708e-24
-4.670495811926403243e-24
-4.704562593008259512e-24
-4.501485531935783093e-24
-4.810674123516574363e-24
-4.692254483068245053e-24
-4.525229710863923825e-24
-4.184217800155452041e-24
-4.127548330350634399e-24
-4.690342542486279309e-24
-5.058501128299840385e-24
-4.756103196818014454e-24
-4.672921041588342330e-24
-4.665763894551191842e-24
-4.620982048696089037e-24
-4.501393533772005116e-24
-4.578011424578950097e-24
-4.644866761864853118e-24
-4.609085180896756124e-24
-4.648378233904201024e-24
-4.509387782973940072e-24
-4.821534626800000148e-24
-4.265321637503695960e-24
-4.656779391224245052e-24
-4.833053454923830603e-24
-4.544925944010332244e-24
-4.511444596690969567e-24
-4.579281062807642475e-24
-4.589020682227950343e-24
-4.554231554549901331e-24
-4.252829347855937310e-24
-4.538019344036150960e-24
-4.383767040033051016e-24
-4.564825498441979563e-24
-4.554328959979017942e-24
-4.453628961624539596e-24
-4.360830943585221079e-24
-4.350851637310606711e-24
-4.503382116065582263e-24
-4.524825258217530964e-24
-4.359491230807174987e-24
-4.364359819492291657e-24
-4.223242229632280711e-24
-4.247400372214372629e-24
-4.260269666372810366e-24
-4.385124328117748656e-24
-4.484104726502845678e-24
-4.576058926593971148e-24
-4.176905766817423243e-24
-4.254371489369826492e-24
-4.149406391161043308e-24
-4.368622504398267888e-24
-4.129622879427821131e-24
-4.180624190118443082e-24
-4.232396441828642464e-24
-4.017369216375232082e-24
-4.404244312785265693e-24
-4.101709638880884082e-24
-4.503603968713337267e-24
-4.289876569025431556e-24
-4.422597630169411964e-24
-4.494599651114945825e-24
-4.361676289111489075e-24
-4.555353158834166010e-24
-4.463490159923932057e-24
-4.349293563241062920e-24
-4.211367912312453052e-24
-4.411517396940719511e-24
-4.026705062760007013e-24
-4.328853327496896263e-24
-4.253821450955013517e-24
-4.252376474670432800e-24
-4.721921889584558315e-24
-4.469090247508333695e-24
-4.286873819252188378e-24
-4.300307211334940831e-24
-4.403604293318749078e-24
-4.177100445593143178e-24
-4.494891718495794247e-24
-4.044203302400149571e-24
-4.082487871130289904e-24
-4.297607125940928267e-24
-4.339266353671976530e-24
-4.119726665086946513e-24
-4.431633859401348388e-24
-4.278955114841417910e-24
-4.424050938769304537e-24
-4.010164822670613264e-24
-4.367185529634758883e-24
-4.233666930952433726e-24
-4.317324042204617886e-24
-4.176003799301294025e-24
-4.099255110978366263e-24
-4.455133588559493907e-24
-4.242928202463823737e-24
-4.347282073190299339e-24
-4.142298883543018744e-24
-4.230282668448590660e-24
-4.119509628661097391e-24
-4.107486616928507210e-24
-4.217723283348591593e-24
-4.140724191827464768e-24
-4.020205304564723034e-24
-4.035551752999041447e-24
-4.344672784017701558e-24
-4.192524090412862611e-24
-4.136791456161268235e-24
-4.130480156077903995e-24
-4.504887002106286155e-24
-4.166971604621295078e-24
-4.051543032067608480e-24
-4.117012998344486282e-24
-3.992570059284449269e-24
-4.203348037175525038e-24
-4.131236740242869165e-24
-4.162936184168555173e-24
-3.966776178457177946e-24
-4.209718393269574132e-24
-3.957805894157736258e-24
-4.072656131057535672e-24
-4.466181080850258658e-24
-4.457472502575495265e-24
-4.168599626393932107e-24
-4.223366268674960688e-24
-4.077432793765882532e-24
-4.159046524974548149e-24
-3.977219634128402679e-24
-4.227664533344745436e-24
-4.314875759540201822e-24
-4.063397190313330063e-24
-4.008117311917255217e-24
-4.152863583981740746e-24
-4.101946147752296449e-24
-4.308030416645740431e-24
-4.195448299902602179e-24
-3.919527353652664744e-24
-4.205524486499966740e-24
-4.025318868006394215e-24
-3.935689799919010887e-24
-4.182402856474383365e-24
-3.814825423214757583e-24
-4.069005272114208048e-24
-3.932754479001623119e-24
-4.104248426461377403e-24
-3.953600325366026729e-24
-3.839368960943268357e-24
-4.229311062681565075e-24
-4.254233678317026934e-24
-4.163847881269821164e-24
-3.821334685824703905e-24
-4.096985671147320961e-24
-3.830413506798914231e-24
-3.712940714714603616e-24
-3.933625344176398990e-24
-4.089191387176039757e-24
-3.936064928068604833e-24
-3.995791753005973230e-24
-3.930396386615854026e-24
-3.737295430921081401e-24
-3.711804382427508234e-24
-3.927226852128235135e-24
-3.998392039930574094e-24
-3.664942878059743146e-24
-3.932768628568815852e-24
-4.088210344960197252e-24
-3.927735988323177916e-24
-3.886682294044133719e-24
-3.805048520317408138e-24
-3.846338209401381967e-24
-3.811433547800525740e-24
-3.958556511321251654e-24
-3.553408603186295704e-24
-3.782858464521171774e-24
-3.882348269387850530e-24
-3.664903494261405269e-24
-3.977333148964858999e-24
-3.793551525664521173e-24
-3.666635729721432656e-24
-3.608469893967391276e-24
-3.747591157568762049e-24
-3.465679097090731459e-24
-3.801173356783510196e-24
-3.750432247161113365e-24
-3.954042483878924218e-24
-3.726073269239151695e-24
-3.764276960930914973e-24
-3.913724846998654797e-24
-3.631848732236965400e-24
-4.080099823135928790e-24
-3.637162378575778204e-24
-3.710402084937255476e-24
-3.623318692426929054e-24
-3.664331798449697373e-24
-3.648744201568302459e-24
-3.518875044605682339e-24
-3.732646634950394089e-24
-3.500746766092446889e-24
-3.776318400255179209e-24
-3.823904584791469733e-24
-3.678333023465527265e-24
-3.462092146298784929e-24
-3.576218558396057984e-24
-3.707194272148435259e-24
-3.587778522902696521e-24
-3.758404052172496788e-24
-3.660321800436458307e-24
-3.734241289769625660e-24
-3.413375264489357726e-24
-3.477649562143214338e-24
-3.673858997320110000e-24
-3.660422043951475426e-24
-3.268027281627621799e-24
-3.660872678652154400e-24
-3.560939285470691408e-24
-3.453622240071159582e-24
-3.611449906691563242e-24
-3.709775483492445555e-24
-3.595534884497231420e-24
-3.329067446229363943e-24
-3.465074324482851033e-24
-3.344941800889460982e-24
-3.449567244042734476e-24
-3.282737775692071175e-24
-3.292641538424685841e-24
-3.330427572924972399e-24
-3.493222704179471352e-24
-3.283640407233339411e-24
-3.409082253402083515e-24
-3.516892319409424205e-24
-3.290472674596120641e-24
-3.456984127983109618e-24
-3.317184992896431782e-24
-3.716447245215192210e-24
-3.383515861481667556e-24
-3.214852682348986343e-24
-3.356960002964226959e-24
-3.427894268798829173e-24
-3.253541014464000868e-24
-3.425662738537215065e-24
-3.459250407392850310e-24
-3.473717021352606276e-24
-3.477473052152480069e-24
-3.351762346764928702e-24
-3.280658884230502700e-24
-3.210505957076470874e-24
-3.138242041332212897e-24
-3.411498650077156584e-24
-3.177047115847742345e-24
-3.343348047486980816e-24
-3.196093011714346043e-24
-3.237867843468717869e-24
-3.351340837262743491e-24
-3.247333292301569022e-24
-3.254730621892268823e-24
-3.299977809588408136e-24
-3.185470181216033057e-24
-3.222199557688224771e-24
-2.987818180206080870e-24
-3.294652229196845271e-24
-3.171531370235440067e-24
-3.102308735055531603e-24
-3.358961461528510980e-24
-3.032849386818639452e-24
-3.308382733654570903e-24
-3.060582758491762741e-24
-3.287639333311811576e-24
-3.249157277509192805e-24
-3.111266711942006539e-24
-3.160935368029991199e-24
-3.110599806416887964e-24
-3.032522564927788761e-24
-3.051399097803839631e-24
-3.200658494530558069e-24
-3.036470610736259608e-24
-3.100544406181469300e-24
-3.155300674211158639e-24
-3.088824982140150092e-24
-3.015225271298137726e-24
-3.088046294231389559e-24
-3.000407988170447841e-24
-2.972417327176114759e-24
-3.149008491713857891e-24
-3.191324104355128802e-24
-3.038535624083389311e-24
-2.984168123326024904e-24
-2.986332014958113074e-24
-3.099108849118074292e-24
-2.922239199065581016e-24
-2.836862043122487293e-24
-3.014208621961625814e-24
-2.869092963609735097e-24
-2.833589756262079795e-24
-2.959638278969871072e-24
-2.788819592662227888e-24
-2.811550540745820531e-24
-2.803175176104857386e-24
-2.887231449105365941e-24
-2.926902652164207045e-24
-2.943175015082681140e-24
-2.723776695489522590e-24
-2.985477475477536459e-24
-2.973712005558871246e-24
-3.090089553046060356e-24
-2.959777916672966601e-24
-2.895151140508008523e-24
-2.719703328407756356e-24
-3.041672128409201841e-24
-2.762157136870693369e-24
-3.037914349983854148e-24
-2.875579955284147576e-24
-2.759322597583942424e-24
-2.814577603231223497e-24
-2.795854702885400888e-24
-2.822081379022237038e-24
-2.893127236253735518e-24
-2.797233839105950810e-24
-2.760478087193205604e-24
-2.688616415122951831e-24
-2.740940831875371223e-24
-2.679696820650465700e-24
-2.853616455334495562e-24
-2.664933445973201083e-24
-2.706684033203628646e-24
-2.813286977453211427e-24
-2.627337178167839988e-24
-2.643377468765668100e-24
-2.545972719275580375e-24
-2.715963120935632679e-24
-2.842392582531022831e-24
-2.696626115368270843e-24
-2.714296896814953780e-24
-2.691745181658606953e-24
-2.751039094086593173e-24
-2.718951283242497814e-24
-2.601219974763784405e-24
-2.690871315308498033e-24
-2.528030727055204696e-24
-2.554468873275016728e-24
-2.560092608465986074e-24
-2.516763003197462624e-24
-2.604090124574505918e-24
-2.696837940723414053e-24
-2.349159244059001636e-24
-2.742178178839498743e-24
-2.640506536903411980e-24
-2.608068643154344416e-24
-2.539651655949714218e-24
-2.724739120767082861e-24
-2.505950276874147888e-24
-2.606099258872882875e-24
-2.574475378146215343e-24
-2.535413219533158075e-24
-2.477444751064514720e-24
-2.580622326336755473e-24
-2.464490050345408421e-24
-2.478210982464103608e-24
-2.563463153258072613e-24
-2.545794143897798624e-24
-2.642646439078254716e-24
-2.421380001846278148e-24
-2.581033874113999430e-24
-2.557642368154073380e-24
-2.546487992181880022e-24
-2.613424177064827035e-24
-2.355828901827706085e-24
-2.447339051627693908e-24
-2.456721653609848049e-24
-2.517811218780292100e-24
-2.462670498346535727e-24
-2.571155822271288245e-24
-2.381284943665104521e-24
-2.427518585850241028e-24
-2.383160456835573639e-24
-2.572000639112104867e-24
-2.429020282971867378e-24
-2.621180506706645435e-24
-2.430015376492163711e-24
-2.388779808168185518e-24
-2.410585663874861040e-24
-2.396781044134114851e-24
-2.258688063440341588e-24
-2.403126988292724369e-24
-2.527824281700074608e-24
-2.415538779179566502e-24
-2.511603999319611443e-24
-2.321881736738182316e-24
-2.359939203804542992e-24
-2.431102352786890990e-24
-2.550287472653688874e-24
-2.281471858225608325e-24
-2.571849762377429166e-24
-2.281249786344672286e-24
-2.408634423729137024e-24
-2.412405148806792148e-24
-2.513239370176863488e-24
-2.518255177963215249e-24
-2.350087609949403909e-24
-2.320416746888248145e-24
-2.325833332376310971e-24
-2.210589232648964900e-24
-2.405184096311210493e-24
-2.272132217751194156e-24
-2.328003285930749218e-24
-2.182133209395028113e-24
-2.325466167032575562e-24
-2.389194675195655678e-24
-2.254885642657736798e-24
-2.135489013250152976e-24
-2.250969302885226247e-24
-2.320607849433980360e-24
-2.237597232720533166e-24
-2.319176433668601325e-24
-2.202771307787144270e-24
-2.477611963318392601e-24
-2.178165560425645317e-24
-2.204472233832123123e-24
-2.108283718183371298e-24
-2.339748321363937578e-24
-2.358620787672685031e-24
-2.307116576281625053e-24
-2.218148377883830281e-24
-2.234021584625831285e-24
-2.199155120697080031e-24
-2.256292726674692329e-24
-2.226470559910301813e-24
-2.192233470578292841e-24
-2.114341095155807561e-24
-2.362528412076302947e-24
-2.076421781370027900e-24
-2.250018487411806718e-24
-2.213811013248708977e-24
-2.338235021753851864e-24
-2.305355918904625408e-24
-2.242559907880721475e-24
-2.239484828205263679e-24
-2.107245702124549722e-24
-2.061094481399985520e-24
-2.131664344303967882e-24
-2.094105535498073799e-24
-2.182174469887805534e-24
-2.192515780926908612e-24
-2.227010863415035625e-24
-2.189713969273963734e-24
-2.185488379001369749e-24
-2.034743463115125047e-24
-2.023815068105414580e-24
-2.054803954797443509e-24
-1.977843572777718973e-24
-2.110275766224213491e-24
-2.227735626865697471e-24
-1.979070103910310605e-24
-2.074594492257630347e-24
-2.080430528590352389e-24
-2.060713355829656946e-24
-2.084804805292432318e-24
-2.143995546612013273e-24
-2.068040517889979547e-24
-2.122208988499849607e-24
-1.951189832709000805e-24
-2.053551944462146409e-24
-1.986526252788042476e-24
-2.088337365484786598e-24
-2.010172642325514512e-24
-2.076943077897145890e-24
-1.904318942258861981e-24
-2.137208263614766863e-24
-1.998182824563490471e-24
-2.089228970227732672e-24
-2.000910077400328240e-24
-1.932214174610401416e-24
-2.034062558890947430e-24
-1.995597420856957006e-24
-1.942313304067967322e-24
-1.988694155165906203e-24
-1.929626292797771078e-24
-2.009144857986145164e-24
-1.907475936903818773e-24
-2.082012593425630661e-24
-1.875547613160527948e-24
-1.965828924731931762e-24
-1.990565417587142887e-24
-1.826434149020910964e-24
-2.019405816581306876e-24
-1.944322116709907919e-24
-1.987140672595227789e-24
-1.996193705978501794e-24
-1.904752929693284528e-24
-1.878095343737797847e-24
-1.959146534608032629e-24
-1.873752514027501028e-24
-1.898345767599680336e-24
-1.851164787153183381e-24
-1.968001049460936546e-24
-1.892597090161149193e-24
-1.920455506055942764e-24
-1.916683186328616516e-24
-1.906329541023961117e-24
-1.838555480157049678e-24
-1.866104021020386655e-24
-1.847118899338924410e-24
-1.818035811071723721e-24
-1.838722415929445867e-24
-1.883663739553988481e-24
-1.810908203662035286e-24
-1.847269146493369247e-24
-1.878533537241048103e-24
-1.863927587513613669e-24
-1.821619876173218495e-24
-1.786222055891556336e-24
-1.824848481762656100e-24
-1.750029141437639473e-24
-1.738413664482460255e-24
-1.680642417846787583e-24
-1.767607493328935891e-24
-1.808082157641963942e-24
-1.708548476249995398e-24
-1.869134374136372046e-24
-1.806192112372977289e-24
-1.759818590428374920e-24
-1.782393148652176168e-24
-1.783536157898232306e-24
-1.732312990849059560e-24
-1.735837603438063948e-24
-1.783891316325479593e-24
-1.731382364250185714e-24
-1.764572722284225297e-24
-1.787634535851304141e-24
-1.707744533222771008e-24
-1.779857055073175401e-24
-1.671251470506864992e-24
-1.779720592128177537e-24
-1.794417867226317545e-24
-1.745378286663146181e-24
-1.732892903881768874e-24
-1.702577516414580761e-24
-1.722804947662427234e-24
-1.630456497901846053e-24
-1.583383179862375758e-24
-1.693701978113266609e-24
-1.634054041625637109e-24
-1.624576928636191787e-24
-1.722952312147131494e-24
-1.625401091570551708e-24
-1.660633405439610550e-24
-1.491825708834322938e-24
-1.653259428095438474e-24
-1.565660429772188340e-24
-1.680841991004678110e-24
-1.656590372956216330e-24
-1.620889226737435694e-24
-1.666557957224957774e-24
-1.670465641564816832e-24
-1.604796613778578662e-24
-1.594133016535988642e-24
-1.488277529049045085e-24
-1.522546138465952931e-24
-1.635374480837655061e-24
-1.569737302327956522e-24
-1.561809388072037501e-24
-1.612211269234464073e-24
-1.571472218585091483e-24
-1.638279742934720707e-24
-1.578302261905629397e-24
-1.568197366427075344e-24
-1.632870933875975632e-24
-1.586457331405709833e-24
-1.580031288271204195e-24
-1.508828202661677188e-24
-1.551388816140637868e-24
-1.626944998050753821e-24
-1.540773528552198086e-24
-1.580724266261339922e-24
-1.515840896204296153e-24
-1.479144368062090149e-24
-1.484244209082639236e-24
-1.468436744005037191e-24
-1.475010494973405156e-24
-1.480785357338724638e-24
-1.471225180059595582e-24
-1.509909134542432774e-24
-1.479982422862476362e-24
-1.506346627866818446e-24
-1.428662908033276184e-24
-1.564856542072232618e-24
-1.568943538888246557e-24
-1.348814138147426416e-24
-1.400865731048187760e-24
-1.451380185437746059e-24
-1.404222984562609115e-24
-1.428727151303324590e-24
-1.415386103797343105e-24
-1.404095722377587494e-24
-1.426872397240324016e-24
-1.389344133643789775e-24
-1.408844645345443134e-24
-1.415427863245548628e-24
-1.458573394394364449e-24
-1.385873301686676943e-24
-1.376729420559204750e-24
-1.378506656109389417e-24
-1.382201640529173153e-24
-1.355735308821360274e-24
-1.335497950282618949e-24
-1.417623080181801512e-24
-1.406819963744696211e-24
-1.318679671444081441e-24
-1.323208982469475667e-24
-1.281733451492613460e-24
-1.341709339495046777e-24
-1.329439055468875667e-24
-1.336687333817259232e-24
-1.286158166090677175e-24
-1.309613063246066122e-24
-1.359197760641399216e-24
-1.343113770199575573e-24
-1.287607467908876321e-24
-1.311698838105373348e-24
-1.253661218903231679e-24
-1.276195500607754022e-24
-1.331497016892198054e-24
-1.304518425883840812e-24
-1.343526122464760794e-24
-1.272137078226892777e-24
-1.343107816114918556e-24
-1.209706858755095207e-24
-1.197452024250887857e-24
-1.310916641716847384e-24
-1.284426909347060040e-24
-1.264160949921900287e-24
-1.263316930583114163e-24
-1.273000141562415199e-24
-1.328683086521888200e-24
-1.217286780470115796e-24
-1.282899907748905559e-24
-1.246511072481056830e-24
-1.173111792750359684e-24
-1.241523936469750767e-24
-1.211822210619586596e-24
-1.195268130537201726e-24
-1.269501836236279555e-24
-1.240504274876565193e-24
-1.158347371987633099e-24
-1.305064085655679514e-24
-1.233884552056023435e-24
-1.276914283628405708e-24
-1.166057973762229825e-24
-1.223355913741698775e-24
-1.234427946530964262e-24
-1.194433864903797018e-24
-1.209140217204549335e-24
-1.111709397389838387e-24
-1.182040213243907898e-24
-1.108761840451157699e-24
-1.284024741142480265e-24
