0.000000000000000000e+00
0.000000000000000000e+00
1.053243145953497011e-11
1.014765372700976577e-12
3.219578956911522653e-12
2.738876846606448762e-13
3.512745362929676607e-13
9.162473094681495240e-14
1.538844078086971266e-13
4.122527567098901543e-14
6.397430970243051325e-15
2.249288474140779043e-14
2.274847092859888213e-15
1.189209377542534398e-14
4.570645446811897005e-15
1.974219195089177676e-15
5.725990919901460639e-15
5.838592130923390572e-15
1.581047574476304794e-15
2.915408934494172893e-15
3.361524327595846848e-15
2.978193522374789768e-15
1.306767922870143902e-15
1.076735466859894839e-15
8.105266620455448134e-16
5.193947479724889079e-16
1.232254524066840293e-15
4.512342187259945361e-16
8.912286900794512380e-16
8.629284742494554302e-16
6.286960117919153634e-16
6.002605078217378302e-16
3.127538243907617914e-16
3.359054485604157214e-16
2.698913731189666762e-16
1.477551860455000010e-16
4.325345889712236772e-16
1.773973110814018116e-16
1.617573460274726916e-16
2.582154046955818032e-16
6.093678615811007684e-17
1.370946813134794846e-16
1.118622265137083375e-16
1.244205191576420866e-16
1.110181187836751862e-16
9.321144907882057111e-17
6.121953220164064949e-17
7.245051624471054429e-17
2.595923644043288311e-17
4.393789312708797530e-17
1.142327587544886734e-16
6.349463965682154463e-17
6.591680748095993208e-17
1.799957436841573174e-17
2.203934401444817813e-17
3.592045196228571372e-17
3.971689773616868378e-17
2.585042855129927793e-17
3.459551850842352298e-17
2.021353055804417826e-17
2.528762970324276266e-17
3.164850406281658436e-17
3.142999304581485841e-17
1.021859391200099477e-17
1.950025668251274010e-17
1.995427910049129094e-17
1.053533183110652058e-17
1.260245538240043722e-17
1.672952680487718810e-17
7.326056953188829854e-18
1.315868406350911075e-17
1.316016917797573929e-17
8.282090366062492425e-18
1.151796302754553853e-17
9.246956031843821907e-18
1.161433661613179589e-17
1.357777617297374606e-17
9.640768900551197728e-18
4.762602392424562844e-18
8.521065228610362110e-18
5.391670490615489700e-18
7.109361145619289481e-18
8.775719084211749238e-18
7.282574685041216080e-18
7.571247462639448277e-18
6.909482735037235757e-18
4.399406741519583533e-18
2.731669684914915853e-18
3.424592914613653065e-18
6.144271024662730888e-18
4.227420626034162443e-18
5.274050209082362185e-18
4.364197929809837997e-18
4.862584722568438968e-18
5.147901961642679214e-18
4.576626539017119826e-18
2.113359442965238676e-18
3.229878705703162558e-18
3.807740422834591947e-18
2.768147629836914107e-18
2.232663207504940010e-18
3.147556172579591750e-18
1.508823072044783063e-18
2.191951893998317222e-18
1.758378355046454217e-18
2.995865700422971127e-18
2.076347998421600979e-18
2.183671176634559118e-18
2.602454710063589611e-18
3.001529516916495048e-18
2.273516679144678146e-18
1.222084922566741121e-18
2.249798016130009156e-18
1.880651591950595974e-18
1.470071293639604197e-18
1.719879837842148806e-18
1.496130756654043939e-18
1.621610800518464836e-18
1.729541835826028043e-18
1.539586776021725770e-18
5.307686138886105616e-19
1.762671673697612088e-18
1.127627893351972028e-18
1.094167768486232966e-18
1.056764307478659428e-18
9.059921426846142723e-19
1.150171783644600767e-18
9.023180341214695983e-19
1.090880450596013668e-18
7.180891917664834641e-19
5.426118212774143751e-19
7.471329022894896626e-19
9.800522715884186774e-19
3.690734460419442805e-19
7.420089994159143831e-19
9.312607003628737916e-19
8.258079777278607936e-19
4.721962585668880481e-19
5.418225860861565768e-19
7.299189601366525283e-19
7.155627224584498682e-19
7.613807392209448948e-19
7.451025781395969165e-19
6.111914199042570309e-19
3.992344303461521954e-19
2.223909706940436965e-19
3.936858566665858239e-19
5.184369789480706883e-19
5.235026408296516593e-19
4.374893704766010506e-19
5.667421653637758228e-19
3.552966126889359001e-19
3.841179817240530531e-19
4.196214650971459049e-19
3.411337273219112923e-19
5.735875793257609839e-19
3.774480325139748806e-19
2.902465539265363733e-19
3.228186169650455846e-19
4.323176882588980925e-19
2.331637398337484155e-19
4.626062594273173761e-19
3.257190121395941328e-19
4.085766453502587701e-19
3.703934101781042891e-19
2.410912548618552976e-19
3.476211766070038306e-19
2.250555649000504077e-19
2.740994924696258128e-19
2.846436436882162401e-19
2.516400831376672957e-19
2.913277721463830465e-19
2.434636637321956267e-19
3.407175230569167421e-19
2.908835423069537822e-19
2.470437592953272399e-19
2.913904482637031339e-19
2.377275789644088514e-19
3.052066823545511126e-19
2.416982285422089323e-19
2.117228875546898912e-19
1.964490366273276459e-19
2.017449403671892496e-19
1.571768721941030276e-19
1.481477901474278233e-19
2.216337932897454674e-19
1.208236107694537551e-19
2.221928082826152228e-19
1.062727096935622751e-19
2.263988876951057350e-19
1.939058517592430899e-19
1.680795129151989749e-19
1.685067739511018096e-19
1.520044902907535278e-19
1.180288493361077026e-19
1.701855587987201831e-19
1.557535780462039519e-19
1.514300687205527532e-19
1.575173010709234559e-19
1.494058531375613996e-19
1.021811433363129541e-19
8.662882583737140411e-20
1.300623191853482963e-19
9.897011166585122999e-20
8.160765666779801981e-20
1.355575427978277549e-19
7.978799028990531301e-20
1.462323745919511303e-19
1.137332136576482768e-19
1.007607767645333733e-19
9.019456672009041529e-20
1.171868549312351080e-19
1.116812400822222571e-19
7.102954496439403589e-20
1.128916391842319635e-19
1.256726577346127473e-19
9.557052086288382242e-20
1.382194215486389346e-19
1.031828662402424969e-19
7.371405230374141066e-20
9.255225403555069327e-20
1.195833020835274238e-19
8.702775934038752043e-20
4.811327356710791506e-20
6.536667475318025891e-20
6.433796399912052020e-20
6.696415154735376344e-20
7.912965525162265754e-20
8.135646091112168494e-20
8.497324934703607398e-20
8.487521272725472677e-20
8.729125376587790972e-20
7.986450755984754018e-20
6.225152407832981176e-20
8.041884056703446090e-20
6.218469711911161800e-20
7.039124257987755997e-20
5.789850054343164199e-20
5.358405449224564752e-20
3.005947990604478737e-20
5.161618326308315712e-20
5.226645449815729938e-20
4.237910036277326182e-20
6.451532992415186493e-20
4.993601138068100352e-20
4.817778726880921738e-20
5.861553558667367649e-20
4.822788713226748875e-20
5.953404443783644471e-20
4.260203885585617649e-20
3.183267867561665163e-20
4.358074930776529283e-20
4.181270836601762478e-20
5.160719233751859671e-20
5.653642729373759001e-20
5.226080451486863020e-20
3.955423265785440740e-20
5.523652192171201539e-20
4.472974116482663169e-20
2.883986810198755839e-20
4.373439504454763995e-20
5.227990983658012178e-20
5.177103599399690050e-20
2.118736756995995325e-20
4.412684337382541828e-20
3.797743405807927570e-20
4.349288182789257211e-20
3.640177881025107511e-20
3.731130651419822021e-20
3.153964460437153547e-20
5.076221202878486022e-20
3.455188115929628163e-20
1.516939647952575955e-20
4.622525458154329043e-20
3.170306310972136465e-20
3.604241200483085125e-20
3.406489132523045160e-20
5.234801245388734843e-20
2.813308347328401267e-20
3.702893097039909720e-20
3.350338890145963429e-20
3.519388697488296843e-20
2.877948683361926632e-20
2.444412822391805234e-20
3.072162648148930367e-20
3.264766863247266973e-20
2.623597803634492697e-20
3.583429889760902455e-20
2.085540100224742311e-20
2.840371632301502964e-20
2.507031405326826611e-20
3.444631006795608188e-20
4.178569527286134575e-20
2.166877572824670307e-20
3.173825149111459590e-20
2.819989587958949820e-20
2.978302217731075183e-20
2.736088704587532665e-20
2.404867487075466039e-20
2.492049400912005370e-20
2.192837451388726038e-20
2.465193954437743041e-20
3.139200354844329481e-20
2.776813256339133904e-20
1.677052629725954253e-20
2.417034086564115722e-20
1.865293110279758312e-20
2.890585797503919503e-20
1.910718166282010471e-20
2.387124538771523586e-20
1.921547407109597432e-20
2.299670097081206628e-20
2.118942660535605912e-20
1.798086336486950603e-20
2.252879649626526714e-20
2.507516405137398699e-20
2.761581035240368385e-20
2.376906638599604766e-20
1.965726741122568878e-20
2.258803106658289715e-20
2.223276078111513831e-20
2.373118648581959113e-20
1.987462138973748458e-20
1.567858466986773479e-20
2.175757972713436743e-20
1.894945244977326406e-20
1.408475618258652106e-20
1.274275857071059847e-20
2.389946944189501748e-20
2.245277229297093960e-20
2.015196888964126861e-20
9.890368028232963259e-21
1.792318058982259929e-20
1.827673524274859438e-20
1.524317663333626426e-20
1.547268470034917989e-20
1.728195488303031964e-20
1.234409400957724237e-20
1.582087404997641269e-20
1.449703465419338192e-20
1.802866070662699069e-20
1.777349948290621289e-20
2.137656689834478948e-20
1.429946675034751850e-20
1.889319505097781462e-20
2.257447400719978444e-20
1.505962670429003714e-20
1.812510567373587468e-20
1.587854477220659964e-20
1.008321897421028164e-20
1.082929230779585904e-20
1.579353892285239795e-20
1.053086886221233993e-20
1.623334467704628362e-20
1.405179644719248779e-20
7.606228687771507829e-21
1.411376178437127511e-20
9.464106427425276009e-21
1.494285032829860282e-20
1.675923563382971778e-20
1.698236076826451994e-20
1.249745706664305816e-20
1.818431513394821813e-20
1.191852669715412909e-20
1.313869546848088569e-20
7.060497962724439217e-21
1.166045603608538577e-20
1.333792334905714821e-20
9.576554383263348630e-21
1.143641274163226160e-20
1.060022893845498496e-20
1.188733546130449631e-20
1.315729464871238781e-20
1.060021654827026704e-20
7.435877487078171064e-21
3.894214063083496499e-21
9.861744152160491083e-21
8.807276665367151516e-21
8.056669515081098044e-21
1.162358881699908422e-20
1.418690438733513550e-20
1.314076949835511660e-20
7.630455950556753062e-21
8.612624964252714192e-21
7.898951046851320600e-21
7.425624237876170874e-21
9.253489977702572264e-21
7.444422674545800909e-21
9.356215747699019647e-21
9.732863920794331916e-21
6.663546917937494428e-21
7.021296023670011030e-21
8.409640359788520551e-21
8.561106661357102618e-21
8.175259908984637908e-21
9.844689098082516132e-21
7.739857951095338343e-21
1.122008388525456693e-20
9.618801639109543367e-21
9.948505166859760867e-21
9.817371192351749649e-21
9.174942524940862368e-21
9.848644831876701743e-21
1.116309909946048069e-20
9.426968265096502858e-21
7.600190121489820214e-21
1.144225999631153157e-20
1.001698640039112957e-20
6.830415108632192751e-21
1.016553562892027995e-20
6.416846273821418805e-21
7.446726559622459744e-21
6.765824115467164276e-21
4.794044641084821017e-21
8.324460379145597904e-21
5.215572315506676869e-21
8.127237253454253705e-21
6.336905299371532154e-21
5.356550513223349978e-21
6.252589007797522833e-21
8.537354544941484553e-21
7.260158245720910018e-21
6.904469860023121175e-21
7.663853706332316284e-21
6.340728738953997404e-21
7.569732110554491529e-21
4.590737089555461544e-21
6.516177859929529672e-21
8.446788070020097620e-21
5.711843829946603791e-21
6.220947519317558120e-21
5.286098604194485311e-21
8.221753134251343737e-21
7.707177337340065707e-21
5.957060786889618160e-21
3.614450569265519702e-21
6.610413636591439236e-21
4.221989738678030355e-21
6.785770177258840593e-21
5.060830031612828150e-21
5.148284071878461387e-21
6.272292738808474215e-21
4.741885411267247552e-21
5.880037129001403197e-21
6.161257321579549136e-21
4.175298516740760429e-21
5.965018135765014927e-21
6.091141734886924472e-21
4.529666035790775855e-21
5.604295416823780913e-21
4.850883868902780109e-21
4.653380608571469861e-21
4.941499015383108138e-21
5.348343352744804633e-21
4.333234184851923546e-21
5.248273683990030379e-21
5.682160607364106070e-21
4.156372825075657541e-21
5.344669703440707261e-21
3.771623535830814201e-21
4.405466667766454381e-21
2.669210796727476822e-21
5.152657491721472017e-21
4.649862602502238178e-21
3.542306724836433516e-21
5.400549122347181885e-21
4.095299169837092302e-21
3.298445224385467812e-21
3.157326105677935728e-21
3.903149699534688815e-21
3.711742191996434470e-21
4.241322922387511343e-21
3.229744368486499850e-21
4.280083002484884404e-21
4.221721669355707973e-21
4.815561794482078382e-21
5.101112165284603483e-21
3.677636731469790143e-21
4.423062055992368251e-21
3.522326383496045095e-21
4.097868170647566919e-21
8.131454884989024769e-22
4.602311535567558990e-21
4.005656421370526200e-21
4.618432024070740698e-21
4.522542564268358308e-21
3.694823753810235683e-21
3.201203770999426887e-21
4.126960475557806180e-21
3.960478446686042452e-21
3.591000018014485232e-21
2.740808019685960106e-21
2.620841512331847477e-21
3.753630523922073143e-21
3.503026754312368885e-21
2.893827664909968084e-21
3.089614425121426664e-21
3.806690390089508527e-21
2.445609836601886737e-21
2.576659186417695262e-21
1.636572517419310939e-21
3.198902087997619983e-21
2.713743089536184478e-21
2.630200436145958488e-21
1.922945526366996607e-21
1.930911662467881431e-21
2.088143940409703135e-21
3.506213015905896377e-21
2.796231510572466918e-21
2.562717903055700794e-21
2.301380207173501598e-21
2.882338609373742293e-21
3.693765450464954936e-21
2.623628234139414551e-21
2.981659454958607508e-21
2.425891671325592733e-21
2.121197988722664188e-21
1.708985118934216740e-21
3.055260592352660662e-21
2.112342665706054974e-21
1.556314464855247856e-21
2.246206311995172816e-21
2.092739558578590953e-21
2.574976291926808039e-21
2.054007053180268567e-21
2.310910409549176504e-21
1.764457378994016671e-21
2.202400861626733272e-21
1.322821394794355795e-21
2.592297463142369774e-21
1.119615122106531332e-21
2.540499628519597961e-21
1.548178248016610814e-21
1.874132545888163164e-21
2.515425915527398497e-21
1.836283928768996170e-21
2.080660493641680750e-21
1.685408647195897157e-21
2.918242482533252435e-21
1.272946413044751518e-21
1.845343420132062941e-21
2.197897914575554843e-21
1.906596832560917349e-21
2.014478230921811921e-21
1.679820668073805009e-21
1.595988422666801307e-21
1.734692782121862097e-21
2.397328094947173548e-21
1.892967966103391764e-21
1.445698103231800622e-21
1.722708648791100835e-21
1.383292481915312447e-21
1.271469076523658185e-21
1.973694103921613665e-21
2.009769480561125282e-21
1.746151687079157797e-21
1.746715699418837565e-21
1.579823582235801574e-21
1.549468742083686997e-21
1.975074395835631085e-21
1.823405204331064598e-21
1.490984302773448963e-21
1.462093212956670070e-21
1.663830968198370035e-21
1.258259483051518494e-21
1.396889130677584246e-21
2.051524557030280807e-21
1.020428219313786115e-21
1.666348790222817745e-21
1.308031083049560388e-21
1.585245311397425122e-21
2.142203982257958757e-21
1.705321125515430391e-21
1.568257764475073058e-21
7.128029643363870500e-22
2.138407777190199258e-21
1.418893994277453381e-21
1.987720308820376431e-21
1.231060102904338758e-21
1.858075361883300656e-21
1.359830215581834536e-21
7.289125067854484237e-22
1.417425335252957568e-21
1.570725992630122672e-21
1.528480627263995101e-21
1.998787345015727032e-21
1.388638187905164339e-21
1.867708353184693547e-21
1.040499772181220847e-21
9.724892725278803534e-22
1.465272293582219519e-21
1.171520982897923080e-21
1.367751021369072589e-21
1.123540499477782950e-21
1.149664856371064323e-21
1.597263323373453073e-21
1.205332121274682592e-21
1.173591878168723310e-21
1.094268115189953050e-21
1.492287108062249819e-21
8.800854677232519820e-22
1.328261550725538944e-21
1.156994960056411760e-21
1.210851287470385285e-21
1.412342329558787496e-21
1.150595561757659400e-21
1.040123378735142161e-21
1.212790211943126215e-21
1.144536039984210907e-21
1.315433595541401677e-21
8.751316039384056632e-22
9.249842866658948537e-22
6.380537063939338662e-22
1.044010698978057508e-21
8.738334156415937371e-22
1.248919185645504711e-21
1.199474605136521251e-21
1.171682039941637453e-21
7.873278665334386336e-22
7.776701309455179247e-22
1.159707942403553822e-21
1.062623816383640001e-21
9.034827526869476568e-22
1.102265850623501605e-21
9.541858514905384079e-22
8.115526035498142512e-22
8.916083156021937611e-22
1.031645433469168601e-21
1.076572409060300997e-21
1.137914628373405381e-21
9.132100271094839185e-22
1.442233824696370677e-21
7.495774409830447437e-22
1.033097431679020331e-21
9.271298077483151020e-22
1.064286776811114271e-21
7.910737683674543490e-22
1.128247997958505597e-21
7.725893922663343189e-22
8.906865971555334660e-22
7.127307044651589150e-22
3.272108938439354985e-22
8.646365599850799409e-22
7.043493838315200874e-22
7.379587754122258903e-22
1.160545208735592907e-21
7.383261591563741315e-22
6.370310525119603092e-22
9.432520781223637798e-22
6.543845688453570487e-22
7.917657208739751551e-22
4.984055004767371466e-22
5.316129423805930211e-22
9.487934166488202704e-22
6.953992556353435900e-22
4.548574910507475697e-22
8.932660770496909956e-22
9.112774494856082724e-22
5.762790117677139590e-22
1.033784408524174936e-21
4.293773144859346950e-22
9.006368896425581298e-22
8.376283083917739561e-22
7.547525731378040230e-22
8.422388281893211819e-22
8.846092299390103307e-22
1.017781733148662704e-21
6.135907516062665793e-22
7.742329286281332496e-22
6.061851193392111997e-22
5.124229912889994357e-22
9.113335999937245844e-22
9.553453630667829942e-22
7.137183594849422396e-22
7.679868156591321515e-22
6.403093157657891523e-22
6.577445175957245302e-22
7.887708813443864573e-22
5.784694506177262473e-22
7.652765162883473690e-22
5.180895807453034154e-22
6.838747278717581825e-22
6.587176778474753226e-22
5.328012454733809382e-22
4.245082607969704271e-22
4.268297201529985288e-22
9.089071412996062860e-22
7.649183313311409833e-22
5.872424597734195119e-22
6.440614820176039812e-22
5.224928499222771174e-22
8.293902438310544932e-22
7.286955134624169197e-22
6.902556899266146795e-22
7.005789999929048460e-22
7.461761435157650482e-22
6.696797945222351223e-22
4.994311742899932633e-22
8.113723573196532081e-22
4.350267200655670792e-22
5.755744263503826119e-22
6.740318574352137921e-22
7.366825635368339595e-22
5.636494838359383173e-22
6.355886826152677663e-22
4.524348843019078363e-22
6.401217938897485705e-22
6.345679809111970812e-22
7.773479288295101864e-22
3.673610174318432624e-22
3.806975556637084451e-22
6.921608853923820717e-22
4.507221772873558150e-22
6.217292776903070502e-22
5.517100286925317250e-22
3.947962444410754840e-22
5.824134852286384179e-22
5.835833368970909131e-22
6.006070335226050750e-22
6.488297874586915400e-22
5.939832075599100116e-22
5.422631449247092296e-22
7.047327169268003224e-22
5.075292595167028537e-22
4.853818299757039403e-22
2.965252176202790177e-22
4.730041027903917430e-22
8.267601996143681101e-22
3.522422250700935425e-22
5.497809087551516044e-22
4.931651379494396710e-22
6.698024706345545213e-22
7.066854264098049949e-22
1.867713923480315313e-22
6.696427650092418980e-22
2.397787796216797762e-22
6.247663723218847287e-22
3.305215797037126169e-22
7.115695377924849718e-22
3.181250652823052464e-22
7.507961552004181799e-22
5.455427804613212252e-22
4.320010291468942355e-22
4.974581345181483250e-22
4.923348671919168562e-22
3.603989794030687963e-22
4.015676262052800213e-22
4.213678912770332085e-22
2.942272710340225773e-22
4.560548756107271794e-22
3.471420329601063534e-22
2.347520719045498455e-22
4.477277659842548266e-22
6.355080568037199396e-22
3.827374565105600415e-22
5.349759868322146693e-22
4.464504908866526305e-22
2.131660891867505981e-22
4.528832489558207803e-22
3.211338009314654724e-22
3.930901953878573169e-22
2.477829956419792518e-22
2.695465047898042652e-22
6.393278685503850737e-22
5.577062734790077292e-22
2.102749622062432803e-22
6.882662356847394392e-22
3.036604465165840271e-22
2.075513264018294277e-22
7.299547690933230685e-22
3.740999789191907883e-22
1.890475911793322898e-22
4.910585721618466268e-22
3.796199078437285386e-22
4.933916709049364748e-22
3.960447714019408010e-22
1.964341907642067300e-22
4.451613452619794312e-22
3.219183936675332308e-22
4.339633094527845166e-22
4.042975291786376926e-22
3.755092302392667932e-22
3.210194506868026900e-22
2.984142241828144304e-22
3.460204306483434651e-22
3.862833753352565729e-22
3.861977399356760285e-22
2.455999702656158584e-22
1.303781357066882744e-22
3.918012809722918475e-22
4.116266966907932879e-22
2.255112594300546483e-22
1.729598059606122230e-22
3.497762078583224280e-22
3.958723599847274045e-22
2.729388298012553182e-22
4.738452746289646665e-22
3.519024545168649681e-22
3.580724477811999642e-22
1.364413198448905006e-22
3.865870408362655990e-22
2.739459890104050170e-22
2.009303541747379656e-22
2.461926332309913898e-22
3.498541872956422030e-22
3.463319404872511169e-22
1.784396113677305114e-22
2.147428599552111040e-22
3.460226105386198141e-22
2.877686856449946654e-22
3.203557622532214101e-22
2.526790782120354422e-22
3.566367322342001460e-22
4.134487931179575251e-22
2.708755242795412998e-22
3.148150950005428319e-22
2.434885926463753036e-22
3.138587295354545639e-22
1.292371526821979814e-22
2.950575862541701731e-22
3.075558869630558112e-22
2.439905739701875228e-22
3.186708606444087180e-22
2.339614643126115343e-22
3.422283528281468062e-22
1.771449478974458637e-22
2.690780408124466918e-22
2.257278736542176942e-22
2.852977261579745288e-22
1.931289551508809387e-22
1.757344986672537619e-22
2.035771317168862436e-22
2.511464118924881148e-22
4.651733867204661907e-22
9.120891639281864134e-23
2.129326793645036588e-22
1.492492238280491829e-22
4.076750672934621300e-22
2.180266386467233227e-22
1.968457716907008854e-22
2.215734113031133063e-22
2.118240039077546302e-22
1.048223686123423302e-22
3.322773422540329433e-22
1.924550851651293549e-22
1.405562323179707507e-22
1.462812069833792152e-22
8.778791479592464288e-23
1.669871436251138930e-22
2.159560261121725395e-22
1.309566321267076897e-22
1.362977348900915467e-22
1.528411089940993296e-22
3.313319378628622156e-22
1.495818580653513426e-22
1.968192633856635698e-22
8.944485133773564994e-23
1.507218201288070701e-22
2.868373655945937712e-22
1.562871121600600457e-22
1.865583986782151943e-22
2.196082274824323527e-22
1.258673003546892283e-22
9.608227693518665470e-23
2.627190502697064752e-22
1.288076150430633391e-22
1.340796542749919436e-22
1.598461706079997376e-22
2.235182930101604815e-22
1.476434840104668506e-22
1.462153932485512235e-22
1.595854469117613451e-22
2.392334854889912734e-22
2.576571295106230190e-22
1.526753977460296658e-22
8.571704928345126277e-23
2.108249315318567272e-22
1.397337900938747853e-22
8.525431846213048534e-23
1.411937680146712164e-22
1.997346629637987482e-22
1.343619304977069137e-22
1.279147242479254726e-22
1.281705733356373722e-22
7.912995322223255749e-23
2.449746480168963680e-22
2.025941967485650659e-22
1.061373489668973588e-22
1.766322896370742955e-22
1.956065455846556576e-22
1.781371983493660858e-22
1.666491659376833802e-22
1.520812718840926924e-22
1.488057438138453138e-22
1.390232268270851599e-22
8.607392317289945448e-23
1.626001579207749026e-22
2.708103969203536370e-23
1.347993947166876715e-22
1.103039996036380330e-22
1.352292755581603037e-22
1.552080659810371549e-22
6.204040523015031738e-23
1.753437946462231051e-22
7.168637543662146617e-23
1.592164420470360504e-22
1.169645499843336080e-22
1.129278006915019180e-22
1.846173546873785668e-22
1.335493878724755779e-22
1.712547044111391293e-22
5.374438682232698176e-23
1.148976627734951948e-22
7.710579556640609201e-23
1.429463074704296115e-22
1.699403332142142995e-22
9.423502337100118309e-23
2.015913743909160354e-22
1.099236774436461553e-22
1.095682384055001512e-22
9.250889468650537322e-23
1.782235276675945831e-22
1.131252983777053952e-22
1.064522950031793625e-22
6.149378970100752091e-23
1.548210913721962483e-22
1.839722475438462216e-22
7.928400699531029010e-23
1.552935404021953154e-22
1.169279934426546023e-22
1.543352087638377417e-22
1.635500012565016935e-22
1.261381260735546549e-22
-1.294633414313579484e-23
1.022050620459770495e-22
9.308562444978050978e-23
8.918203446523049687e-23
1.898768097166931730e-22
1.404118921752647734e-22
6.964432555405638280e-24
1.392823939870069614e-22
1.002277102609453072e-22
9.407348909609092556e-23
1.131554868480859446e-22
6.629183949275939617e-23
6.449568034145408301e-23
1.756166510527851426e-22
4.279728626477362905e-23
1.121984255355832173e-22
1.213771140224099744e-22
9.053536468964383642e-23
4.407309161515104996e-23
1.231519443010885543e-22
7.783119278528400413e-24
3.186894791680345867e-23
6.429149531843437661e-23
1.421140387571188320e-23
1.225291952017469375e-22
1.392193441055202701e-22
2.394787633883957290e-23
4.419135039138396514e-23
7.803055662832707316e-23
1.285845911951799235e-22
4.773551239884213853e-23
8.430818786759540460e-23
1.827084855114548842e-23
9.999549988840282714e-23
6.331468436825836536e-23
5.910395242679809293e-23
1.079769006191759201e-22
7.362003929264645507e-23
8.006805882650062135e-24
9.545767295493254371e-23
4.808829204252859290e-23
1.008571237737595589e-22
6.443578188360819743e-23
1.126703675922651507e-22
1.045878201111825984e-22
8.923516034519095987e-23
3.032146385760963489e-23
1.506091695046469227e-23
5.717054649410724021e-23
9.092433178342419776e-23
5.214647914576913345e-23
7.290302859999146961e-23
9.779808873372128379e-23
-1.207850871116280125e-24
1.176446181026577738e-22
8.341919788965025614e-23
7.333763353108290208e-23
8.852836128450404329e-23
7.424392987987125167e-23
1.661959273650619498e-22
6.202333181487385126e-23
5.039596593748834627e-23
1.116252897444032735e-22
2.824331991838519293e-23
8.658635142723220209e-23
4.147282556194207769e-24
6.673171187652589614e-23
7.212968800645191223e-23
-7.349787994795645794e-24
1.580748908932072985e-22
3.161094424951974612e-23
1.372474792528793494e-23
6.630345752575158627e-23
9.140104123283751215e-23
-9.119084027943589551e-25
5.451874663453222035e-23
-1.568768478280292573e-23
2.980319724571086156e-23
4.795001101372574956e-23
6.113169238072707285e-23
3.540834421094640528e-23
-2.652885798768086703e-24
7.109066378447122155e-23
3.762573080326919229e-23
3.397394986354004255e-23
5.184826224278904607e-23
3.973184562252193563e-23
6.961194396561561255e-23
3.625337292632660971e-23
1.966605534035967416e-23
1.271956357400235270e-23
4.372389967518505210e-23
7.940775497429474246e-24
6.933843515971115607e-23
7.931243249865559675e-23
2.818272833161464933e-23
-8.030581390393214539e-24
9.404388598479351158e-23
-3.675201017991552408e-24
3.524926745934687015e-23
6.084449310538648955e-23
8.448816849093791692e-23
7.445223524834652428e-23
-8.088039706039043295e-24
4.040016161130531590e-23
9.572455768859728960e-23
8.056056939545008631e-23
2.465804985283866710e-23
7.139052223774902912e-23
2.336075462739234489e-23
4.822899719376803507e-23
9.003464728319401151e-24
2.003401480167969736e-23
1.087087563035753225e-24
2.089237823730300585e-23
2.667141776940311242e-23
1.811351181446218480e-23
1.346541985908020554e-23
6.809501913123975902e-23
5.288915668053110725e-23
9.001269314272370107e-23
3.405643983071398602e-23
1.383311005531031508e-23
4.805442306483621152e-23
6.729010469901544758e-23
5.694041277932519062e-23
5.228088346494336857e-23
5.039290645154880040e-23
4.741757841274847077e-23
4.651191554443113272e-23
4.951907425053603232e-23
1.870130839334640627e-23
1.900711826737112116e-23
2.036663041761705829e-23
-2.993270652333222359e-23
1.418572461421673132e-23
2.883493472279060009e-23
1.315535972269986577e-23
5.524190347272951046e-23
5.248022769221193127e-23
1.104908412826063382e-24
-1.514094853196965876e-23
-1.880755126465917907e-23
1.839979631124949289e-23
-3.551735854497655161e-24
4.430771031954910452e-23
1.444016702491668865e-23
-1.755538744561368326e-23
2.750557925500636758e-23
3.933413743797755275e-23
-1.360042639645935756e-23
-6.940230678438836948e-24
-3.046534477860950982e-23
-2.905506673255806470e-23
-7.122529194212446812e-24
7.050214883036256832e-23
-1.205465548686772708e-23
3.672439443102075592e-23
1.149521770532689863e-23
-1.519939325786770898e-23
1.728345519230804435e-24
3.219974244165619406e-23
6.853367368215383769e-23
3.568516798845952606e-23
1.273075115664927254e-23
4.928513560579308110e-24
-1.070641378374717995e-23
6.143423700855071686e-23
4.973069240876152996e-23
4.551010027063532344e-23
6.147713352369298829e-23
1.556006076073277201e-23
6.562900811022979108e-23
6.966861900179348425e-23
-9.993908456463989386e-24
4.508237318576267484e-23
3.808603969847873081e-23
-1.153104456699494100e-23
4.296256356134043904e-23
1.299505010568373244e-23
2.103424568653567578e-25
-3.658780398419884331e-24
4.618648169558753601e-23
3.475951472726693812e-24
-2.924344995274870674e-23
-1.827293835910059537e-24
2.106662838429412362e-23
1.316049961397904529e-23
-7.427314254164462413e-24
1.628701088232741092e-24
-1.901995324995279208e-23
1.149557302176690121e-23
7.945516882719734853e-24
-1.397994893722408850e-23
9.670209374968173452e-24
4.336663759406332389e-23
-2.806733948324815487e-23
-5.008689067842342985e-23
-1.223485358661275071e-24
2.460683451221668840e-23
-2.838665948270463546e-23
-2.876049277040334050e-24
1.516956736233219309e-23
-4.326866507005061812e-23
4.853401350544723842e-24
-5.002638531572857811e-27
3.456907551790204347e-23
-1.009792417234350524e-23
-2.389569883588282409e-24
-3.032645736162754597e-24
-3.024375184674976559e-23
8.472480387573011733e-24
-1.244691517119925652e-23
-1.884705778137483200e-23
-8.415805500289500790e-24
3.553477000856184099e-24
-1.730388019072356857e-23
1.150892074181058567e-23
-2.417370534702650722e-23
2.330229368069060464e-23
-7.286408737802156439e-24
2.927231801070927204e-23
3.604437713426272787e-23
-2.500074421802575287e-23
4.173767455000189499e-24
-3.466157259296719653e-23
1.304438085342584999e-23
-7.864993266639635937e-24
3.177489283246243509e-24
-7.336619159068189048e-24
-1.363926142410395883e-24
2.738337545236200775e-23
-6.304214647007052518e-23
-2.058585170158311220e-24
-2.137545446534342249e-23
-1.926319682082524699e-23
-7.335527668635210501e-24
2.300928837424746635e-23
-3.590893347349177060e-23
-2.009163077142617031e-23
-2.737583321870156569e-23
-4.719369351689977496e-23
-3.844039058234629109e-23
-4.580459299549756424e-25
-1.820650677397941516e-23
3.233053714537629845e-23
-1.558457955376048564e-23
-5.443487573039480155e-23
-4.211246888396378910e-23
1.537344206450744464e-23
-4.185045079685559771e-23
-2.792818025542603812e-23
5.751424648698035447e-24
-2.167167584307086941e-23
9.507314650440223676e-24
-7.811664525565672935e-24
1.121275838593556747e-23
-2.448132550208726863e-23
-2.964149994774817859e-23
6.509539046010417164e-24
-3.267731601451698734e-23
-7.164289480204043998e-23
-1.802011464985673193e-23
-6.544423851471226558e-23
-3.014175505338552987e-23
-1.553946121706488447e-23
-2.461223392467689938e-23
-2.445621245155993562e-23
-7.592205739831704684e-23
-3.101183064770095179e-23
-4.802364899456115362e-23
-4.456748845474050119e-23
-4.474855119878559331e-23
-2.817896063133010335e-23
-3.838476929211394853e-23
-3.124839778065772754e-23
-4.828366127569532996e-23
-5.669441601384222076e-23
-2.719114495804681440e-23
-4.376301241406476700e-23
-6.678863061067733715e-23
-5.554485353507071810e-24
-2.685888049784753132e-23
-5.285433280703101717e-23
-9.050899239036273663e-24
-1.620954302451307851e-23
-1.219724270848960784e-23
-2.095512135540722300e-23
-2.217914344762453754e-23
-3.791791103763189795e-23
-5.139999205401722843e-23
-4.305554477289398756e-23
6.455627696478850592e-24
-6.023412621987691349e-23
-4.646500760200248312e-23
-3.484517793828198952e-23
-4.090706065468373526e-23
-5.235983489300762681e-23
-4.718832578805404143e-23
-3.728366237058949233e-23
-5.122124854445863371e-23
-4.765813088288339388e-23
-3.630052689682361188e-23
-9.472195898633598203e-24
-2.648171820006641523e-23
-5.843736924816577464e-23
-4.124448060383090614e-23
-5.603718335036092487e-23
-4.346056322044203045e-23
-2.479694580103817909e-23
-4.178717259806391929e-23
-6.593314041637858770e-23
-4.854105485964342191e-23
-4.488303784559350951e-23
-6.298643642913727718e-23
-7.572029834597133602e-23
-4.377485075574013790e-23
-6.339423317592696034e-23
-4.500290600090699057e-23
-4.903248136386687153e-23
-2.374316049237277919e-23
-2.739011916886903783e-23
-4.521038289751846101e-23
-7.269174420604114638e-23
-4.069960780727061161e-23
-1.498486955021440124e-23
-7.718618801564931698e-23
-4.628394193871923892e-23
-4.174912890389324311e-23
-5.577948708461113989e-23
-6.733062786870525940e-23
-5.311406678013681423e-23
-3.643506624298094859e-23
-5.712939345807937685e-23
-6.599517739303797698e-23
-4.913639900578569563e-23
-3.238440738631512166e-23
-3.899231017739441655e-23
-4.946589427758520796e-23
-4.725430026726057065e-23
-7.521984075308367709e-23
-5.156969607658759295e-23
-5.299923070354691818e-23
-5.823152565512038387e-23
-6.219738621667582594e-23
-3.336964919144579636e-23
-3.217936552453906048e-23
-8.376706668731976054e-23
-6.401049022903100857e-23
-7.448890618141606902e-23
-4.644546639224014784e-23
-4.598214771238507710e-23
-2.007968869271474487e-23
-4.439588547922943337e-23
-5.535138235364946000e-23
-5.320281101433352845e-23
-4.313393683909832249e-23
-4.732107747543312785e-23
-5.423904418539085269e-23
-4.594568461864468112e-23
-4.360696878905142903e-23
-6.928430117733607780e-23
-6.769089152224453021e-23
-5.453641984285688582e-23
-7.564123450678085893e-23
-5.497479843431768545e-23
-5.329039673023421942e-23
-5.208466445697803554e-23
-3.968438970759374325e-23
-4.742283265384478184e-23
-5.652312187076906299e-23
-4.416215317612914009e-23
-4.834612179905101775e-23
-3.958991148059467693e-23
-5.163581113464445417e-23
-4.864966006796803808e-23
-5.436081954020613099e-23
-6.864647583768007543e-23
-5.982606685240124937e-23
-3.698591955378460039e-23
-5.198280651566550481e-23
-6.390294674928976605e-23
-7.786595758707963334e-23
-6.244407103510523131e-23
-4.521489518984315484e-23
-6.117045071660434825e-23
-5.312392172638221621e-23
-5.259308372525562575e-23
-6.490190383080968824e-23
-5.818206314060911452e-23
-2.951975047323708322e-23
-7.761587819063964190e-23
-6.923989031332917735e-23
-5.826040542411428910e-23
-7.165651438215382500e-23
-6.053033306928558287e-23
-6.912680562850208300e-23
-5.794480391899896838e-23
-5.574610021252166833e-23
-7.316654053241003557e-23
-6.543531974536005541e-23
-5.832001154535624152e-23
-4.797888392221615258e-23
-6.866420896108329312e-23
-9.526616920049060819e-23
-6.479894682057460915e-23
-5.978140429017567543e-23
-4.654893179200818264e-23
-5.503462137240608100e-23
-5.733613142680151467e-23
-4.848465464224006439e-23
-5.663989597870698133e-23
-3.428682420505599987e-23
-7.628403905263609895e-23
-6.716531752845159093e-23
-3.234724299586036656e-23
-5.396864440084044658e-23
-5.224883640428390839e-23
-3.640404066858355723e-23
-5.280608677318764025e-23
-7.692965224135755618e-23
-6.590863737875465684e-23
-6.066599557034857121e-23
-4.883789026072592426e-23
-5.396271881686114951e-23
-6.023562307882399594e-23
-5.451019237817904201e-23
-7.764506242197484755e-23
-7.166997522170264663e-23
-6.018669348231502241e-23
-7.387449843354720569e-23
-9.220019214410708757e-23
-7.658043458792520632e-23
-6.175824682563405905e-23
-5.155599757742692082e-23
-7.769888700844816151e-23
-5.110758732967984904e-23
-4.207116250097419462e-23
-6.629805298630482942e-23
-4.614863991317815296e-23
-5.309911200914915872e-23
-6.657692334639696995e-23
-5.203263533734782120e-23
-6.375884720533742034e-23
-5.134427725005070113e-23
-6.258614095482911834e-23
-5.774889668969479252e-23
-6.887288131969972991e-23
-5.306527972996900704e-23
-7.057232245765109613e-23
-6.941060115554537911e-23
-6.025414797638723820e-23
-8.661803252141706991e-23
-6.078998537746268131e-23
-6.631493489800447006e-23
-5.286432883310327704e-23
-6.223494818481734209e-23
-3.960192658118191345e-23
-6.324985724379367239e-23
-7.580394437192401544e-23
-6.534156411071198543e-23
-7.204301693228723666e-23
-7.542012783151180793e-23
-6.269419154476403156e-23
-5.838184065289541738e-23
-4.156413925179134749e-23
-4.874604709544850845e-23
-5.669062342587957781e-23
-6.476341082006815467e-23
-3.895473768670119018e-23
-5.131507472561015380e-23
-6.576028344167632128e-23
-5.440200832838854200e-23
-6.043566282290801264e-23
-3.781072049156114416e-23
-7.515147940146454734e-23
-3.322926709233288281e-23
-6.322265527027687647e-23
-6.550687092089002034e-23
-5.680610684871944038e-23
-4.939134372552026925e-23
-6.880237476286264773e-23
-3.992222809040617346e-23
-7.087753938058955364e-23
-5.824618439110642731e-23
-6.330539296914792426e-23
-5.079174918344102072e-23
-6.227453500254032388e-23
-6.102069082685572590e-23
-6.745539121659168098e-23
-3.420218423193145720e-23
-5.654103419595482313e-23
-4.445530787480372425e-23
-4.495609634896950759e-23
-8.042750470882447489e-23
-4.146838686964073688e-23
-6.394677623421853765e-23
-8.176068543967822294e-23
-6.319244094936083326e-23
-5.358302188614758296e-23
-6.533125019833330660e-23
-6.100464620553981589e-23
-6.385144735668671759e-23
-5.562616505622422122e-23
-6.497081743327765396e-23
-3.507016680908679959e-23
-5.128270157408512203e-23
-6.748475972285731983e-23
-5.738885799874068495e-23
-7.536989555331211079e-23
-4.690037216240967751e-23
-5.829463950733756290e-23
-7.999559631102692653e-23
-5.383301805630511887e-23
-6.182412834350601124e-23
-5.668998929530497141e-23
-7.755245079270029858e-23
-6.966890430163833503e-23
-5.210904365164537914e-23
-7.803243813831578425e-23
-6.394161844913240128e-23
-7.197983611622840405e-23
-8.137666679623879634e-23
-6.708220806268727537e-23
-6.104740026964366704e-23
-6.439003965336184309e-23
-7.210769755123940749e-23
-8.106380619299084949e-23
-7.896951509129464590e-23
-5.563186671309989113e-23
-7.378827420505308269e-23
-5.187380353981917204e-23
-6.367082010055950054e-23
-8.663886349376907229e-23
-6.494964709816664375e-23
-6.538921673234564031e-23
-6.229877545690611971e-23
-5.758226423216546595e-23
-5.620134513715373533e-23
-5.586522622129082176e-23
-7.348055273774409065e-23
-6.058621105730527300e-23
-9.139572491792231610e-23
-9.467524389088064106e-23
-7.678757076195453681e-23
-6.080950096424559249e-23
-6.188295087019128788e-23
-7.145767664359482286e-23
-6.865298140989921525e-23
-5.878465048856659914e-23
-7.689794145635961621e-23
-8.020652821338619453e-23
-6.343125689216355026e-23
-5.388035853000170278e-23
-5.653531175096195512e-23
-6.124333298670331633e-23
-5.430024331202776860e-23
-7.487974505509317707e-23
-6.288476986991257919e-23
-7.604664968618263130e-23
-7.245450735367382901e-23
-7.996935896031516789e-23
-6.123482297153657449e-23
-7.209967762367838266e-23
-7.034299915261070697e-23
-5.845452164858830989e-23
-6.498647118607290711e-23
-8.257814815464171048e-23
-6.345728264797770809e-23
-5.534302223841408854e-23
-7.105953876952359486e-23
-6.329199657443817681e-23
-8.597095145949670533e-23
-6.263326969903485637e-23
-6.714747059228501899e-23
-6.210867967254933209e-23
-8.144839818780992407e-23
-7.767702111443470899e-23
-7.060155986007321915e-23
-7.031531250325448879e-23
-8.593967585104693604e-23
-7.164095127497449107e-23
-7.731729501285940022e-23
-7.357138198915614839e-23
-7.460970368751305240e-23
-7.860433866958118283e-23
-8.334658284711757899e-23
-7.468300614655271050e-23
-6.484523810930591112e-23
-8.526661045916166805e-23
-7.084804003451811802e-23
-6.476671997925547637e-23
-6.263450574988383181e-23
-8.309277239838088425e-23
-7.460242107490185067e-23
-5.453700228079405360e-23
-7.377759260697996095e-23
-7.152781948084445796e-23
-7.328100158184183721e-23
-6.712239672648168637e-23
-8.413483120933544297e-23
-6.745595160654775621e-23
-8.151193688489307757e-23
-7.769287520914153654e-23
-7.681987374241691828e-23
-6.672362161137272225e-23
-5.787596378320672321e-23
-7.591683644505783557e-23
-7.967302216578228855e-23
-5.591554230981366334e-23
-6.723287592540638016e-23
-8.534555976785841240e-23
-6.728035867866499393e-23
-6.241361630671483018e-23
-8.583042101784688998e-23
-5.728235049293443597e-23
-8.249380327738623859e-23
-7.684603736195108162e-23
-7.496262018308530202e-23
-7.851973018008809877e-23
-7.736962390625509357e-23
-7.705800852395993988e-23
-8.284372957283137904e-23
-6.622674465481062142e-23
-8.268887868392028025e-23
-7.788186176738884522e-23
-8.020577237780251953e-23
-8.394210169220185170e-23
-7.392230665563300007e-23
-7.656656496310038384e-23
-8.221116299962109076e-23
-8.669812767570811916e-23
-8.835600711690705291e-23
-7.713529553319304078e-23
-7.661134894937748850e-23
-7.852846044609026933e-23
-8.322149633170917544e-23
-7.082218574505308653e-23
-6.185596183661314248e-23
-6.721408642968264339e-23
-6.578447904785103953e-23
-8.070973131184686796e-23
-8.795654223693771173e-23
-7.660488949630536768e-23
-9.190592451728490418e-23
-7.306579711559064766e-23
-8.513605684737473179e-23
-8.019974204750659571e-23
-8.621830432894990300e-23
-7.580736147231834225e-23
-7.159463111749593991e-23
-7.246308912014721929e-23
-7.263269585062813595e-23
-9.229852669922195334e-23
-8.371143750549568404e-23
-7.343254935978463493e-23
-6.695054037799425732e-23
-7.113366007944443523e-23
-8.197570023510447963e-23
-7.801066709159251618e-23
-7.539867358550712969e-23
-8.140151280168994675e-23
-7.117569210598473233e-23
-7.797648792534477976e-23
-7.636271267813070490e-23
-8.271033746848257455e-23
-7.397555307017818203e-23
-7.233341861195842457e-23
-8.263565431623715549e-23
-8.858577750817468507e-23
-7.977152539330556429e-23
-8.704681515901063118e-23
-6.931970956385807305e-23
-7.537049665397662899e-23
-8.346494063391116135e-23
-8.347908525649229644e-23
-7.042994459898880284e-23
-8.248902872094567674e-23
-8.681802664259762418e-23
-7.569370004533043651e-23
-7.945402457560278246e-23
-7.096757720540074208e-23
-7.643823353464862960e-23
-8.380706478126642194e-23
-9.555525522273173003e-23
-8.645595398352922755e-23
-7.163272698031914613e-23
-6.759308161522923958e-23
-7.438692755687319170e-23
-7.254149511745552795e-23
-7.915160029920930678e-23
-9.881157480729356432e-23
-7.609498145008941400e-23
-7.473348451354444739e-23
-8.077504107796623756e-23
-7.630700829968785695e-23
-7.737063247119341064e-23
-8.911751066269176188e-23
-7.701543014569189900e-23
-8.398561158080631166e-23
-8.736684380557514140e-23
-7.008782909120540901e-23
-7.354515142539672259e-23
-7.114571767175036066e-23
-7.025248724055842008e-23
-7.245263016995743499e-23
-6.808163158548798505e-23
-7.622370364494033019e-23
-8.637885311104819267e-23
-7.028040774747650978e-23
-7.560549049636846522e-23
-8.392082961122952849e-23
-6.940789660001526601e-23
-7.978483294172787826e-23
-7.474130583191662847e-23
-7.071614263798350414e-23
-6.833675050112875375e-23
-7.495068045655342453e-23
-7.009126948292058713e-23
-8.437490938076837223e-23
-7.490356253139564750e-23
-7.138526515920158963e-23
-7.452417670998461087e-23
-8.024531606890085488e-23
-6.280868149462318412e-23
-7.472087183408257807e-23
-6.182867735544992913e-23
-7.387863035508001516e-23
-8.475243131560984306e-23
-6.665929718099701140e-23
-7.058059386044076213e-23
-7.247808623870736406e-23
-7.679692382809805364e-23
-7.136551958809033333e-23
-7.126278004826295595e-23
-5.448663389152788218e-23
-6.952908762770708158e-23
-6.893054167444922745e-23
-7.291624830959743098e-23
-7.860765278155437837e-23
-8.132797128745789632e-23
-7.591012626449013510e-23
-6.368745519861553116e-23
-8.112097219653030304e-23
-7.223422556615775764e-23
-6.968160347058725684e-23
-7.506389897473805685e-23
-7.695803517903331297e-23
-6.330643830419021473e-23
-5.680309602648016155e-23
-6.143297538171538999e-23
-6.537504639650020896e-23
-6.926763889367180158e-23
-7.449143799599574182e-23
-6.876053783356329414e-23
-6.922642764673303139e-23
-6.099390892546834835e-23
-6.780929857750455620e-23
-7.538883979976956465e-23
-7.099277791944895606e-23
-6.874942623903500493e-23
-6.887991345388420845e-23
-7.137531644977343827e-23
-7.109038667125668373e-23
-6.407145560659641153e-23
-7.589545530080978693e-23
-6.057686412580164037e-23
-6.735893421132338849e-23
-7.691472295106624840e-23
-5.955777193712876977e-23
-6.677397437112547479e-23
-7.344796836237309127e-23
-7.071655024833288268e-23
-6.369118303902818095e-23
-6.783189232277507237e-23
-7.243274315987550413e-23
-6.918974846997927409e-23
-7.068042441603072238e-23
-7.676176237071202364e-23
-6.492089671421429206e-23
-6.384796187438086667e-23
-6.362961875636731840e-23
-6.372870637526530855e-23
-6.814410820725843223e-23
-6.880499690272463861e-23
-7.035660293896786352e-23
-7.327871984478214290e-23
-6.681886925537109148e-23
-7.630362209776981364e-23
-7.341696277417988539e-23
-7.112456639794409772e-23
-6.261648766675782447e-23
-6.143344805939001476e-23
-7.532407733973467186e-23
-6.790305764969095820e-23
-6.848002394197976152e-23
-6.661636484751131452e-23
-7.319077827986338002e-23
-7.213835014296203249e-23
-6.294352229712892407e-23
-6.847073527312972270e-23
-6.639467618349956146e-23
-7.618745508674320837e-23
-6.518736149803650849e-23
-6.575820071040771968e-23
-5.986533073471677430e-23
-6.798560772427374883e-23
-6.197775292865674811e-23
-6.135499296332710657e-23
-5.815004963760416147e-23
-7.184337894813418860e-23
-7.296269830472100553e-23
-6.637775045760561241e-23
-4.993789570178269850e-23
-6.546018537747677898e-23
-6.632905878745385977e-23
-7.353513986576453180e-23
-5.854009980279416077e-23
-6.235093461143408790e-23
-5.969197906687656132e-23
-6.974096820335158920e-23
-7.653065656289059286e-23
-6.653533091992627845e-23
-7.023208286676006455e-23
-6.897944813286640021e-23
-7.002037124062678846e-23
-6.679759918431349347e-23
-6.277588069930642508e-23
-6.443289555756783520e-23
-6.448314579183749650e-23
-6.546601566870131649e-23
-6.933300903693565241e-23
-6.830695403624888016e-23
-6.881219723162609259e-23
-6.506724602308040384e-23
-6.591392875059804814e-23
-6.298015887272616783e-23
-7.141695329941048066e-23
-6.509867421866830146e-23
-5.745481432468772589e-23
-7.174762872140129956e-23
-6.742637580489324877e-23
-6.596555519160113916e-23
-6.820527473473536118e-23
-6.977905026319452789e-23
-7.310346939304246880e-23
-7.057304709559320052e-23
-7.074551533271689375e-23
-6.787451633138461022e-23
-6.214459505301798718e-23
-6.522687783588401213e-23
-5.829854058114445935e-23
-7.182082249310705124e-23
-7.165798840662141823e-23
-7.197362093414901237e-23
-8.076149534573848758e-23
-7.210005020648694604e-23
-7.038137102775217071e-23
-6.992614611277034098e-23
-6.995976704399713629e-23
-7.182540269785896576e-23
-6.799644487353412412e-23
-6.782227162846309050e-23
-6.692862247849003510e-23
-6.450231442907097237e-23
-6.733949315346531546e-23
-6.940775001013195422e-23
-7.173952560923678166e-23
-6.555571364611324527e-23
-6.967609823781199743e-23
-6.472495960418308351e-23
-7.072272719786066223e-23
-6.208300566325137212e-23
-7.036800267386616132e-23
-7.297586637256648719e-23
-7.155641812219873375e-23
-6.625204579409620875e-23
-7.407790926443309162e-23
-7.244855859976762876e-23
-7.065565314779821225e-23
-6.810354302954671394e-23
-6.917106410216137533e-23
-6.471055616293672954e-23
-6.919216534241253502e-23
-6.892195851481417473e-23
-6.803587093813115652e-23
-7.079704578362894490e-23
-7.272218551149980606e-23
-6.589120592193030086e-23
-6.529659929683718660e-23
-6.682118261005884378e-23
-6.785181051481329444e-23
-7.389049673851443559e-23
-6.443053461592192659e-23
-7.191013807809770528e-23
-6.656848608044102031e-23
-6.778152902817648448e-23
-6.942499348845872657e-23
-7.425892993198317885e-23
-6.532749438277813579e-23
-6.998770417577171558e-23
-6.433936760420957476e-23
-6.238838342269700227e-23
-7.835627732795962267e-23
-6.485659932817148412e-23
-6.882508221227230605e-23
-7.456537547207595731e-23
-7.074179802846626857e-23
-6.473533711169771903e-23
-7.072632289566901879e-23
-6.368425684298773906e-23
-6.535251893567276897e-23
-6.938143764362302989e-23
-8.151919358721696180e-23
-7.382763711343237021e-23
-6.516722240415424386e-23
-7.355579664047047816e-23
-7.466158106849602148e-23
-6.940962972096636431e-23
-6.814071429791385451e-23
-6.850162111933545890e-23
-7.583828902411831307e-23
-7.172957550918891561e-23
-7.567402332591266053e-23
-6.724059654464738363e-23
-6.807810314999141710e-23
-7.038712668041179574e-23
-6.436363984647538397e-23
-6.762358975577508226e-23
-7.329272522164764263e-23
-6.839693634002342202e-23
-6.997293180246393286e-23
-7.110407522164426886e-23
-6.897998752117306097e-23
-7.518792412692295869e-23
-6.205667800660817760e-23
-6.472730087140550501e-23
-6.633580371001916349e-23
-6.717300656762348521e-23
-6.719478661005478158e-23
-7.428181293360692494e-23
-6.671014058015533381e-23
-6.987840961736030958e-23
-6.768000006841473745e-23
-7.303875469692058470e-23
-6.585516400126009014e-23
-6.787255626320090981e-23
-6.724293580783109407e-23
-7.356616862915240721e-23
-7.786338914891141329e-23
-7.641083965273433751e-23
-6.457084230568517824e-23
-7.100642175711496919e-23
-7.259378296488733436e-23
-6.086630713620135294e-23
-7.255238866516725308e-23
-7.684458222642761488e-23
-6.878995582297592166e-23
-7.071558351774711468e-23
-7.236085636062297783e-23
-7.340628977471664896e-23
-7.000911812028075040e-23
-7.005247131942137931e-23
-6.101045218909700394e-23
-6.842863269269138722e-23
-6.421351467545122353e-23
-6.461702417573081363e-23
-6.509571276008503571e-23
-6.380097058958821327e-23
-7.064060753866519029e-23
-7.415891428890564204e-23
-6.921893456379226175e-23
-6.247714713468028524e-23
-6.990291305682070712e-23
-6.288544656423735301e-23
-7.009737369842927557e-23
-6.847888224946456203e-23
-6.252475345729109460e-23
-5.913294629835964904e-23
-7.523378435200411836e-23
-6.673544500511580967e-23
-6.861890135176424166e-23
-7.433437438812667556e-23
-7.135518944324518266e-23
-6.740030477423313462e-23
-6.857542303210246070e-23
-7.136808592406009252e-23
-6.336780749274750468e-23
-7.255551273355511342e-23
-6.427622388059738935e-23
-6.196227884029895964e-23
-6.914182736678790973e-23
-7.012509797847556995e-23
-6.356182867461536095e-23
-6.331466625875959891e-23
-6.751174849705012946e-23
-6.463728970264916325e-23
-7.261675009356036318e-23
-6.791672957400595781e-23
-7.004994173375114682e-23
-6.765809408234106023e-23
-6.860164252485571569e-23
-6.238842989713359179e-23
-6.059109832666121467e-23
-6.792311033839867897e-23
-6.857986444118713168e-23
-6.086991861623880527e-23
-6.590019464725237040e-23
-6.597611185825702446e-23
-7.021366330094096268e-23
-7.225394294886379390e-23
-6.284114515815975117e-23
-6.438971179833903516e-23
-6.873962027753610871e-23
-7.001303315729080367e-23
-6.500903456448320216e-23
-6.191693576395703184e-23
-5.846426941653583529e-23
-6.409964362269472610e-23
-6.757499027162088173e-23
-6.346283078505421621e-23
-6.512904161934142801e-23
-6.183336211653104146e-23
-6.785391409071668620e-23
-7.082979806128006823e-23
-5.986555783097311941e-23
-5.829490490124915804e-23
-7.231764662011071605e-23
-6.665964321355810311e-23
-6.177474688108678405e-23
-6.560831237102001817e-23
-6.294436371732101567e-23
-6.004308011701186436e-23
-6.299611186803048599e-23
-5.757914883068709810e-23
-6.080067091717323826e-23
-6.435051067476327462e-23
-6.781091876054608328e-23
-6.096727927988409337e-23
-6.434011321795368907e-23
-6.580733255742438405e-23
-6.248674819536154903e-23
-6.423167976556134423e-23
-6.373739911435460512e-23
-6.224074164362169454e-23
-6.813106086814545509e-23
-5.678039097144938149e-23
-6.546729880268974747e-23
-6.092317904436460014e-23
-6.377224969302672110e-23
-5.821347613374767336e-23
-6.017098190725568300e-23
-6.351034455632137244e-23
-5.683814030192918784e-23
-6.059863129020998288e-23
-6.383785431031246721e-23
-5.959166661387884588e-23
-5.193869155636356779e-23
-5.661462094963770757e-23
-5.435728915321450906e-23
-6.050251744346989920e-23
-6.605379870933809162e-23
-5.576475370160271370e-23
-5.689290565696944426e-23
-5.600023965781594846e-23
-5.709161557844875004e-23
-5.891685321135870946e-23
-6.352574454165093713e-23
-5.821585864524409881e-23
-5.910016350080066810e-23
-5.658350539737352561e-23
-6.264818053361621707e-23
-5.911947536392271705e-23
-6.076989344354208383e-23
-6.214680727201591987e-23
-5.296660760979980306e-23
-6.007166018506026719e-23
-6.031031883868272985e-23
-6.067715553950990693e-23
-5.759638553489678394e-23
-5.977605443609841444e-23
-5.808221473309865963e-23
-6.193785040082382412e-23
-6.514626264130439537e-23
-6.660812954001501073e-23
-5.638357716357688392e-23
-6.629279018976629445e-23
-5.147238466258355908e-23
-6.132826924988045355e-23
-6.161123538883448209e-23
-6.055858801423270639e-23
-6.034511551598274134e-23
-5.564209381039046738e-23
-6.155088971796497441e-23
-5.542726565710396857e-23
-5.500964321102236519e-23
-5.893137029473315226e-23
-5.846409158910626983e-23
-5.867507918247678675e-23
-5.510459528975076741e-23
-6.462019544429452010e-23
-6.134217594933459095e-23
-5.924578612417879086e-23
-6.000451134113320913e-23
-5.489985260176717503e-23
-6.214457668792575937e-23
-5.708835802740161762e-23
-6.115559598296382894e-23
-5.917204914205505431e-23
-6.456158354059344484e-23
-5.480640060193847847e-23
-6.144837723331130796e-23
-5.710001563362526796e-23
-5.853013557867798202e-23
-5.412227170766644503e-23
-5.674950051992745986e-23
-5.645721883146537084e-23
-5.702484060705049556e-23
-5.185940741018410876e-23
-5.731575466632428718e-23
-5.157104821930239575e-23
-5.665826769876183946e-23
-5.306184681608408801e-23
-5.297594571781534501e-23
-5.136779235184509161e-23
-5.776727824575596002e-23
-4.931341208908789603e-23
-5.090883932157208446e-23
-5.325706416543649270e-23
-5.855026662151011205e-23
-5.817034487439615361e-23
-5.668647450011397086e-23
-5.706853793384243826e-23
-5.559834441967003991e-23
-5.091244639832134541e-23
-5.392873298114285332e-23
-6.293964415504621483e-23
-5.761703410574479531e-23
-5.643159752873792843e-23
-5.250356907137106768e-23
-5.527538361668458936e-23
-5.360360382791878041e-23
-5.735363821321114404e-23
-5.679460004163170860e-23
-5.841952026168056200e-23
-5.838076912514012609e-23
-5.306870564676474526e-23
-5.713278855149247874e-23
-5.595354149485301119e-23
-5.688584308541862870e-23
-5.543021686147352477e-23
-5.407424333826887000e-23
-5.319092213064690488e-23
-5.464100158451875804e-23
-5.355047982836251758e-23
-5.641300053549220346e-23
-5.654903437160440802e-23
-5.689989755131130062e-23
-6.045340265637648777e-23
-5.915446994590651618e-23
-5.738255736643572000e-23
-5.517104451869135950e-23
-5.622353065760639523e-23
-5.883100894937714467e-23
-5.727856125912276572e-23
-5.708403249364511244e-23
-5.348221568343151366e-23
-5.298339416983350346e-23
-5.472703062025670913e-23
-5.420340285819201533e-23
-5.349259910347390724e-23
-5.311918160300952684e-23
-5.518229664535197371e-23
-5.491721277531957224e-23
-5.588824906640834212e-23
-5.756434968219342948e-23
-5.440278821573590391e-23
-5.572929494969412767e-23
-5.584295259635011777e-23
-5.131345005369570092e-23
-5.787761120164413595e-23
-5.168494064348379481e-23
-5.828019742774812060e-23
-5.559193637864476213e-23
-5.618925188030091665e-23
-5.428056284809186338e-23
-5.306392920339844638e-23
-5.307299257271710568e-23
-5.590471762071193326e-23
-6.040043673290187069e-23
-5.587418938872602607e-23
-5.411308959711639719e-23
-5.595828723467184584e-23
-5.325588917551555772e-23
-5.650792940144579318e-23
-5.992338235915572635e-23
-5.580938864738697442e-23
-5.332073293285355299e-23
-5.453992525691211703e-23
-5.549309143576156291e-23
-5.658265014566307887e-23
-5.146520442747955888e-23
-5.674936991582437295e-23
-5.676012883936475909e-23
-4.932691515386995561e-23
-5.191415302718610367e-23
-5.423961121994993941e-23
-5.220398673421193583e-23
-4.971969375323729126e-23
-5.818304427040839551e-23
-5.696153319136220284e-23
-5.126700155018933413e-23
-5.316870954156234570e-23
-5.735517928635383156e-23
-5.349030305106194806e-23
-5.854236955771988529e-23
-5.540967242947644666e-23
-5.605564018541167913e-23
-5.582722518781919195e-23
-5.210005895512422104e-23
-5.135222481382072260e-23
-5.103165783720375167e-23
-5.940808609215755975e-23
-5.326952538409490530e-23
-4.841113131617772139e-23
-5.587329048357715284e-23
-5.655340450670250291e-23
-5.175942021661417235e-23
-5.781387801868303693e-23
-5.606293041579330915e-23
-5.593129420797513749e-23
-5.350231648483156152e-23
-5.523946012614326441e-23
-4.966859123246595713e-23
-5.109607312922230276e-23
-5.005941505194412343e-23
-5.423693460094391370e-23
-5.410248760086757537e-23
-5.294823087502156845e-23
-5.208969792564761240e-23
-5.414834300871574459e-23
-5.765548697563500665e-23
-5.316407377681301177e-23
-5.125453978522033929e-23
-5.295616467319156666e-23
-5.627377102622642449e-23
-5.429647618779293032e-23
-5.182409704192635036e-23
-5.445058753020227791e-23
-5.294323832055595690e-23
-5.132031213681929847e-23
-5.329034280038883233e-23
-5.798228891334695827e-23
-5.219155881766899439e-23
-5.095241352820112511e-23
-5.478760797208691237e-23
-4.910092227060080477e-23
-4.850450481013404576e-23
-5.428885992803560310e-23
-4.964568624041724806e-23
-4.884728281294178030e-23
-5.587935554287703574e-23
-5.782854303478669956e-23
-5.278515365900647257e-23
-5.057321319891704510e-23
-5.833949637492534024e-23
-4.972426495599232972e-23
-5.497679877062654318e-23
-5.244380154614659634e-23
-5.076760238570396053e-23
-5.304316890816942753e-23
-5.037952068478487548e-23
-4.921189569957991414e-23
-4.891037263684579111e-23
-5.234788794906705364e-23
-5.260035244660485357e-23
-5.003883979171648221e-23
-5.093268725943226002e-23
-5.248395243874364470e-23
-5.062620268636940384e-23
-5.362500115768578449e-23
-5.324771933501991453e-23
-5.188803684721708757e-23
-5.185580867090264454e-23
-5.348828319269806259e-23
-5.435758919960861364e-23
-5.307664049063045559e-23
-5.018067788676375199e-23
-5.348909489380969902e-23
-4.949835145996124954e-23
-5.542781932186231843e-23
-4.873844881957031483e-23
-4.954191884692091091e-23
-4.759469687362616079e-23
-5.392516953753730872e-23
-5.400137102922458327e-23
-5.554550532152567576e-23
-4.713040494322128138e-23
-5.365597488643702722e-23
-5.162816817272652363e-23
-5.142267853672148101e-23
-5.084014275533331354e-23
-5.005752241930622470e-23
-5.024070782901110347e-23
-5.315672514416472355e-23
-5.331527583962771609e-23
-5.449004064159689573e-23
-4.762883480786947407e-23
-5.024650519587641726e-23
-4.899572730142690433e-23
-4.926974205635121702e-23
-5.095891823669406407e-23
-5.507472549262356701e-23
-5.096644621307493006e-23
-4.778200051480216246e-23
-5.091318331985161166e-23
-4.718298047349203650e-23
-5.049547752425715918e-23
-4.655030352048345344e-23
-5.293494602159722302e-23
-5.174386560580779527e-23
-4.700556036742815953e-23
-5.047901388731631928e-23
-4.850844771166620106e-23
-4.724946177447568727e-23
-5.065768399896317970e-23
-5.087429813141225793e-23
-4.626929160420637161e-23
-5.298757845318495557e-23
-4.452085097480831525e-23
-4.689361482784890597e-23
-4.678660368546102413e-23
-4.717298082358351629e-23
-5.232296381474147297e-23
-4.777960339287222267e-23
-4.770557294800085806e-23
-4.487747772060252051e-23
-5.095080696959816636e-23
-4.871486241112417052e-23
-4.851637744020671323e-23
-4.894020878263986010e-23
-4.837619595816033684e-23
-4.889071968937646252e-23
-5.021624485766034852e-23
-5.353149817272782312e-23
-4.691938679444751486e-23
-4.462612016621902607e-23
-4.279297936507276236e-23
-4.724837528377801941e-23
-4.571347278419643002e-23
-4.797131713329599603e-23
-4.572542650794097268e-23
-4.665390979239852823e-23
-4.149120298922900775e-23
-4.937434983879793561e-23
-4.716272839123504091e-23
-4.746871256552562817e-23
-4.619328008798439944e-23
-4.393728509510287752e-23
-4.778856620376501458e-23
-4.310055058020348658e-23
-4.834168385259462417e-23
-4.534983979360552061e-23
-4.443223874725666601e-23
-4.339000415367619798e-23
-4.669891391462498522e-23
-4.921681145348788154e-23
-4.653390085758680438e-23
-4.239569749296586087e-23
-4.221715138961597401e-23
-4.752887790581249870e-23
-5.029058742686230085e-23
-4.459296356140857048e-23
-4.703423163950447254e-23
-4.730751854818226625e-23
-4.790562730866014725e-23
-4.649990277074429708e-23
-4.455402707894330546e-23
-4.474455166748701089e-23
-4.536992815223879124e-23
-4.509941761505552609e-23
-4.760863246966207813e-23
-4.307584764960126983e-23
-4.499818457481380930e-23
-4.707909248719606265e-23
-4.484976255702834917e-23
-4.626318423027053421e-23
-4.866658794840601665e-23
-4.529801263723441327e-23
-4.451003692777837034e-23
-4.573543881114161894e-23
-4.840632826610307636e-23
-4.632109510445150675e-23
-4.376669929652979196e-23
-4.436154611021537298e-23
-4.149554988783378815e-23
-4.269008801025820404e-23
-4.513696993926492288e-23
-3.884129362031313940e-23
-4.244673448645526217e-23
-4.177763048929027715e-23
-4.346327203353503495e-23
-4.375614507804463480e-23
-4.173752897439927345e-23
-4.233121279552762934e-23
-4.454790977984420273e-23
-4.526987285838403054e-23
-4.121103872332544355e-23
-4.459231159849798116e-23
-4.248506495222004411e-23
-4.586817698459227113e-23
-4.373674777746597279e-23
-4.428840337265273937e-23
-3.887114035794923245e-23
-4.149795867363441249e-23
-3.802699178116830955e-23
-4.438602365391770427e-23
-4.370446410677925632e-23
-4.187128422759288044e-23
-4.123840552901822769e-23
-4.350381149157963328e-23
-4.427877605403145697e-23
-4.409238461927498488e-23
-3.918023242905299697e-23
-4.542689534866557498e-23
-4.363831356870156637e-23
-4.008953312777910143e-23
-4.078204578896122820e-23
-4.406223157325340849e-23
-3.773541662414197330e-23
-4.199828640017761794e-23
-3.970836871272206897e-23
-4.024165685575091590e-23
-3.899255595612779838e-23
-4.051000935577367600e-23
-4.305493552143354921e-23
-4.396007632582899948e-23
-4.443604454066431235e-23
-4.140179409509208409e-23
-4.038926365962691580e-23
-4.085130750526721574e-23
-3.907628974271437788e-23
-4.055784574713008742e-23
-4.006455227258910264e-23
-4.099059085358991022e-23
-3.601435577591655904e-23
-3.684881916572696305e-23
-4.137401040417047186e-23
-3.885158786432092214e-23
-4.042829747973805330e-23
-4.143654761579499394e-23
-4.139620903957967323e-23
-3.964576139745728527e-23
-3.945625687075526395e-23
-4.196397945017154737e-23
-3.979747185800776822e-23
-4.065000861959820017e-23
-3.951561136237972904e-23
-4.447449893028314988e-23
-4.263934558957351493e-23
-4.154581355830718039e-23
-3.935989743721264866e-23
-4.290057144706528122e-23
-3.952870591265485181e-23
-4.386101562413641988e-23
-4.362988122333797404e-23
-3.851655642465686191e-23
-3.917364894926741496e-23
-3.773141071584065156e-23
-3.665071097771025416e-23
-3.899147713994638486e-23
-3.942308925874161447e-23
-4.217352202957890984e-23
-3.951556407533177649e-23
-3.943320533949574238e-23
-3.759963273901851852e-23
-4.116659517136247106e-23
-4.002593117111225343e-23
-3.940787916791814687e-23
-3.886050120582011508e-23
-3.893870086199022332e-23
-4.204110828749868376e-23
-3.719231298982034944e-23
-4.043060513633051625e-23
-4.071816511819808959e-23
-3.904246221226142186e-23
-3.878557047319627584e-23
-4.039945835782967048e-23
-3.770417346875014505e-23
-3.954376315144510757e-23
-3.861807256087424052e-23
-4.189194083758697144e-23
-3.862558679521854343e-23
-4.133030864354013885e-23
-3.819541402838682535e-23
-3.546187442185972064e-23
-3.866953514789804217e-23
-3.973793121982368808e-23
-4.143079954410297925e-23
-3.964687358357684383e-23
-3.736712522927719712e-23
-3.993716650240723684e-23
-3.711826706033005591e-23
-4.002091095028995938e-23
-3.814736711042136797e-23
-3.937228825249553882e-23
-3.649012371968506746e-23
-3.986915414490414247e-23
-3.629260931059231011e-23
-3.826642404486506432e-23
-3.770897619697993226e-23
-4.102594219379820532e-23
-3.945495979755815483e-23
-3.952081217929144162e-23
-3.853808566367704345e-23
-3.874566808837612809e-23
-3.756848171823629019e-23
-3.902728328752624136e-23
-3.962353517100535384e-23
-3.585030568693064326e-23
-3.697812860376588266e-23
-3.883732295825936943e-23
-3.796231679938295803e-23
-3.857448727072041389e-23
-3.925240531036934240e-23
-3.789293720947896145e-23
-3.725117070359584866e-23
-3.777381874902116850e-23
-4.017940462305730778e-23
-3.788599706606415824e-23
-3.686405726403922367e-23
-3.672440403045242074e-23
-3.814635293708542728e-23
-3.671965028630794723e-23
-3.647985754470993083e-23
-3.710916870473949624e-23
-3.940503648211354640e-23
-3.690236071566704877e-23
-3.482040173078447660e-23
-3.746827501537338076e-23
-3.979503069438100586e-23
-3.795929450673607825e-23
-3.725279556953329074e-23
-3.637120853245240190e-23
-3.656936025647480527e-23
-3.544980825314734663e-23
-3.900373081894144956e-23
-3.755594270921031455e-23
-3.512986437517072713e-23
-3.696681381780410356e-23
-3.412573664168846920e-23
-3.561126196118781873e-23
-3.756216067171827960e-23
-3.670432054077346294e-23
-3.416191701873729370e-23
-3.740479602566512842e-23
-3.462303748281836344e-23
-3.595198493182080507e-23
-3.588086712556522356e-23
-3.970536449568751567e-23
-3.511701070893127655e-23
-3.541248891173072681e-23
-3.527585221835551966e-23
-3.727509270786758723e-23
-3.295747382841018183e-23
-3.543409689436517334e-23
-3.673592609077516133e-23
-3.429141904137256186e-23
-3.271260322745930786e-23
-3.498527060310664658e-23
-3.698295360826939686e-23
-3.266340090929968953e-23
-3.454446624241594799e-23
-3.627840531746863177e-23
-3.354823349439445062e-23
-3.603308684497980823e-23
-3.458931673299326888e-23
-3.531959680808477388e-23
-3.391463479813501808e-23
-3.461455566929855039e-23
-3.421872305621378502e-23
-3.371835618620051814e-23
-3.438480208267575406e-23
-3.400075535796878938e-23
-3.503209815912550505e-23
-3.434373641865538855e-23
-3.270598525654895144e-23
-3.514481124455749650e-23
-3.565991256489323609e-23
-3.599570340754294688e-23
-3.362218391801939453e-23
-3.336674333973691913e-23
-3.682779123227748607e-23
-3.495809825472163523e-23
-3.459703206680917591e-23
-3.611851324787508356e-23
-3.343650736461798988e-23
-3.394114202849471433e-23
-3.320934278496546272e-23
-3.340027932939837992e-23
-3.522974792609972060e-23
-3.204541364272645265e-23
-3.479087149763734821e-23
-3.277752300619556150e-23
-3.132460202561722267e-23
-3.349307113865935835e-23
-3.390583343481199920e-23
-3.148926893643869589e-23
-2.947583086657552396e-23
-3.258680753238434207e-23
-3.282274958427474738e-23
-3.185389723992857397e-23
-3.476646797942748053e-23
-3.260147378977030747e-23
-3.375930804817562812e-23
-3.191065569004541887e-23
-3.113955553486311886e-23
-3.256558664654608247e-23
-3.353553512680220934e-23
-3.499086787104377871e-23
-3.268403771032466176e-23
-3.155156882357697221e-23
-3.186013987146806115e-23
-3.140905287456230720e-23
-3.280438503697878969e-23
-3.299082528155595361e-23
-3.165970479710424404e-23
-3.084678295026732918e-23
-3.092731456294740953e-23
-3.267535069900035529e-23
-3.215226399342504102e-23
-3.283985592509907359e-23
-3.258595710781093702e-23
-3.344572317340871872e-23
-3.083650924006630000e-23
-3.174214186738740567e-23
-3.329581882815012450e-23
-3.157218242649663141e-23
-3.199752912683553132e-23
-2.907451959566681336e-23
-3.089923380242036139e-23
-3.135170723836837584e-23
-3.115160281080675445e-23
-3.367259816760478615e-23
-2.842196598817509196e-23
-3.096895004823596039e-23
-3.083202368503432670e-23
-2.989171689404866244e-23
-2.998077925404879552e-23
-3.203377116631026952e-23
-3.051565591460833657e-23
-2.972158027740006818e-23
-3.062470168809608043e-23
-2.988213165322164708e-23
-3.054543284925807177e-23
-2.883250986275021571e-23
-3.145224632447259579e-23
-2.903805680621556094e-23
-3.070457229486446080e-23
-2.740379518045666514e-23
-2.993511939802272663e-23
-2.927622784230979432e-23
-3.058599095358665893e-23
-3.051670149171769841e-23
-3.023025143761043054e-23
-2.964113308923971816e-23
-3.103924235068016966e-23
-2.902514212430839337e-23
-2.971702345099822800e-23
-3.022195029099365536e-23
-3.038670831887802123e-23
-2.975436652652818163e-23
-2.900742307802994517e-23
-2.908933624690434112e-23
-2.968527659752131553e-23
-3.058766085873881166e-23
-2.935054039334209998e-23
-2.913239909561671832e-23
-2.770400159601453264e-23
-2.825215362483443251e-23
-2.960848421762052765e-23
-2.739093405223579902e-23
-2.789922745987365778e-23
-2.794386395048140952e-23
-2.805615255636950630e-23
-2.851709997107122433e-23
-2.758598493867717323e-23
-2.951912840958899187e-23
-2.747625279057668822e-23
-2.875017292985992673e-23
-2.756255048515683915e-23
-2.905724735816494019e-23
-2.812049057114338573e-23
-2.745807073209301869e-23
-2.639645778244303359e-23
-2.895250177572341054e-23
-2.731927071611076315e-23
-2.840773503347354223e-23
-2.648029624992597077e-23
-2.526776958490071479e-23
-2.690798535965664265e-23
-2.904648003995367572e-23
-2.742970935068240244e-23
-2.824480484626179196e-23
-2.605292742696949817e-23
-2.598709392153176887e-23
-2.658312182215207894e-23
-2.653784118695898956e-23
-2.616871826231579339e-23
-2.742482833265189162e-23
-2.704457647415587000e-23
-2.618846820549299440e-23
-2.699467472578034718e-23
-2.676367473619884409e-23
-2.608307110075326847e-23
-2.421222923403549749e-23
-2.660731289716650831e-23
-2.573301677842637331e-23
-2.518549037783235935e-23
-2.638208234136671550e-23
-2.628220803105739461e-23
-2.618007834176807116e-23
-2.520440758803539530e-23
-2.694965402651150318e-23
-2.565997713988506557e-23
-2.640286212053817308e-23
-2.622663011365005779e-23
-2.311258834159956560e-23
-2.532786291832086838e-23
-2.663580962044337735e-23
-2.691073714739048535e-23
-2.674985756484404859e-23
-2.487096139027646538e-23
-2.408619337536975713e-23
-2.431497444207561375e-23
-2.382723305944620004e-23
-2.544995722728171138e-23
-2.463709695103717126e-23
-2.527242806991752527e-23
-2.479442285280649340e-23
-2.539854269221667549e-23
-2.653163122751559305e-23
-2.383287441691768787e-23
-2.429649441727416978e-23
-2.621175719341470256e-23
-2.698084848773978153e-23
-2.418698173654513206e-23
-2.442959518083908630e-23
-2.268664702007034403e-23
-2.346229845536305255e-23
-2.515981663427804580e-23
-2.414412919132397757e-23
-2.317929297090091512e-23
-2.169928324583538199e-23
-2.465819616643947900e-23
-2.296517739989051273e-23
-2.413037245631709540e-23
-2.384381271840864875e-23
-2.362486118058749375e-23
-2.451267670478081483e-23
-2.502053278768438438e-23
-2.319256265952585677e-23
-2.372650583513319986e-23
-2.226732119187608281e-23
-2.200794188453802457e-23
-2.327912484081205530e-23
-2.319337465335630464e-23
-2.438768530409698506e-23
-2.333723781082587180e-23
-2.371899808994290743e-23
-2.317714631674211553e-23
-2.325217926846075460e-23
-2.337949105319374802e-23
-2.381439400540721989e-23
-2.282406836580544273e-23
-2.275495691771817803e-23
-2.331035012559311396e-23
-2.268998234119661530e-23
-2.353021793415524286e-23
-2.421907404843782930e-23
-2.326278769309449625e-23
-2.328091460418310444e-23
-2.277196579417527270e-23
-2.189039999213862780e-23
-2.254847682966717234e-23
-2.311587035503168528e-23
-2.176338390050810529e-23
-2.142479142017097504e-23
-2.288882780380425030e-23
-2.158446043633739214e-23
-2.286877148122046010e-23
-2.202885256976583489e-23
-2.250411225565082452e-23
-2.151702099346148530e-23
-2.297328295633386743e-23
-2.257060274514819786e-23
-2.189247532017290434e-23
-2.170465436930526678e-23
-2.210239351264031319e-23
-2.154202085888734361e-23
-2.268587702896111656e-23
-2.235017834722479300e-23
-2.091279374282523610e-23
-2.180097013607400996e-23
-2.162887735543556765e-23
-2.150746832618162226e-23
-2.148721841054026906e-23
-2.163047431205976810e-23
-2.162523897847484593e-23
-2.339850441456006362e-23
-2.057449453905125549e-23
-2.231703875365269037e-23
-2.082235252189267328e-23
-2.186180399001803645e-23
-2.117072854010637386e-23
-2.098021681182180438e-23
-2.053286981572328206e-23
-2.027976354624717967e-23
-2.130482007583140448e-23
-2.164316339847661502e-23
-2.022246222577948606e-23
-2.068064952963964756e-23
-2.053371991385110897e-23
-2.052758902136023031e-23
-2.115579663242237230e-23
-2.036842702519967818e-23
-2.040927772679582853e-23
-2.058797889390750666e-23
-2.035919812929727119e-23
-1.973851368327692754e-23
-2.000439452613006588e-23
-2.073990764501086231e-23
-2.053161364513150610e-23
-2.173485961525346507e-23
-1.993983297787310805e-23
-2.048988377087520875e-23
-2.126461189332349064e-23
-1.985502422005996779e-23
-2.194635942520970209e-23
-2.016793854786669628e-23
-1.985563052696009564e-23
-2.115035127321412241e-23
-2.128037308794325800e-23
-2.082419728733376606e-23
-2.019228931510417764e-23
-1.953499077635680836e-23
-2.106920564218626636e-23
-2.007079695556122086e-23
-2.003779854852073232e-23
-2.004034337257280610e-23
-2.022512094686678002e-23
-1.875488986760859816e-23
-1.964072652914660435e-23
-1.958295227439582051e-23
-1.946241520829357417e-23
-2.001274945367763274e-23
-1.893651218154036982e-23
-1.979380458509174707e-23
-1.848782489389131892e-23
-1.904586444910235477e-23
-1.894697659214055626e-23
-1.928000225974866809e-23
-1.977581220035910676e-23
-1.849680668201189795e-23
-1.918709376158912200e-23
-1.841609495150649626e-23
-1.942038970068163964e-23
-1.921856373000405918e-23
-1.963770234355173015e-23
-1.879292654094532806e-23
-1.841761782799292731e-23
-1.879442268183238521e-23
-1.921608778513870343e-23
-2.009231776993293195e-23
-1.915051378614526637e-23
-1.927440973087338213e-23
-1.838441161991145087e-23
-1.904639372112639957e-23
-1.892128631234332212e-23
-1.872736080110284386e-23
-1.845429217851200234e-23
-1.768677059713365418e-23
-1.854162883644931465e-23
-1.944310131511773710e-23
-1.805584433045526216e-23
-1.867963638121052201e-23
-1.881396854019920833e-23
-1.866757828518433464e-23
-1.725892728339425331e-23
-1.785511853957624877e-23
-1.822373584713153696e-23
-1.747114288380842079e-23
-1.867481444191335816e-23
-1.815948273632504915e-23
-1.777139002577007289e-23
-1.818445362414938722e-23
-1.708417365442027450e-23
-1.872278446746905081e-23
-1.814893180009223468e-23
-1.792076767120792782e-23
-1.848729299888169284e-23
-1.751366728551614444e-23
-1.779083928193106782e-23
-1.744721538032113976e-23
-1.731205797043452711e-23
-1.791959335347176125e-23
-1.751508030888654645e-23
-1.680843500245060802e-23
-1.693650371486307431e-23
-1.709718814510555866e-23
-1.682339122491125483e-23
-1.603791215019056799e-23
-1.578592030545565153e-23
-1.668939944569637534e-23
-1.742350422375408014e-23
-1.584288878365390332e-23
-1.658214695825572125e-23
-1.602424667576122322e-23
-1.669188112385521513e-23
-1.678840961902964093e-23
-1.690178500247223534e-23
-1.708126198824129438e-23
-1.665639853314212564e-23
-1.702727448372322061e-23
-1.647218392837276864e-23
-1.617748451028030431e-23
-1.677530734774195213e-23
-1.595533724513406973e-23
-1.636034404777052682e-23
-1.693102241861379978e-23
-1.630462504275216737e-23
-1.605621239530550763e-23
-1.615910641847223245e-23
-1.606955164921644748e-23
-1.608840662984956299e-23
-1.538214493358762258e-23
-1.573812802887326684e-23
-1.590558104909679518e-23
-1.488810084858272168e-23
-1.580317938817469976e-23
-1.550497889373785993e-23
-1.567890855631936874e-23
-1.501127050933828173e-23
-1.536478658489810210e-23
-1.561215441214880792e-23
-1.518570373091643938e-23
-1.479130998247981711e-23
-1.628805312884740368e-23
-1.571394540789647108e-23
-1.607645128452627091e-23
-1.445357564833544519e-23
-1.549115867100910288e-23
-1.564707565361044360e-23
-1.434529027691136194e-23
-1.578124088048196794e-23
-1.458720499586771665e-23
-1.409938692390089726e-23
-1.497435992673473999e-23
-1.371997037200702774e-23
-1.504512013474447036e-23
-1.443757732415433400e-23
-1.403476672067014046e-23
-1.479293118066422722e-23
-1.540816241949702024e-23
-1.437714508145857344e-23
-1.451420138091040157e-23
-1.469994090854072058e-23
-1.492213327852690582e-23
-1.480166057633912317e-23
-1.409911497931014067e-23
-1.408890993227530614e-23
-1.491130994674025256e-23
-1.530923315812786590e-23
-1.403464656128682308e-23
-1.422769378465756744e-23
-1.426860950227695222e-23
-1.419163991962542643e-23
-1.401997975343365101e-23
-1.518032804622244226e-23
-1.419724962917171483e-23
-1.409073941994861435e-23
-1.371315880645032778e-23
-1.382804608249732367e-23
-1.392581598322635510e-23
-1.282039912210608155e-23
-1.318750279287807244e-23
-1.327110584681585931e-23
-1.340546225414889466e-23
-1.411994112780571213e-23
-1.400792537285174140e-23
-1.375381435267741833e-23
-1.356919093219575813e-23
-1.320198429353906006e-23
-1.362064934535985071e-23
-1.342719569745554204e-23
-1.404287106659080858e-23
-1.313507266848472500e-23
-1.338038991366952666e-23
-1.358203046300285726e-23
-1.364004789608707273e-23
-1.241767671988773547e-23
-1.281945492755376538e-23
-1.231444777315868431e-23
-1.355895307787398712e-23
-1.290885604365153453e-23
-1.276631557359810397e-23
-1.249274901678923002e-23
-1.274169871292631298e-23
-1.307060515409086016e-23
-1.320268412627748206e-23
-1.278134444249471713e-23
-1.225615665955359385e-23
-1.212444590792036051e-23
-1.213240052337683494e-23
-1.162745871046170386e-23
-1.258936555331329021e-23
-1.188474038802951061e-23
-1.296011806058683566e-23
-1.263582496422256501e-23
-1.214001057903682206e-23
-1.198988726391960066e-23
-1.185205470412828254e-23
-1.253918309764297038e-23
-1.346825590185533771e-23
-1.207209234272844402e-23
-1.128059795605826795e-23
-1.183826183521167634e-23
-1.261539614247723010e-23
-1.242186428219942168e-23
-1.192292771770467462e-23
-1.159759233597611148e-23
-1.126107491489090995e-23
-1.222301900375409450e-23
-1.162717977488728265e-23
-1.213940028717265752e-23
-1.229924788873375398e-23
-1.176854974934051645e-23
-1.117993828486530599e-23
-1.232134024836350422e-23
-1.149986633347898865e-23
-1.192269700048716966e-23
-1.104525935902794568e-23
-1.116263175096845767e-23
-1.115391927373042664e-23
-1.101560210756580410e-23
-1.041395911702950688e-23
-1.116551999496927552e-23
-1.109427960419706171e-23
-1.136032629647838424e-23
-1.144126822153023211e-23
-1.154058204829673895e-23
-1.172588027581511478e-23
-1.117329437885157541e-23
-1.167319201234161069e-23
-1.084965633132187981e-23
-1.057453045973591581e-23
-1.067906088620455012e-23
-1.093937662065312048e-23
-1.063949793010460649e-23
-1.024299544580116741e-23
-1.116135115366989637e-23
-1.079564807171115782e-23
-1.006151410852126306e-23
-1.141749879565840389e-23
-1.155368589350416932e-23
-1.104110056568785234e-23
-1.090271800822630824e-23
-1.086311583759660144e-23
