0.000000000000000000e+00
0.000000000000000000e+00
-3.249457484062318010e-14
-3.596484466843532834e-15
3.439249099511706725e-15
5.755300870177451205e-15
5.251993568824792416e-16
4.428423435005674923e-16
6.383449179965242760e-16
3.384012702023705847e-16
9.575762155652230667e-17
1.276193200306672292e-16
8.355142044199918431e-17
6.812724025252915569e-17
3.118490052122128754e-17
-5.099156724655933396e-18
1.748904481208713657e-17
2.489243758097375654e-17
1.621370946888511593e-17
2.083465208140011097e-17
1.072399494816668343e-17
4.855060508646746465e-18
3.417737834134932541e-18
4.563605407121073689e-18
5.255898705834511467e-18
1.054750963943917870e-18
4.162165990484528386e-18
1.484336698822380915e-19
1.832959321895391273e-18
2.994322321488948599e-18
2.152603838012195564e-18
4.681743741243758852e-19
2.032634136244893628e-18
6.607263199347704378e-19
1.618673858654590719e-18
9.255790832270292998e-19
6.353049616058484139e-19
9.594924712496686600e-19
6.007138067296002549e-19
6.280393856833727831e-19
4.758696255324098568e-19
1.385879549523205117e-21
2.825855699303131851e-19
1.311663748898230076e-19
4.247962786937375285e-19
7.258022307599735352e-20
3.639802403801073388e-19
3.475408944252115270e-19
2.820315787663639819e-19
2.811029801187470664e-19
5.393661178453511678e-20
3.134166583114098812e-19
2.682733395632411289e-19
6.953065609301664789e-20
1.543669599444709821e-19
1.171424476157403783e-19
1.786396988090271819e-19
1.903694010143574470e-19
2.182275485883152056e-19
1.202433765498693045e-19
7.434067152566979972e-20
7.724321880632349719e-20
1.684113351444566211e-19
1.192867363482283167e-19
1.281644753404417343e-19
9.391117481172609538e-20
6.648292158576487668e-20
4.211099801657631596e-20
6.955381986007947024e-20
6.062318285153820396e-20
5.912172878604650863e-20
3.310600731891550130e-20
3.167675025169032189e-20
6.447867960495204656e-21
6.795405381183171404e-20
5.094022046234846294e-20
3.425202979825465242e-20
4.352254308565469621e-20
3.045377154050970415e-20
4.080139232669176180e-20
5.957879800597298115e-20
3.816394212697569618e-20
4.403078569104551053e-20
2.658650318494260095e-20
1.063253250011329206e-20
2.189631649779902328e-20
2.642208787014331265e-20
2.392294212502434618e-20
1.981460587628840403e-20
1.855728754787330404e-20
2.681837223307344046e-20
2.262249050096091914e-20
2.017107579959287453e-20
2.548173889516792089e-20
1.462158389179659635e-20
1.350152534066877101e-20
1.579831923158651234e-20
1.619316723585204207e-20
1.718853702767793155e-20
1.759049733143420248e-20
6.350978038209549995e-21
1.162628716808427034e-20
9.673262619152729045e-21
1.357416716011755435e-20
1.241686693008155764e-20
1.391217416100431866e-20
7.278961183676348788e-21
1.051270881723617323e-20
1.598893465398497223e-20
1.307860192291846799e-20
1.145972681119471496e-20
3.947140424815764453e-21
9.691259912403501753e-21
8.711892652704130847e-21
5.158249525633156764e-21
7.025349585200887676e-21
7.818737215319133460e-21
9.057086233230258781e-21
6.330940831010710884e-21
7.256964020519177939e-21
4.910522613319184461e-21
4.224782219459267690e-21
1.903241454537878261e-21
5.111406743387740426e-21
4.014073712507643828e-21
5.224690222577696096e-21
6.352905818940088140e-21
4.425699535831889536e-21
3.861634405984035763e-21
3.220547607422707843e-21
2.364457883308377038e-21
3.553245189213847735e-21
4.798180626820443144e-21
2.013068931184193305e-21
4.684111750636632760e-21
4.783188045018832740e-21
4.581288422686818298e-21
3.332026666916594982e-21
4.099331001821580675e-21
2.784371318175844059e-21
2.643687032192608602e-21
3.031489135494054998e-21
2.902588553476728552e-21
1.521439215681271790e-21
2.223215727787698819e-21
1.075331473765540318e-21
3.058385048644538614e-21
2.870652494052749613e-21
2.664407500342396310e-21
2.804183061765081320e-21
1.688237980957465624e-21
3.226225248045216346e-21
2.443487703833179285e-21
2.580178158845998581e-21
2.609668845438941421e-21
2.043692686110199004e-21
1.854330224352042987e-21
2.920504627726808117e-21
2.141548476571799940e-21
1.159566542778659138e-21
1.090721090473144303e-21
2.280595745018177412e-21
1.283418097077340945e-21
1.766733889068621766e-21
5.674609759654985845e-22
1.021078604615247699e-21
1.497911383478024836e-21
2.349157671953548387e-21
1.244421888135338293e-21
1.467843293189755607e-21
1.785977924691073466e-21
1.178720494975918013e-21
1.889887744404813797e-21
2.023117313743444448e-21
1.354668644959101112e-21
1.322358256405302963e-21
1.095717358423857378e-21
1.518802013951118440e-21
9.852498581054396147e-22
1.129497878017202148e-21
1.313545730280720093e-21
6.119826737731889896e-22
1.441935427083217199e-21
9.283733653911609494e-22
1.194625270283166631e-21
8.346401186547891453e-22
1.448189953912447667e-21
1.147052334447983031e-21
7.406993720745974665e-22
9.674975956568967163e-22
9.832211064611176031e-22
8.104287383017748354e-22
1.038394964829854911e-21
8.762756910446810151e-22
4.458341233908520298e-22
7.142853605433615493e-22
6.993597159338545853e-22
8.951370234634433364e-22
6.358276624754027057e-22
6.686760370629604176e-22
5.939817222113180012e-22
5.913055693127111899e-22
6.722764765773642900e-22
5.649343589162935923e-22
5.531628245049307502e-22
5.798063151131603424e-22
6.452898356036660516e-22
5.555785946417046328e-22
5.798418451772789603e-22
5.895509737737193707e-22
7.400088561591920901e-22
3.551470674472696402e-22
4.729417292570505594e-22
4.947907117610030788e-22
3.994449338408306835e-22
8.054719220252977016e-22
4.809010230327629225e-22
5.132048484425435182e-22
3.173277678986634912e-22
5.974398502962840874e-22
5.170174203439998984e-22
5.293216044362203798e-22
3.963818973282367048e-22
2.650336447402911570e-22
4.645744558281300609e-22
3.459271207589330825e-22
4.830789228255719107e-22
4.581974634389559054e-22
5.308469116738585414e-22
4.083654563916109601e-22
4.284475737618782801e-22
3.812851617989379237e-22
2.229037989128172629e-22
4.006379869534042087e-22
4.237180611211427978e-22
3.736314828737864255e-22
3.151296776516523424e-22
3.507130061324268299e-22
4.102573158154772732e-22
3.006940102606256600e-22
4.418909013243067210e-22
2.838555494414926528e-22
2.834864905775177164e-22
3.355570711459175245e-22
2.576321208404185085e-22
3.319094800678468582e-22
2.708782963361816462e-22
2.681516982696866373e-22
2.793474161772873408e-22
3.315780452286364569e-22
2.212900178318472577e-22
4.127656566066427504e-22
2.091724183043282663e-22
1.924596700612936704e-22
2.362315658413246625e-22
3.425704343278284558e-22
2.492376096644403687e-22
3.617490827149975900e-22
1.832568112599876122e-22
3.528726556603336615e-22
2.146117166873629866e-22
2.166419197516192987e-22
2.183638941717513356e-22
2.936775637391914328e-22
2.331211655870410868e-22
1.753519108976016483e-22
1.706563982533505213e-22
3.645531172788257042e-22
2.080360941646691827e-22
1.858840845536001145e-22
1.732682773218753831e-22
1.688510797657176101e-22
2.604681281447777000e-22
2.485052998736726750e-22
1.503484167812209466e-22
1.592222331474256449e-22
1.248396308360377810e-22
1.717715909809281593e-22
1.529777027529181500e-22
2.608190317890419559e-22
1.969366512331915519e-22
1.685440091246023698e-22
2.148958358637972769e-22
1.274417140172612756e-22
1.777328895230307932e-22
2.049815317038452682e-22
2.217726938844569926e-22
1.986253598538294702e-22
1.765359067332577008e-22
1.589794701970773854e-22
1.311724169153150061e-22
1.894807774457241665e-22
1.456883531641206935e-22
1.536784214134864653e-22
1.976726355123540747e-22
1.435360371531689846e-22
1.306235423307473642e-22
1.580390740589568428e-22
1.966516239169082645e-22
1.505554588912441000e-22
1.351083489797231417e-22
1.704231448341976876e-22
1.138699955644385911e-22
1.648431167921820824e-22
9.816307492454114596e-23
1.417462205102968794e-22
1.674008720710536793e-22
1.194789958748283921e-22
1.540933972709618208e-22
1.096568350461215343e-22
1.523630840399546990e-22
1.002526295311270094e-22
1.280151899416941978e-22
1.275855720920559112e-22
1.015872857256166168e-22
1.081275315218220308e-22
5.301792838516144118e-23
1.167928444982471094e-22
1.118959934767254196e-22
1.096783969720038023e-22
1.023370586580006865e-22
9.978906329831739026e-23
1.446619094259872738e-22
1.220677721146306521e-22
1.121787257959748424e-22
1.004732136546062014e-22
8.967780105463799347e-23
1.201987336052357264e-22
9.370573528710311168e-23
1.171647487355188906e-22
1.019077131551352832e-22
1.176551339152391510e-22
7.960630159678172370e-23
9.969124298183324571e-23
9.048304637582305485e-23
7.806823865109460374e-23
8.808047356390319684e-23
7.171983400715019793e-23
8.469374648948211217e-23
8.008635780108451668e-23
7.458938104341279334e-23
7.867989981547570984e-23
9.297815838017428645e-23
6.247050705181421956e-23
7.008330327224083769e-23
8.937905935756942048e-23
7.906152341921481204e-23
6.220491015217293283e-23
7.527211992249679355e-23
9.219381804593905659e-23
6.021954163264040505e-23
7.942767824415014218e-23
8.205207274813799255e-23
7.440656456530364185e-23
9.497724318487228221e-23
8.366498709559573045e-23
4.331883585280095846e-23
6.547079863163250518e-23
7.059316333151408919e-23
7.526371859529518683e-23
7.649211711560090421e-23
9.067050628021954939e-23
6.360904944887913392e-23
6.050822639864622004e-23
7.693174854587657858e-23
3.729870256315446029e-23
5.366115571540567491e-23
6.189819913855673495e-23
5.147111255031084007e-23
5.632464976304742042e-23
8.220722486913450180e-23
7.624527720848471931e-23
5.334063126932386793e-23
6.641374386910019536e-23
6.749969644223907058e-23
5.160021971481801364e-23
5.440871151040839073e-23
4.950971947353278666e-23
4.506021504261720925e-23
5.032229831435899300e-23
6.611697152799916124e-23
5.421302311928572223e-23
6.910221887405378135e-23
5.532362099207139488e-23
7.796286209931287938e-23
5.182174105714471086e-23
5.368770869411728508e-23
6.432323602119871781e-23
6.114856581142075919e-23
6.911149888883417017e-23
5.090781657421414434e-23
5.306235915307406936e-23
6.732036165973259271e-23
5.222119512680228278e-23
3.892884126974843809e-23
3.290277184757119577e-23
3.504403330601491061e-23
4.115978977502186066e-23
5.010684412123690819e-23
3.410798667499094902e-23
4.317278838313045173e-23
4.966582940520255281e-23
5.062112211507001682e-23
4.094786754603676930e-23
4.451126377674544890e-23
4.187803205136606905e-23
4.259888050354136319e-23
3.531286411949080893e-23
4.909613378318128889e-23
3.681862046451179384e-23
4.913539529341728674e-23
4.491020715989627516e-23
3.922494459585311510e-23
3.615868295926776903e-23
5.199466871512855793e-23
3.454947133179922394e-23
3.779633557021448122e-23
3.055500515906118537e-23
4.336295501626858571e-23
4.193794721515263983e-23
4.080484754665594514e-23
2.911189340145383738e-23
3.854927001483114910e-23
2.698811646700520911e-23
3.790890578244959822e-23
4.273142914712391914e-23
3.083607730107169982e-23
3.553504339866335517e-23
2.844986686203738611e-23
3.305329135329494167e-23
3.102687656083151830e-23
3.062507735778837366e-23
4.257611988843751477e-23
3.449804604926006209e-23
3.116661381188308349e-23
2.938990823879969456e-23
2.438746449215673410e-23
2.642667686880891974e-23
2.922867494262469954e-23
3.683262534012441483e-23
2.967559605106061291e-23
3.328726501011170032e-23
2.507856631881202351e-23
3.117979884542901045e-23
3.251811272168568158e-23
2.442352399318632439e-23
2.462688642019420736e-23
2.506913480453963199e-23
2.909397602724726095e-23
2.387964035298641571e-23
2.180821770261175244e-23
2.068361943828373785e-23
2.214342200038189157e-23
2.533115611728985688e-23
3.332550238947657086e-23
2.270087788193409471e-23
2.352004655174927127e-23
2.842442676037865005e-23
2.587709462585539985e-23
2.430548855352661653e-23
2.971772073976825447e-23
1.967865449642850774e-23
2.486194625066711339e-23
2.437066627991558059e-23
2.901420114465371438e-23
2.889220088997830968e-23
2.049731014014566860e-23
2.789819192195551502e-23
2.341644278957298703e-23
2.895522737637787963e-23
2.306649252980672766e-23
2.637988899269127735e-23
1.695345454770744017e-23
2.908328076639274954e-23
1.554805238842507203e-23
1.791482722978294308e-23
2.629588461186508098e-23
2.349622875967883446e-23
2.571205794958117183e-23
2.302456597322900826e-23
2.283267514009645519e-23
2.738965183057394790e-23
1.362582987649233099e-23
2.164497088544925884e-23
1.784924070049813482e-23
2.038335189105241566e-23
1.686229837756021963e-23
2.124198848840986594e-23
1.588584042888890847e-23
2.081305138463895728e-23
2.101673251348232265e-23
1.957840516590694162e-23
1.601887925226345098e-23
2.149842048030592827e-23
1.966283601743209935e-23
1.809912375811431491e-23
1.990395378037566716e-23
2.241058489750055805e-23
1.768528383607423218e-23
1.423726725142693399e-23
1.646748107719131199e-23
1.898718897410555315e-23
1.594002807812050135e-23
1.788947431128878132e-23
1.764732808413938438e-23
2.125986617753433779e-23
1.529081731047108742e-23
1.433898134017207802e-23
1.495456910049237201e-23
2.178468693744901810e-23
1.774806702752052224e-23
1.408573582950049515e-23
1.168224670796175981e-23
1.191777429608357593e-23
1.461284387447052433e-23
1.307090056583564168e-23
1.406866030550318201e-23
1.112046546210514219e-23
1.320785986994776222e-23
1.666892450751861258e-23
1.612505513109877843e-23
1.688549185587405395e-23
1.425431951172732792e-23
1.524020413762636709e-23
1.579011019325596549e-23
1.630688359941242643e-23
1.205960861653888368e-23
9.445424387227971661e-24
1.283932705558423609e-23
1.508466648306369313e-23
1.297122083074771150e-23
1.003442623346887721e-23
1.363616205321700646e-23
1.423482774036356504e-23
1.180011326965296761e-23
1.607103446890722280e-23
1.378236780572973144e-23
1.040463078017194202e-23
1.291878309918559736e-23
1.147144327317282189e-23
1.512962259800508032e-23
1.069512010969081930e-23
1.288209914237365274e-23
1.204667881852507344e-23
1.155021521908865546e-23
1.386967676914383858e-23
1.064327924227674134e-23
1.000945126530141245e-23
1.134896877615275437e-23
1.234382822009914056e-23
1.324770558186544811e-23
1.146253927915616758e-23
1.140544749224746695e-23
1.075376816117599310e-23
1.168768795635784169e-23
9.366845611626871946e-24
1.043936450856176217e-23
1.081404727305315586e-23
8.560609246109452156e-24
1.009095896937799519e-23
9.177744538869028689e-24
1.111024965371576074e-23
1.311355542312154200e-23
9.256737176022016340e-24
1.049022882532796538e-23
8.659379000456540874e-24
9.266646517288641384e-24
1.089598259123265304e-23
9.374800930779453719e-24
8.039737945982424459e-24
7.837904086156870245e-24
1.238639175804852875e-23
1.056207081863632108e-23
8.134956113816038931e-24
7.476660589476229823e-24
1.054345919373849332e-23
8.595624051872742924e-24
9.604061476264217820e-24
7.861631595853900574e-24
1.004031490637014031e-23
8.902346760510950054e-24
9.065714250129664516e-24
6.489191925675597039e-24
9.603472808179316609e-24
7.860658440403295227e-24
7.452874536995527636e-24
1.060848281112692640e-23
7.336348284286098398e-24
6.339505659779808862e-24
9.381502508747680726e-24
7.564287020117369627e-24
8.435071816495671486e-24
8.031882270299982819e-24
9.991418357821798000e-24
6.957247542998048385e-24
9.581905735896608156e-24
9.824451638981527780e-24
8.853990791878312685e-24
9.026740731036803891e-24
6.620234915651687132e-24
6.488442479125572005e-24
7.439680320162217096e-24
7.091424049794583925e-24
6.575484477605798646e-24
7.192574984654366560e-24
7.472435789892484365e-24
6.694602258355845224e-24
5.334471980401625693e-24
8.368691162563845344e-24
7.372834629774174089e-24
9.813192221569842775e-24
8.555789605480119904e-24
6.450222780666042487e-24
6.719794959045482409e-24
6.524984522775238460e-24
7.373840382213734133e-24
9.120520260170561073e-24
4.846678658604123651e-24
7.397766147419359989e-24
5.871955559799582060e-24
6.469879040835178886e-24
8.951871143104675440e-24
6.440680542731482028e-24
6.632771770136541126e-24
6.563490535693708592e-24
7.511017466928371819e-24
5.814901442836470991e-24
4.659148443587636543e-24
6.276788605895820049e-24
8.160274453503711336e-24
5.430962721121930063e-24
6.861217127085986705e-24
6.563115316292667264e-24
6.145018408652041901e-24
5.628657016698357962e-24
5.339891708895316616e-24
7.083306003420585870e-24
5.361440207966730909e-24
5.845224515793756753e-24
5.445631867341175727e-24
7.346001434480311055e-24
4.963872209127605528e-24
5.623703035702019943e-24
4.498798920118683244e-24
6.701342075279444031e-24
4.978196167311088112e-24
6.057987439691871531e-24
5.609531634198090671e-24
4.656993283335048756e-24
5.883006594466788932e-24
5.809900601487431521e-24
5.777765494304996614e-24
4.764067099365838474e-24
3.420417983586883893e-24
6.133157362493202873e-24
5.824291313771898796e-24
4.634510000929730754e-24
3.803292135539364783e-24
5.207862992828756097e-24
4.388492412407555644e-24
5.387364429206354703e-24
5.449478209653625310e-24
4.187339340277740522e-24
3.528154348959686336e-24
3.967370908988540655e-24
5.031802535916581273e-24
6.053997291275209033e-24
4.426197292923457474e-24
4.943615596386880502e-24
3.457907816103024830e-24
5.422409288258326827e-24
5.546685346055303289e-24
4.389368041010254380e-24
4.086223248335550219e-24
4.162987261899941966e-24
3.919570513155166713e-24
4.943973447424087765e-24
5.873573450972040059e-24
4.872000279190313814e-24
5.091033159002802970e-24
4.633383298518792051e-24
5.001255240683042574e-24
3.217829033536221648e-24
2.999906630182389021e-24
6.412955225584230299e-24
3.937854688380681924e-24
4.423243399403149707e-24
4.260281345926439495e-24
4.598736303024556686e-24
4.982621372111466774e-24
4.439674926136504074e-24
2.804558703812270547e-24
2.477925085362432811e-24
4.307285850492598806e-24
3.323932536885041456e-24
4.023239162756451968e-24
4.134415513014055157e-24
4.837583410988342595e-24
4.630573535381226523e-24
3.487092127801095000e-24
3.343869074321128215e-24
4.772787662658041656e-24
4.952010656757642313e-24
3.808979720972283849e-24
2.295838462767411826e-24
3.230887967408667820e-24
4.109425880602248557e-24
3.995825642301450386e-24
4.111940788408559697e-24
2.141699730049090955e-24
3.222322747175003965e-24
3.859336995570053628e-24
3.610851304888142947e-24
3.934264943020989776e-24
2.994160555614069430e-24
2.595437060703936628e-24
2.600520543875211730e-24
2.743707085885098031e-24
2.356358403326370981e-24
3.720682209655189399e-24
2.353045876865254004e-24
3.825006757949153920e-24
3.439832905748648372e-24
3.498929112072939007e-24
3.861621280749098327e-24
4.332624478732728307e-24
3.585069846696303046e-24
2.237306156754362069e-24
3.216825344952264393e-24
4.297291206225450541e-24
3.359170129004259871e-24
3.279287992143066797e-24
3.464051360999685515e-24
3.030976012198620979e-24
3.535214550151623032e-24
3.397645017069097899e-24
2.567153929931645589e-24
2.925243489857777056e-24
2.683506729116293118e-24
2.794353535453723669e-24
3.132084428203817001e-24
2.889771223946107758e-24
3.095103835966895443e-24
2.962354759689583604e-24
2.533579165643822243e-24
2.387054107885132616e-24
3.833328488886604842e-24
2.960651147426525348e-24
3.355099230129138752e-24
2.758307495009147150e-24
2.948268407723995820e-24
2.123639811477929817e-24
3.002213710342746408e-24
2.009193642454289474e-24
2.501979267421764688e-24
1.987957034279383297e-24
3.214035699995082616e-24
2.906041426302793778e-24
2.580958728975629856e-24
2.071219694464542477e-24
2.114506334675610725e-24
3.299875305879679440e-24
2.662120043368981123e-24
3.107648126659789386e-24
2.140127716155862509e-24
3.349253890988847238e-24
2.523773287939229728e-24
3.347035907432531765e-24
2.148918362036998490e-24
2.648751874625029478e-24
2.565579702147382128e-24
1.749948445913519045e-24
1.957466589930627940e-24
3.178966422950523014e-24
2.497364186679748527e-24
2.240054753446446347e-24
1.996762464732719632e-24
2.216624911965097200e-24
2.090584657815543555e-24
2.514113072155660706e-24
2.082539131257541016e-24
2.773258588258106348e-24
1.734885662233701934e-24
1.775378862608232594e-24
1.602763130336112643e-24
2.206491469741955454e-24
2.441618874469192713e-24
3.073635939058882032e-24
2.265192471199044961e-24
1.731614397274467339e-24
2.153165307561265532e-24
1.244452593492053716e-24
2.183982157927075634e-24
2.312929583280504340e-24
2.779697394958906722e-24
1.909785512769513273e-24
1.646627305818006351e-24
2.355095294857234559e-24
1.488814409387462706e-24
2.140482857187514035e-24
2.278039994714131315e-24
2.321376196123281107e-24
1.959642783085815888e-24
2.359971595718509139e-24
1.948947227818464253e-24
2.027605654449724597e-24
1.564368161829496261e-24
1.814784307662793943e-24
1.722835434501777363e-24
1.541094564921035283e-24
1.985168832678939541e-24
2.059622107159692728e-24
1.598707165737525550e-24
1.659719607960283268e-24
1.797465389686772987e-24
1.593360782315809216e-24
1.217291302738379501e-24
2.342428139772353655e-24
1.675906775721943711e-24
2.091099248662848418e-24
2.414531977128227476e-24
1.519639756302057900e-24
1.932976431516616278e-24
2.114285505965889972e-24
1.558118177160500737e-24
2.220167314960344652e-24
1.823853117086584169e-24
1.566155651906212855e-24
1.589600334578021736e-24
1.788784359865059258e-24
1.366248346763044678e-24
1.527915702844266430e-24
2.186590581181951785e-24
1.439412039461771656e-24
1.571538415045976337e-24
1.752144395433958023e-24
1.719069020994236863e-24
1.861379859444313498e-24
1.899450235496649182e-24
1.750310419086379977e-24
9.755760466259919846e-25
1.800426252602332803e-24
1.632072525146366272e-24
1.448045787251149205e-24
2.164316514331723921e-24
1.679253054539484709e-24
1.269947394386876002e-24
2.090418979272996275e-24
1.274325879968882136e-24
1.796424865389987972e-24
1.269952914103577004e-24
1.554983729672313848e-24
1.835627217245152636e-24
1.628575078319603387e-24
1.557646932895667490e-24
1.555948259266396538e-24
1.362165903613573972e-24
1.334318375684235274e-24
1.221946281662009614e-24
1.312519019920911434e-24
1.325092156293952404e-24
1.462781261637826753e-24
1.585063816819584185e-24
1.356280308384214389e-24
1.944314224918259855e-24
1.314327734554976831e-24
1.339482741366422319e-24
1.536915327238827401e-24
1.197362832509015139e-24
1.231488840132095979e-24
1.603216466968124063e-24
1.578832279264187985e-24
1.181136338592639716e-24
1.464531772706749803e-24
1.512216246242729248e-24
1.628689044859705171e-24
1.232636730435503558e-24
1.138132051577706806e-24
1.024375937874454051e-24
1.091384230425217204e-24
1.297910375043252428e-24
1.226124334233842769e-24
1.377062066440057649e-24
1.099430663537160456e-24
1.168739474148237936e-24
1.464242760550967390e-24
1.476503424145443244e-24
1.479882096462113889e-24
1.517547733871058453e-24
1.124163155912662612e-24
1.228043648869644171e-24
1.372263967727848753e-24
1.253843112912693220e-24
1.666767838683499802e-24
1.315778908944021194e-24
1.230115594490722477e-24
1.063255612455005816e-24
1.067840889829975245e-24
1.263136654582288493e-24
9.307829139139367376e-25
1.276395680992949427e-24
1.019155992042769737e-24
9.898011050002482460e-25
8.840206704867880578e-25
9.938327796471018997e-25
1.276495912243251913e-24
1.048762718839778964e-24
1.109643479635094657e-24
1.336120038338622475e-24
9.264648587496086310e-25
9.801020504276529970e-25
1.436827736402571944e-24
5.025366395498310346e-25
1.123082501823458805e-24
1.075828349932225602e-24
1.181424879586392560e-24
1.243498171286330203e-24
9.520002763733112922e-25
6.871530701679046745e-25
1.067990982858188353e-24
9.691568884601063394e-25
9.374842042441920864e-25
7.843883029553416647e-25
9.733731457565728833e-25
1.037387319340542330e-24
6.246282357352455742e-25
1.099611595088980492e-24
9.162185349587781320e-25
1.182326381130341277e-24
1.313709360981106738e-24
7.129816973821222781e-25
1.110076355241626338e-24
7.345302735312829317e-25
1.575658053870153252e-24
9.537174006280341235e-25
9.666249605510351191e-25
1.150129621561552152e-24
7.514890529162997240e-25
8.839646188486930944e-25
9.790367052607958341e-25
1.196128094703945826e-24
1.212469809114262858e-24
8.704904194286437566e-25
2.515927832352919940e-25
1.054595549873438842e-24
1.030179341264479733e-24
8.016321962012812676e-25
8.164593882774223980e-25
1.054882727199052785e-24
8.858125664791430115e-25
8.156455689591110541e-25
9.372876884187110034e-25
7.633713954394190016e-25
7.424262807820802944e-25
9.212630400495574944e-25
1.195080557061475375e-24
8.946976604635880142e-25
8.639575861966392730e-25
9.873243872231355823e-25
1.024494110924942751e-24
7.117430849668307473e-25
8.338472054350087843e-25
8.177092302576134460e-25
8.276591673329469214e-25
1.265182193068524465e-24
7.149913699467577138e-25
5.069596802969473622e-25
8.387581492318521549e-25
7.492086768723879812e-25
7.098560667148260913e-25
8.624183906867513300e-25
7.918626982946192828e-25
6.887088605594996184e-25
1.050412307397964287e-24
9.315056989912699013e-25
8.509853587897555460e-25
6.669401855163456709e-25
6.638598885627771387e-25
8.483954677481766173e-25
5.608285141594510731e-25
8.536274786024678149e-25
5.094932861810766874e-25
8.849333300849623919e-25
3.702605105131020200e-25
7.365633557740228482e-25
9.922358498601776753e-25
1.020446729211370726e-24
6.838165009665284339e-25
9.017466363526233263e-25
7.518863188739457595e-25
7.883784435114097974e-25
4.658324640231306575e-25
3.832650097533291427e-25
6.955320440593839443e-25
8.689965997571153354e-25
5.836525310607559623e-25
5.368048649778446129e-25
6.393870853660113225e-25
4.602999966899857759e-25
5.545213845450421369e-25
4.989759483716278051e-25
8.961260049023331743e-25
6.146342768860834562e-25
8.941451965399174081e-25
6.160456875267570612e-25
7.944722059173294956e-25
6.216488461662185737e-25
5.778456442579530084e-25
5.502323463567206996e-25
7.054493445722832859e-25
6.617499312662183620e-25
4.397476755746674002e-25
5.716880500862169951e-25
7.018977969607099112e-25
6.259645102301116032e-25
5.726101529637208649e-25
4.068485500857801471e-25
5.586648572618179721e-25
6.240780108645677090e-25
7.438963733722093005e-25
4.964611270889255835e-25
5.009133204513049909e-25
7.080735940464164540e-25
5.464099639584405025e-25
3.902027044329749343e-25
6.164594530448867457e-25
4.226558062868147895e-25
6.381805069103799249e-25
6.609078050280831524e-25
7.240371822471799527e-25
3.029159259964572629e-25
6.507017433305035121e-25
5.194052669626662685e-25
6.596574286875218064e-25
4.526325581769147710e-25
5.268227207743121392e-25
5.005196762277055989e-25
6.506346213877722149e-25
5.467098534269054259e-25
4.310878417641675021e-25
5.817230249413944176e-25
5.850196252782412223e-25
7.062912018063431536e-25
2.874457310170769917e-25
6.826189378480746097e-25
6.445978744188975590e-25
7.590165439964059921e-25
2.287495277618257355e-25
6.920002726374012493e-25
4.400527506925400990e-25
5.086338891622046877e-25
3.693350605830734535e-25
3.699622749173245022e-25
5.866387688984246022e-25
3.481365606190040407e-25
6.019886467041079920e-25
4.383988654358360249e-25
4.358217082366180802e-25
3.477813398463855816e-25
2.911410969759506558e-25
5.070185811157205417e-25
5.721866955378502520e-25
3.656813527623865745e-25
3.121774530192708798e-25
5.166986284740203347e-25
3.869810991857203559e-25
4.245187636185368356e-25
4.698223775331591133e-25
4.607114159618083882e-25
4.950025012966030601e-25
5.172785872667983849e-25
4.776303716710067138e-25
3.543596933846922818e-25
3.917361029356681449e-25
4.322479031358812728e-25
5.131706660085680185e-25
2.868000238821937802e-25
3.030881263346340261e-25
2.821215990182175260e-25
3.181978616311215572e-25
5.236565630721927181e-25
3.654514945709505529e-25
4.272532528732748512e-25
2.443315166433952431e-25
3.894357101273898013e-25
3.162368577345352316e-25
2.808859463118080462e-25
6.158844777043218548e-25
2.814846786478458049e-25
3.641792394516534381e-25
2.540959539800541249e-25
4.461143524418644389e-25
3.983138289365047939e-25
4.701837332481055311e-25
4.394133529538946874e-25
4.123203707933240600e-25
4.644243746361167560e-25
3.869320228528977624e-25
6.306367888010875862e-25
4.175103543657644297e-25
3.502432543152484517e-25
3.599275884978262408e-25
3.726219806006834908e-25
3.676376941212078578e-25
4.028037311191788408e-25
2.825261101069179159e-25
4.537754522873569056e-25
5.138486481507540396e-25
3.402239271303256222e-25
4.767835882371549114e-25
2.957176128273735918e-25
2.420195242537085141e-25
2.582796025389402406e-25
3.754378647702168129e-25
3.746344031128607883e-25
3.109304752762314485e-25
1.701404185199077452e-25
3.899805926210150363e-25
3.853459104171079368e-25
4.944211031777406706e-25
2.993453317624643165e-25
2.695280039957886596e-25
1.400354364123446564e-25
2.349814654053224736e-25
3.917969012412826809e-25
2.978639430154396132e-25
1.726158640668426953e-25
1.307644178016164519e-25
1.995495847743138143e-25
3.815459692489647079e-25
2.219503157066068821e-25
2.555910549815811119e-25
2.431811391048288292e-25
2.596695203131441645e-25
3.792266114086024838e-25
2.622554396925276708e-25
1.206070221947546807e-25
3.081829849844818776e-25
3.327788577842687675e-25
2.300601017959035606e-25
2.638325214933051142e-25
2.596122233836038936e-25
1.422648622140094809e-25
3.330891570940852812e-25
3.632642189708869390e-25
3.240999839384807209e-25
2.742028365360914296e-25
2.875697927941424902e-25
1.565417425327345892e-25
2.701129713959125645e-25
2.149445560663052682e-25
2.676375985156728376e-25
3.285502361708762307e-25
2.482139976935799616e-25
2.580270612834690967e-25
1.411703977786121825e-25
2.247169276265741863e-25
3.385249282546529614e-25
2.783546687331635625e-25
1.336130434910034519e-25
2.594685377707553332e-25
1.645104084959974039e-25
8.489965573601114735e-26
2.447365984685594994e-25
2.216769693610830247e-25
2.519238955902294712e-25
2.048387049262801886e-25
3.132769069117896741e-25
2.793100113105083970e-25
1.723644037578177480e-25
9.927028781720383226e-26
1.772918975837318672e-25
2.413450029273165839e-25
1.882664068950685460e-25
6.009384584191335787e-26
1.419605692845563740e-25
2.815750583538488765e-25
1.867272025215290556e-25
1.109228132010002976e-25
2.353741654192323112e-25
2.522208954886769898e-25
1.217271619464704612e-25
1.852233474422834403e-25
3.496450032498127851e-25
2.184483388994081589e-25
2.263851127987004756e-25
1.583391756954593098e-25
2.121025293273192290e-25
2.602898991042409163e-25
1.286135629458401288e-25
2.312013986231917093e-25
3.107169637325924953e-25
2.981140847643805331e-25
2.407451544153797773e-25
2.014055759395153151e-25
2.012104090105732811e-25
1.793410877073693554e-25
1.560974416753984727e-25
2.043842400554953423e-25
2.095738828553915584e-25
1.432868035449074558e-25
8.742806004638258780e-26
8.236467387137433209e-26
2.659870898960049494e-25
2.351502246356225496e-25
1.725133412822698265e-25
6.196059414717736442e-26
1.764358823331369480e-25
1.843588022081765503e-25
1.845464385882472129e-25
6.955111119050618960e-26
2.835614279964589255e-26
2.247399484784580519e-25
1.803198014565101503e-25
2.808721739805585618e-25
1.237387722778112298e-25
2.207099130963415887e-25
1.031592852413607672e-25
1.195832474437561346e-25
3.030896259198943455e-25
6.736447816847958019e-26
1.279212306575770177e-25
1.818188681904449703e-25
1.552172456326332035e-25
1.637989061636475819e-25
2.743326322103632909e-25
1.956715310162616214e-25
5.666767109994398378e-26
1.410824859025225103e-26
1.819464142883382998e-25
1.463740046952674618e-25
2.510783067461178751e-25
1.151145230418399382e-25
9.194179230428560019e-26
9.278327344841998172e-26
2.837001713966351626e-25
1.340605651393132755e-25
9.850981906928770938e-26
8.288212114210548331e-26
1.562568413570668128e-25
8.170980505103399471e-26
1.639403682064337548e-25
1.891028467701105401e-25
1.360019052626618302e-25
8.319062237682063070e-26
6.622159439777833713e-26
1.597777221568157258e-25
2.469353048174684372e-25
9.930469049038160456e-26
1.633332010915050416e-25
1.184989504243005533e-25
7.423988038301988914e-26
1.266362961095234674e-25
4.040457053287500603e-26
8.555202126819871115e-26
1.345639133478882216e-25
9.120794143100707318e-26
-4.555326852578563153e-26
1.572000991791828766e-25
9.696434382357279554e-26
1.325636384609609027e-25
1.308125854920711709e-25
2.306746009445333047e-26
1.494153834880618782e-26
5.387434439393513302e-26
1.304765209899729828e-25
7.713148784790928006e-26
7.268196594964652207e-26
1.187905096190118243e-25
7.878159838852078618e-27
1.200745741473949533e-25
7.854479409154355536e-26
1.313717162222534432e-25
3.311367521197368221e-26
4.828316595086506897e-26
1.383925658129210334e-26
-5.523314180394277678e-27
8.119500891006799410e-26
5.093648642095199143e-26
7.789100660172599625e-26
3.581545671485413587e-26
3.629810141983695030e-26
2.156980701169639275e-25
8.349236954078712507e-26
9.396934824881698257e-26
3.616417907444546525e-26
1.649239250935554828e-25
1.103144641180353116e-25
6.495824638071639758e-26
7.768273410740098837e-26
1.661519048958550234e-25
2.628908206172031780e-26
1.463658416714224321e-27
1.090157542417095355e-25
7.413915171186644587e-26
-4.991212780403894223e-26
2.907270863225021975e-26
8.434506178887385888e-27
2.009526852458493246e-26
9.931104139370865517e-26
1.647353091895122505e-26
1.300933109621726774e-25
9.062054702886258522e-26
2.719250665031228140e-26
2.328960034634072550e-26
3.288378468098429142e-26
1.111710160438128178e-25
1.643079875474448179e-26
-1.450606969176011083e-26
4.394058999103735520e-26
4.630031335918219347e-26
5.864412777257972331e-26
7.335464411775568399e-26
6.400226961186484180e-26
5.311166610743477671e-26
8.010306579506441207e-27
1.449357257487274605e-26
4.359262158710349703e-26
7.108405948477734457e-26
-2.363366034263399026e-26
1.820095877275966776e-26
3.064786881276336278e-26
4.142305889814772881e-26
2.473693792960828215e-26
-7.326808881596984276e-27
2.810051119849279301e-26
7.792522664960413559e-26
1.000666958305966008e-25
-1.930579964480193421e-26
7.375658874873684780e-27
2.946548574257019245e-26
3.510221337307739097e-26
2.108116012608608294e-26
-5.847404325362165664e-26
7.458928616534887502e-26
1.005959683633682977e-25
1.031415800806313473e-26
4.742761752946389126e-26
8.544135795021624381e-26
1.544461229784331207e-26
-3.588174243169087829e-27
4.297396959762148345e-26
-4.766567016296906243e-26
-1.452077676510586549e-26
3.712434388867750894e-27
-3.844192681570224898e-26
-1.685657453635800281e-26
1.522527946397379659e-26
3.667295908968566940e-26
2.215536628319148037e-26
8.911495048190658481e-26
7.535547434456317658e-26
4.937771846972927509e-27
9.189379386073030305e-27
-8.199723716948910042e-27
1.892533137503257514e-26
1.035255837937692084e-25
1.122987210452560635e-27
1.923703540308406441e-26
2.213193027169501628e-26
7.619504908453164524e-27
7.594230477914940893e-26
5.876068969555638767e-26
8.998249808773791651e-26
-3.305506032337430754e-26
-1.059809250470744986e-26
4.687470620907478413e-27
4.203699825443582542e-26
2.195242798991608683e-26
1.606254545738340101e-26
4.655134578703914801e-26
1.473346215782714420e-26
4.024056049176755530e-26
-2.132372736957283954e-26
3.161708658910660651e-26
-3.819208676182704103e-26
6.526651696774406793e-26
4.493444950149236987e-27
-3.212848511598661181e-26
-3.766853541008805653e-26
-2.627688437066833613e-26
-1.705357459491768732e-26
9.110569217108872522e-26
-3.406416898246414392e-27
-1.360933709631855266e-26
6.315084859442539864e-27
-1.058416912255017496e-25
-2.276102358890475146e-26
-4.163548589119399057e-26
4.667420215014971646e-26
-4.565541738647227868e-27
-6.050854798311448445e-27
-2.885642209686361148e-26
-4.300012802619445242e-26
-2.017092427705534151e-26
2.520170837323249517e-26
7.041020888830036314e-26
-4.324814110363144967e-26
1.325796740372000082e-27
-4.801212305388649697e-26
2.155100588835689981e-27
2.762273568577713217e-26
3.922636666480661047e-26
-1.862497855161723046e-26
-1.595183187009544868e-26
-2.539982494522745379e-26
-3.044368953839032953e-26
-2.789326524641337665e-26
-2.579844206289323900e-26
3.065629973410387064e-26
5.278306480239729128e-26
-6.062409076292363629e-26
-4.413682494306858217e-26
5.951349204134547701e-26
1.175437075379529256e-26
-5.075019060830200220e-26
-2.847349925312286680e-26
-4.074491430486943486e-26
1.385899250098869211e-26
-2.486607454904818528e-26
-3.919369889263095846e-26
-5.134742299804050006e-26
-2.963385865672105891e-26
2.305071359336975166e-26
1.674131268356592718e-26
-5.669626676133819126e-26
-3.870831138588751559e-26
1.048419011987924755e-26
-1.237372446820444944e-26
-2.919098206882324746e-26
-2.061482268268786926e-26
-5.622898014129150205e-26
1.210171886405727041e-26
-4.959105335243535567e-27
1.315291013715384927e-26
2.369873328395118358e-26
-6.121315984487842426e-26
4.628419119518065788e-26
-1.176229721194093403e-26
-2.130330316756356737e-26
-1.447569786997400748e-26
-1.100654956301404032e-26
2.246952934505856775e-26
-3.293639738873856019e-27
-2.871065432354675516e-26
-4.703858304032527977e-26
-4.862254801366417687e-26
-8.241545054477778275e-26
-2.602749729304950160e-26
-6.099686809618931633e-26
-5.218708902191957267e-26
5.337855776631570220e-27
-3.257098367721279743e-26
-5.831597532960892305e-26
-3.857473651938492931e-26
-5.180173548428756252e-26
2.646329467722761519e-26
-6.449015736708969998e-27
-1.032865471498234991e-25
-5.433394057436594769e-26
-7.691498464358923587e-26
-8.065790694284529137e-26
-4.019045978314595099e-26
-1.982968470566485643e-27
-7.998423822655307988e-26
-1.597367074687399263e-26
-5.938624314047421031e-26
-7.873536155692708951e-27
-4.358897227229505511e-26
-1.651551564141373771e-26
-5.384884745750181632e-26
-6.822919013144265444e-26
-4.764155477451007826e-26
-7.644504312481719155e-26
-2.454174975246599200e-26
-6.399314378324761616e-26
-5.485480681620245263e-26
-5.471499155163336579e-26
-8.932460504996178171e-26
-7.690160898310241600e-26
-8.665159986561454492e-26
-7.603764523591732694e-27
-3.316150462013409792e-26
-4.106113761915792112e-26
2.057784873472712359e-27
-4.889022083702731795e-26
-4.673088420862861425e-26
-3.540368278069044797e-26
-6.908371271037051554e-26
-3.790229238994619065e-26
-9.000801408910285262e-27
-7.947737037934839813e-26
-2.715725489006302022e-26
-2.682907153896910964e-26
-7.137237182093762353e-26
-4.304553046594860778e-26
1.470000179023730070e-26
-3.614173226235389914e-26
-3.471457293533639899e-26
-5.425562164818376181e-26
-5.875828838236409164e-26
-5.818018198415328314e-26
-2.154239266425720147e-26
-5.914687158358940240e-26
-6.073394024168502595e-26
-4.978676021566153410e-26
-5.419199820649314141e-26
-8.032205625325895256e-26
-5.072791047909425887e-26
-9.192797575505405049e-26
-8.254927169471714862e-26
-2.815840612016126736e-26
-5.287478674679966964e-26
-9.785199324476523190e-26
-6.822632790333837397e-26
-1.081384204111880974e-25
-3.636418293358145686e-26
-1.652343625136657204e-26
-1.044541159432262529e-25
-7.571021187415885498e-26
-1.036199491462175872e-27
-5.595473283871991567e-26
-5.668752749351571252e-26
-9.113302904540912202e-26
-5.043581462661334074e-26
-9.525339503198070342e-26
-6.401470954993822560e-26
-6.688711633605249805e-26
-1.194434763547596646e-25
-9.216562910214455625e-26
-7.614016925041572632e-26
-5.382816456113976475e-26
-9.182058378831905514e-26
-7.003886320152162865e-26
-1.135291037101186856e-25
-8.032189258280215650e-26
-6.271231148495845543e-26
-1.100642580257903440e-25
-8.078475856715970006e-26
-7.732836380961749154e-26
-8.408576930465394006e-26
-1.069165989726015495e-25
-7.169600666946952594e-26
-6.174239056697377341e-26
-5.906320219319579502e-26
-9.750688373143201289e-26
-6.353104702610744229e-26
-2.529882316076324702e-26
-6.759539426738076914e-26
-1.317487624616468802e-25
-5.750380860894854391e-26
-8.645691820103506150e-26
-8.032104451420118015e-26
-7.805288530744015422e-26
-9.169113380209967576e-26
-4.176839113032419685e-26
-1.316254389886997052e-25
-1.122640775121454505e-25
-1.299563543886499726e-25
-8.566933448693330416e-26
-6.547874633842310716e-26
-8.802651569483125170e-26
-9.786196007798301859e-26
-8.403866316099625311e-26
-7.650396027529812936e-26
-1.177639875090211438e-25
-2.602085530857843345e-26
-9.348337325082435942e-26
-8.442073321172074410e-26
-7.687384403100169081e-26
-1.052229027998348813e-25
-1.061410720737934093e-25
-1.286841454193074252e-25
-9.177682254227387322e-26
-9.977179191426760941e-26
-8.835594158720576637e-26
-1.222528140015056874e-25
-7.713002221478604857e-26
-1.525731758660995751e-25
-1.312998731391640779e-25
-1.181552331681470507e-25
-1.377657244923022576e-25
-1.435203054135904348e-25
-1.241516665793615507e-25
-5.857557561666927019e-26
-9.556372489058612256e-26
-1.113463125497014383e-25
-9.337563515685563931e-26
-1.038783018496107162e-25
-1.104215451308356551e-25
-1.082129360429282049e-25
-9.894234434768697465e-26
-9.154347045688780163e-26
-1.112495228087202762e-25
-9.218607278319401318e-26
-1.188063175186450486e-25
-6.603540517085992625e-26
-7.929897464074573213e-26
-1.328623851986498253e-25
-8.797890381448067723e-26
-1.666083385531323782e-25
-1.137589380143021373e-25
-1.624210054658307021e-25
-9.078393836279063509e-26
-1.070150491259986744e-25
-9.981404603703866620e-26
-7.122936714633188992e-26
-1.155522147103124883e-25
-9.145308713621587326e-26
-1.050746731746999015e-25
-6.948997576495495488e-26
-1.421045712125073022e-25
-1.177734349749368092e-25
-8.135073288905035677e-26
-1.239664200227950387e-25
-1.212793249905159787e-25
-7.584874936287970848e-26
-1.275180771709664941e-25
-8.695754376838376551e-26
-1.186471685167401704e-25
-6.548402248236916367e-26
-1.455850269999311272e-25
-1.195903322687506189e-25
-1.479861595902975274e-25
-1.128972966906749489e-25
-7.715979120066099655e-26
-9.995669617992608176e-26
-1.183641940671855335e-25
-1.289058059005745343e-25
-1.259087307347809783e-25
-1.105252830053927646e-25
-9.507603505856690734e-26
-1.176959625083510660e-25
-1.166353039625409483e-25
-1.137646023732607867e-25
-8.814456596914576942e-26
-9.172843004615036095e-26
-9.288810716373215739e-26
-9.901854643513723410e-26
-1.454004470386187391e-25
-1.023281781259762674e-25
-1.115969489924562682e-25
-9.836416113920863120e-26
-8.418351044718144567e-26
-1.027138929080503836e-25
-1.243595650094922551e-25
-1.008450319958229785e-25
-1.376340719405242232e-25
-1.283817566912759173e-25
-1.170634928205860408e-25
-1.502733017739305917e-25
-1.116052540123390977e-25
-1.202817477596763194e-25
-1.235917579345357678e-25
-1.268124679606143218e-25
-8.907991036654432547e-26
-1.247296125173990497e-25
-1.102030477254706965e-25
-1.106024351421849599e-25
-1.234887001913543222e-25
-9.698341050842028198e-26
-7.861862336183556780e-26
-1.178782780906293358e-25
-1.288527538274617215e-25
-1.621041917264021296e-25
-1.130084752731547474e-25
-7.864268634538909379e-26
-1.341943981099581594e-25
-1.333875903027809448e-25
-1.347278215510646490e-25
-1.153501259039386952e-25
-1.057614559141806434e-25
-1.380240136320227510e-25
-1.670052578234974755e-25
-1.292109106466138275e-25
-9.744123434615532645e-26
-9.065629289937433243e-26
-1.109663512671293512e-25
-1.548111204195147476e-25
-9.305525865480874763e-26
-1.532107055855989907e-25
-1.275083224368366877e-25
-1.231964345781510350e-25
-1.005366258124170057e-25
-1.409654908284435369e-25
-1.300146569220464507e-25
-9.766611991043925691e-26
-1.214066025260047775e-25
-1.081669616584275011e-25
-1.077669070118237186e-25
-1.353070199007961250e-25
-1.306463756588734734e-25
-1.322102128179528696e-25
-1.427246822237012023e-25
-1.591136441261737963e-25
-1.525940142860704390e-25
-1.501512976266188160e-25
-1.201059640833578787e-25
-1.178655539106179848e-25
-1.399715063360289164e-25
-1.545483342209069133e-25
-1.018397304362641234e-25
-1.177926143836197910e-25
-1.253649082993681330e-25
-9.838241125938297014e-26
-1.226007617783949527e-25
-1.282724251727582336e-25
-1.030753879738539298e-25
-1.244304863404284178e-25
-1.098766117122044402e-25
-1.486241670254099692e-25
-1.070394919483588403e-25
-1.141904474204666603e-25
-1.166409011747080352e-25
-1.197015506754352686e-25
-1.143477418068859736e-25
-1.071150527251019538e-25
-1.141784396934866634e-25
-1.429750003492839432e-25
-1.248590978542901060e-25
-1.199582480597927284e-25
-1.565184420627609277e-25
-9.938386333918870321e-26
-9.771246486555714428e-26
-1.456648940644815181e-25
-1.190371920497250483e-25
-9.890936004325913722e-26
-1.306360315999719555e-25
-1.316384696082385520e-25
-9.649735202621716874e-26
-1.310350751144250675e-25
-1.260421584498581728e-25
-1.223750200301486886e-25
-1.412679880660121887e-25
-1.407029428428614778e-25
-1.335273044343210362e-25
-1.269068658373220193e-25
-1.625618431550822588e-25
-1.289136680338569569e-25
-1.190725818770961839e-25
-1.023467520914971410e-25
-1.101686272204131108e-25
-1.196869832182856987e-25
-9.993926871148736755e-26
-1.007783108443031225e-25
-1.372868518250211791e-25
-1.268586014091117718e-25
-1.365400633042881717e-25
-1.149151449183375712e-25
-1.318161955393388789e-25
-1.206507773503530752e-25
-1.277492022573791721e-25
-1.299481390004556068e-25
-1.396361962919818864e-25
-1.688168223744734735e-25
-1.266579632102029347e-25
-1.012965535239247174e-25
-1.361237060372776594e-25
-1.605789859440081322e-25
-1.250658516466165619e-25
-1.268134007094322285e-25
-1.431385107686415745e-25
-1.429499366353138341e-25
-1.153628519317483249e-25
-7.684145918532308086e-26
-1.288102266360484226e-25
-1.064625824718823745e-25
-1.409218656586727773e-25
-1.441366810444035823e-25
-1.402866679761304579e-25
-1.200616474894853203e-25
-1.307448173286225560e-25
-1.282225332083051068e-25
-1.621498409610720255e-25
-1.475433604544727310e-25
-1.490116653049337873e-25
-1.425203764028032892e-25
-1.152504711257655633e-25
-1.378820260396961624e-25
-1.543365487859293696e-25
-1.379611279561105462e-25
-1.259180410517461574e-25
-1.415360393340610120e-25
-1.406272361118755385e-25
-1.412656030772786506e-25
-1.590729708910481157e-25
-1.383883197607334149e-25
-1.354465230581896488e-25
-1.428778137121574650e-25
-1.725577295761494642e-25
-1.132379787176618432e-25
-1.201779346334516881e-25
-1.184525673125152975e-25
-1.463407784827314557e-25
-1.461000912282979945e-25
-1.312438398681568667e-25
-1.233415667740897317e-25
-1.420697465916015161e-25
-1.610531183320071875e-25
-1.358409711702481137e-25
-1.787211542350508800e-25
-1.487240739173281266e-25
-1.411336972494026697e-25
-1.600754187937716282e-25
-1.460658082406463622e-25
-1.329297094832796213e-25
-1.657845124536220785e-25
-1.522482397785161594e-25
-1.273572385183735454e-25
-1.264275191873293823e-25
-1.543042541066157561e-25
-1.475951415883999882e-25
-1.769604890090041733e-25
-1.601383907650316086e-25
-1.641713095839107434e-25
-1.297673455945870788e-25
-1.786591461575280216e-25
-1.635306859651658513e-25
-1.633683398616326659e-25
-1.407815183238606330e-25
-1.486146228270843128e-25
-1.383995591428776393e-25
-1.463658583665084633e-25
-1.173544016681208598e-25
-1.807360154358469839e-25
-1.447672642935852287e-25
-1.708614190532600315e-25
-1.356439678799179362e-25
-1.647189704085485475e-25
-1.647957676692278577e-25
-1.900172282207437742e-25
-1.576330864931606656e-25
-1.585117829855186096e-25
-1.409852386785270440e-25
-1.396778847143126792e-25
-1.414895144206300540e-25
-1.593048500249615499e-25
-1.702441631408817087e-25
-1.606289261273014727e-25
-1.415193958458284135e-25
-1.537925590572567031e-25
-1.657036697012894777e-25
-1.515238632284258624e-25
-1.712575738617001349e-25
-1.782784979436232305e-25
-1.718872257761988693e-25
-1.545586796760506799e-25
-1.641758259119435101e-25
-1.675729111497403722e-25
-1.485502079583948876e-25
-1.454855254946389121e-25
-1.836065895810715424e-25
-1.528931515354284349e-25
-1.858170069968826065e-25
-1.493751079696070486e-25
-1.750975238223959114e-25
-1.652191619848286941e-25
-1.559779313000476140e-25
-1.515101974659642212e-25
-1.471738090883098445e-25
-1.687074510642283552e-25
-1.553208383771492083e-25
-1.585877100518668540e-25
-1.655073783445175423e-25
-1.742927493370393038e-25
-1.673286349537768390e-25
-1.336172733374627292e-25
-1.603841355843971980e-25
-1.661210703026612901e-25
-1.640147819018742117e-25
-1.611224713890844479e-25
-1.754600747015604231e-25
-1.654224575586022355e-25
-1.711076352696768493e-25
-1.686841905250375539e-25
-1.658804193155794454e-25
-1.360537583024826935e-25
-1.543084195214581154e-25
-1.670949363569328125e-25
-1.559897437120982640e-25
-1.647842359916978602e-25
-1.825814383516040472e-25
-1.649791762487978366e-25
-1.767421325815090828e-25
-1.861801587154740505e-25
-2.074517169693119292e-25
-2.007632090868698345e-25
-1.640283998975687259e-25
-1.542647668225213334e-25
-1.732153308198252018e-25
-1.789048035989222883e-25
-1.875673713383512075e-25
-1.670253660633395131e-25
-1.625748533201567445e-25
-1.453758888613594505e-25
-1.724327784824539707e-25
-1.632301762997133489e-25
-1.565032723346153573e-25
-1.769985555012222475e-25
-1.754687354166614939e-25
-2.039462082936664175e-25
-1.793895890402955711e-25
-1.709827143967156396e-25
-1.677755321901496757e-25
-1.607684102265797578e-25
-1.681352492094323634e-25
-1.652941500257049164e-25
-1.554469657279266279e-25
-1.582807455121838845e-25
-1.710754601743147139e-25
-1.756530395946676465e-25
-1.630673177695428122e-25
-1.805815172085406896e-25
-1.688434597369613059e-25
-1.835952068221891414e-25
-1.897381344083689124e-25
-1.835804324775956796e-25
-1.837381430474815867e-25
-1.964425699805910560e-25
-1.593872298509605781e-25
-1.906774409543812171e-25
-1.574999353635060931e-25
-1.896973543134250279e-25
-1.696833330846738289e-25
-1.721687611646523637e-25
-1.442856462156344159e-25
-1.788790173715819836e-25
-1.736172163401896263e-25
-1.882475411422029698e-25
-1.903271695710450890e-25
-1.857066674040779642e-25
-1.534035818677759712e-25
-1.693998588397328545e-25
-1.948564652667918177e-25
-1.856788993906997033e-25
-2.068990015090046981e-25
-1.725465237215771403e-25
-2.006187693358729139e-25
-1.702923916189162663e-25
-1.814363049604491920e-25
-1.900330400589670415e-25
-1.785411499777614381e-25
-1.893363631606280051e-25
-1.876455762740500903e-25
-1.964883536170068455e-25
-1.749118794979824260e-25
-1.629704321463524685e-25
-1.577253266411256776e-25
-1.798206747095064925e-25
-1.998733216505502355e-25
-1.780825492660627599e-25
-1.792971766134881951e-25
-1.874920278642771209e-25
-1.847035950807514083e-25
-1.561896665661235239e-25
-1.679129065044294363e-25
-1.931983603306100870e-25
-1.956366828098819147e-25
-1.691405566166738853e-25
-1.728750951354446358e-25
-1.729587664866429698e-25
-1.665628317891977552e-25
-1.895448345000965852e-25
-1.756916850322059193e-25
-1.894052507117172151e-25
-1.881655255412170340e-25
-1.762962812405460781e-25
-1.767859304985174915e-25
-1.892147895534182236e-25
-1.968702275257627124e-25
-1.857882977666437271e-25
-1.734225499175239648e-25
-1.779570549484877430e-25
-1.670117202284173164e-25
-1.888146062510790976e-25
-1.826651583643591600e-25
-2.218647303450449053e-25
-1.677410684205634224e-25
-1.766984667873786918e-25
-1.927857795333516106e-25
-1.683820698564181511e-25
-1.774320466620524584e-25
-1.824301446132539338e-25
-1.861712620708064418e-25
-1.862157040187692665e-25
-1.764790028072457842e-25
-1.639667011096864482e-25
-1.810560199874619999e-25
-1.850792522184856281e-25
-1.984352839759773821e-25
-1.705290129926507931e-25
-1.676897920334240574e-25
-1.834298938381688286e-25
-1.628953252387419476e-25
-1.965008333734265957e-25
-1.738794619400487733e-25
-1.611993393623348509e-25
-1.917965365163526571e-25
-1.766944174897338301e-25
-1.863526054813420214e-25
-1.795262218975383232e-25
-1.738411885113344842e-25
-1.939824168769155740e-25
-1.917602588791078536e-25
-1.929523466513802719e-25
-1.958358569587724810e-25
-1.837886340415226740e-25
-1.686680877283289834e-25
-1.832450233149971428e-25
-1.991004899535782395e-25
-1.871615524830953028e-25
-1.768889700945486345e-25
-2.086003298128775435e-25
-1.726351957565312564e-25
-1.821670388031151403e-25
-1.826982822285829546e-25
-2.071976042541802360e-25
-1.879865882746574050e-25
-1.754648909026999576e-25
-1.815087711678884627e-25
-1.828186610845701643e-25
-1.962912520880662072e-25
-2.008541030701611304e-25
-1.851294289534424636e-25
-1.638921918227347259e-25
-1.817356476358437864e-25
-2.036049009868411010e-25
-1.786412157750668660e-25
-1.861325458225491525e-25
-1.972527986325697885e-25
-1.999029007323199237e-25
-1.866076203478882185e-25
-2.095189080319277881e-25
-1.840819245127585462e-25
-1.833587062641634372e-25
-1.926711978729226440e-25
-1.732052785338958214e-25
-2.001910324257993491e-25
-1.800935664881879068e-25
-1.942741948069605375e-25
-1.960537867125082454e-25
-1.924204003103788214e-25
-1.813851201721278197e-25
-1.775751580601595392e-25
-1.693716241112394623e-25
-2.006758286168088052e-25
-1.712414941822445955e-25
-1.973483416259170625e-25
-1.963452791572565484e-25
-1.957970438973005252e-25
-1.729229035860289361e-25
-1.926455254485228311e-25
-1.753351622097554899e-25
-1.803009338327987312e-25
-1.844177875583521288e-25
-2.027235938841407519e-25
-1.860633403515670390e-25
-1.987990060479499888e-25
-1.790231150409653033e-25
-2.022535671521264123e-25
-2.066385782434285746e-25
-1.750691691420738623e-25
-2.127414591501587813e-25
-2.025690315451861147e-25
-1.905057940310066756e-25
-2.053799813130769553e-25
-2.046728930995267848e-25
-1.923675484143904576e-25
-1.983295875091704990e-25
-1.845194688180554123e-25
-2.026875240423524490e-25
-1.932836573816785971e-25
-1.924255894546239409e-25
-2.008203925530779901e-25
-1.850380231406886172e-25
-1.839666859509926909e-25
-2.118745960840098970e-25
-1.915866383107590236e-25
-1.871320994989731794e-25
-2.021810324964008612e-25
-1.897646391585974012e-25
-1.961512134870006330e-25
-1.727503430334980166e-25
-1.991321334617538756e-25
-2.028262515001205843e-25
-1.941649786439659757e-25
-1.914391918319201178e-25
-1.924300576213380931e-25
-1.955697850386275696e-25
-2.143841714513311128e-25
-2.098811740152286160e-25
-2.190878989790463332e-25
-2.071298480277230900e-25
-2.024383280066221150e-25
-2.208532926247813336e-25
-2.029326732744689029e-25
-1.931556849643333238e-25
-2.049493162375218897e-25
-1.908784214816237333e-25
-1.951332382667572752e-25
-1.847384239590908966e-25
-1.806867630922329618e-25
-1.961173579319430572e-25
-2.029787755304966693e-25
-1.847443595850485835e-25
-2.073561850454377804e-25
-2.058756109927943449e-25
-2.017824124853728906e-25
-2.096161077149613946e-25
-1.949491224855530486e-25
-2.101387442110472003e-25
-2.103100998513827239e-25
-2.100940261627189594e-25
-2.108074309685149015e-25
-2.137030644233651773e-25
-2.031344413186005723e-25
-1.955019893899355085e-25
-1.998747430977322667e-25
-2.095219997250003241e-25
-1.967930437259023459e-25
-2.052521424666277220e-25
-1.983953867467052381e-25
-2.012311091101621102e-25
-2.220104132567456196e-25
-2.086876589883851559e-25
-1.942156343863593591e-25
-1.992741292742996026e-25
-2.070357454733733908e-25
-1.763874498193353125e-25
-2.084229918071884092e-25
-1.976991743843941244e-25
-2.110740165654684671e-25
-2.102524500577066171e-25
-2.132563202356539087e-25
-2.052866267276637049e-25
-2.194813979035874740e-25
-2.074273175859885136e-25
-1.994840071104439096e-25
-2.037827957860352525e-25
-2.139619907066074867e-25
-2.121215089935324560e-25
-2.023460848820078137e-25
-2.027664510352971865e-25
-2.242534232841270896e-25
-2.124231105473221156e-25
-2.072868085586316572e-25
-2.083418293229641918e-25
-1.898189052722243482e-25
-2.301432591674231950e-25
-2.191523874278710223e-25
-1.972304039014889830e-25
-2.127230100155485500e-25
-2.232805001112851321e-25
-2.201624002031400701e-25
-2.092567792454793231e-25
-1.939462535280035758e-25
-2.262695356205954382e-25
-2.091234038625038206e-25
-2.055181326664649196e-25
-2.237483068043754617e-25
-2.278591090953234932e-25
-2.166885901908716751e-25
-2.096057588641552270e-25
-2.169609656324528412e-25
-2.137246391070197453e-25
-2.086552114207353044e-25
-1.928807347385138276e-25
-2.084773900921087260e-25
-2.335502793426988411e-25
-2.024550825493885087e-25
-2.146271776266465750e-25
-2.136247747278032164e-25
-2.241974261292313815e-25
-2.198665971211415386e-25
-2.138239259957596334e-25
-2.244878660047346778e-25
-2.145405019867202537e-25
-2.388389810507321224e-25
-2.244917858519901555e-25
-2.167697418049777929e-25
-2.129824710857355677e-25
-2.091734516862287916e-25
-2.269123011977273500e-25
-2.100927259893752737e-25
-2.161747615506772536e-25
-1.902758267878512279e-25
-2.213649574256471940e-25
-1.885349028925175408e-25
-2.188991027033902058e-25
-2.033789391516512682e-25
-2.368946399286825259e-25
-2.294542394130662660e-25
-2.198426433231026420e-25
-2.195241959894251081e-25
-2.211735927228544021e-25
-2.185377912222839494e-25
-2.295200003271353505e-25
-2.229151332544301008e-25
-2.087952789646827353e-25
-2.257951944887448411e-25
-2.293150654601770353e-25
-2.331341072087934183e-25
-2.289159284368998248e-25
-2.180060835663181813e-25
-2.246956173047044306e-25
-2.246809703652635404e-25
-2.185897332570256448e-25
-2.218454816679964632e-25
-2.337237126306510255e-25
-2.205870038175801601e-25
-2.226131604278832398e-25
-2.148975801238349073e-25
-2.211654562084408183e-25
-2.192701365168592641e-25
-2.400877511177863582e-25
-2.137826185135717040e-25
-2.233053800417448815e-25
-2.334537449306784347e-25
-2.379205210996726877e-25
-2.498447689157688894e-25
-2.174403513898333462e-25
-2.218487729871619435e-25
-2.115984515790970535e-25
-1.921885136116483359e-25
-2.133192631135844363e-25
-2.173966550910076005e-25
-2.451847691251452197e-25
-1.977743908638810334e-25
-2.435582196244474268e-25
-2.217731732433324806e-25
-2.325543663570724410e-25
-2.252183789993573425e-25
-2.164256051246039154e-25
-2.229266825612032020e-25
-2.253047623349176879e-25
-2.285679091849497526e-25
-2.240918895593420114e-25
-2.339564051326285638e-25
-2.056671442421270313e-25
-2.297928099209668849e-25
-2.252264327211541690e-25
-2.246188874273845308e-25
-2.489819684679389554e-25
-2.366165001461032903e-25
-2.327248534627203630e-25
-2.154404582181509475e-25
-2.344567563736824359e-25
-2.328871881284127968e-25
-2.378601582801346590e-25
-2.212946225647483348e-25
-2.047346547006556841e-25
-2.242777380847791037e-25
-2.177395752538435154e-25
-2.097611530882050937e-25
-2.393410006280230879e-25
-2.170676800512210751e-25
-2.336662674778508793e-25
-2.186719156137047487e-25
-2.107743770058345100e-25
-2.269614540542500474e-25
-2.408907580716512699e-25
-2.293984958863364552e-25
-2.267506913885648145e-25
-2.165173689322918681e-25
-2.298071208553852581e-25
-2.223149082126194519e-25
-2.284948800525378734e-25
-2.297825947612501363e-25
-2.303873935912249957e-25
-2.166560651426401145e-25
-2.309962568176080650e-25
-2.227673512245424612e-25
-2.273255620560807724e-25
-2.304605472544240534e-25
-2.124115242789120013e-25
-2.319122013749377605e-25
-2.167117460525668687e-25
-2.204830343375129873e-25
-2.202330712424074196e-25
-2.224664934865438228e-25
-2.350790740618330924e-25
-2.061828239144857368e-25
-2.302671166398633511e-25
-2.257100383606982986e-25
-2.355827858325949935e-25
-2.245391557373773500e-25
-2.377476807350733408e-25
-2.322618737852426118e-25
-2.178396298462093236e-25
-2.311537307269119946e-25
-2.102394746511670913e-25
-2.204516145878739516e-25
-2.306133879812826025e-25
-2.353442226571192002e-25
-2.177593401023241619e-25
-2.116915980066695809e-25
-2.312071211617289084e-25
-2.159891395599543055e-25
-2.262719152068904688e-25
-2.353560609620813711e-25
-2.234957511798813193e-25
-2.280863034230497991e-25
-2.180586954353279122e-25
-2.095952852130844387e-25
-2.289939041920924856e-25
-2.203836613119005359e-25
-2.342371990208021023e-25
-2.390035664728327348e-25
-2.243196833508674524e-25
-2.170371611476717572e-25
-2.390284946526358580e-25
-2.273447943662781240e-25
-2.130044664852325911e-25
-2.202668309245492446e-25
-2.287208817473464599e-25
-2.244657560783812266e-25
-2.174488543525669409e-25
-2.237407605958129295e-25
-2.304402088505148747e-25
-2.328575853768232439e-25
-2.130666290482655250e-25
-2.064483921679912678e-25
-2.210332110505391605e-25
-2.109427776551514573e-25
-2.174258278583011915e-25
-2.346560793202818369e-25
-2.260284113226193954e-25
-2.281111089096134822e-25
-2.291344603420884060e-25
-2.326392176020782973e-25
-2.302110814542896443e-25
-2.164362591122654379e-25
-2.334359717371535071e-25
-2.228166187140434256e-25
-2.096969112357631563e-25
-2.242882341045895842e-25
-2.290249793752917482e-25
-2.203967464661642747e-25
-2.300138285905337271e-25
-2.289151050312192967e-25
-2.232493832939933048e-25
-2.141621738698359256e-25
-2.198289548944628277e-25
-2.329948267459134927e-25
-2.113857990885306212e-25
-2.314241686000541437e-25
-2.291319008836259951e-25
-2.286003530447232634e-25
-2.168397629288887212e-25
-2.205852544286699508e-25
-2.211490688990248507e-25
-2.305807131415523522e-25
-2.235041627748694936e-25
-2.261988617725563365e-25
-2.250238253803273897e-25
-2.132015055968919259e-25
-2.189695968935805368e-25
-2.186721647504022405e-25
-2.150433491583236044e-25
-2.172077031264479053e-25
-2.187668362615478022e-25
-2.106248973237508547e-25
-2.267107742900076726e-25
-2.103762130462743784e-25
-2.108293891699128354e-25
-2.194668734868439260e-25
-2.336951226323583051e-25
-2.296917887221009791e-25
-2.203990902691114266e-25
-2.299434214711647260e-25
-2.309628008089903250e-25
-2.170692396035922576e-25
-2.220420624284410993e-25
-2.381838261339975575e-25
-2.254318448696921292e-25
-2.091268265153172431e-25
-2.217987600681102627e-25
-2.250764393663519829e-25
-2.236146809616706727e-25
-2.240657914813383998e-25
-2.204976038258663778e-25
-2.301083083133937985e-25
-2.238088493596626850e-25
-2.207710485608858652e-25
-2.145284298469718857e-25
-2.017379738000209933e-25
-2.256340326533517756e-25
-2.232846976770919856e-25
-2.285187633481067418e-25
-2.298354027246377990e-25
-2.216936434796575945e-25
-2.147068831235258910e-25
-2.225053026937128360e-25
-2.182318474117810138e-25
-2.186421185638909332e-25
-2.308206807375850328e-25
-2.175937772163540937e-25
-2.302881811556973339e-25
-2.348110295286745516e-25
-2.055795948000603364e-25
-2.313581754122189013e-25
-2.149036752745208155e-25
-2.200552421098486090e-25
-2.161727509461774336e-25
-2.144304729588115571e-25
-2.305893030035579271e-25
-2.258180344369452889e-25
-2.247011785108770650e-25
-2.153768402576683897e-25
-2.115441855749483953e-25
-2.264918878301932125e-25
-2.261471751918200316e-25
-2.175881033194640134e-25
-2.295809327012312617e-25
-2.479075637531084307e-25
-2.402095307594906548e-25
-2.339528582633449126e-25
-2.187059441200072707e-25
-2.073598079682806872e-25
-2.339411577914660500e-25
-2.106023187277688280e-25
-2.136038704636640053e-25
-2.154159554211577419e-25
-2.286846061458867136e-25
-2.226819360519160798e-25
-2.330840784417999549e-25
-2.338904279276434683e-25
-2.284552793604339567e-25
-2.187889590631239387e-25
-2.147280976992802648e-25
-2.222892691767344150e-25
-2.276261022493898630e-25
-2.118819454003390485e-25
-2.374865052183550382e-25
-2.192121268303382770e-25
-2.270819546751865125e-25
-2.263051180631170377e-25
-2.305261100611641955e-25
-2.347886185287793896e-25
-2.196943458732075976e-25
-2.430186671671109390e-25
-2.268519249693967554e-25
-2.280160762500253156e-25
-2.240470963372943582e-25
-2.283493459974091720e-25
-2.352937337919444148e-25
-2.358343920853928773e-25
-2.303499108469768444e-25
-2.263729662504785534e-25
-2.264183849209616970e-25
-2.251353011399747840e-25
-2.133202027648535595e-25
-2.231081112387210971e-25
-2.239546319229214217e-25
-2.352203949954195180e-25
-2.357649588263742572e-25
-2.494077091818472145e-25
-2.424905484235016771e-25
-2.169957778410318191e-25
-2.212255582564414109e-25
-2.246498282658226289e-25
-2.371434358559723432e-25
-2.232490088950972691e-25
-2.280218232546634464e-25
-2.210126190492002771e-25
-2.346605755497826770e-25
-2.251295826901371317e-25
-2.478282277266617149e-25
-2.359664433466583565e-25
-2.335855871974247451e-25
-2.205618944230731504e-25
-2.262400300180341020e-25
-2.182872909575929037e-25
-2.184654229662786094e-25
-2.309315566560699425e-25
-2.403776660743487393e-25
-2.299725900658082698e-25
-2.374460850933028010e-25
-2.160936161948303718e-25
-2.331406315448109259e-25
-2.202240123732948563e-25
-2.266948696373175879e-25
-2.307158864458398346e-25
-2.276689264570707671e-25
-2.147399632772732210e-25
-2.159178991121113293e-25
-2.286626043787958420e-25
-2.255779220484279997e-25
-2.146332416126602793e-25
-2.054698726520703340e-25
-2.201110719309426601e-25
-2.256812247522871242e-25
-2.159706104054483105e-25
-2.377496123567517320e-25
-2.295566030742683756e-25
-2.267672103355941147e-25
-2.310326865165670609e-25
-2.100704416666757101e-25
-2.268377482824903481e-25
-2.161489610551183537e-25
-2.227011772477177032e-25
-2.262485298905766734e-25
-2.325822012680497450e-25
-2.329760994438977249e-25
-2.392152571816278378e-25
-2.174661557179184671e-25
-2.262893382685441710e-25
-2.221395116145084917e-25
-2.267587016260574986e-25
-2.275206785772633149e-25
-2.277369037169191283e-25
-2.355605938362165450e-25
-2.080103238218794211e-25
-2.215785892259079538e-25
-2.187361062804222810e-25
-2.196486796165412502e-25
-2.133537960482391476e-25
-2.238672434433605092e-25
-2.299920069099168609e-25
-2.427631337638747349e-25
-2.063911284782596533e-25
-2.177032875491967993e-25
-2.247266832288076269e-25
-2.262692191154633194e-25
-2.148015174766926742e-25
-2.279772956506048576e-25
-2.279841712880785566e-25
-2.180676926989799529e-25
-2.068133509936000079e-25
-2.230120997233381142e-25
-2.399502046417832587e-25
-2.225621059142985550e-25
-2.291384018724254352e-25
-2.163523132721116341e-25
-2.225501202963323143e-25
-2.128851038041456859e-25
-2.045705090276862793e-25
-2.180199596228780435e-25
-2.209648820974839881e-25
-2.156212936780727336e-25
-2.168205839287189314e-25
-2.213681172771066727e-25
-2.071009101574630590e-25
-2.031518634787857485e-25
-2.163687991285669795e-25
-2.285910527407547663e-25
-2.203390311340066215e-25
-2.209633685108349213e-25
-2.290681928333902405e-25
-2.236438176125291782e-25
-2.234227189122907787e-25
-2.041555157882839172e-25
-2.090162371714973531e-25
-2.108735816791193977e-25
-2.131779295701817001e-25
-2.241931712373317664e-25
-2.063428271877974782e-25
-2.148835146686292453e-25
-2.044728019695628878e-25
-2.087777832728173433e-25
-2.179041071541281620e-25
-2.117257074842935709e-25
-1.974250595323603994e-25
-2.217906582492795082e-25
-1.946990793734822566e-25
-2.087318312244893755e-25
-2.077343265299227161e-25
-2.127869795249358856e-25
-2.081254998619973855e-25
-2.121683553971893728e-25
-1.979405669960019586e-25
-2.217897260657242332e-25
-2.087945806705410840e-25
-1.945179577340603076e-25
-2.083138297883302978e-25
-2.068582679323683135e-25
-2.161285757935149665e-25
-2.158232585119411277e-25
-2.150209034811757026e-25
-2.042268857045679218e-25
-1.996765458814499971e-25
-2.054807189535764861e-25
-2.070698773407289685e-25
-2.200050215389719472e-25
-2.030328701421282525e-25
-2.130902532644314067e-25
-2.087485813146031744e-25
-1.955513406854452110e-25
-2.023718260026866416e-25
-1.934095738589542882e-25
-1.932662969097717449e-25
-2.147811130579712049e-25
-2.010794424235622465e-25
-1.950833850947878016e-25
-2.099979230167752741e-25
-2.139690118201580956e-25
-2.132153979319565803e-25
-2.124244862250216984e-25
-1.948550651592475668e-25
-1.989190985402437059e-25
-2.062860081363676338e-25
-1.995231892186266036e-25
-1.811646786673642911e-25
-1.903745632120746003e-25
-2.037941990272380623e-25
-2.018089270511203369e-25
-1.941537984982606624e-25
-1.928052637621323546e-25
-2.018592480654058522e-25
-1.878810238624033438e-25
-1.864526566635991312e-25
-1.987903403533424412e-25
-1.972622339431369094e-25
-1.884084217222838834e-25
-2.005298823813398688e-25
-2.007459076907773632e-25
-1.927385361358663710e-25
-1.976646234305315228e-25
-2.010980291757328457e-25
-1.976303282938527507e-25
-2.028420331491212653e-25
-2.084091175955641754e-25
-1.926338647583166331e-25
-2.045502465983572096e-25
-2.046615620340074248e-25
-1.984433667003891781e-25
-1.935348868636127968e-25
-1.931567144238550065e-25
-2.023592948870104312e-25
-1.941027595773193512e-25
-1.901540378367476964e-25
-1.972336343478611566e-25
-2.018972894767454873e-25
-2.009613381679579405e-25
-1.927897982397460707e-25
-1.827083267360246883e-25
-1.874768348660899218e-25
-1.933054981938838515e-25
-2.005041700542027001e-25
-1.885859711346501245e-25
-1.745210301177132701e-25
-1.865445270019463444e-25
-2.004387090068564159e-25
-1.795791395495179198e-25
-1.885501133388374773e-25
-1.804959335466679176e-25
-1.889697502062305786e-25
-1.857261735032860953e-25
-1.838517761814278856e-25
-1.869347067926683073e-25
-1.822375682998911165e-25
-1.882814821461051074e-25
-1.771019550132068366e-25
-1.902266012854858654e-25
-1.889784000508331214e-25
-1.854895081241975705e-25
-1.847545823613048466e-25
-1.752378001836590566e-25
-1.847110289365249473e-25
-1.889390341243009636e-25
-1.804208892929946642e-25
-1.808763213814877451e-25
-1.866916807083898618e-25
-1.789176862021629966e-25
-1.810835459249876018e-25
-1.755051678603298204e-25
-1.848272870054446795e-25
-1.847071044393963355e-25
-1.846947356820481466e-25
-1.756989689089975472e-25
-1.844819417323049725e-25
-1.739543347810082598e-25
-1.714035232040654535e-25
-1.883354080852053612e-25
-1.838494473817611553e-25
-1.785988689289732882e-25
-1.777959814827472663e-25
-1.831488063794211459e-25
-1.876940416417189317e-25
-1.914600249276216546e-25
-1.846188056556560089e-25
-1.770234144535568971e-25
-1.686866930276313530e-25
-1.807075472139971215e-25
-1.794277677111232807e-25
-1.840878013185616339e-25
-1.770206956252267861e-25
-1.776910065959369780e-25
-1.822773691602523290e-25
-1.773856517845245058e-25
-1.725175015348078428e-25
-1.877195965571367851e-25
-1.754929467524101641e-25
-1.740629385025657574e-25
-1.769236252836610045e-25
-1.788555797824947063e-25
-1.783100464097502112e-25
-1.778131705922898741e-25
-1.731993383897007608e-25
-1.728435120615024915e-25
-1.813776909190161867e-25
-1.795955999839131468e-25
-1.818591181640322626e-25
-1.704454651306961512e-25
-1.733946953131428929e-25
-1.751191328618025066e-25
-1.524303594426020933e-25
-1.716524100323347056e-25
-1.714850838824309791e-25
-1.804452327323380330e-25
-1.710143836718926118e-25
-1.726373303816088909e-25
-1.684228106879107163e-25
-1.694665221864544764e-25
-1.779079461127498406e-25
-1.779175423002785761e-25
-1.650065825739276834e-25
-1.779489223290440406e-25
-1.695504189388756343e-25
-1.844407100761338368e-25
-1.598265373720478589e-25
-1.599312691655236365e-25
-1.739250124349180545e-25
-1.667106324304271666e-25
-1.720139942438390211e-25
-1.595680647467072254e-25
-1.693759974553729228e-25
-1.690112039124052246e-25
-1.597034101334288865e-25
-1.690344734233965893e-25
-1.622074109488574059e-25
-1.673735942886637230e-25
-1.714335774172236169e-25
-1.656496707961062654e-25
-1.716910700276535766e-25
-1.669608692093308691e-25
-1.622768206828437979e-25
-1.563651148405475993e-25
-1.748086258519429683e-25
-1.651022077167994183e-25
-1.555709700236193850e-25
-1.635721712914210588e-25
-1.692250903778535949e-25
-1.640886382148783720e-25
-1.599311759129015854e-25
-1.584315336784688762e-25
-1.561029960185525145e-25
-1.677821340094356316e-25
-1.636228395863831448e-25
-1.609232412927020684e-25
-1.620557052168515857e-25
-1.578987524566703705e-25
-1.613628992406641061e-25
-1.644053615290576041e-25
-1.627096871873356753e-25
-1.679452868428314343e-25
-1.640585694976149555e-25
-1.688273355158602282e-25
-1.691645938479181933e-25
-1.588694149403510050e-25
-1.509568263679159171e-25
-1.477504351150073051e-25
-1.536651904952270533e-25
-1.516383157799927931e-25
-1.502246584591518312e-25
-1.620435875497413814e-25
-1.564336395649756796e-25
-1.555226459321135138e-25
-1.602258189048478462e-25
-1.567149108033515142e-25
-1.483246517059850277e-25
-1.579779438270161791e-25
-1.497718458336658944e-25
-1.620932138680914990e-25
-1.455150003225406544e-25
-1.576915247591629125e-25
-1.572783793225285790e-25
-1.488746120653746684e-25
-1.561446457045314838e-25
-1.508015878191341134e-25
-1.506876280744894994e-25
-1.391341962118960032e-25
-1.645252421469741931e-25
-1.562299297431561132e-25
-1.584724806143646488e-25
-1.488124538282117076e-25
-1.483365178540510278e-25
-1.580536970367404352e-25
-1.449997631562150036e-25
-1.562401372608050308e-25
-1.553971475456392571e-25
-1.510323808788758731e-25
-1.464975446951331103e-25
-1.591440458921176335e-25
-1.517197731627746045e-25
-1.500022345823791548e-25
-1.501852911350667944e-25
-1.439868436544250337e-25
-1.499288084651868614e-25
-1.473195366181891363e-25
-1.417060242362212621e-25
-1.557687602435726435e-25
-1.486980080296472692e-25
-1.413821727583391233e-25
-1.420460874571558824e-25
-1.417386713945217553e-25
-1.468274584295377985e-25
-1.518307337030024424e-25
-1.456907367977920353e-25
-1.437845792748158879e-25
-1.422048107701783330e-25
-1.511333863112713975e-25
-1.472797468175112015e-25
-1.432458408642569298e-25
-1.484490568836583513e-25
-1.429227121948065584e-25
-1.376505893914157903e-25
-1.394081259161173675e-25
-1.442808917305574608e-25
-1.375234303831531521e-25
-1.394800655656889233e-25
-1.415342442129604533e-25
-1.331711537002473185e-25
-1.450957207421418397e-25
-1.439503652340420663e-25
-1.342154673160855678e-25
-1.383231850726044319e-25
-1.424141719024317645e-25
-1.393468156755900578e-25
-1.382745927780202222e-25
-1.409333917377388752e-25
-1.465195065634175068e-25
-1.317503799587052902e-25
-1.322419945113676283e-25
-1.394119563842604420e-25
-1.355174383291803474e-25
-1.396310873210221686e-25
-1.318990634310220438e-25
-1.379251290728231238e-25
-1.369981500784489799e-25
-1.419946405167813326e-25
-1.424979543440800906e-25
-1.354309144410561123e-25
-1.372333156441564811e-25
-1.326934677917028778e-25
-1.361009200401148147e-25
-1.351718966163980232e-25
-1.300701505970770299e-25
-1.312080922461037913e-25
-1.278769928547447423e-25
-1.322048374803806836e-25
-1.286895004970286025e-25
-1.407109536519944474e-25
-1.363371596355199558e-25
-1.332477108947821542e-25
-1.296459656650489774e-25
-1.347558574592946450e-25
-1.315677500404426169e-25
-1.319676741554529235e-25
-1.307769922457704955e-25
-1.289793179388348831e-25
-1.245862669989441458e-25
-1.317684570237457780e-25
-1.287907462353819616e-25
-1.308963143136779145e-25
-1.288816286684217488e-25
-1.278302892429490303e-25
-1.330553745127783002e-25
-1.329373031830388056e-25
-1.261985900971302792e-25
-1.259111498346996405e-25
-1.190133490350969045e-25
-1.259453079074163746e-25
-1.154712652746652368e-25
-1.223739121634501887e-25
-1.298903875203548671e-25
-1.324046449908726344e-25
-1.236601557518582916e-25
-1.256556995311036372e-25
-1.312645019001536389e-25
-1.173518034549674442e-25
-1.172857094713497690e-25
-1.290912663401175602e-25
-1.157142743226311561e-25
-1.274191193613491819e-25
-1.254866735360922528e-25
-1.249951467580333959e-25
-1.238666213225979822e-25
-1.205764695373073615e-25
-1.233584346438948365e-25
-1.231312784190519357e-25
-1.203932977645003478e-25
-1.279933666812255366e-25
-1.210955314206346875e-25
-1.181025714776049425e-25
-1.187580964252725868e-25
-1.212027573096519389e-25
-1.163024996574540805e-25
-1.159969052522814314e-25
-1.197341902071551607e-25
-1.193131184398071677e-25
-1.161759707438426721e-25
-1.184168852775900410e-25
-1.188410746060599261e-25
-1.178025225990940140e-25
-1.067756988613306664e-25
-1.133213844346079648e-25
-1.205428986977679552e-25
-1.122526223290043756e-25
-1.187556341206829216e-25
-1.101251045661548587e-25
-1.153414974145207868e-25
-1.147253319593346495e-25
-1.169177643037210090e-25
-1.098467189862536383e-25
-1.158096102431213117e-25
-1.042128908423605824e-25
-9.927069438778301261e-26
-1.138230874733416985e-25
-1.076764260342721663e-25
-1.031030069961860692e-25
-1.195996335749089112e-25
-1.092808466539587771e-25
-1.149469963327928127e-25
-1.124580124892256075e-25
-1.132103955424605832e-25
-1.085296547503191097e-25
-1.103052937231078523e-25
-1.076396627148066122e-25
-1.075604054377961513e-25
-1.115362154931801909e-25
-1.081044074948800460e-25
-1.074234261241181537e-25
-1.099256802398218238e-25
-1.091020515198583250e-25
-1.089868873837903452e-25
-1.048849170870479380e-25
-1.111574837615021063e-25
-1.067350826538406502e-25
-1.036664406733295960e-25
-9.855836843473190168e-26
-1.066610593270565346e-25
-1.070369031788344284e-25
-1.112148091715776021e-25
-1.069932322576811471e-25
-1.089978783427505545e-25
-1.049374255732622611e-25
-1.045227633843127202e-25
-1.046419103219004740e-25
-1.022974416984754044e-25
-1.079891456104485039e-25
-1.014706755828670697e-25
-9.795597719642056832e-26
-9.981175672437807063e-26
-1.017193994467549127e-25
-9.927431378082743331e-26
-1.028171965841327150e-25
-1.017532264202974202e-25
-1.010698580166659291e-25
-1.012267545325765617e-25
-1.076991203117987675e-25
-1.019009868399755255e-25
-1.030693125681693908e-25
-1.029110593032490997e-25
-9.560090511486854088e-26
-1.077768412586128788e-25
-9.791905845298081602e-26
-9.821139043973317449e-26
-9.437136077417895316e-26
-9.771261473790395914e-26
-9.429728829851811828e-26
-1.039095749568629822e-25
-9.525150274968627335e-26
-9.720586563268810665e-26
-9.523807121296014995e-26
-9.452578638739090544e-26
-9.544078650119644123e-26
-9.574726071130677773e-26
-9.893629325653611305e-26
-9.624024515351500008e-26
-9.379035056994585574e-26
-9.560339004552144064e-26
-9.527873436770797558e-26
-9.671988827831301914e-26
-9.349886936747776065e-26
-9.625998817187536383e-26
-9.256195668563514788e-26
-9.598181835949771323e-26
-9.216064706946476901e-26
-9.736802283744614236e-26
-9.519829198597014163e-26
-9.849709844416416421e-26
-8.935786001044454656e-26
-9.221848855045231982e-26
-9.337698299924880044e-26
-9.566925469619741518e-26
-9.140757328197464885e-26
-9.491069577204193069e-26
-8.567517005737475967e-26
-9.174965545991736296e-26
-9.008667765374212156e-26
