0.000000000000000000e+00
0.000000000000000000e+00
1.723695048455816603e-13
4.875410556871241560e-13
2.295554188139849767e-14
1.400271978278481440e-14
5.108918131040550663e-15
-4.994492274936404020e-16
2.088294210429170201e-15
1.643540974141660073e-15
6.218099388448250763e-16
1.286094934047360781e-15
4.439188941312038932e-16
3.961722072829277971e-16
-1.120251605876485965e-16
4.622048559594703283e-16
1.905795980898516919e-16
3.900275053620934464e-17
6.901718965059131681e-17
2.228935221059719437e-17
1.141857096568640898e-16
4.363087196059691474e-17
6.941510597549861189e-17
1.067803789252864708e-16
7.049168505915382453e-17
2.283375269932481164e-17
4.260255638698310184e-17
4.280637286322306519e-17
4.118260007884075562e-18
3.911156479978849286e-17
2.285692018567698611e-17
2.424532672548627408e-17
1.444469066585226825e-17
1.445047401238181503e-17
9.479017764203220641e-18
6.606802704528417273e-18
1.200813353657231253e-17
8.826317175051149920e-18
6.199011129654730842e-18
7.774792332921769600e-18
7.006974400502432232e-18
4.707343517757875205e-18
4.359548764753707553e-18
3.021802078412190577e-18
6.017476501905497044e-18
6.213834618638625913e-18
5.452970102582091028e-18
1.359112305232922834e-18
1.905053251169505241e-18
3.464394843195941152e-18
2.386795461722409833e-18
2.597380815765257807e-18
2.390946624174143028e-18
2.002856061103902554e-18
2.758810390441974221e-18
7.587321628456843283e-19
7.743784519776097534e-19
1.207675401907789154e-18
1.297523606845011504e-18
1.243286385800364054e-18
6.194976591058807170e-19
1.686709266805080905e-18
1.111866374748140632e-18
4.891737084543938812e-19
7.354709843543620629e-19
1.364499398694113730e-18
1.075361159659303736e-18
8.929392952831306307e-19
8.516917634295205226e-19
9.640942716144687633e-19
1.048190746184675027e-18
7.500318259436009807e-19
6.507961868985886705e-19
3.303026301953340719e-19
7.597742161844209713e-19
6.327803302024965994e-19
4.593546330565890867e-19
5.357712660216430222e-19
5.959517902246682401e-19
4.742038534860511393e-19
5.663396890827619716e-19
3.905000205640346113e-19
3.725798018818523662e-19
3.144860538396569601e-19
1.643173001062488689e-19
2.088165517798617821e-19
2.596914341179246855e-19
2.480341497961062811e-19
3.041835597814551473e-19
1.358848833441177277e-19
7.067451473423013151e-20
2.254558585149118756e-19
1.692345019535942840e-19
2.448464073744939809e-19
1.721138595781220359e-19
1.754378512089369573e-19
2.998932637351577245e-19
1.586864029817922782e-19
1.254754477572846315e-19
2.401784783295778028e-19
9.661327721602488306e-20
1.705975435181847311e-19
7.920205008821743159e-20
8.652529666640799966e-20
1.402669012334051742e-19
7.876352864495930825e-20
7.599422262010172033e-20
9.496613492005207828e-20
1.005273855951722559e-19
9.414659895394979557e-20
1.289951594424813268e-19
8.060617375257375524e-20
1.250098769846398272e-19
1.050972831611571725e-19
7.448109997490469225e-20
1.161626542495747126e-19
1.247730949435562687e-19
7.464996018641218382e-20
1.015485159316358079e-19
9.873000385488615656e-20
8.455604430953497234e-20
6.829050994821346866e-20
4.515846379628375264e-20
6.374841002515150089e-20
4.116892992320823143e-20
7.162412169354921990e-20
5.659401386883697420e-20
4.764504520107389384e-20
6.182777979740709437e-20
5.429105860565715692e-20
5.437190415612062804e-20
4.430142801682853359e-20
2.915132384926803411e-20
5.213244183372487796e-20
3.973675377271918444e-20
4.146076912182816328e-20
2.877167992487316500e-20
3.555420310611808145e-20
4.644149061639766687e-20
4.749332045873986796e-20
3.138242243523288907e-20
5.763950280553966766e-20
2.984601190443056800e-20
3.518584801542350106e-20
3.768673038036679564e-20
2.863644647052220911e-20
3.206807653160972864e-20
2.691710025995641534e-20
2.771891388957778346e-20
3.175036014634768383e-20
2.479959548819916320e-20
2.729170511936054992e-20
2.243587661589827434e-20
2.683409182234381348e-20
2.161174841451061045e-20
2.850544577464946271e-20
2.369280849480311656e-20
2.132301274617884409e-20
2.192617264872754885e-20
1.642717075675786149e-20
2.204594724888096122e-20
1.641437440972269997e-20
2.666426840063364787e-20
2.080813661512533468e-20
1.792235554412703041e-20
1.791873476272640245e-20
2.589345762255172643e-20
2.516811986150773723e-20
1.014515099811568440e-20
1.426570232108726224e-20
1.494059427086798184e-20
1.358262707562947500e-20
1.946800936041010966e-20
1.364517982912042547e-20
1.792655994172164464e-20
1.145009067943885885e-20
1.247204409454843194e-20
1.413499278983347909e-20
7.505002114121197631e-21
1.404336420950001171e-20
1.438260855318049049e-20
1.377779433546092785e-20
5.981655710776878038e-21
1.251462009410202352e-20
9.909566570109170704e-21
1.597146702689277171e-20
9.699013896976425057e-21
1.151630694525303154e-20
1.497313406084722539e-20
8.334562733300626441e-21
1.133883057797135991e-20
1.024383397158659611e-20
1.131648850060210818e-20
8.870833535620441061e-21
1.040418236018999895e-20
1.312757283942458924e-20
6.855347444839072154e-21
1.075757806992011947e-20
9.838702006393480019e-21
7.773545041275042592e-21
6.792793867270582329e-21
7.094361604505555850e-21
7.826864310259614994e-21
5.384052850806636417e-21
3.757684922762997825e-21
7.400680758610835760e-21
9.416197172233563571e-21
8.358958216654414516e-21
8.059936770505441916e-21
5.553779781213430654e-21
5.298523304684129042e-21
4.522577347881902121e-21
3.459298391463585435e-21
4.802006984735716084e-21
8.021280918512837435e-21
6.097151022983961741e-21
5.333840026823144286e-21
6.037100148241517639e-21
5.258271096572155443e-21
3.079649963171942042e-21
4.597949152487514926e-21
3.943014239756100334e-21
3.485699907679953592e-21
5.907414437904566282e-21
4.869432858640425232e-21
3.988636493369929291e-21
4.668064347869140536e-21
4.846766756668785659e-21
3.837988251517279473e-21
5.045413925755519860e-21
4.380921844688637412e-21
5.699853767943255141e-21
5.204207366130100978e-21
3.916508405301840928e-21
3.964293450849595705e-21
4.390456469621011125e-21
4.188688827558233644e-21
3.818338685792695299e-21
3.888732476870807369e-21
3.700675728635527181e-21
4.700376340300127370e-21
3.556824496769505667e-21
3.449318695958064745e-21
3.779266898857866308e-21
3.338706861926945414e-21
3.756142906399550223e-21
3.434620423780196498e-21
3.667221818464369903e-21
2.801362479670701356e-21
4.120198510618648074e-21
4.346513484364234726e-21
2.875650898273076520e-21
2.490117154936209811e-21
3.214256405139616871e-21
2.939801918423800434e-21
2.489290998833363409e-21
2.234604101323140032e-21
3.100938826779949736e-21
2.670958055785268521e-21
2.832348326725316480e-21
2.485742304057938465e-21
2.076483862011220172e-21
3.193795728604295637e-21
2.504225191945894051e-21
2.376739796955282459e-21
2.481999959300576073e-21
1.822396074240274254e-21
2.092764010887595931e-21
1.758611475398348000e-21
2.519541060814012745e-21
2.621881624222545054e-21
2.164167159301600735e-21
1.929374810802454989e-21
2.062218592627497959e-21
1.637482620183894712e-21
2.027267316789409558e-21
2.211827690603074710e-21
2.524230233843572203e-21
2.471397940173415493e-21
2.325712022850163653e-21
1.840359801260533096e-21
2.564873352100311575e-21
2.074810430082396331e-21
2.030583067225538023e-21
1.802742954164059297e-21
2.315697498834294621e-21
2.202877424137731574e-21
2.025350862127453507e-21
1.650024837359487049e-21
2.535367883498886513e-21
1.289876620381952696e-21
2.133273636387946495e-21
1.460491555941920818e-21
2.062796910069113811e-21
1.865719691601371968e-21
1.979629326503313692e-21
1.213340852581901313e-21
1.822442143301057419e-21
1.679117410107550317e-21
1.741295132661536978e-21
1.269425066725721208e-21
1.936349531611775538e-21
1.586774301978661053e-21
1.723390829087097795e-21
1.356016347645671008e-21
1.484765232526450778e-21
1.464421932965135323e-21
1.104030507446856911e-21
1.207898823473716629e-21
1.242436491411068367e-21
1.598208496598178992e-21
1.422107871304728433e-21
1.445201230250469081e-21
1.645007530724349684e-21
1.445402191524025664e-21
1.243211311107765571e-21
1.402740146667529368e-21
9.349950507860196275e-22
1.111209825568072519e-21
1.461493827047437070e-21
9.970820311503644543e-22
1.280688256498867005e-21
1.049314925187215200e-21
1.085468903261934367e-21
1.157791725616136415e-21
1.110620333685605961e-21
1.318292185883802642e-21
1.221789725170983817e-21
1.184272720423500630e-21
7.960727043205586589e-22
1.048932905848079443e-21
1.016466310785531160e-21
1.009710470004221868e-21
1.230982906766475549e-21
1.026651058062545763e-21
9.086348792521021276e-22
9.712463930539788922e-22
9.968384580789851041e-22
1.034342132484775264e-21
1.173722502904302792e-21
1.164533279908351497e-21
6.915061864053947104e-22
7.521573436464368643e-22
9.696298635056906692e-22
1.105487395308642214e-21
1.205595707270204645e-21
1.161877652737380872e-21
6.978617479517930533e-22
9.100254554533647369e-22
8.432252118978505427e-22
8.963272697686735063e-22
8.793144131316792345e-22
1.087179004749842929e-21
8.357374444485812528e-22
9.738376094052761827e-22
1.037823829917206267e-21
9.265265183846016041e-22
6.588681064824540993e-22
9.034744341677473667e-22
9.729860013789335617e-22
6.315238126366351360e-22
8.316731258319298432e-22
7.307106817112517536e-22
8.350586466799003420e-22
7.433933267475811424e-22
8.283645691191186514e-22
8.123323593228810134e-22
6.670196938688341083e-22
7.120689036201116987e-22
5.812915961771295859e-22
8.308219051434041788e-22
7.658273160037507213e-22
6.721221918488975987e-22
7.306536314363566854e-22
5.337050510222736913e-22
6.743328783675724270e-22
8.555355614521285026e-22
6.537803783320347753e-22
7.383294906211351939e-22
7.692021933582927126e-22
5.980535489714653140e-22
8.360552412785448974e-22
7.211138842742922489e-22
5.675803102727493941e-22
6.145077708489169660e-22
6.858012086509174227e-22
5.392225083024236517e-22
6.243504465724534520e-22
6.457018786371333507e-22
4.744568054696127938e-22
6.895445744940713827e-22
4.996727023526732069e-22
5.514460183240834972e-22
6.641082010134639706e-22
6.893293843368468173e-22
5.128285508756061674e-22
5.871019828297176059e-22
5.189749869753482698e-22
6.075700353563258614e-22
5.964168849102423322e-22
3.938738551784946300e-22
3.597765877862008696e-22
4.460780066367713629e-22
4.703897364800926265e-22
4.926598252695544779e-22
4.741032436451579841e-22
4.242788533525400159e-22
5.077234257519762056e-22
4.531509914792567012e-22
5.654569360592414776e-22
4.668571754707523051e-22
4.763495633461430119e-22
4.536229052776670614e-22
3.837360174828082325e-22
4.330691582912890490e-22
5.926280085633602077e-22
4.701431439032132962e-22
3.126643381272362990e-22
3.971519212341365697e-22
4.300215778403119157e-22
2.694266517837220671e-22
3.390692362887907348e-22
4.542257856690164511e-22
3.935638564190819891e-22
4.007221765649771885e-22
3.182893315782738622e-22
4.996606270142592752e-22
4.135021440345350450e-22
3.004234669377162905e-22
3.279804889595547965e-22
3.768913676242517339e-22
3.988908973488964571e-22
4.393733305546991761e-22
2.707175071550492127e-22
3.942730224148110471e-22
3.711555970330805763e-22
3.942948084274626237e-22
3.517923084295874562e-22
4.108705353557497261e-22
3.678117323587188070e-22
3.459751684750792874e-22
2.367028210091486308e-22
3.291189987252531770e-22
2.216649421865669899e-22
3.717505835334504193e-22
2.735648314006791657e-22
3.500081955741514921e-22
2.284381012804280960e-22
3.201991367669608215e-22
2.550087183506597540e-22
1.823247599392083095e-22
3.358214331440779666e-22
2.803761695680490044e-22
2.710807800070871818e-22
4.369581047610002171e-22
3.024687507026184880e-22
2.684658799169378911e-22
3.120475714163559714e-22
2.296971935376972062e-22
2.596571395363064593e-22
2.425166189292044995e-22
2.279205926037879484e-22
2.853126419949085398e-22
3.417794927877754061e-22
2.591430760236280882e-22
2.092572810827349222e-22
2.235448304281280781e-22
2.656588821434713701e-22
2.698702424448222674e-22
2.880431770452719819e-22
1.928512071775547534e-22
3.107213052397461189e-22
2.532437462472447410e-22
2.412911796355470497e-22
2.351535315715004167e-22
2.517129181654573658e-22
2.433474705014101684e-22
2.526806491693209374e-22
2.570274458982997518e-22
2.231844780261608906e-22
2.470485716953016248e-22
2.963295978878313649e-22
1.839955347480138155e-22
1.773734758704062839e-22
1.595290742968090078e-22
2.496082468680827400e-22
1.845104472128955876e-22
2.069838811519044585e-22
1.942586601164933479e-22
1.656513034499848727e-22
2.438709828709918155e-22
2.301574799921521294e-22
2.333092661612711924e-22
2.314071827030200934e-22
1.714662875604160946e-22
1.752966608825759560e-22
1.423726504188803192e-22
2.413040283798112738e-22
2.038943320234557766e-22
1.942437353135569795e-22
1.384931546045267565e-22
2.264920685671983555e-22
1.849664320671184303e-22
1.827778210412442070e-22
1.577562076161138734e-22
1.241560227299189732e-22
1.741098731508488246e-22
1.918111519348674461e-22
1.283630317074971872e-22
1.855575034247550457e-22
1.856377517131117108e-22
1.900769557294948056e-22
1.741601738205816669e-22
1.497315620905410693e-22
1.850587820893256913e-22
1.237753113648643754e-22
1.651674681339090421e-22
1.984954904977293239e-22
1.538932178029912031e-22
1.437037192029741490e-22
1.780081093063749455e-22
1.957325849791567687e-22
1.126715939896349826e-22
1.513897614187565445e-22
1.441335183699446919e-22
1.641418732055181123e-22
1.228466146547132080e-22
1.418667303528213253e-22
9.833726454646478709e-23
1.777152994771403028e-22
1.076143704841998042e-22
1.619935812669527288e-22
1.208603536061764060e-22
1.435162345811876583e-22
1.218745187973534072e-22
1.097061183270739100e-22
1.322254489519216820e-22
1.184189504836374204e-22
1.293504730494081909e-22
1.454683514567636218e-22
1.200015470730864720e-22
1.436231264565765791e-22
1.292281272172057693e-22
1.341055570522296014e-22
1.203403762515585154e-22
1.287199750396489719e-22
1.581664433471286922e-22
1.336262569366236987e-22
1.399759931692666200e-22
9.580149112834541054e-23
1.287987060642740845e-22
1.119511857822474379e-22
1.336277826101027028e-22
1.188724362301717193e-22
1.209692823942487779e-22
1.041950273197542644e-22
9.884125625225261699e-23
1.494079484922658657e-22
1.002430928514861922e-22
1.350771502182640191e-22
1.270295544543423485e-22
1.106804420246386432e-22
1.144961330411322553e-22
1.186616004550228148e-22
1.031651473921525504e-22
1.174056857892434312e-22
1.125162188575511618e-22
7.276584044441235227e-23
1.038991301660161335e-22
1.110721029562915293e-22
9.545723793667771185e-23
8.976517486315487118e-23
9.744572458601867171e-23
9.797398287543792014e-23
9.287950784242001174e-23
1.387380834721293862e-22
7.834431440174393131e-23
9.478538020595139977e-23
1.144182820167921695e-22
1.031502165599388422e-22
8.234632189953637750e-23
1.027140530992160604e-22
8.826789156338796460e-23
9.245064548730194441e-23
9.608192972031388567e-23
1.073622407056808551e-22
9.223364472661397019e-23
1.057940608030856474e-22
9.966815247705831692e-23
9.193670488355264424e-23
8.870894324806005995e-23
8.329658164044691664e-23
1.055674897151129901e-22
7.081079289060011179e-23
1.038709116444452671e-22
7.285130150309124844e-23
8.351521132182967603e-23
8.745690923264874793e-23
8.518235637776229522e-23
8.341094644225198301e-23
1.066566054160835995e-22
9.218036224153056123e-23
7.822711117946763198e-23
8.835722431041897013e-23
8.050627130592918883e-23
7.120902641799472097e-23
8.598734120934092162e-23
6.725342188415548100e-23
6.251260726688015187e-23
8.063191470217577001e-23
8.167058722835539144e-23
8.080750323146041055e-23
6.228669012609137466e-23
7.499228206246991649e-23
8.921789513046456467e-23
8.810209673266007092e-23
8.819373086663894011e-23
7.852909032816176027e-23
1.148945147910606866e-22
8.219151438864937547e-23
7.203913447508574743e-23
7.646719205423236549e-23
8.074094794009139888e-23
8.991127250633496198e-23
7.187690799472186223e-23
7.677143516712616386e-23
7.813069905607879211e-23
6.914848438124474850e-23
9.100850809163444102e-23
7.650592787484123799e-23
9.300193063526611573e-23
6.926770217708553487e-23
6.062012762384353708e-23
6.972607595943867024e-23
7.010772144021725398e-23
9.015880217519292568e-23
6.903215184442331094e-23
7.179664897922313261e-23
5.497777441790183422e-23
7.621385480386280629e-23
6.971823527593400926e-23
6.771534506896505521e-23
6.983808267138811258e-23
7.920499279638624481e-23
7.641550271395217802e-23
6.546243363791730234e-23
4.737965644817325618e-23
7.834751749448986029e-23
7.440756724348678519e-23
6.728619988456387560e-23
8.161459650795047927e-23
6.297069389946241856e-23
7.244536121118097657e-23
6.621510637011842595e-23
5.606009417989793513e-23
6.683956949953878470e-23
5.335013545450954173e-23
7.215539078517772290e-23
6.354048675957345893e-23
6.015344791081788854e-23
6.340544730713551222e-23
5.049104342967855127e-23
6.065214045454802957e-23
6.465070218467189589e-23
7.690079998646279373e-23
5.186817983038776145e-23
4.873683968385558289e-23
4.334248856836893269e-23
6.633070223844060435e-23
4.498841694867928719e-23
5.161362754926805449e-23
5.125177949105357680e-23
5.827443805880397739e-23
6.530330333301726299e-23
6.556300752553001994e-23
4.008737635207644941e-23
6.250713492389528997e-23
5.658625398980038301e-23
5.318664229764512501e-23
4.599189330592367060e-23
4.492030524794340094e-23
4.375532652682851282e-23
5.394369715849312751e-23
4.250910858318909437e-23
4.875088573968246181e-23
4.670981736430606741e-23
6.214289718850862741e-23
4.822145034162965005e-23
4.338455748719551424e-23
5.101985977168105366e-23
3.585510103038536046e-23
4.566291139994850200e-23
4.794385560313923316e-23
4.487390501924777631e-23
3.598415085759259532e-23
6.022497235256860327e-23
5.180292191699188634e-23
5.907896607993830558e-23
4.560835926272065976e-23
4.363693640767368132e-23
4.643401183160806661e-23
3.750244283839697975e-23
3.751629422767736850e-23
4.268862955499669674e-23
4.632555750351600134e-23
5.524438750496832579e-23
4.566241336217576200e-23
4.399726679282207860e-23
5.355145736455904135e-23
4.713548020825972887e-23
3.537250041160701763e-23
3.444911518261089320e-23
3.673731085698544070e-23
3.515188087225081432e-23
4.121248208561421626e-23
3.980877185556932096e-23
4.315548594119020287e-23
2.974122159764305589e-23
5.171324029965660324e-23
5.277173704042411524e-23
4.976689156363277241e-23
3.929519413365622447e-23
4.108344086444904728e-23
3.499965899029669327e-23
3.700433352083753275e-23
4.217949188949527743e-23
3.323471312539793602e-23
4.468122307218223902e-23
3.718540842400695281e-23
3.651235590732111300e-23
3.612325252999618946e-23
3.666735496136746170e-23
3.964865883101613634e-23
3.959271491772242456e-23
4.187175875144557692e-23
3.349910246197191438e-23
3.394723708421269658e-23
4.204463449808443176e-23
4.007913051062042143e-23
4.087888523733425623e-23
3.771953142081505537e-23
3.456159596872085024e-23
3.729285845790789004e-23
4.372208248413611459e-23
3.922404652552950940e-23
2.998639002256444887e-23
3.451811680380122474e-23
2.815460860813608546e-23
3.790364075651512110e-23
2.992439526098196169e-23
3.848298103275442894e-23
2.749134359883634484e-23
3.188033427834215169e-23
4.193671855928593975e-23
4.355302256648454807e-23
3.699479919344266718e-23
3.436852684241791624e-23
3.485434061753490660e-23
3.322477087923498968e-23
4.155605468660523787e-23
3.727749977191974338e-23
3.236243753453013931e-23
3.431869068975654098e-23
3.399425077096011178e-23
2.328578221991018630e-23
3.065746563928647040e-23
4.108231684962908200e-23
3.212338992313945132e-23
3.066126208785238788e-23
2.923465730396344318e-23
3.732505747868924515e-23
2.775164238505378531e-23
2.916173012655925598e-23
4.039946774348130708e-23
3.110903696095185638e-23
2.674561607004305781e-23
3.067334505214662443e-23
3.692472721362340138e-23
2.882218033002364140e-23
3.441516090754330947e-23
2.826185651627628358e-23
3.161584229223981821e-23
3.141587827292309745e-23
2.283452931110903544e-23
2.707319770725956720e-23
2.921392330228707873e-23
3.460632641056700226e-23
2.594720706333813371e-23
3.118281436943475010e-23
3.402604349797950971e-23
2.694371904225878336e-23
2.907818911347764990e-23
2.781160970204747223e-23
2.881242839850441284e-23
3.193485508625039837e-23
1.953110132385998679e-23
2.242694165972894642e-23
2.548209893079373959e-23
2.322565420792954549e-23
2.684419664056110622e-23
2.803867093373085772e-23
2.835740047794813198e-23
3.014503975736946476e-23
2.464563420642049522e-23
1.911005976952907374e-23
2.763961896354245927e-23
2.427748683301709669e-23
2.914873736623315531e-23
2.422512847925483568e-23
2.427419259087411063e-23
2.231874486088176665e-23
2.618621442227358595e-23
1.607465415386948292e-23
2.260902943492711630e-23
2.518531267060017987e-23
2.263200573465267493e-23
2.960164239103086800e-23
2.091539434572034176e-23
2.468531346355123894e-23
2.463332721131548876e-23
2.412752090043860508e-23
2.200367998690693176e-23
2.041379338850288082e-23
2.119145150601299514e-23
1.830181373849957531e-23
1.869467011140179163e-23
2.777307113727551942e-23
2.456716807295179963e-23
2.222159512968660070e-23
2.305131337381731641e-23
2.064037865206079882e-23
1.524389579731758133e-23
2.427397668430652445e-23
1.564403696138888266e-23
2.095501992148507969e-23
1.970884058762502149e-23
2.052070571289822233e-23
1.817698600146633059e-23
2.030728939372323545e-23
1.816791364125911105e-23
1.754708084076372130e-23
1.833582067332430762e-23
2.071360073298651147e-23
1.666850189775898782e-23
1.795812501044744983e-23
2.043346133345336654e-23
2.632656980952111180e-23
2.261812397928685689e-23
1.980197220881351560e-23
1.959992937695014779e-23
1.772889284161666981e-23
1.838165115702475875e-23
1.814974649354797113e-23
1.191240417422013077e-23
1.578831145457751610e-23
1.871569389883176203e-23
1.747770713668414497e-23
2.032054997723040672e-23
1.766646569650775623e-23
1.585705483549767103e-23
1.612854457144872134e-23
1.154408384386793544e-23
1.981992899493449815e-23
1.720762124623282927e-23
1.752610709268783227e-23
2.002328588537184693e-23
1.388446182219362805e-23
1.721581628783502875e-23
1.745035690000480110e-23
1.268012231890653022e-23
2.051592009983857073e-23
1.899557669131001866e-23
1.468043977997825590e-23
1.156018422451550928e-23
1.740115132360748731e-23
1.654539963935719807e-23
2.132039933713011210e-23
1.571713616049148364e-23
1.735534995503571490e-23
1.957554498488166936e-23
1.369461772998373001e-23
1.502554695575483296e-23
1.435414548861729823e-23
1.577843285805131109e-23
1.581521703186156678e-23
1.559793678194116608e-23
1.703363587625789151e-23
1.186458550015291965e-23
1.731080295494842870e-23
1.286379228539377324e-23
1.485004219531032930e-23
1.799525843057972141e-23
1.316080601210972840e-23
1.468068356626407092e-23
1.037029544980529800e-23
1.390607846724183017e-23
1.904724391305660093e-23
1.184341547329600427e-23
1.435112648621504126e-23
1.702642636143432442e-23
1.560938780624880038e-23
1.548800255693684616e-23
1.195161220705757235e-23
9.577185655130415599e-24
1.489793078506832327e-23
1.563944954913103362e-23
1.581745830909447788e-23
1.233963362441568533e-23
8.947135023522324454e-24
1.391000627149554731e-23
1.769030087572619762e-23
1.403922945301704115e-23
1.421709490397259217e-23
1.497594187780355947e-23
1.355472180081855118e-23
1.362753407975405844e-23
1.195442412598060551e-23
1.074012319994258075e-23
1.418460180937772898e-23
1.603753934921055284e-23
1.204854015367332888e-23
1.377083386634371885e-23
1.075967728784998025e-23
1.372579191196613546e-23
9.208601339999644093e-24
1.078183148649768022e-23
1.243256018805247206e-23
1.634863008905417604e-23
1.376124912419677479e-23
9.044616420827294209e-24
1.617635764557621257e-23
1.166959034054078607e-23
1.042788375623642442e-23
1.372383599767043927e-23
1.162849640269378487e-23
1.325156076640322581e-23
9.336806642279195088e-24
1.200224138014854630e-23
9.553131790907362174e-24
1.211609615467544981e-23
1.205020783469148711e-23
1.228936754931488202e-23
1.020039529147018636e-23
9.800877438010018690e-24
1.132408115537260488e-23
9.125170633236060426e-24
1.426159755261789635e-23
1.460893243014775034e-23
9.069571145125370926e-24
1.061541707300307361e-23
9.548235468586378933e-24
1.298908176840166321e-23
1.319784272982961890e-23
1.429603275360507680e-23
1.050266023112601352e-23
1.410956943754328075e-23
1.024799653560956731e-23
7.675547711296327899e-24
7.348534598066308081e-24
6.630743433938089611e-24
1.179288721543974620e-23
1.399153844058582244e-23
9.886248243421164332e-24
1.327693174398456451e-23
8.455013657609290320e-24
8.170936522631148550e-24
1.005520255579720287e-23
1.225905323353169248e-23
1.058266578705019211e-23
9.652521835936240880e-24
9.875462603101544922e-24
1.032062733307555767e-23
9.203425665938105969e-24
8.933471185069864224e-24
7.653855843204416182e-24
8.604646610960410365e-24
8.166183939048954746e-24
1.025492822548949879e-23
9.371684491163345457e-24
8.632076732891221925e-24
9.919911821524341492e-24
8.927818774527354720e-24
8.302545616108862360e-24
7.153575176711642967e-24
9.072714894796402366e-24
8.047752881215428093e-24
7.959035236775855492e-24
1.224656598653566679e-23
6.724825301984816102e-24
7.338614725779608663e-24
1.051635779234338612e-23
1.021824077153421181e-23
6.991599557507733287e-24
7.958311808830815379e-24
1.101261780549913856e-23
9.122309239569907791e-24
7.143131642176292853e-24
7.724647918173172733e-24
5.305975480052411368e-24
8.246820158077925834e-24
9.343395459644663873e-24
8.556686311184135696e-24
7.881340900753905128e-24
6.767399729111189946e-24
9.757135940280799680e-24
9.204084677843586521e-24
8.060845515013489759e-24
8.520774875072041432e-24
7.483762288946168773e-24
7.401568276885635278e-24
7.275389767310215912e-24
7.471797091654254770e-24
9.996311980597094192e-24
1.103244140265519039e-23
9.302857440133198860e-24
4.822098066090837826e-24
9.942050252451519973e-24
6.022828183327086121e-24
9.773168482577225981e-24
7.400758866403562038e-24
6.571123971443607473e-24
6.326380207835774635e-24
7.009018848974110374e-24
8.476812335073412159e-24
9.273822721596037546e-24
8.005396428959580625e-24
9.314224861436050929e-24
6.395869093427009658e-24
6.834733377472763738e-24
7.498865363683450333e-24
7.594878889128812234e-24
4.866315729563671893e-24
5.293151421667579192e-24
9.671829998512724113e-24
8.920133305126771218e-24
7.176259212947450727e-24
7.430199766126879593e-24
6.781992680940944149e-24
7.505690992308442073e-24
6.582300198099067289e-24
7.387402198623619451e-24
5.838693043194032277e-24
7.971278021286683328e-24
5.232065385231996545e-24
7.143093300153517599e-24
8.828560037741426731e-24
7.282535583513887903e-24
7.755673281263827422e-24
7.760484186644724979e-24
6.286073513692098335e-24
7.950081131727260878e-24
8.423218365114165867e-24
4.795697086847669895e-24
4.934819074341223148e-24
6.590698095726519730e-24
7.499338506217911742e-24
8.735622769569892991e-24
8.075636701120295622e-24
8.450949149805536427e-24
6.358140181943275163e-24
6.137640783176821387e-24
7.452420576848362882e-24
6.035413082870183755e-24
5.723685978225270950e-24
5.581896325050672697e-24
6.253256000968621386e-24
6.679328938705019672e-24
6.118519437502256907e-24
6.221151895586398627e-24
6.652699676167300960e-24
5.945109447891172944e-24
4.716052577934925330e-24
5.204026131533421631e-24
7.365286355355233133e-24
5.150723556370241978e-24
6.496671252790837562e-24
5.427435618738250400e-24
5.318889424825951445e-24
5.195952312571658976e-24
5.440401073345856673e-24
5.901714335233476419e-24
5.012890182007977217e-24
6.721979248329762876e-24
6.056950520245260945e-24
6.547904807260223581e-24
5.689348469276331565e-24
4.955161864669067501e-24
5.582243114738116060e-24
4.672353391635780641e-24
5.967347410469325480e-24
4.749687091675336676e-24
5.277126367939581539e-24
4.397579197261753408e-24
5.714108872666286959e-24
6.188587924240511029e-24
5.076596409967425707e-24
3.727506045548335319e-24
6.136760410854888515e-24
6.515151796676497086e-24
4.251709084951061109e-24
5.186835398909547160e-24
5.596024601439391667e-24
4.877084913288104132e-24
5.218688985626673891e-24
4.945710979549171025e-24
6.171454894465452001e-24
3.573303021849626365e-24
3.332765066067841614e-24
3.569503099704945628e-24
3.350042183881533546e-24
4.574070799009155140e-24
3.960257349886695807e-24
2.761970287453650558e-24
5.226236171615907627e-24
4.676088032870293290e-24
5.499811512593024836e-24
4.735326010398958317e-24
4.426946917554746454e-24
4.668427667441891911e-24
5.076567583545713767e-24
5.319730432171593575e-24
4.146724139325703386e-24
3.276721224186202807e-24
4.095171890541055664e-24
5.580881549971262015e-24
4.592904386245752275e-24
4.857968750580839600e-24
5.131241420885091972e-24
4.704610272671753564e-24
3.889056112121124842e-24
3.331621046970782589e-24
4.584954161793866977e-24
5.172394301073363261e-24
4.617087437789345626e-24
3.975769060388019344e-24
4.695733320234606489e-24
3.583368026488220391e-24
4.655067733255739953e-24
3.750049725050006612e-24
4.385919299310861791e-24
3.965513742719394595e-24
3.753325361965226133e-24
5.626289041156295226e-24
3.679053788108904260e-24
4.037446496289972244e-24
3.533322588162754883e-24
4.428826917726527720e-24
3.436503020700276130e-24
3.354395664754285300e-24
3.979638278861885068e-24
4.115761474259538039e-24
3.257955180278272596e-24
2.815477712169677290e-24
4.748412675953908015e-24
4.036377528816875073e-24
2.989973941345043847e-24
3.509640297679416796e-24
2.631246192848093910e-24
3.834348210514197643e-24
2.523683823837166593e-24
3.263591913407337872e-24
3.672089394251103025e-24
3.817736027407387896e-24
4.220978719061016063e-24
2.577913416971506772e-24
4.035582888520519149e-24
3.120816942765230273e-24
4.410197552533826253e-24
4.182215697005954908e-24
2.322792267207502411e-24
4.069130498170233457e-24
3.213825228790984740e-24
3.974427304439138275e-24
3.581715442061595793e-24
3.217204216491067061e-24
3.626932942349799722e-24
2.713851847303209064e-24
3.076719722208867610e-24
3.409133460900611637e-24
2.977021556055615125e-24
3.202881614789476784e-24
2.809391095088233816e-24
2.532581023760797374e-24
2.411329881247571213e-24
3.726917771110729771e-24
3.959278809330515255e-24
2.957935295892527938e-24
3.071673615171060600e-24
3.656169774574669337e-24
3.764574574318230249e-24
2.311107917259076616e-24
4.309168026716767682e-24
3.597947801846068126e-24
3.761114023336770353e-24
2.285725550772746106e-24
3.810378964011115409e-24
3.169444285571382208e-24
3.234025758081838239e-24
3.270744375040903018e-24
2.960393505056985539e-24
2.954932773815799205e-24
2.320986387493095183e-24
2.790228747848627202e-24
2.317521798391472219e-24
1.737748649332620513e-24
2.802680868496164998e-24
2.777920872262777849e-24
2.001644878687848656e-24
2.799988476682533748e-24
2.374150604861621054e-24
1.938363888561518242e-24
2.269197138772199332e-24
2.421532787926553370e-24
2.893870908194596902e-24
2.546927081846179583e-24
3.089079661672865963e-24
1.539246110409931005e-24
2.069943164337342852e-24
2.740469624270840456e-24
2.824009641447224303e-24
2.544798023870046040e-24
2.040819273163147571e-24
2.355927059210836109e-24
1.519524584600956229e-24
2.726041081318352213e-24
2.405392802798825456e-24
3.731898605689380719e-25
9.147760854235318132e-25
1.688855267818705377e-24
2.320342220870493478e-24
1.922818806451325788e-24
1.323455808945044124e-24
9.839783626853827803e-25
2.686867219255662242e-24
2.615088822252728028e-24
1.620512909168923351e-24
2.242601012265860317e-24
2.166984457224134893e-24
3.169684098907645118e-24
1.719289561069239299e-24
2.326604513867981816e-24
1.697868291956960485e-24
1.948737344167008127e-24
2.883694179169967225e-24
1.743710635902223203e-24
1.598131608886137907e-24
2.375454640780520796e-24
2.754905431455991904e-24
1.348243221428202319e-24
1.824496711403766004e-24
1.586087608508301610e-24
2.230417782721518471e-24
2.559386957732699137e-24
1.471907626357020701e-24
1.445861175132581712e-24
1.564290777799009624e-24
2.748807980037642848e-24
1.239858894251805367e-24
1.459921245109093265e-24
1.273429906194983503e-24
2.754654185942134250e-24
1.703548360816637690e-24
1.365427514575881763e-24
1.092936541893366362e-24
1.318720753277014208e-24
2.043362341992181794e-24
2.457247982771759523e-24
1.552097042407068038e-24
1.314832533443626629e-24
6.163979982598418709e-25
2.123127769417924669e-24
1.858595536050450621e-24
2.368176896971143466e-24
1.871722983557384991e-24
2.272562703689592882e-24
1.555162919222649054e-24
1.918251873943019917e-24
1.768246053051182637e-24
1.099757717351437240e-24
6.407884837755946398e-25
1.336643306418687274e-24
1.103980531681307401e-24
6.412470941252553921e-25
5.781655055392589685e-25
1.273500458155358306e-24
1.899983067937321906e-24
1.350192565657155727e-24
1.159376568273869831e-24
5.889280889503336824e-25
5.906704542385026850e-25
1.441966103702571498e-24
1.825996047924148104e-24
1.719303915467034204e-24
1.722823055682182286e-24
1.066619189253727889e-24
1.288185780003900987e-24
1.806254801369665975e-24
1.260685269890688759e-24
2.063264718236804433e-24
1.049666027536041183e-24
7.638724697092624217e-25
2.529997842571510668e-24
3.013854829468111424e-25
1.830338463617884500e-24
1.663484010532900980e-24
1.336616706954951571e-24
1.762736768394668765e-24
8.260963937435963299e-25
1.095446378397804584e-24
1.400579342286486717e-24
1.045684767468381103e-24
1.403644422763667724e-24
7.005083136889919127e-25
6.648157172853966956e-25
2.104932542150393958e-24
1.522377652968784536e-24
1.182035375090563488e-24
1.516537100120919404e-24
1.064674248141919133e-24
1.227768704783824334e-24
1.173514840143542132e-24
8.078844498494810663e-25
4.868522300567318380e-25
1.718177454535702182e-24
1.331338885948704287e-24
5.306848363410742124e-25
6.988870693395061316e-25
4.248844808162735182e-25
5.255646223990203196e-25
1.384364147285697312e-24
8.888982935047003623e-25
1.015769741228047541e-24
1.079853956747476098e-24
1.249411120208246753e-24
1.652790902862427781e-24
1.064572582828117477e-24
1.539154084881624609e-24
1.046976472982174297e-24
1.265399632576500068e-24
1.464638092298533391e-24
1.239514998176074931e-24
4.463442287219896867e-25
8.374604576287877358e-25
4.175086047440381970e-25
1.377125142687468816e-24
1.088873959403942567e-24
1.378476214197395541e-24
8.076385957917795726e-25
3.921599203322077007e-25
1.086517672577161136e-24
1.055642541623493553e-24
1.121986396050162051e-24
1.318701202318589559e-24
9.781070036472864537e-25
4.811417644930837349e-25
4.985016848255078970e-25
8.695820268418990064e-25
1.629491160823650465e-25
1.160221903521581979e-24
3.281131152126320971e-27
6.702954416537218598e-25
4.797718167096855940e-25
1.192967307187236882e-24
8.321245103379386387e-25
1.068864763323770654e-24
8.835691876575304594e-25
5.674468057899399181e-25
8.156181726734533741e-25
8.279903889104974690e-25
5.505388020115438603e-25
2.612336530509206939e-25
6.858232247497992155e-26
-2.501989614957429015e-25
-2.009983888413544845e-27
6.137231133669218815e-25
4.696427089898068181e-25
1.295608435591887189e-24
-1.427156828585126442e-25
4.796307316198813429e-25
4.599251742395819167e-25
4.416962764234986206e-25
7.461610256499706638e-25
2.735549145396889699e-25
2.785096011186549104e-26
5.768141542365436675e-25
8.146257474757978006e-25
4.511196501604303859e-25
7.108737082266793746e-25
7.134371459228149617e-25
7.171387978264910955e-25
8.144829453312560217e-25
4.101588833660884188e-25
5.776064023691824875e-25
6.011002214227805576e-25
-1.600341175956186101e-25
1.613549943366506926e-24
7.700129978444860126e-25
7.410960159570851044e-25
2.847916918425985837e-25
-3.127306343765414830e-25
3.272285154072877525e-25
7.928911834632555366e-25
9.273686973886031550e-26
4.594413446634005683e-26
-2.143646026028611350e-25
9.644641366397263734e-25
2.041297374693745144e-25
5.587839585208850966e-25
6.393808971924345404e-26
3.842642671554435251e-25
6.372804902254433258e-25
3.791756346305467381e-25
5.903264670924364964e-25
3.094814048903819002e-25
2.825326109116155634e-26
7.422970682751911350e-25
1.731135750650417286e-25
-1.517876668185058184e-25
5.445595607350402228e-25
-1.767121254720153694e-25
2.631689961440396523e-25
5.509170427478360873e-26
5.508602688606559226e-25
1.868439698500428564e-25
1.654829253198181254e-25
7.508243265806554412e-25
6.136513654574918838e-25
4.396801681853416891e-25
-1.445904839840721774e-25
4.296713150624675900e-25
2.642273604790162424e-26
3.862298173890752388e-25
1.392150415598966614e-25
2.019537386620087242e-25
5.031325454175526148e-25
8.656896844141455150e-25
2.563872171988120305e-25
4.464244019522658271e-25
3.074358404005179926e-25
-5.132434259386381021e-25
2.856989334221551797e-25
4.179411055729633127e-25
6.564297911013040691e-25
6.252291671537822364e-27
2.883873200528056811e-25
5.409009920145042030e-25
5.775245253928692810e-25
4.044335832561658636e-25
3.703691834971292767e-25
3.354559109711891687e-25
3.143638785277338438e-25
-1.837849628373898549e-25
2.947042189586940149e-25
-1.327311221129331520e-25
1.340311333270956691e-25
4.548890235318040301e-25
2.268078548124428748e-25
7.205386440468300803e-26
3.780363929964008776e-26
-3.501686804969566335e-25
1.604825930355602947e-25
-1.285266802686437934e-25
1.468369713190402753e-26
-7.538315788785849451e-26
1.041823464937673158e-25
6.370179451285035438e-26
3.631601607067143640e-25
2.514085775488388322e-25
-2.041256510357500443e-25
-2.895458935986542744e-26
1.849031168728171258e-25
4.484255653530595555e-26
-1.963497820930012180e-25
-2.566285125817447427e-25
3.086471774232100310e-25
5.658223757688866455e-25
3.591737173388219646e-25
1.928459906031221685e-25
1.112072921543667697e-25
-2.728809814510012844e-25
4.165628629757678156e-26
-1.014688799013559504e-26
-9.983134560670611263e-26
9.987975971912239071e-25
-2.288429370987347707e-25
2.958202426400675606e-25
-1.189155995257072370e-25
-5.238142649071043347e-25
4.457430252862674515e-25
-2.221111382238864136e-25
-3.617668316608491638e-25
-1.450601741018152882e-25
-4.251525547994004138e-25
8.717639435452299632e-26
-2.005934752069028389e-25
-2.860626135030017946e-25
-5.091722546458317610e-25
-2.138862693452212500e-25
-1.749197918644496076e-25
2.248424943988292577e-25
-5.079039908670240506e-25
5.029700525924155444e-25
-4.845364269463273443e-25
-4.854217898913909711e-25
-1.715016443988851115e-25
8.826377196788278555e-26
-4.515034940921579888e-26
-8.053665665993441139e-25
-2.444550545294262238e-26
-5.306417908504786676e-25
-2.407681771363484253e-25
-5.318925769697227124e-25
-2.882276689178935453e-25
-4.970764306488446076e-25
1.729242373822146891e-26
-1.210749023392209851e-25
1.261635114266722710e-25
-3.104128201803809199e-25
-1.521543435857425080e-25
-5.583849593626578449e-25
-5.819724272578646701e-25
-5.327216920821974167e-25
-1.121506393120714105e-25
-2.620602349049859373e-25
-1.657719265162249488e-25
-4.062360576333317711e-25
-7.105102805659993161e-25
-5.950364441137532791e-25
-7.014469090670144515e-25
-5.218689838015323205e-25
-8.628574047539436226e-26
-5.838369389686441326e-25
-1.180360690311263447e-24
-1.238111389571803406e-25
-4.222133022291056810e-25
-5.202309836149534408e-25
-5.690576792025890088e-26
-1.821424061380276356e-25
-7.263339944780117541e-25
-6.930620637675469140e-25
-3.445478931804623661e-25
-6.371488618034441798e-25
-3.098634617814363201e-25
-3.866353739476048023e-25
-4.454851572421566948e-25
-2.237570833506380510e-25
-3.001261033118724409e-25
-9.524078670967516791e-25
-3.130258596451582898e-25
-1.199631593171748794e-24
-5.543108495683332160e-25
-3.057647372661104802e-25
-5.578542600804718305e-25
-5.303102796690575964e-25
-6.698011879108019718e-25
-8.092638250015009343e-25
-6.493422718649352914e-25
-7.879365237400808657e-25
-4.530661639648876541e-25
-7.358456250550889683e-25
-6.411452832901458239e-25
-7.475229354998900241e-25
-7.196791619893925928e-25
-9.947155478772914264e-25
-6.492677135764095163e-25
-5.905717884766741764e-25
-8.035555675456400459e-25
-4.236465539131937411e-25
-5.051885455254425735e-25
-4.276571676020266950e-25
-8.018696433272613083e-25
-9.624413731682450616e-25
-4.122277528298631972e-25
-7.599722939030670587e-25
-6.553024158512176254e-25
-6.319853071217235360e-25
-8.028154767010388652e-25
-4.359232332296766258e-25
-4.928590601426034062e-25
-5.801527094147283633e-25
-6.453872771192908955e-25
-5.471030742573049552e-25
-8.370349796339719584e-25
-2.619186953700435226e-26
-6.967246997833666960e-25
-6.989823352479627748e-25
-5.551841081263558461e-25
-5.784502743025934143e-25
-2.099150299718618091e-25
-8.581834049239816285e-25
-7.250628167427274240e-25
-4.276467019607165109e-25
-5.158226922160312185e-25
-5.569277093698331545e-25
-8.406193696737545660e-25
-6.862053538627901476e-25
-4.910778865715331343e-25
-7.407776139868917419e-25
-4.420530750936057035e-25
-6.919908382613089057e-25
-6.211384124857602298e-25
-4.969986353123818182e-25
-7.300933317234186333e-25
-6.154137651641232276e-25
-8.710624956128459980e-25
-6.328785508692064425e-25
-3.591746146938838354e-25
-8.153168096444260686e-25
-8.342041895412888159e-25
-9.876108755375847048e-25
-6.016272545514346330e-25
-7.429312773295751087e-25
-9.528499349215844541e-25
-4.152943564054949545e-25
-4.855138474575884417e-25
-5.086717769354209875e-25
-7.149315220933089361e-25
-8.134971139960506881e-25
-8.692720993379264281e-25
-1.049136565590185941e-24
-4.808469561084638473e-25
-9.379587716785245566e-25
-7.414226330959935733e-25
-9.531273758580485081e-25
-9.268343148342645611e-25
-8.817005399562800060e-25
-6.550451584528094699e-25
-4.286432431914772297e-25
-8.353850738296871625e-25
-7.567674116911124743e-25
-1.042623520391281890e-24
-7.881663653976045397e-25
-6.477662963322724454e-25
-8.218561763334442029e-25
-8.036436490015198590e-25
-1.072155250896273275e-24
-9.062192638811775764e-25
-5.702586069837496250e-25
-6.232674485210646976e-25
-7.508285582170918534e-25
-9.797340913694213552e-25
-9.866516893929450540e-25
-1.056414830519292761e-24
-6.717160341893779770e-25
-1.095649177338030477e-24
-7.297451619020594851e-25
-8.997058319903085090e-25
-1.230686762524237846e-24
-7.827153050678202081e-25
-7.836132767395462992e-25
-9.909676899313377535e-25
-6.113626189860216311e-25
-1.162670324273229245e-24
-1.088702932174398862e-24
-7.284303682551504694e-25
-5.705520282574095884e-25
-5.550114733135469553e-25
-9.485077352760842702e-25
-1.079323965629632371e-24
-1.248180342367002132e-24
-1.054354973099510984e-24
-8.991572247164327112e-25
-4.945922282361624589e-25
-9.822366481248659988e-25
-1.020813748156785489e-24
-9.135841669046015187e-25
-1.291774816663367035e-24
-7.051986843959018167e-25
-8.948534082978722871e-25
-9.172822467321029122e-25
-7.431547256194481589e-25
-8.195115845245008540e-25
-1.030232552181562992e-24
-8.595903486194776403e-25
-8.084372977933778228e-25
-8.486024189730609040e-25
-1.203047525755160672e-24
-1.055034522478333304e-24
-1.161450466646993300e-24
-1.337043472821726350e-24
-1.021785465807145552e-24
-1.076502776144706063e-24
-1.319845456438922707e-24
-7.618246955506575654e-25
-9.644191155581414380e-25
-1.018957586730097089e-24
-1.005095440337001660e-24
-1.130246891966743258e-24
-1.057787277616923506e-24
-1.014625104452741544e-24
-9.467448278392890934e-25
-7.901864024272714552e-25
-9.609612528505459135e-25
-7.987019693802371963e-25
-7.765980772773970970e-25
-9.274087786751061304e-25
-9.046529813809532254e-25
-1.009048110789256365e-24
-8.288781145256742097e-25
-6.738912730898083224e-25
-1.027859281589883657e-24
-7.556117588181492568e-25
-9.954203577681165168e-25
-8.305667185319607847e-25
-7.926144765485336980e-25
-1.028565895472701646e-24
-1.225670556628188870e-24
-1.173749134010394256e-24
-8.812187735911669654e-25
-8.108935716314487410e-25
-5.714045645117017196e-25
-1.010923120588030859e-24
-9.748212596158418609e-25
-1.009676967708802995e-24
-8.356550544241941579e-25
-7.585048560971105304e-25
-9.273427197333248546e-25
-7.078575658897240018e-25
-1.098534729082787828e-24
-1.093855143701106009e-24
-7.608187656240693869e-25
-9.926639583843213078e-25
-9.933536641076124788e-25
-8.471478724519323241e-25
-1.110580505324228316e-24
-1.028817378712441689e-24
-9.581943380869892141e-25
-1.222511159904576537e-24
-9.377068873456706980e-25
-1.248014267299675568e-24
-8.074195370849152330e-25
-8.551828108517659161e-25
-9.128605044859484421e-25
-9.287208318257021116e-25
-1.044006473751095824e-24
-8.940867544888621061e-25
-1.114983765380237561e-24
-1.320128131217253305e-24
-1.306984907270720547e-24
-1.053831979032370271e-24
-9.050345636110917282e-25
-7.890604711908062651e-25
-1.114818023923077796e-24
-1.113196665313350012e-24
-1.173695778311939770e-24
-1.092987769586990839e-24
-1.118712667515472393e-24
-1.146498340647052380e-24
-1.040301505085902006e-24
-6.945592112110821803e-25
-1.339695864818058516e-24
-8.006940502155118338e-25
-7.791211296292722902e-25
-1.007009290144228078e-24
-1.212401217396624215e-24
-1.127462756589466111e-24
-1.009119074304999925e-24
-1.142183290300781523e-24
-1.263510346447597098e-24
-1.103893069772155340e-24
-8.329535203766487632e-25
-1.210500776197533955e-24
-8.253877389989459780e-25
-1.004079594484543407e-24
-1.015675442965630838e-24
-1.133617299463017799e-24
-9.050090813392535296e-25
-6.991706396865767477e-25
-1.293235349632555083e-24
-1.138640218656595921e-24
-1.130480419547475462e-24
-1.298828264584333195e-24
-1.265903080014828516e-24
-1.098836953410109920e-24
-9.831279255275166944e-25
-1.079320687250155661e-24
-1.349367319036691346e-24
-9.673244911845576489e-25
-1.028629899774743722e-24
-1.145820060168961589e-24
-1.210122383319441726e-24
-1.051971058147767096e-24
-1.062718040982360823e-24
-9.864817849616889367e-25
-1.009094783114761047e-24
-9.085893196165290286e-25
-1.021223726891455096e-24
-1.361839908907962988e-24
-1.229150193055160945e-24
-1.177269759312170387e-24
-1.296554314303331618e-24
-1.166267134389755557e-24
-1.252034593651214019e-24
-1.002509425043562603e-24
-1.136528001080216934e-24
-1.344128077530339549e-24
-1.372408507661083972e-24
-1.348227651656018147e-24
-1.396193395580058466e-24
-1.036422659657545833e-24
-1.417151703062715386e-24
-1.428833392288148084e-24
-1.216950126361406524e-24
-1.287694190219073874e-24
-1.317892146162592898e-24
-1.087529260498566832e-24
-1.366101167637048381e-24
-1.247904240800964098e-24
-1.171677839363410102e-24
-1.019811481846653731e-24
-1.142547163569542150e-24
-1.398080661907692877e-24
-1.145606320847923986e-24
-1.093030891794340909e-24
-8.848186099256187549e-25
-8.577201183003340002e-25
-1.337953673297701092e-24
-1.236552818394017984e-24
-1.063527980374161678e-24
-1.441154808368962889e-24
-1.230606323064199141e-24
-1.503526680303701109e-24
-1.188393789493576820e-24
-1.210426602625233699e-24
-1.235945511212141544e-24
-1.322620971076011033e-24
-1.566099807644079695e-24
-1.432720035926915543e-24
-1.209560844651474187e-24
-1.307540966149656743e-24
-1.381042173788345691e-24
-1.115087259590397244e-24
-1.404425717511031229e-24
-1.218506021044725543e-24
-1.530931415366369586e-24
-1.171111971264994608e-24
-1.493226567019203567e-24
-1.440076727932218800e-24
-1.551263164792528206e-24
-1.426612336037759931e-24
-1.478328538867082593e-24
-1.458584482889940431e-24
-1.425162183650987966e-24
-1.191196325352537476e-24
-1.659980313659384294e-24
-1.627766304044103482e-24
-1.229780466979879414e-24
-1.419226686435289174e-24
-1.502567263964023668e-24
-1.380187079537749817e-24
-1.341174112764291901e-24
-1.271104179043818408e-24
-1.464187554862747025e-24
-1.401342985229218341e-24
-1.319487662243681685e-24
-1.524764734536148821e-24
-1.308835536857001574e-24
-1.420032953462319133e-24
-1.356085632804556881e-24
-1.596440722961950432e-24
-1.400750251941772205e-24
-1.325849414111502997e-24
-1.476209492780725370e-24
-1.355011694892824278e-24
-1.318186221273664000e-24
-1.437336831610652657e-24
-1.438159932895214150e-24
-1.420198109184316535e-24
-1.594333627092071094e-24
-1.712781532710386194e-24
-1.459997888142548065e-24
-1.124922207465426289e-24
-1.319199411393378730e-24
-1.554445252265847513e-24
-1.626370488806754274e-24
-1.305167899871762286e-24
-1.503378728618612186e-24
-1.427849772376184965e-24
-1.621693910273175571e-24
-1.659540622074094884e-24
-1.452627744143176853e-24
-1.501924839502497967e-24
-1.124489941066989933e-24
-1.356632937378081170e-24
-1.311402641215707653e-24
-1.578942760325591094e-24
-1.350461631086379533e-24
-1.413662395721233503e-24
-1.432043732317054142e-24
-1.448946134346939751e-24
-1.314644972668915251e-24
-1.498554902694522343e-24
-1.346409786001457288e-24
-1.467996027979460795e-24
-1.379729272313700518e-24
-1.543016743548227514e-24
-1.575938032653371978e-24
-1.146242120866658001e-24
-1.281898160592181341e-24
-1.454560187719946420e-24
-1.412251694373293927e-24
-1.470984096331182583e-24
-1.686308062153408559e-24
-1.474419848217496012e-24
-1.672801982024957658e-24
-1.304700886759615271e-24
-1.469186284316926566e-24
-1.441155523608559021e-24
-1.217810683829784615e-24
-1.501100095899724412e-24
-1.678735702527053214e-24
-1.485547008450474798e-24
-1.661408868470048914e-24
-1.376462834561162639e-24
-1.410067184108233606e-24
-1.580880030264233628e-24
-1.303963441577253335e-24
-1.702337107355393065e-24
-1.586023857560057933e-24
-1.601137217667310818e-24
-1.845564700174776632e-24
-1.422019463902057644e-24
-1.490138901223377918e-24
-1.385735185555362366e-24
-1.162900867549418097e-24
-1.622081779657204594e-24
-1.584852631712324031e-24
-1.417399730329300094e-24
-1.469836997203747106e-24
-1.660409352184790520e-24
-1.519188665826353677e-24
-1.534814767931753797e-24
-1.238109320224401902e-24
-1.509510918563631642e-24
-1.717008269410388482e-24
-1.338558684862515426e-24
-1.660899884520316026e-24
-1.533354866113692182e-24
-1.587677366148408410e-24
-1.491975526846976992e-24
-1.407604463443853481e-24
-1.456519341688878106e-24
-1.664464651137835061e-24
-1.383795440009655257e-24
-1.385084484848396604e-24
-1.624491567623799103e-24
-1.670733848968549876e-24
-1.827880498190468729e-24
-1.491069627553765534e-24
-1.804875803924545565e-24
-1.352590539757493734e-24
-1.488095762764814596e-24
-1.760188980679422027e-24
-1.715229200456917978e-24
-1.555655938354224725e-24
-1.623027726631721497e-24
-1.405651571179866552e-24
-1.576319035639518841e-24
-1.516856759919018853e-24
-1.411739686088010134e-24
-1.648756088054204855e-24
-1.678569669151095911e-24
-1.613402036740510438e-24
-1.796559350405449800e-24
-1.675029075685655121e-24
-1.669206968440877052e-24
-1.645142538889269156e-24
-1.550692142000484677e-24
-1.688197788170282670e-24
-1.495282995608775355e-24
-1.445856794877009554e-24
-1.681573004107097534e-24
-1.410799311303036050e-24
-1.536549647522025182e-24
-1.591465077143275431e-24
-1.683253024717160691e-24
-1.695283775766453365e-24
-1.663531066906810432e-24
-1.686360915958714032e-24
-1.640991858095588855e-24
-1.410613522950508622e-24
-1.731672746837161880e-24
-1.729951354058732677e-24
-1.395068201781728814e-24
-1.738051788443452229e-24
-1.528274351192539257e-24
-1.756525011459977270e-24
-1.630976113465022462e-24
-1.582650059737219452e-24
-1.701336779303132169e-24
-1.675123927122993186e-24
-1.241078659823359355e-24
-1.526275284731250067e-24
-1.640327225557700154e-24
-1.756755315127072907e-24
-1.639383520411322636e-24
-1.499965583429992337e-24
-1.669125302955804454e-24
-1.656090226881492108e-24
-1.734299391906234153e-24
-1.472426262024010585e-24
-1.737523877644496218e-24
-1.669731722538108860e-24
-1.296564282967589059e-24
-1.504803266250843695e-24
-1.537200231252701377e-24
-1.664014565666831697e-24
-1.426107627087155820e-24
-1.531367376255695965e-24
-1.535811038833782395e-24
-1.664280103556756343e-24
-1.532878933527876611e-24
-1.665259158567415786e-24
-1.580683940421324384e-24
-1.592831666974053512e-24
-1.561844612489093939e-24
-1.602431242846969907e-24
-1.759580536206465088e-24
-1.898786246998610519e-24
-1.857525256596493511e-24
-1.713682161965868466e-24
-1.590856468368153776e-24
-1.735405573702515215e-24
-1.692966341660164602e-24
-1.604567742218097077e-24
-1.568735172346781271e-24
-1.880248657658976194e-24
-1.662837524554349711e-24
-1.554315090110925001e-24
-1.660532470694778165e-24
-1.784361839424645426e-24
-1.617113485618543054e-24
-1.675265776550170425e-24
-1.653279980065311775e-24
-1.632532517333437723e-24
-1.684062849340936013e-24
-1.701629808360965460e-24
-1.544837776746213053e-24
-1.507224549605830887e-24
-1.571217853919021053e-24
-1.458885994055255310e-24
-1.682345813699256330e-24
-1.685828380136033634e-24
-1.827682726171545658e-24
-1.577088196464416943e-24
-1.593135478403150115e-24
-1.564942592880766699e-24
-1.637738548955399777e-24
-1.704591460582297437e-24
-1.827724755563302822e-24
-1.734666476144397961e-24
-1.701408241597195220e-24
-1.751063098371207592e-24
-1.714335865394323099e-24
-1.748882791468228240e-24
-1.441276060023134037e-24
-1.800206051481102183e-24
-1.583166112396125077e-24
-1.673712995655296682e-24
-1.649072077253138413e-24
-1.721537282593049797e-24
-1.847308981353486387e-24
-1.638292340032356598e-24
-1.697897583088485134e-24
-1.575869648030035122e-24
-1.830754042851551437e-24
-1.783320098305864177e-24
-1.790094665631586737e-24
-1.941870820381954410e-24
-1.795297080480347651e-24
-1.807422624631980225e-24
-1.785925384630230502e-24
-1.721701201259985777e-24
-1.793863995902208750e-24
-1.594607663015056425e-24
-1.626718437450277277e-24
-1.794594419005713620e-24
-1.599895740963653586e-24
-1.619314660029341912e-24
-1.730743951732913775e-24
-1.784358958446422853e-24
-1.473204097654747027e-24
-1.764484727888917834e-24
-1.918622936277368957e-24
-1.968700383236862600e-24
-1.663936952072526247e-24
-1.698437006448905019e-24
-1.873755918157376627e-24
-1.647838624871522409e-24
-1.809706426598717340e-24
-1.894410357995540050e-24
-1.803179269297203986e-24
-1.600968780880486166e-24
-1.804791817882637640e-24
-1.825160125100426417e-24
-1.816974076368220653e-24
-1.884191228382146609e-24
-1.844210567958399373e-24
-1.749309996979021062e-24
-1.945017692803456996e-24
-1.698269508803651650e-24
-1.692966375732904265e-24
-1.992917636330291779e-24
-1.669776824736858159e-24
-1.733281965048118583e-24
-1.809541769415123052e-24
-1.843763167544769882e-24
-1.815706657375196680e-24
-1.656462310478563397e-24
-1.697945951060001122e-24
-1.739350807409628788e-24
-1.851744021716159708e-24
-1.842905487538100055e-24
-1.832554320310418657e-24
-1.854622638992727885e-24
-2.089229815437420518e-24
-1.988969182851117172e-24
-1.732726513600875609e-24
-1.662555114790307477e-24
-1.931636629797302015e-24
-1.686326979325996348e-24
-1.956207106863505551e-24
-2.025604269604477143e-24
-2.012286249300831221e-24
-1.737466790845628563e-24
-1.941223519321741300e-24
-1.786830730127985395e-24
-1.745288734767294992e-24
-1.757392201315924350e-24
-2.017342716628196135e-24
-1.797849119671078825e-24
-1.968614038374859505e-24
-1.986205230862744608e-24
-1.708184937421416846e-24
-1.869031555438719681e-24
-2.079074632254809386e-24
-2.028012067466985441e-24
-1.961847792462287139e-24
-1.774271160300781848e-24
-1.841242914535418372e-24
-2.012739317290550756e-24
-1.882458186215840672e-24
-1.769079695847618396e-24
-1.822546405983877191e-24
-1.837996807211638377e-24
-1.745430911062550590e-24
-1.853457194055349182e-24
-1.881477118956697503e-24
-1.799411819181669170e-24
-2.083703096510158411e-24
-1.984400067675033889e-24
-1.853110901986946536e-24
-1.844170871812307594e-24
-2.066705940725894849e-24
-1.794646879905028005e-24
-1.835922235590630701e-24
-1.825458881048532509e-24
-1.861507894617231370e-24
-1.920175355627699228e-24
-2.193818285528395876e-24
-1.989529118924409633e-24
-1.899379275753944206e-24
-1.878389917324551357e-24
-1.929838446112482866e-24
-1.811241309820996458e-24
-1.948091153708165710e-24
-2.051221213567073991e-24
-1.990390311285283455e-24
-1.976388525004454796e-24
-1.827096019138771283e-24
-1.906502671361153811e-24
-1.863211822128124008e-24
-2.103803662724377444e-24
-1.875536141779346942e-24
-1.994836810177390086e-24
-1.996700010105842248e-24
-1.901530004165305483e-24
-2.002261191221089547e-24
-2.092935982871553288e-24
-1.892612397256652353e-24
-2.130560601094774828e-24
-2.123997357351686532e-24
-2.162049138653694336e-24
-1.952517199341147862e-24
-2.000923179414641653e-24
-2.070987380623448362e-24
-1.998619532896042425e-24
-1.984320020694596452e-24
-1.854626031170971118e-24
-2.114168573785070800e-24
-1.965562085590464150e-24
-1.992220426543597565e-24
-2.045088749737074193e-24
-2.042421913908396890e-24
-2.031340363617274989e-24
-2.127127813148412766e-24
-2.123761460943421348e-24
-1.998323420817445031e-24
-2.036243081214857680e-24
-1.913873022096516661e-24
-1.958963429047431464e-24
-2.000277314941544556e-24
-1.874137771857278493e-24
-2.151082040791049059e-24
-2.070092143812950028e-24
-2.022012086584041269e-24
-2.144710369202517985e-24
-1.921812407488218283e-24
-2.074542143858312939e-24
-2.113614988475417457e-24
-2.181916596412199794e-24
-2.024434183425428204e-24
-1.905162906213811710e-24
-1.977719631057671886e-24
-2.014007410710864928e-24
-2.013512900214605224e-24
-2.007404053488554548e-24
-2.138407369594702720e-24
-2.076168308453511658e-24
-2.128281640486245330e-24
-2.098363263761533150e-24
-1.985902592930968373e-24
-1.869804647933936666e-24
-1.858017342121545211e-24
-1.935694431200878170e-24
-2.122869144410947898e-24
-1.945089709021473940e-24
-1.914641177651857945e-24
-1.998869008607637184e-24
-1.866361598377933041e-24
-2.110582059304704909e-24
-2.103657631366327614e-24
-2.023726467855789378e-24
-2.121079574087789672e-24
-2.215753290460328891e-24
-2.017427747116751682e-24
-2.065773368419455060e-24
-1.872335853806840069e-24
-2.027215524784782705e-24
-1.935168752818144600e-24
-1.811925285342583508e-24
-2.222183423071900566e-24
-2.111881921786147472e-24
-2.225909277398841997e-24
-1.932379855331457479e-24
-2.029166358638052454e-24
-1.978199202726431513e-24
-1.901126234234096271e-24
-2.126493234612846755e-24
-2.131400577700936028e-24
-2.064694528184681611e-24
-2.128770637224052819e-24
-2.049798746622774208e-24
-2.279560711643913061e-24
-2.113232751333695109e-24
-2.146903892010773131e-24
-2.092279465735512838e-24
-2.107725894377887491e-24
-2.114126372722871149e-24
-2.096604952187735778e-24
-2.166530463548374158e-24
-2.165659059852527439e-24
-2.016763690501740533e-24
-2.134395361358263024e-24
-2.301095331960056816e-24
-2.000775182073284553e-24
-2.130099404968857252e-24
-2.200059050646568395e-24
-1.893763350245973707e-24
-2.187273580225837738e-24
-2.167974720350597942e-24
-2.014517800603269278e-24
-2.103105124051852788e-24
-1.999216653979408638e-24
-2.080789990503260720e-24
-2.060744117393273485e-24
-2.072186976489364086e-24
-2.081461295785852543e-24
-2.184198339300734548e-24
-2.067811174193428979e-24
-2.058995863109936363e-24
-1.967439606898027788e-24
-2.023985355166359581e-24
-1.975096585900832311e-24
-1.875857758644447911e-24
-2.139682220004657379e-24
-2.124330671797042005e-24
-2.082526420881330485e-24
-2.087150511611665662e-24
-2.016452877195312071e-24
-2.001758206271093543e-24
-1.996895326070288231e-24
-2.117724213780191350e-24
-2.140583316839684147e-24
-2.167021677369006351e-24
-2.050056499263600520e-24
-2.065296181619813743e-24
-1.988321349084146391e-24
-2.226815320071477038e-24
-1.963948248686249562e-24
-1.991025407479308289e-24
-1.998815618134193342e-24
-2.012501082856604653e-24
-2.015144522975047873e-24
-2.195575403768864888e-24
-2.061071504215121012e-24
-1.984701371336234387e-24
-2.049941204134293275e-24
-2.125030170621410793e-24
-1.912502762068546023e-24
-2.113732026373662426e-24
-1.899453668641938037e-24
-1.873190967395233063e-24
-2.090093511845511318e-24
-2.273085757989562982e-24
-2.042493046998856507e-24
-2.053940869758200610e-24
-1.984849601425008996e-24
-2.020110720334830948e-24
-2.011058590512252086e-24
-2.166321841223498831e-24
-2.203304714964936844e-24
-2.009065546315246799e-24
-2.064657150167316682e-24
-1.947935861625488817e-24
-1.869627481693588964e-24
-1.924105140171335880e-24
-2.084441542441440703e-24
-2.105071776863346358e-24
-2.030746055743540124e-24
-2.073092080826872070e-24
-2.140944303433944819e-24
-2.140921058059835520e-24
-2.005591648495022245e-24
-2.267437907730775835e-24
-2.146365531403696219e-24
-2.039439239573740387e-24
-2.159199081059525183e-24
-2.054959775356972221e-24
-2.047576981696542279e-24
-1.981563520755523990e-24
-2.032552612507497656e-24
-2.123739103632013797e-24
-1.903089129687431103e-24
-2.005157840758554086e-24
-1.851504181101999374e-24
-1.938815491505409776e-24
-2.079594084270272088e-24
-1.991276682660704894e-24
-2.090162671251113777e-24
-2.032895455839008294e-24
-2.070531845189453878e-24
-2.075227240592851978e-24
-2.029560041790741350e-24
-1.827600779571957444e-24
-1.839541089652436193e-24
-2.021651682926614923e-24
-2.163948968549155694e-24
-2.024741691585617965e-24
-1.954740666139877961e-24
-2.002818890039746943e-24
-2.018788250366317471e-24
-1.979019354936661870e-24
-2.036834124256090929e-24
-2.007510210767041719e-24
-2.112325147910380254e-24
-2.077713205770014814e-24
-2.012839572324796114e-24
-2.051904087451583819e-24
-1.943863505278462858e-24
-2.153963091103731086e-24
-2.078928316906114524e-24
-2.026682616401009817e-24
-2.141808515901922409e-24
-2.075815569271104175e-24
-2.110163152147326050e-24
-1.930327709098392835e-24
-1.957182756013572328e-24
-2.029452662587539456e-24
-1.968967073656789531e-24
-2.146169645188062947e-24
-2.113239622167347997e-24
-2.049617069570272135e-24
-1.977778713443927434e-24
-1.947564116037712693e-24
-2.105436902284415024e-24
-2.055480200329291300e-24
-2.040143581802725724e-24
-2.036843765426726469e-24
-1.952068444638053801e-24
-1.922229229893780454e-24
-1.984745693644678463e-24
-2.035837553588568167e-24
-2.183903927608260922e-24
-2.115294637447392166e-24
-1.951392709932077104e-24
-2.065040959370725890e-24
-2.011999637059045092e-24
-2.133557201249274725e-24
-1.907569172912656682e-24
-1.943760894055340437e-24
-1.999505138586096128e-24
-1.977275929148336088e-24
-2.113233003575165631e-24
-1.908909983559877587e-24
-2.131270149332878503e-24
-2.008124269782628100e-24
-2.140841957315108630e-24
-2.138431768675082278e-24
-2.007177934216619125e-24
-2.102309420046379638e-24
-2.168746729611698698e-24
-2.163652471972729897e-24
-1.945762139725524463e-24
-2.063945780849568234e-24
-1.899002963261252286e-24
-2.006522113237074804e-24
-1.977578826363489386e-24
-2.051016832220335611e-24
-2.160029035474401218e-24
-2.117789537861264113e-24
-1.964865919723502581e-24
-2.089444031130327510e-24
-2.105767602429985660e-24
-1.954514362979635479e-24
-2.222370839264272481e-24
-2.093822880651902407e-24
-1.942882954293714730e-24
-2.086785044425272283e-24
-2.045346003570428387e-24
-2.018545011330008602e-24
-2.184443739372634693e-24
-2.081144981183009756e-24
-2.206375910709457859e-24
-1.984183377831981040e-24
-2.256088780367522968e-24
-2.145119358335896913e-24
-2.040394872638333781e-24
-2.097629782132538354e-24
-1.913722202807407569e-24
-2.133010229150224940e-24
-2.095103653141883896e-24
-2.123127986905241657e-24
-2.062214140115626954e-24
-2.045437040185416132e-24
-2.057213738719402567e-24
-2.096291613333822219e-24
-2.146030117759497919e-24
-2.055355082981126909e-24
-2.091005260574210385e-24
-2.126637724519045887e-24
-2.163862603690167267e-24
-2.124510933516650523e-24
-2.001470906368184265e-24
-2.073760422549782929e-24
-2.294439147301103056e-24
-2.121293276232165024e-24
-1.986179056022407320e-24
-2.050646618809515841e-24
-2.057350795191858825e-24
-2.177463512162556783e-24
-2.150257623762026793e-24
-2.167761903854847222e-24
-2.055935654847638438e-24
-2.135941107600139507e-24
-2.030182831196934307e-24
-1.999097549597619465e-24
-2.249289089667981904e-24
-2.203643171534553582e-24
-2.101749775494352361e-24
-2.100122333663353319e-24
-2.072195591863293544e-24
-2.228174093388275663e-24
-2.124319474025886233e-24
-2.020246957639737776e-24
-2.216779674251070603e-24
-2.111221497981603218e-24
-2.070658493588016102e-24
-2.088211718046131089e-24
-2.067036605071424668e-24
-2.171173194522657381e-24
-2.099694446051750072e-24
-2.053235883665727774e-24
-2.118675677456403448e-24
-2.073091249886115990e-24
-2.034205137337485471e-24
-2.191623057994215614e-24
-1.937145710877587778e-24
-2.127757332688123138e-24
-2.040130626641610883e-24
-2.117528051151449383e-24
-2.017304360385514576e-24
-2.072450501104392726e-24
-2.234613138559008696e-24
-2.202183306479854629e-24
-2.147603474150696532e-24
-1.864140625637088395e-24
-2.193397237283556426e-24
-1.996611303825289109e-24
-1.921602389162072237e-24
-2.060200307690175882e-24
-2.138803008633931588e-24
-2.059181839455115170e-24
-2.063354993358332805e-24
-2.023754487737785541e-24
-1.904376290045083840e-24
-2.041868877014658949e-24
-2.102716353257614538e-24
-2.095208945806500058e-24
-2.037991259078916570e-24
-2.059610771573550613e-24
-2.139430409885602904e-24
-2.132161741149952411e-24
-2.070217942185560298e-24
-2.021283307605225219e-24
-2.064591949757216444e-24
-1.984967936229937651e-24
-2.100675293568492829e-24
-1.955963698606712908e-24
-2.034596052940014785e-24
-2.050669030263469528e-24
-2.016723023598678994e-24
-2.076546785534192783e-24
-2.185916291641790833e-24
-2.000664079081239761e-24
-1.960969837926416970e-24
-2.061459990536379878e-24
-1.870730469826091372e-24
-2.144855574957190854e-24
-2.096977766062981995e-24
-2.094307257401296744e-24
-1.983868322068741084e-24
-1.967797896639147997e-24
-2.103706696078626912e-24
-2.000294045664814218e-24
-2.111029457331801687e-24
-2.001314516897152728e-24
-2.050876309351957421e-24
-1.935432512689428507e-24
-2.060604619139338749e-24
-2.031010347868067533e-24
-1.968167260172570014e-24
-2.027748629896108597e-24
-1.937607237053797164e-24
-2.071284312748185745e-24
-2.104612662981398066e-24
-2.041149296860658812e-24
-1.874444205451834179e-24
-2.044080573206271664e-24
-2.057156964278288230e-24
-2.016300627623697368e-24
-2.018481340201874128e-24
-2.006601130988587101e-24
-2.075861740504022190e-24
-1.887634206113389019e-24
-1.995885126231218278e-24
-2.003531471021753389e-24
-2.080754920919630126e-24
-1.839464498778114808e-24
-2.098108343641861905e-24
-2.029670301272118525e-24
-1.904468918255953118e-24
-2.011665371545004947e-24
-2.112624927233168602e-24
-1.986790371339909745e-24
-1.900958635264809242e-24
-1.956844310144181282e-24
-1.838864982662682286e-24
-1.951704682873160075e-24
-1.877450648428050587e-24
-1.882703711603433446e-24
-1.854486862847926986e-24
-1.997488135528193138e-24
-1.846991943768015670e-24
-1.961414909649495155e-24
-1.987556523931381516e-24
-1.864498583386086452e-24
-1.956530870824318857e-24
-1.894181844754297986e-24
-1.994621998301273660e-24
-1.914229677576143520e-24
-1.853802501520505907e-24
-1.942239190884575470e-24
-1.953432614025004737e-24
-1.976213699347988818e-24
-1.853607867840724645e-24
-1.972390928523546983e-24
-1.963565278124232743e-24
-1.952740551431865829e-24
-1.870895963433941420e-24
-1.917404168415800677e-24
-1.798901828444319428e-24
-1.768526593486279014e-24
-1.908490678239160951e-24
-1.823239499250064333e-24
-1.869082275389799706e-24
-1.865101842409798426e-24
-1.815517278250666631e-24
-1.868474243904871347e-24
-1.895421408652223607e-24
-1.822442568039492286e-24
-1.875067801960942092e-24
-1.867180495926923563e-24
-1.883249630230214396e-24
-1.745698559037081946e-24
-1.941387680595356762e-24
-1.806149981120647497e-24
-1.925500549570988811e-24
-1.917619455840325883e-24
-1.769308022165655841e-24
-1.995390116418998457e-24
-1.846862323129605546e-24
-1.921790966154225886e-24
-1.934340512719391975e-24
-1.817457852713173382e-24
-1.859704197782164456e-24
-1.808546240762497237e-24
-1.786054973864165508e-24
-1.847830051747426890e-24
-1.875531650466202497e-24
-1.825099030773745275e-24
-1.868163284491764041e-24
-1.891434945481072350e-24
-1.823739202898237814e-24
-1.748038379877658266e-24
-1.874251071568530378e-24
-1.762886428053957935e-24
-1.766405371916436895e-24
-1.813521965262287476e-24
-1.857294613059847635e-24
-1.845725837568326515e-24
-1.710800752331904657e-24
-1.782999890042329422e-24
-1.835677334017157494e-24
-1.671004901795929937e-24
-1.737856351156995797e-24
-1.784134436028933391e-24
-1.696540914825592863e-24
-1.653054781255397597e-24
-1.814988763034748801e-24
-1.659206655375101842e-24
-1.692024897972360887e-24
-1.727934897756169035e-24
-1.768251188440208043e-24
-1.726345331268967911e-24
-1.755533106909000209e-24
-1.634148317465861820e-24
-1.829341386373040939e-24
-1.766221311548355724e-24
-1.846835296901372387e-24
-1.769411087376716715e-24
-1.764289645457924067e-24
-1.686347314357589339e-24
-1.817978651115241113e-24
-1.684752225022733031e-24
-1.810240569437287066e-24
-1.718355124150276780e-24
-1.705330957577549738e-24
-1.764075320253782076e-24
-1.707964063372629188e-24
-1.700461680065715801e-24
-1.720837072267785986e-24
-1.715136959985350162e-24
-1.709635949233160148e-24
-1.686740581806972317e-24
-1.665691311909114040e-24
-1.590619475945025627e-24
-1.726238346582832357e-24
-1.671692415655100477e-24
-1.651148090342218622e-24
-1.717241958746802807e-24
-1.650282556813778789e-24
-1.649865304335117476e-24
-1.606064760820138817e-24
-1.709198222864826956e-24
-1.774500320795385122e-24
-1.700037913885667148e-24
-1.654331919038489543e-24
-1.618613620676596298e-24
-1.706971745572535232e-24
-1.721979974271723379e-24
-1.673551141304693727e-24
-1.636407950958491193e-24
-1.544983730351826385e-24
-1.619193476803566416e-24
-1.676869899895920954e-24
-1.578191784458890886e-24
-1.677382787093834223e-24
-1.686173360994572433e-24
-1.516152176853016698e-24
-1.691302859059020101e-24
-1.725023623433264082e-24
-1.686008390499005533e-24
-1.568652256840743809e-24
-1.720465381855409986e-24
-1.582697576395855210e-24
-1.619321613992147601e-24
-1.603930654160158766e-24
-1.589587446333778077e-24
-1.558667698866710344e-24
-1.617542180708008322e-24
-1.558434798642383627e-24
-1.550702305815951689e-24
-1.607188086037827438e-24
-1.596547620537205049e-24
-1.655037350772786431e-24
-1.547007005878808697e-24
-1.628790051456659137e-24
-1.590059184643405347e-24
-1.605560683654389061e-24
-1.629281819211525473e-24
-1.510656871552031826e-24
-1.544498113977280430e-24
-1.546662915665692895e-24
-1.585865481173039923e-24
-1.630446340227813561e-24
-1.641785813834486711e-24
-1.574141127742941912e-24
-1.519657553305324953e-24
-1.472370012840886744e-24
-1.606074287114543099e-24
-1.562790251645243672e-24
-1.634550551911169528e-24
-1.517569925155126125e-24
-1.519172971449618816e-24
-1.573296894635353732e-24
-1.528921010175535614e-24
-1.447798133411784367e-24
-1.570159066605640121e-24
-1.607333182728175219e-24
-1.554122869244791134e-24
-1.636094316157046879e-24
-1.473052567706185278e-24
-1.498909833933916570e-24
-1.611835242984809828e-24
-1.643901785829518610e-24
-1.443051766520985577e-24
-1.663958688192159559e-24
-1.484176229286096841e-24
-1.539247806223248218e-24
-1.574333536399917369e-24
-1.597004041411745869e-24
-1.608984095580249585e-24
-1.545743690060742984e-24
-1.522956246134354350e-24
-1.560529388883948661e-24
-1.408915499213599126e-24
-1.582160128390598324e-24
-1.456088814616708619e-24
-1.507685275199759622e-24
-1.408291041057844370e-24
-1.466019646793434615e-24
-1.567879197411243435e-24
-1.475200188866749026e-24
-1.402410849745048299e-24
-1.430950715259193771e-24
-1.475139220651357130e-24
-1.463845456312032827e-24
-1.520213747430208997e-24
-1.428701826214087370e-24
-1.598450982334817626e-24
-1.447603116898156933e-24
-1.429726999576429642e-24
-1.353483013287430007e-24
-1.524378459660301442e-24
-1.504042598849662974e-24
-1.511943691016172031e-24
-1.449262856581564027e-24
-1.459133396036258847e-24
-1.463301942320351410e-24
-1.465269270478483249e-24
-1.505320211636950223e-24
-1.403270843750976117e-24
-1.401211764782164220e-24
-1.518472712332396872e-24
-1.327934098718303585e-24
-1.472929096746786765e-24
-1.478398591066391567e-24
-1.545257205504001428e-24
-1.482036350935101887e-24
-1.450578716015528347e-24
-1.462835765462245083e-24
-1.402629788657742524e-24
-1.320094917678550091e-24
-1.400496493666284263e-24
-1.389251813022143777e-24
-1.404594420217441668e-24
-1.485512250636476944e-24
-1.496471667112471110e-24
-1.459144532463559951e-24
-1.444721980259392017e-24
-1.357386874039067067e-24
-1.332446121341326511e-24
-1.384872538134564216e-24
-1.311120016413006755e-24
-1.388867594755346061e-24
-1.459530615049401886e-24
-1.292887078617464629e-24
-1.341259262732471804e-24
-1.341714263340001001e-24
-1.373621675251172404e-24
-1.377618763875509692e-24
-1.401436739856130253e-24
-1.313841462401969170e-24
-1.441122926874574008e-24
-1.316913055705430645e-24
-1.324049496299845042e-24
-1.328077600285892990e-24
-1.340801633249132697e-24
-1.356960985395650241e-24
-1.380363765090964492e-24
-1.289433436584757604e-24
-1.421747989595878636e-24
-1.333782274294386964e-24
-1.380244867138902925e-24
-1.350238740465119956e-24
-1.287022664021834775e-24
-1.335108008551683389e-24
-1.318390390745227132e-24
-1.340785777644918591e-24
-1.304356680080543061e-24
-1.293872214265762705e-24
-1.347052382935048890e-24
-1.263455173929219002e-24
-1.359111061872329646e-24
-1.241504874530407920e-24
-1.317400387828520509e-24
-1.301510343753901360e-24
-1.199596702845476000e-24
-1.373461021374374877e-24
-1.294963213515833878e-24
-1.368573959192511943e-24
-1.350623108211352274e-24
-1.268872067510993856e-24
-1.277889749860949273e-24
-1.308288625479544930e-24
-1.302426673737935462e-24
-1.298309706252766207e-24
-1.268195809372467269e-24
-1.301200710902014253e-24
-1.235400611682685781e-24
-1.249606237884802489e-24
-1.290692399042185381e-24
-1.268083756782197482e-24
-1.216589401914666144e-24
-1.296869374601948917e-24
-1.257654581772665115e-24
-1.201092641743326557e-24
-1.216658857463481332e-24
-1.283111539808574683e-24
-1.202252945669489657e-24
-1.225978592076135446e-24
-1.225399612272972923e-24
-1.256372509651490195e-24
-1.217178612299275630e-24
-1.193026827313830066e-24
-1.241576736510312705e-24
-1.206664517005495287e-24
-1.171036445038660726e-24
-1.137916497387159248e-24
-1.254824885754191558e-24
-1.248692681912455111e-24
-1.125149413212771921e-24
-1.236194468864792616e-24
-1.212759121304603846e-24
-1.182338055142328939e-24
-1.199930939644328555e-24
-1.211097934876340363e-24
-1.150666252274665519e-24
-1.201431746249234764e-24
-1.210982275666429645e-24
-1.149420330619643891e-24
-1.174532966588774400e-24
-1.228362525827685016e-24
-1.168450825466550013e-24
-1.207715884649717792e-24
-1.164235848041808834e-24
-1.212127469766780768e-24
-1.210222763663213877e-24
-1.169556258996791413e-24
-1.200623607783088999e-24
-1.173448603499113905e-24
-1.170312046553902229e-24
-1.078769192696577009e-24
-1.111199017727595518e-24
-1.159996957016985115e-24
-1.124256804452827320e-24
-1.096676907410768140e-24
-1.174007913865538123e-24
-1.140632834927260195e-24
-1.138594152664287563e-24
-1.015549900373415097e-24
-1.108482976499926324e-24
-1.107795381110820988e-24
-1.137065890544906420e-24
-1.133266614129442203e-24
-1.130780556110574555e-24
-1.161570095842657979e-24
-1.174335109620274713e-24
-1.098943241310869235e-24
-1.103625280807279159e-24
-1.049927818085555089e-24
-1.045923919600693642e-24
-1.121544021043699294e-24
-1.070647984236831282e-24
-1.086315255996387526e-24
-1.124488988838912794e-24
-1.109193968074788840e-24
-1.143929982743116394e-24
-1.102808804102775133e-24
-1.097095336975887640e-24
-1.134556471470079407e-24
-1.144898779120841557e-24
-1.111253662768204750e-24
-1.062911031222787778e-24
-1.082082497439053990e-24
-1.137299046265471743e-24
-1.047047707715721905e-24
-1.109269320776005084e-24
-1.059868354513005285e-24
-1.025716285662000907e-24
-1.024979356111069642e-24
-1.014416913638221548e-24
-1.039006098156538423e-24
-1.050666808704935098e-24
-1.005390810785757281e-24
-1.068262578497712330e-24
-1.043001537950464619e-24
-1.064231428393284251e-24
-1.026727275014227040e-24
-1.106833863887702704e-24
-1.104165945567953845e-24
-9.361756760197474467e-25
-9.850828153408810366e-25
-1.021564027487014326e-24
-9.702654348589003618e-25
-9.876692323570575201e-25
-9.993487660875649310e-25
-9.773554594026235919e-25
-1.008836321044781648e-24
-9.750518069989113455e-25
-1.004506400584444277e-24
-1.007483829911748063e-24
-1.047339297376442897e-24
-9.724113062990122392e-25
-9.443294513167185722e-25
-9.868569409212310907e-25
-9.948064200017561786e-25
-9.669926422864626398e-25
-9.348357256367292134e-25
-1.001486875702095126e-24
-1.005859361594567209e-24
-9.593409281487691451e-25
-9.548989624817819805e-25
-9.141517252023882860e-25
-9.599674165472519885e-25
-9.326587457309929712e-25
-9.476814587731830732e-25
-9.194377976293976321e-25
-9.505563798955168840e-25
-9.683403456192255860e-25
-9.756170235879544368e-25
-9.075662566818264132e-25
-9.425543159449374804e-25
-8.983958965214556577e-25
-9.063975547618944310e-25
-9.429741140786206088e-25
-9.310802365370588219e-25
-9.412956518601247947e-25
-9.324900136655581342e-25
-9.874756592547216983e-25
-8.741909672307761501e-25
-8.864059177360495992e-25
-9.265727289357567598e-25
-9.376167722426974454e-25
-9.177829569980199879e-25
-9.015252583592598324e-25
-8.915294452029377056e-25
-9.638076419452153485e-25
-8.760323418638798084e-25
-9.204190387977960329e-25
-9.070556449164249172e-25
-8.556296573296656315e-25
-8.948147410714321655e-25
-8.958499661776082048e-25
-8.707058997226459175e-25
-9.318166744177042034e-25
-9.133402634810308423e-25
-8.541745461242144001e-25
-9.427467791490429224e-25
-8.952136470291996983e-25
-9.275803440642054772e-25
-8.623291145289198596e-25
-8.903800704357686170e-25
-9.062995189771670053e-25
-8.572921706623380114e-25
-8.885752826760620899e-25
-8.242579675119669848e-25
-8.769881795141124533e-25
-8.102945316461540107e-25
-9.378926062052367690e-25
