0.000000000000000000e+00
0.000000000000000000e+00
-4.740497453380896481e-02
5.740267776038760449e-03
7.538035791928862986e-03
1.986271574482971567e-03
1.757669822893679745e-03
4.315276941736768371e-04
4.742526103700117342e-04
5.533007902104318163e-05
8.819102577453046910e-05
1.411837329524715499e-04
3.134094291384470889e-05
1.003847756586422892e-05
2.458679052417211852e-05
2.314422721159697016e-05
2.271060950378281699e-05
2.130136561017977371e-05
7.831776241238543772e-06
3.977681521920917340e-06
6.125342422492885481e-06
5.947431813455869855e-06
3.285826540535335918e-06
1.969922215753521980e-06
2.223408742349497565e-06
2.000916313987497234e-06
1.372070263008571952e-06
1.410716028062435659e-06
1.411214505677864935e-06
1.612978495965023659e-06
1.252914235734577648e-06
1.213341313138827571e-06
5.105495495821091862e-07
4.939145313041001065e-07
3.657984580110378697e-07
1.177060381355347989e-06
5.673334791373634977e-07
2.837020642370811359e-07
2.491539867169423294e-07
4.930826727871970809e-07
3.148074763312162999e-07
3.882073252029540616e-07
1.446692423989103660e-07
3.865792847079049879e-07
3.349920481184367276e-07
2.151091843990594592e-07
2.402969152263509009e-07
2.422833343267088600e-07
1.538120145301943166e-07
1.245151361980964860e-07
1.706310868630641132e-07
1.395917705820761276e-07
1.689283486678468404e-07
8.231146943141024724e-08
1.552264941426279159e-07
1.137789602885846179e-07
9.590849042890490511e-08
1.348882829230142648e-07
1.235376241559012746e-07
6.656346673442791892e-08
5.140636138305313713e-08
4.729526194589545133e-08
1.091279902502835448e-07
5.010505711755988073e-08
3.409412759781965951e-08
4.749833677844597053e-08
4.624470370149586815e-08
4.079781817371460629e-08
6.579743280970458467e-08
3.577310328949632190e-08
2.915167480191549633e-08
5.308289547678503487e-08
3.160457573853708364e-08
3.210059326464875084e-08
1.492891984667969633e-08
1.901043185592895171e-08
3.355366526053521768e-08
3.967283972299761038e-08
3.751418306978677624e-08
8.343692546150366515e-09
2.070764308969342512e-08
2.448629659531611983e-08
1.535012312342346499e-08
1.998598416235653500e-08
2.919966581983660115e-08
1.346276704582508267e-08
1.863557699544583446e-08
1.727363515310672332e-08
1.594486405140462085e-08
1.842161152305240998e-08
1.348266224775766033e-08
1.874986758366048294e-08
1.118467678343812371e-08
7.768087711126413341e-09
8.861415761172981734e-09
1.151901250016707837e-08
9.894721810525444076e-09
1.623196291171599672e-08
8.088049816045459624e-09
1.036232508427647262e-08
1.202511927751384294e-08
7.925059567029818873e-09
7.018069998617948641e-09
9.884031158575318744e-09
9.131074549157120108e-09
4.856960996121120209e-09
5.953955280844697039e-09
7.741484541858573495e-09
3.787714975801276083e-09
6.364272100036062421e-09
4.742210036419188562e-09
4.568020702066498098e-09
6.909824134914880575e-09
3.641224587066264929e-09
6.236026556352752645e-09
6.633761390740867874e-09
4.967234338984219227e-09
5.396375830693317318e-09
5.076735309873517861e-09
4.731704157993451357e-09
3.411430075719707619e-09
3.569446848029660064e-09
5.755829233286693853e-09
3.573840469623868941e-09
3.487977782598347413e-09
4.619240366488985629e-09
3.597232538802377446e-09
3.517819990005915493e-09
3.092471436727502246e-09
3.137443588268899514e-09
2.836807104203906982e-09
1.760275059704079819e-09
2.109274189019501407e-09
2.156221236928385530e-09
3.157879337585031947e-09
2.284023554086084903e-09
2.570154366768568984e-09
1.618585376130454871e-09
2.757788073919782825e-09
1.100066713928356553e-09
2.823060637362242547e-09
3.112036003011711573e-09
2.418214395271603825e-09
2.256432764855169821e-09
2.003670744770914686e-09
1.761951714609596176e-09
2.610992701457625756e-09
2.042331141409653106e-09
1.482941065564373273e-09
1.740692765747316455e-09
1.899662256660863536e-09
1.716585527896408261e-09
1.897441807873973786e-09
1.658959657243807897e-09
1.651922736119760084e-09
1.606323899349283785e-09
1.194599657084824572e-09
1.024222650669411030e-09
1.540110184113369986e-09
1.370179664512223561e-09
1.667241225623141110e-09
1.395653005852493870e-09
1.342760164569574743e-09
1.584504553906991231e-09
1.108392945454152889e-09
1.170848277680749276e-09
1.109504942263079744e-09
1.347133843112312161e-09
1.289221965113436847e-09
1.496547714943468846e-09
1.126211607043911384e-09
1.078693566270394101e-09
1.195130634478974259e-09
9.129491289551287020e-10
8.302464510717711034e-10
9.457772268962254859e-10
8.635373042132477232e-10
7.536134731674623312e-10
8.220382255135698064e-10
6.822970055574306123e-10
7.247778569068587400e-10
1.054695492235995193e-09
7.471455820032514357e-10
6.198243762953951190e-10
7.920165892801133254e-10
6.021281426353500286e-10
8.496723008101161168e-10
6.226257348698336953e-10
6.641756748481015592e-10
8.288200170310076833e-10
4.116478628680826146e-10
7.184010450710305398e-10
5.640868619296183280e-10
4.245408051257956964e-10
4.504451147838812129e-10
5.224689720534966727e-10
6.120847691196246124e-10
6.613343166435635409e-10
4.669783150622936432e-10
7.017344275889056208e-10
4.961541555506683912e-10
4.032518740423323761e-10
4.353681103682426875e-10
4.512848759743206577e-10
5.179243449529844248e-10
4.454978339809476424e-10
4.936620948185332777e-10
4.268567944901826401e-10
3.765911118157208170e-10
4.219223725106339220e-10
3.501846555050703605e-10
3.662799676029693149e-10
3.763871733196245226e-10
3.529638604901065491e-10
3.214400214429826793e-10
3.572034594627468888e-10
4.376524506141239490e-10
4.019604508164312602e-10
2.912574047172771684e-10
2.387484278495420246e-10
2.479108819843676874e-10
4.558645679850135199e-10
4.042807444958079638e-10
3.784212058348809027e-10
3.377721141182435874e-10
4.117729983193992521e-10
4.057315292397804807e-10
3.127768430305974606e-10
3.232232438311392801e-10
2.581448766425488304e-10
3.800199381156103293e-10
3.886813555474607861e-10
2.505220945089957784e-10
3.960684941037958950e-10
3.008659835721163478e-10
3.140170160595721015e-10
2.837520729187119049e-10
2.114872303286157239e-10
1.896167236898648718e-10
3.176368463974436402e-10
2.955066796984502143e-10
2.777551226803444159e-10
2.591121474713852374e-10
3.149325047713290314e-10
2.292897444091489133e-10
2.706988394672206275e-10
3.396688781143305392e-10
2.836435830829116436e-10
2.352970121699765799e-10
1.940997350492482813e-10
2.721132519109776797e-10
2.377203756731726082e-10
1.970153385450153136e-10
2.432459805995045186e-10
1.867892306580712299e-10
1.196260161242854434e-10
1.721577830823572260e-10
1.653683303770564258e-10
2.339956109760064883e-10
2.468827040052836049e-10
1.772974833247435593e-10
1.405339277401708574e-10
1.992831911089585787e-10
1.780069939656548383e-10
1.703867696931248613e-10
2.047809413682440678e-10
1.422511291440166155e-10
1.974634021812789270e-10
2.245799270819770671e-10
1.288213596373316923e-10
2.041428601084927268e-10
1.694144213863274923e-10
1.606354096702344972e-10
1.669602607030935744e-10
1.862459831314053864e-10
1.254695234364220906e-10
1.435970183675462261e-10
1.686446458847031513e-10
1.214058777125988711e-10
1.532613305993449068e-10
2.021737104216826862e-10
1.059453801435145328e-10
1.296300926279831624e-10
1.416342002726125970e-10
1.186523094142842918e-10
1.507031302869683329e-10
1.369402500464512545e-10
1.595904497384769777e-10
1.034225900130274216e-10
1.101488402913533082e-10
1.124040174228036311e-10
1.084808421174131096e-10
1.271773951827854047e-10
1.326409018493048927e-10
8.828410061716267915e-11
1.265782974437528623e-10
1.405676237158284699e-10
9.019476651676534451e-11
1.013785925770923816e-10
1.288651169555334929e-10
9.291185451633955707e-11
1.272866515948948739e-10
1.193552549254894021e-10
1.135513125614326133e-10
1.172613233427859839e-10
1.326754802411304147e-10
8.999473896373777814e-11
1.155772876207064257e-10
1.110816783737180861e-10
1.131463224666858032e-10
1.098014842803789709e-10
8.565261528916644492e-11
1.082190061435781950e-10
9.104395610090361314e-11
1.064033128230682725e-10
8.991759682793653263e-11
9.042992311725965564e-11
9.350495498090324086e-11
1.015722169830143742e-10
9.198854775160138346e-11
7.899598070870252974e-11
8.460054764100856783e-11
6.647260398701572815e-11
1.009497820188569920e-10
7.311711093318135321e-11
8.106737464398189187e-11
9.398173707263632826e-11
9.089211765436157646e-11
1.010006345687323125e-10
8.586224778818926958e-11
9.121328885602352066e-11
6.953594181302135088e-11
6.908782718393357086e-11
8.116754464438537463e-11
9.149482470237051423e-11
7.390169438231143451e-11
7.651951909028444843e-11
6.944812802175337196e-11
7.315264221613770653e-11
8.683018238672375204e-11
4.749597820149460137e-11
8.970475380949847176e-11
8.081452685042401808e-11
6.864819387732074765e-11
6.917514536475529087e-11
8.721417483520864035e-11
6.343313119920614473e-11
6.217278923695227562e-11
6.798646582070379880e-11
6.300046151052654577e-11
4.845688069061908585e-11
5.499218628858910246e-11
6.244115707764658659e-11
8.059617769153651929e-11
7.087746383617176299e-11
6.078588648686141656e-11
6.106733950981771086e-11
7.061840480262912332e-11
6.011235867074451621e-11
5.573102545072484939e-11
6.741647666367822469e-11
6.694638903256863566e-11
5.664166767251458559e-11
6.446044274836032921e-11
5.873936732007112600e-11
5.136347477432976174e-11
6.187843681381800003e-11
6.075939823179479392e-11
5.981618478825342908e-11
7.023417046800283121e-11
5.406938199453221894e-11
4.562771640748314931e-11
6.025359453165881537e-11
5.540020836671671568e-11
5.266173099327217151e-11
4.952570567051304857e-11
4.924852435621202376e-11
4.933244660488916364e-11
5.195338595903256380e-11
4.144069202187058425e-11
4.899346706151984709e-11
4.408953745299821560e-11
4.777235198361549808e-11
4.388355754356958341e-11
5.414788566416496486e-11
4.870359079495310828e-11
4.952733140606418381e-11
4.690843412917947488e-11
4.471600124234287189e-11
4.636290929917014195e-11
3.778516936360973617e-11
4.651282988618182970e-11
4.389212836026766264e-11
4.170336882142007618e-11
5.656405932169929694e-11
3.928272819662434412e-11
4.543532656972626605e-11
4.198870935874713927e-11
4.166743149914595253e-11
4.033491866088043528e-11
3.449793475989052964e-11
3.307010785192575836e-11
4.537297350086461203e-11
3.368912699696454012e-11
3.180761456009866582e-11
4.317805784659888683e-11
3.982048542699853569e-11
4.082278277519609577e-11
3.817523427467937738e-11
3.165032169023392780e-11
3.436817528477602839e-11
3.680768921581083745e-11
3.242839807004706053e-11
3.952154669775043130e-11
2.973154479149475799e-11
3.244577675866193331e-11
3.256081977968750415e-11
2.675803842449609600e-11
3.683930895264776866e-11
2.725601708394923831e-11
3.317464939544949433e-11
3.038427740667065262e-11
2.579289720326912853e-11
3.147757093970746846e-11
2.434193126680452490e-11
2.725415858379509828e-11
3.751189001521022337e-11
2.398977545021240507e-11
3.019574587371029991e-11
3.374283377798987954e-11
2.875114163469066315e-11
2.703468836582468208e-11
2.722614760756414189e-11
2.828667513933531063e-11
2.609725188434385479e-11
2.599911811626594341e-11
2.815469087626568202e-11
2.553790317404311225e-11
3.487948972844118958e-11
2.484167498604618924e-11
2.984765543392010757e-11
2.817214463470004755e-11
2.588602082191215100e-11
2.912489762791664961e-11
3.147631530609992693e-11
2.186919797204097239e-11
2.372511319617455937e-11
2.508433474995024509e-11
2.508458463182738558e-11
2.978111343766469586e-11
2.608880377862208398e-11
2.650919127811301344e-11
2.325528393585279996e-11
2.330988028180966845e-11
2.394810969343179462e-11
2.325031624169470971e-11
2.257042325304325859e-11
2.996283849128578748e-11
2.601622078113456330e-11
2.091917483513378158e-11
2.098597562737339697e-11
2.475787160256466654e-11
2.465439095792865225e-11
2.894015842670866681e-11
2.434656141784115895e-11
2.192550787175532703e-11
2.387507187608544700e-11
1.652288977590495494e-11
1.926394004068538532e-11
1.641908829653879227e-11
2.309343546423351207e-11
2.050902623770356333e-11
1.840589995540252108e-11
1.902444738700923299e-11
1.963815359161034643e-11
2.185309637972024697e-11
1.805830819302383921e-11
2.045233901703311324e-11
2.371570387580694602e-11
2.225008499857616175e-11
1.782488176724246201e-11
1.646597007755717717e-11
1.956374436629788436e-11
1.981481746084069420e-11
2.214385458005278129e-11
1.328840518493029150e-11
2.063136328190693239e-11
1.887803466168820579e-11
2.047150786861943275e-11
1.973891400283043539e-11
1.450329818920694331e-11
1.892376660562419234e-11
2.034291732005918637e-11
1.823195443446218467e-11
1.796272824278205261e-11
1.856043803765556782e-11
1.976163654618663379e-11
1.849048525320625181e-11
1.515087935882843344e-11
2.079720542731382146e-11
1.295668751166553468e-11
1.391743023496222496e-11
1.424500501659121840e-11
1.317208041545249840e-11
1.565711317887715944e-11
1.568574377577777184e-11
1.886055655669603977e-11
1.514557821745480415e-11
1.536799746946134655e-11
1.418321562633195195e-11
1.459939836191823155e-11
1.295525915880551027e-11
1.389965069543018946e-11
1.673040273126297442e-11
1.513972933669330642e-11
1.412215656330157932e-11
1.129828340361155148e-11
1.373075101923830779e-11
1.528208390142407107e-11
1.135758095498878878e-11
1.371077932062115331e-11
1.326533728488589454e-11
1.538146980393586892e-11
1.370387355638657293e-11
1.234756032548418433e-11
1.574986481022051121e-11
1.377210471321375120e-11
1.413411574048087329e-11
1.181106658747964656e-11
1.318018468028184463e-11
1.317000554012323710e-11
1.124176138247700464e-11
1.524382759509746198e-11
1.364780058283241691e-11
1.169727373841402896e-11
1.016772498636870558e-11
1.411451554895329278e-11
1.497306344837497823e-11
1.147483342091833325e-11
1.483495979386191506e-11
1.108892944927255097e-11
1.041685964954271402e-11
1.308068183373005631e-11
1.385243371564975665e-11
1.131576024117989711e-11
1.003175132491960869e-11
1.193471320878782746e-11
1.139763980927942053e-11
1.078951252075408957e-11
1.280062813803258142e-11
1.234839128339399700e-11
1.431642809786962050e-11
1.056841152422650401e-11
1.166164302803874098e-11
9.616683474013206407e-12
1.137189604821703095e-11
9.035523741509623917e-12
9.734661058766181284e-12
1.071916609179293815e-11
9.729503971320810864e-12
1.124089595284378876e-11
1.153320583874145503e-11
9.055042644048778069e-12
9.659610528834278775e-12
1.198603168521367535e-11
1.232502498673665000e-11
9.791002705790482116e-12
7.828834305091973129e-12
9.441347040471965691e-12
1.007982820322464411e-11
9.947491444576376738e-12
9.541562727940303905e-12
9.380281675967264386e-12
9.893265475085671075e-12
8.905878771332881873e-12
7.024528573862978597e-12
8.135894703982548975e-12
8.650389811610043075e-12
8.876820129395283766e-12
8.685128204561065761e-12
9.021332894784990098e-12
8.441584697835425806e-12
8.282395659535722998e-12
9.022290202850894575e-12
8.184248067521805906e-12
7.669665284152710738e-12
7.363400841838171326e-12
8.923398257575263831e-12
6.922208638249841918e-12
9.019084750672887085e-12
7.180910650915609285e-12
1.059029805950930700e-11
8.279910257906676314e-12
9.864940069258535947e-12
8.185074553912184412e-12
8.358035963186857873e-12
7.855121226317575584e-12
7.926875534463455609e-12
8.327102774997798678e-12
8.090864505494860130e-12
7.505898642730164237e-12
7.864606358352015849e-12
8.812854624089819204e-12
7.889540914354589871e-12
6.379869555328164866e-12
7.705736761589203857e-12
7.351387451377724627e-12
7.691273719820775739e-12
9.024561052059755122e-12
6.014399247790596011e-12
6.572949855121341433e-12
6.682267669722577424e-12
6.631108395366810220e-12
8.743430265837409809e-12
7.594013209223830931e-12
8.152394843976485454e-12
7.064210687147010205e-12
8.655163001453146475e-12
6.458981811879427381e-12
5.049947130823320676e-12
8.036242327692516742e-12
7.997862189371155714e-12
6.356844020247790132e-12
5.583539174998709332e-12
6.931891192684222556e-12
6.824119566959647294e-12
7.434771045103371921e-12
6.358279681600708285e-12
7.647498983719831553e-12
6.782243030259280288e-12
6.941002324876970756e-12
6.149110574269835160e-12
7.668956664209419790e-12
7.213085646976773836e-12
7.764447930894706052e-12
5.150147330290996056e-12
5.948437212276888278e-12
6.930579919440679952e-12
6.669154895322341006e-12
5.728135031194493298e-12
6.619259486974570590e-12
6.695050951938813184e-12
5.672193766669558204e-12
5.665938747881048900e-12
6.401323104229347616e-12
5.765239062503395200e-12
5.341099339110795658e-12
5.980319509861204816e-12
6.258696799216949301e-12
6.035751455791858098e-12
6.811035848776713423e-12
6.148755665840209905e-12
6.197031354890966160e-12
5.594557767668207366e-12
6.695273813296405480e-12
6.777173670594682425e-12
6.653588137803565451e-12
6.214365096558493961e-12
5.528718496942209166e-12
5.739840506078018322e-12
5.752076135268945713e-12
5.746512289976807789e-12
4.724456900536967923e-12
5.693137685900407978e-12
5.511648699371710183e-12
4.844953307134375588e-12
6.051215766334638588e-12
5.975308057894570566e-12
5.263599641439028928e-12
5.938297180089670820e-12
6.233770095524613674e-12
6.290918085620572668e-12
5.179707445114522760e-12
5.486358086480047699e-12
5.705395221921494651e-12
4.588578204860248720e-12
4.972924380595550374e-12
6.147474748439676218e-12
5.224694955995293660e-12
6.194929552878863870e-12
4.984037459219250618e-12
5.388872012292304752e-12
4.613470859001134075e-12
4.848561335976403646e-12
5.298768741925370361e-12
5.299894386912703034e-12
3.867330856867259834e-12
4.830931302007967849e-12
4.511613080767473762e-12
5.165841124642638560e-12
5.573584640415185637e-12
3.842032661373328973e-12
4.896895443857297867e-12
5.133658987969161232e-12
6.110928506232787373e-12
5.437168182512450790e-12
4.790081131171643387e-12
4.449744694747842820e-12
5.024571374484610591e-12
3.953501723355530462e-12
5.423347643768034357e-12
5.133589896771445894e-12
4.205992941562368820e-12
5.061623432552213875e-12
5.118865103057505897e-12
4.264331870594190224e-12
4.147248042673459577e-12
4.521073188078803945e-12
4.570583728110236492e-12
4.925569363638078161e-12
4.586580260435398571e-12
4.272786635510380302e-12
5.028206462162864948e-12
4.771044735289377729e-12
3.908555546854381486e-12
4.341754156839143164e-12
4.620580229804125872e-12
5.192219113483431876e-12
4.462332323954181738e-12
4.456033303686064872e-12
5.039736331360882383e-12
4.385172733217372089e-12
4.544917702147945581e-12
4.432993574864722568e-12
4.582646187937087291e-12
4.911685404709412480e-12
3.629673503907821563e-12
4.001319746243550711e-12
3.718382208429132215e-12
4.050644754007876375e-12
3.036387189970677965e-12
3.753293369743649681e-12
4.262485452177882688e-12
3.959038719439880272e-12
4.104691755489510376e-12
3.314018542876018874e-12
3.917556246497430496e-12
4.143039895606392238e-12
3.566145043525329862e-12
3.804430928495593683e-12
3.117427058376094587e-12
3.160447611135255956e-12
3.311590956583086786e-12
3.769101476773564301e-12
3.214642067012453713e-12
3.972471454582026007e-12
3.890509633143883063e-12
3.683921485709379720e-12
3.658603896647123160e-12
3.601820072799889137e-12
3.876091744575890458e-12
3.931886589802043816e-12
3.546684686790283749e-12
3.705255688030244826e-12
3.186185181260083710e-12
3.572877415026908473e-12
2.781355432993280882e-12
3.590702094387584833e-12
2.946544222019156616e-12
3.202068039951669212e-12
3.244326533680798252e-12
3.307585570389288314e-12
3.056756930771936093e-12
2.624488945092967563e-12
3.243546583508534765e-12
3.036518090880100884e-12
2.915165242061550561e-12
3.202750784097401345e-12
3.252822335976332104e-12
3.099238113897802505e-12
3.026622096172648516e-12
2.949310789075704075e-12
3.203969094857852335e-12
3.358325390073535037e-12
3.617077864934783667e-12
2.954499300355302732e-12
3.222423002127964566e-12
3.253603930781068804e-12
3.209540464366724033e-12
2.448691505867717350e-12
3.192882417795431963e-12
3.092077070790656603e-12
2.552420732284256839e-12
2.859227306379545436e-12
3.040123140254191522e-12
2.713284096512145560e-12
2.453070656280638340e-12
3.155206401019008345e-12
2.921659901664208467e-12
3.350146530228762770e-12
2.618265428243852279e-12
3.138514185070268544e-12
3.018077445948429517e-12
3.113101973272133258e-12
2.363358939343260450e-12
2.975879031831601356e-12
2.744733310265233495e-12
2.813622769398650221e-12
2.391526112074814409e-12
2.920486838576857892e-12
2.533232949807044963e-12
2.800511818746825158e-12
2.880121666394680354e-12
3.022568567678261799e-12
2.765128991772107735e-12
2.940647324078730083e-12
2.100164152673998031e-12
2.230785596037345548e-12
2.155363349631988367e-12
2.806987679309519921e-12
3.176188156269992048e-12
2.513430165401834223e-12
2.567261618870925923e-12
2.793416982992611158e-12
2.236751274289867933e-12
2.634197940381387784e-12
2.709968949218406221e-12
2.603863809273080334e-12
2.584261765366576989e-12
2.688960609924954275e-12
2.779464856182367614e-12
2.362849504578674799e-12
2.325138825625098586e-12
2.074668400460449572e-12
2.510461723772861379e-12
2.393369232081098906e-12
2.267822383934668684e-12
2.433404476306580921e-12
2.700347221826825627e-12
2.368617755790065139e-12
2.171094671117977634e-12
2.168379758354487788e-12
1.915874566378254682e-12
2.550355695437934527e-12
2.546241416692052259e-12
2.292743526326040596e-12
2.392950112932797094e-12
1.990640015718832086e-12
1.984217111160066514e-12
2.262855932190529587e-12
2.143396100205773805e-12
2.575470065199397064e-12
2.333748813590409383e-12
2.717990445788029108e-12
2.192714038613386076e-12
2.084285282460105964e-12
2.205096019755357547e-12
2.104539710161616219e-12
1.986807297436066196e-12
1.792248489717645875e-12
1.955652947036232200e-12
2.120486626966474540e-12
2.103173148907351375e-12
2.377748199208083426e-12
2.069485623893897759e-12
2.240156545137812211e-12
2.214978021853736943e-12
2.112642679204723947e-12
1.939444854248894436e-12
1.772296831874421014e-12
1.975525275868136012e-12
2.407233221163532155e-12
2.143090314102210161e-12
1.919505282120425911e-12
1.634991701389476683e-12
1.718801704444763618e-12
2.268274971149183474e-12
2.104220894227419332e-12
2.494210643998810415e-12
1.852878741866191433e-12
2.141010613656281702e-12
2.321756817645974371e-12
2.013682070143207766e-12
1.806626136808056490e-12
1.864051248755431072e-12
2.104541510115318974e-12
1.829712980197051375e-12
1.881938583552812003e-12
1.848475565046751861e-12
1.630570950359996971e-12
2.192195156193430742e-12
1.679135583247970280e-12
1.824570155979698599e-12
1.756710152928195114e-12
1.796329892963661248e-12
1.788522884502768189e-12
2.358295519517203350e-12
2.303565656211043918e-12
1.751552149022966989e-12
1.716994152214448439e-12
1.751356224898097410e-12
1.544454077701497238e-12
1.994605013189777016e-12
1.989172741982554404e-12
1.600345504770294016e-12
2.046513722383086158e-12
2.132266392433697858e-12
1.497398927714084852e-12
1.598671418814918839e-12
1.930929555490110691e-12
1.776201216412001606e-12
2.014511295546685370e-12
1.441216516060884298e-12
1.563156840938425792e-12
1.833118284784286471e-12
1.485786676187745100e-12
1.735145470562831685e-12
1.507202263212517924e-12
1.495496507838953212e-12
1.489933741021598502e-12
1.290950865568098074e-12
1.407383685657183681e-12
1.791516336842545833e-12
1.546603716722370514e-12
1.881350675842932831e-12
1.640974031141612611e-12
1.377080711674537193e-12
1.587716486492906812e-12
1.679369285887078317e-12
1.860179820109602555e-12
1.898814096321123524e-12
1.302692678551509962e-12
1.661335410133640886e-12
1.570570665813684746e-12
1.230123546754037296e-12
1.400164394429470788e-12
1.600366560109763484e-12
1.508032325246388263e-12
1.561286317168761864e-12
1.722509209910355641e-12
1.590796547704223899e-12
1.521933505236856789e-12
1.451547741273221640e-12
1.938216661884847717e-12
1.485273689763584693e-12
1.628280561689543467e-12
1.238946352938364852e-12
1.441200290209091553e-12
1.339580079839206387e-12
1.570154319245594680e-12
1.680105626611509085e-12
1.474654468148268046e-12
1.390492564933695750e-12
1.585435108322802897e-12
1.407862133320152607e-12
1.563312693787576002e-12
1.544280932731156644e-12
1.484073691474601091e-12
1.894114266470760503e-12
1.176998382524008401e-12
1.376440201339956310e-12
1.307843489393257492e-12
1.529499203986211481e-12
1.591734829271306312e-12
1.327141082140997067e-12
1.632826545957126532e-12
1.517904587951439925e-12
1.420029926042108950e-12
1.333896054762292390e-12
1.515603150029948467e-12
1.498515862365969473e-12
1.277486121130791828e-12
1.423015686644441462e-12
1.469337132296556582e-12
1.338081330559630992e-12
1.338508644396200869e-12
1.202519240723199097e-12
1.336846288476873021e-12
1.103969104611151723e-12
1.144663711270590510e-12
1.309158905231646984e-12
1.417219889580160755e-12
1.039756167729664449e-12
1.286007910647961083e-12
1.529838018197720565e-12
9.581608834606994917e-13
1.305551531506934194e-12
1.335562733445385993e-12
1.274734623625199373e-12
1.212326343040686420e-12
1.282815793210067322e-12
1.277424791866178312e-12
1.248752968565733808e-12
1.082933089217023869e-12
1.088110356651061528e-12
1.174115853493241158e-12
1.424287075481819288e-12
1.121629865958078694e-12
1.050786624135609669e-12
1.125872511014683073e-12
1.022641440597566014e-12
1.207992790420443930e-12
9.728502767268538283e-13
1.238495229593472371e-12
1.447167515316533386e-12
1.196233802829719864e-12
1.196884248374988414e-12
1.125267932061317897e-12
1.332016328066901279e-12
1.264175026633270267e-12
1.100385363856785896e-12
9.893855273429508456e-13
1.262331436609819725e-12
1.206394916964490747e-12
9.673608573137463103e-13
1.267395891906626070e-12
9.810247403674725880e-13
1.354131293545240029e-12
1.168085082803891609e-12
9.733168610868073043e-13
1.192974374221202603e-12
1.223493958516495004e-12
1.158412151028800775e-12
1.196200202302482889e-12
1.254502589732896147e-12
1.101783628490073569e-12
8.810500994216639562e-13
1.137882566048489171e-12
9.120393016295708676e-13
8.743997544749459854e-13
9.862468957122216400e-13
1.048436945343628858e-12
1.119639970109623450e-12
1.080954744297773366e-12
8.676230927287329086e-13
1.197662168325208836e-12
1.078302378479398444e-12
8.827892821239751920e-13
8.530287990176246386e-13
1.054858465288023293e-12
1.053810207378395169e-12
7.337258633602053132e-13
1.036093859262677907e-12
1.045447123552313072e-12
8.406508913676176181e-13
9.659740257974554994e-13
1.187179682612252988e-12
1.009346510344850326e-12
9.843875702146866700e-13
9.809742805324588424e-13
9.725807405498386509e-13
9.748091124124976359e-13
9.931501325930138949e-13
1.013283342312552564e-12
1.092024264561254986e-12
9.660428637739932749e-13
1.097080609247789532e-12
8.341225193169094486e-13
7.460566963393395299e-13
9.689430264353151136e-13
9.164142761372133727e-13
9.417888844792989035e-13
9.213436517035440158e-13
7.159280656012698058e-13
8.337731145195536602e-13
6.840288746575890512e-13
9.773113838603192708e-13
1.012905581577370507e-12
1.041549871784807189e-12
8.551952379187777631e-13
5.345680840148457612e-13
1.007125186953618347e-12
9.311080211111643647e-13
6.958152525202267102e-13
8.350273955314764662e-13
6.478692477490502236e-13
8.202067249500418286e-13
8.961176133631501026e-13
9.879453104957005480e-13
7.132652860556404191e-13
8.536787661216793950e-13
7.459887267239082184e-13
7.540226876465413145e-13
8.508617029952723367e-13
8.680402611390867063e-13
8.397899126116626670e-13
7.873366179524703818e-13
7.856879729718012015e-13
8.511100254236582512e-13
9.142355576972538694e-13
7.667937500380836812e-13
7.992033554672840675e-13
8.073188462715372887e-13
8.609949899579274074e-13
1.018177740785513446e-12
8.237296975587083887e-13
8.443946178343191805e-13
8.245164357722691752e-13
1.023525196613432541e-12
8.711980079116923796e-13
8.154421294642457242e-13
8.976516933068372652e-13
7.553325423805650626e-13
6.828336376823296195e-13
9.560070614199458751e-13
8.350291240060552796e-13
8.988205435052832928e-13
6.782494532809414686e-13
6.683924416364119080e-13
6.583654675772908997e-13
7.325952499362660094e-13
7.682458043423627614e-13
5.312185063795894533e-13
7.996010332820916921e-13
7.629349834162218496e-13
9.196003831562048619e-13
7.087322406138253182e-13
6.835251174373205358e-13
8.118885454898832937e-13
6.612692444057529197e-13
7.494018975635212332e-13
9.049960268301843698e-13
7.333413621622875229e-13
5.559721982500960422e-13
8.839910739979604208e-13
6.917763970389500316e-13
7.979622103915761222e-13
8.704078967534874725e-13
6.871015165231753041e-13
7.862098834783318470e-13
8.472861464963598060e-13
7.021593470879757186e-13
8.837117138100913773e-13
8.428924353738180126e-13
5.413974144490167686e-13
7.521096544146751603e-13
7.113718711500852424e-13
7.681596143977828583e-13
6.814314731516965248e-13
6.903187370986557525e-13
6.047962138671957037e-13
6.277746581432275214e-13
6.690750873744038564e-13
5.212079577719688972e-13
7.226684589498398771e-13
5.195909070172439742e-13
7.556971716854237586e-13
6.197300290166084522e-13
5.772188381205930357e-13
6.051219103881217084e-13
6.097179815830907460e-13
6.248690005489649672e-13
6.061192932111616470e-13
6.744356693287996668e-13
5.802858179863921897e-13
4.601166101156498908e-13
5.822412463077053226e-13
5.958262283003749523e-13
5.162598565350776010e-13
4.823857420539908511e-13
6.570286341068215201e-13
5.741313250910672699e-13
5.123853500295446886e-13
6.396422102377526624e-13
5.918765738563651875e-13
6.029077592778739528e-13
4.236672622445382997e-13
6.323045044882232512e-13
5.106767663302361481e-13
7.140676677654865178e-13
6.208411026437639888e-13
5.347846287394064897e-13
4.947651578082311168e-13
6.244907662034342509e-13
6.476645892111839607e-13
6.437212579549885012e-13
6.053157897507095564e-13
5.326952681332648963e-13
4.418066194140157325e-13
6.119573400427457586e-13
4.782359108694274402e-13
5.487805278903462804e-13
5.757661926333988707e-13
5.826042382420863094e-13
6.200016239279252693e-13
5.341297600923709014e-13
5.435307047238432992e-13
6.248605051048473175e-13
5.255621001659692004e-13
6.201178569372979910e-13
4.147757375618805100e-13
6.178337047273445911e-13
4.067803730098648121e-13
4.937802110773854230e-13
5.407697983480088540e-13
4.793309857682920388e-13
4.445145005453262544e-13
5.091589507813469338e-13
6.011717564909821443e-13
4.241851978872774076e-13
4.987880581653771252e-13
6.024422689580948958e-13
4.749239000545802783e-13
3.677319867041069241e-13
5.664090408679532638e-13
4.088299718982829024e-13
5.732483738267425257e-13
5.395023676246703828e-13
4.612078948569166032e-13
5.989125589457998735e-13
5.389030467383106230e-13
5.046234348987895935e-13
5.050921254239145507e-13
4.756602334044209324e-13
5.356418827934223939e-13
5.179623597211756872e-13
5.049611421485487032e-13
5.497860847380464451e-13
4.831180484411503177e-13
6.021773597290294199e-13
4.121473738567474504e-13
5.354773206820560394e-13
4.423716213909380247e-13
4.956117830362940730e-13
4.676702849630874775e-13
5.039552156311199149e-13
4.503267976658467944e-13
3.772117305297935255e-13
5.933292188041624684e-13
4.509453829988901083e-13
4.273097195007595677e-13
5.004099284555218082e-13
3.476991927672701148e-13
4.655560578819012649e-13
3.993774073189820329e-13
4.601815467915164013e-13
5.242338785094841873e-13
5.625579609481588990e-13
4.575155886681400088e-13
4.843898703826845329e-13
3.850619079207765162e-13
4.394272034547418164e-13
4.315813820272379215e-13
4.809203575264945172e-13
4.658772321958664368e-13
3.984552437438445942e-13
4.822811911871211487e-13
3.885142553165265382e-13
4.888659567946998513e-13
3.944172490067836574e-13
4.768279884676243577e-13
3.639179351795731943e-13
4.935355149177349001e-13
4.380088781824772661e-13
4.019479511060958246e-13
3.473848453395870855e-13
4.777619557066022095e-13
3.608219136725404481e-13
3.213065629633827582e-13
4.368842506833981358e-13
4.049803573245141898e-13
4.007190379388142993e-13
5.179829271958332829e-13
4.897764713537894188e-13
4.507399674409929795e-13
4.158815009272326601e-13
4.845840427579692716e-13
3.808049444663737306e-13
3.287800469329135131e-13
4.260604019132936800e-13
4.818216721799061414e-13
3.630266947868094337e-13
3.795962787713503078e-13
4.345030842228928043e-13
4.818855905073324054e-13
4.665114016420035978e-13
3.463834019276022237e-13
3.215691610777074999e-13
3.768542596807531869e-13
3.884369293091394428e-13
3.361817015639601981e-13
4.106413049528684172e-13
3.811618729594803662e-13
5.111888320916261806e-13
3.358272508012200677e-13
4.360295220587431356e-13
4.351836306955718401e-13
4.214752319847668688e-13
3.359516417145192326e-13
3.521754212066409454e-13
4.938500626252338490e-13
3.620374069599092394e-13
3.400640198256619168e-13
3.898232267157881630e-13
2.961886154180819427e-13
3.529862536400129299e-13
3.884065399728339527e-13
3.422272270545043033e-13
2.615527395490486028e-13
2.536484198311331190e-13
4.425324756313496905e-13
2.966397413849984794e-13
4.329247078153955649e-13
2.685691467020216078e-13
3.617964370367716338e-13
3.014449705401238250e-13
4.005920137106541159e-13
3.528290476612112183e-13
3.473137482578608010e-13
3.684404241380633485e-13
3.184171530950533181e-13
3.223145672742961848e-13
3.290411408708676045e-13
3.207672070626872391e-13
3.540867930094264454e-13
2.746742144642901478e-13
3.689272774828326072e-13
3.182444331188117353e-13
3.666331591097115858e-13
3.074113248830984952e-13
3.035257368432482127e-13
2.995353785755194088e-13
3.360878159028530030e-13
2.857709838551812711e-13
3.312941766135944907e-13
2.664126176870554644e-13
3.466515188610959103e-13
3.309275915216730808e-13
3.339179624742183495e-13
3.794641835645115054e-13
2.555233061718019940e-13
3.191593521544213430e-13
3.583365359763471313e-13
2.791891631992353669e-13
3.713787315212559221e-13
3.328832113289522459e-13
2.757410048197552129e-13
3.303520766186402273e-13
3.286811720946993918e-13
3.457811464515769502e-13
2.671538518170501716e-13
3.521176813840639371e-13
3.700213858345014885e-13
3.557823802792361872e-13
3.784657745616387408e-13
2.350587848929493744e-13
2.910096621702426071e-13
3.072760324334047623e-13
2.585344592578652975e-13
2.987472206291629796e-13
2.750092899819690586e-13
2.927035840606550639e-13
3.407472766041202308e-13
2.759577461069902959e-13
2.887346517113214061e-13
2.990374763091786268e-13
2.292518852386235982e-13
2.157778237994682797e-13
3.262670343209341612e-13
2.429098065528884191e-13
3.206870699570741575e-13
3.279873854158745283e-13
2.649968277255601856e-13
2.656461990348831444e-13
2.257345400229209950e-13
2.256069175080670180e-13
2.888667022128161541e-13
2.688552106649806312e-13
2.678683267078350297e-13
2.325207822690752050e-13
2.395090048454038890e-13
2.577324159569940021e-13
3.255849971734212779e-13
2.485847269085678408e-13
2.543830863596039322e-13
2.832089516205645676e-13
2.170225689750914873e-13
3.045064065883723836e-13
2.425306732339270976e-13
3.383860861099733650e-13
2.362602289309058800e-13
2.731990632513868075e-13
3.033141291512259023e-13
2.685833721285194278e-13
2.319018962475874291e-13
3.490115701565275244e-13
1.659666713854829256e-13
3.061392705532628514e-13
1.549321533841225897e-13
2.418085977825735960e-13
3.150053481956082645e-13
2.430083850895607273e-13
2.596415911676631487e-13
2.375133194592234274e-13
2.035496041924354579e-13
2.534224962338166553e-13
2.130720213889254185e-13
2.361008141667882589e-13
2.681301067859857237e-13
2.162709217559313781e-13
2.177877984663912068e-13
2.402455369023334418e-13
2.852352970538761066e-13
1.918835432142706372e-13
1.845563755346730344e-13
2.336933846514605544e-13
2.491162785402662507e-13
2.812270954477239299e-13
1.714435275894762502e-13
1.894889207181969677e-13
2.363113747249052100e-13
1.880458522001799105e-13
1.974226295221842986e-13
2.968211192782853111e-13
2.094657597170288745e-13
2.162020783889676170e-13
2.341262654406769046e-13
2.391447222813491724e-13
1.828523510845892246e-13
1.750213008912414077e-13
2.095958165551941523e-13
2.098941358870849641e-13
2.875167919701054207e-13
2.230395901801649633e-13
2.064512618733240154e-13
2.245363607408597359e-13
2.783278343126401525e-13
1.779720498149396636e-13
2.377676172186330137e-13
2.318002804334192977e-13
2.031177579967432127e-13
1.542881599383586058e-13
2.306106225546483957e-13
2.514309667797372911e-13
2.369074381580945074e-13
2.258470829039193351e-13
1.772283456162187915e-13
2.294782348700313855e-13
2.296404996799108952e-13
1.864493784316716057e-13
2.549679927606662653e-13
1.706518706031990848e-13
2.217951860446781735e-13
1.514204679277003973e-13
2.356823821508448456e-13
1.830836746382573325e-13
1.885006774879566429e-13
1.772582325558974150e-13
2.010792208913306819e-13
1.868312597974738571e-13
2.224632258549468877e-13
1.625148057714190449e-13
1.757860350132010780e-13
1.718281197057957730e-13
1.561815371463444685e-13
1.284062462883113559e-13
1.404736000017934677e-13
2.122286270764572789e-13
1.648141392351804887e-13
1.422957741200040458e-13
1.879385691355406962e-13
2.045914986046289007e-13
1.767171784243052779e-13
1.834934932799143343e-13
1.760756951899862986e-13
1.803331703077089132e-13
1.516738576678512882e-13
2.001302922069760731e-13
1.293378023310575949e-13
1.813850803822064910e-13
2.252266213214060775e-13
1.257782800842753882e-13
2.176842129842895308e-13
1.342859281212111437e-13
1.836408656774274008e-13
1.753237509991350466e-13
1.778056021143231091e-13
1.615181012891587796e-13
1.367806636471989924e-13
1.715169652125804900e-13
1.735095572757901220e-13
1.665725824044690226e-13
1.709391340608776896e-13
1.547846413463859599e-13
2.272140534010407226e-13
1.784547822369692184e-13
1.714462801926129283e-13
1.361149292257793900e-13
1.145439915851794472e-13
1.540727803434365633e-13
1.513498923951808934e-13
1.498712833150977775e-13
1.993973943864053676e-13
1.277696773369159254e-13
1.422497397011101411e-13
1.443612223941611518e-13
1.469286810783845667e-13
1.750319960185202139e-13
1.501469750779469214e-13
1.169125176206427403e-13
1.410949142005255835e-13
1.303698646333761715e-13
1.668120930126614004e-13
9.842257897007080161e-14
2.128168933414145505e-13
1.283698486432210913e-13
1.258575547561187393e-13
8.885181640425153991e-14
1.399108943757496051e-13
1.152878160560271945e-13
1.200579057029151408e-13
1.317645769912089478e-13
1.958640438896567260e-13
7.557462697824652954e-14
1.677260057362776226e-13
1.200599592597225035e-13
1.249849082543275830e-13
7.415612662805643101e-14
1.199289110126959656e-13
1.058984077420937455e-13
1.503642122233649697e-13
1.518653646639280214e-13
1.416914649787119966e-13
1.127360158892795780e-13
1.141638042253762348e-13
1.182711423977804167e-13
1.190679858896924443e-13
1.310399897995307079e-13
6.551982887732641839e-14
9.375027022539320530e-14
1.395625474978820657e-13
1.206010688036478902e-13
1.553828549924062482e-13
9.176968373267384878e-14
1.531528991493522943e-13
1.392535692858705650e-13
1.139922176673759476e-13
1.173250733660265508e-13
1.182875035498974385e-13
1.008008175643533461e-13
9.746426181472551337e-14
7.434489251677966600e-14
6.532729518162208302e-14
1.084868832819620987e-13
9.893427819097098278e-14
1.019077963409737136e-13
1.379098862617899642e-13
1.025265181932323009e-13
1.038664939467877381e-13
1.281176462125425747e-13
9.405358930680478485e-14
1.519707384517692441e-13
5.858539765030317483e-14
8.987524188592392520e-14
1.138572706515466575e-13
1.219715849542557817e-13
1.211199269174176856e-13
1.114775932891068750e-13
1.001422619552143591e-13
9.437548479896415904e-14
9.464580206098893594e-14
9.243985556489380519e-14
1.125985545053421150e-13
7.871082240160683087e-14
7.319475222912223093e-14
1.025028001151866605e-13
4.903365579001380198e-14
1.039582703441443582e-13
7.806638653600997887e-14
1.125665173730796444e-13
1.385942623105601705e-13
6.212977411495178785e-14
6.119493154824067562e-14
8.274112536676673089e-14
1.119618223787224747e-13
1.022991852458672494e-13
6.995501120432655628e-14
9.365376207388211384e-14
1.530090678664457856e-13
9.907726607120231305e-14
7.482758504118609422e-14
1.226788358121772630e-13
5.682342845360642352e-14
1.027698645684393470e-13
1.040612216585072840e-13
1.069301169311528298e-13
7.500192138032684114e-14
1.101020491731690382e-13
8.059458636962772691e-14
8.564395055626836955e-14
1.017059034685920004e-13
5.664457587922268987e-14
1.039184959106768568e-13
9.556363149789639636e-14
9.648316105664762348e-14
6.372423167180614654e-14
6.890476372035931274e-14
1.165530269700123649e-13
1.120062825072485377e-13
9.616064618928035949e-14
6.272542431869447145e-14
7.532383046461974242e-14
8.185565809433581473e-14
7.851439101537192940e-14
5.876221158093037910e-14
9.087586618888234301e-14
8.805659308787263656e-14
8.756084562141347830e-14
5.810363812557442677e-14
6.979537544379263121e-14
7.754251417666647765e-14
9.986307050312353829e-14
1.041378039009754039e-13
1.141940776427492576e-13
9.234899882307161553e-14
6.128385380706689266e-14
9.904612152071568851e-14
8.105436658307295908e-14
1.226991888515714264e-13
9.177545948408475159e-14
7.508540262303549535e-14
1.223760932771012844e-13
8.010435404337386281e-14
8.563199048647579551e-14
6.033644461283871862e-14
2.347427038655367127e-14
6.118762010083198800e-14
7.192983053998791925e-14
4.553785170239736041e-14
8.592387181750096609e-14
8.741367189054125639e-14
5.324882058324169574e-14
4.318001281421927108e-14
6.772692395634155080e-14
4.869977059845821278e-14
5.147877807943129857e-14
6.541180911687887337e-14
8.194025513659918010e-14
9.259468985600082653e-14
3.691234280598656924e-14
7.194248506626518198e-14
9.422974154197052286e-14
6.073103737332266138e-14
3.661638320008323491e-14
5.339857076219945477e-14
5.556594611012712286e-14
6.839548632095373527e-14
7.033429728989687018e-14
6.844526254406129472e-14
4.655369904692270656e-14
7.489548448582691193e-14
3.503122151466293100e-14
7.774745739217160338e-14
6.560390967066555008e-14
8.698394764916794083e-14
8.619493603243093431e-14
1.949387593693371688e-14
6.430606077197796478e-14
3.370279195530660575e-14
4.430037699835499109e-14
1.133301077698934054e-14
6.046203200231708219e-14
3.559162725864264507e-14
6.015157566226387767e-14
2.265590836105713640e-14
2.601014879620517460e-14
1.618495445146724621e-14
4.247087144179009139e-14
1.981559330999427681e-14
7.673967609425949205e-14
6.431054276106169580e-14
3.249723961099286385e-14
4.333516852408182541e-15
6.271357605835930348e-14
6.789387661918592172e-14
3.127991144622178740e-14
2.690638243374756454e-14
5.806198258410548495e-14
7.737639045685671487e-14
4.214149228652370333e-14
6.375389266442931770e-14
5.793818075590467254e-14
4.763695219463654016e-14
1.868156438202127758e-14
4.922155323672521937e-14
4.945982533912327392e-14
2.602434216972485002e-14
3.105488703449124681e-14
5.823835632007553406e-14
4.749719104554104776e-14
3.305580749836882564e-14
4.324973951984558035e-14
4.705209426908102965e-14
-9.001419995095932035e-15
3.156232254802862399e-14
4.393058683637692315e-14
6.068730441655662281e-15
3.197657899085468860e-14
4.668037015192485931e-14
5.288064192617984383e-14
5.633460364530885334e-14
5.517053665268213610e-14
2.419578720514971394e-14
2.817530982416733909e-14
1.799249034781796869e-14
2.427043380983582496e-14
2.828065209158049363e-14
3.918205369390429140e-14
2.995643208015764394e-14
3.958720958657603826e-14
6.104367401933891154e-14
3.833701313972366710e-14
1.154408345147991784e-14
2.853536512474556530e-15
6.413948026365185234e-14
4.050933445555731748e-14
2.047502543207718057e-14
3.081153111076636945e-14
3.636344447962798016e-14
3.015236729675378315e-14
2.387727947000464544e-14
2.381658270163669672e-14
2.019928080897966224e-14
3.332072876522747042e-14
1.928465041189428994e-14
2.158505900554654327e-14
2.747579667931761589e-14
3.049077854954509694e-14
2.240114395426935492e-15
2.254493304671344566e-14
2.817891419889886005e-14
1.236362471229531018e-15
2.231334973509032658e-14
-1.590491779822809387e-14
1.585252438130247865e-14
3.856339136674974971e-14
7.400212552431468039e-15
-6.400748939597893852e-15
1.567371689731966283e-14
2.197205054241091674e-14
-4.203749761530357385e-16
-3.657283447527501180e-15
3.996608254386064812e-14
2.848523858353037584e-14
4.896716011949997448e-14
1.686237177830923362e-14
2.438654888301047035e-14
1.178010829207919985e-15
2.290818397845793382e-14
1.603875998860193764e-14
7.513410597033228869e-15
2.013138650573702699e-14
8.003239921005574677e-15
1.065116206154622232e-14
-8.562787602929225222e-15
1.827410025529073156e-14
-9.199056287643914569e-15
-6.078273192203851240e-15
1.338614138144353891e-14
1.915189105922137170e-14
2.411275750569588165e-14
4.998461909121261829e-15
-4.540445615339946839e-15
3.494215442034022704e-14
-1.361121395079973045e-14
9.714500016842722652e-15
3.172829213910944141e-14
4.234443210632405775e-14
1.032961101655165474e-14
2.408284420441735829e-14
2.836220972362776766e-14
1.796437777281973504e-16
7.640308958319070617e-15
-5.452994923491036278e-17
1.681512340305111081e-14
4.088846133886120587e-15
7.511536651573214643e-15
1.377150159470723907e-14
1.138801351895165158e-14
1.143586698437119891e-14
-1.739104753140953164e-15
2.079317387363041707e-14
-8.963553444788150269e-15
-8.055703710605025993e-15
1.785327835388709867e-14
-5.728266676668066993e-15
1.407783793054302461e-14
-2.871047280983657955e-15
2.479080489265699037e-14
1.131458718659792260e-15
-8.275057530710847747e-15
-1.025202655194200288e-15
1.120598809418444487e-14
-7.311614101978215992e-15
1.769619383511902749e-14
-3.889103876502294994e-14
-3.494248995729994245e-16
-2.587601868324212661e-15
1.040840315205447335e-14
-3.290311070113332707e-15
-2.695443051520297979e-15
2.335730810024400695e-14
1.164295636592842463e-14
8.771204626586393142e-15
4.200685926528043268e-15
-7.241330751285670844e-15
-1.359626224973803918e-14
-1.086977008279454045e-15
-6.437595853494467128e-15
3.385106102143782569e-15
9.023556546518924923e-15
3.171577914386534484e-14
-2.022704907142414850e-14
1.385620296342410842e-14
1.224537064057112929e-14
-1.139813667079397911e-15
-1.900912275656341841e-14
-2.234948058667174332e-14
-6.336734581219365067e-15
-2.588581740568701453e-14
-2.991157336775494723e-14
-2.039570842759135338e-14
-1.420052429759640459e-14
-7.983861140866480204e-15
-1.374077342951239522e-14
3.416625922937577208e-15
-8.349606023684908455e-15
3.602418300253451722e-15
7.692771031093977687e-15
-1.233829192750390290e-14
-3.200678594500885843e-14
-5.274756320382947416e-15
-1.125852155996753393e-14
-2.428969173896975254e-14
7.538173150028764435e-15
1.186547293720062154e-15
2.151740838815471295e-15
-1.437308890472046676e-14
-8.633715890320433872e-15
-2.638022120382810997e-14
-4.284038662888353952e-14
4.162827491655760959e-18
7.376740761593384542e-16
-2.900765100144648784e-14
-2.004819316220469968e-14
-8.514777222283267559e-16
-1.311835205870230990e-14
-1.538069221091378478e-14
-5.296549057681723796e-15
-2.376947069259882804e-14
-3.184000192130303367e-14
-1.956400346366406895e-14
-5.401002508041436994e-15
-3.247748859741865954e-14
-2.963730154723103701e-14
-4.761629234211726961e-16
-2.199018731465126330e-15
-2.493762639234112022e-14
-2.752630289611159129e-14
-1.271448105510851460e-15
-4.899076666515163930e-14
-5.050871613450573995e-14
1.067900521418344852e-15
-2.899694844090344438e-14
-3.482587308347525401e-14
-1.266958982062333824e-15
-3.940651809345013678e-14
-1.555559618295562168e-14
-1.049625801059611483e-14
-2.392165942467841059e-14
-2.323027570081331881e-14
-2.927875594844903718e-14
-3.743120734973245305e-14
-3.629046854578731402e-14
-3.412016002917801506e-14
-3.512603942747398459e-14
-2.237893285705467859e-14
-3.461374612476871895e-14
-4.451754205073249997e-14
-2.557812465997929391e-14
-6.600059214616886101e-14
-1.018639494988807577e-14
-2.061107378579437502e-14
-1.671060847834814722e-14
-4.076048461810523735e-14
-5.235383858899491291e-15
-2.457786959847454143e-14
-1.545499680255990991e-14
-2.554201406870618561e-14
-2.658363511676212425e-14
-2.655807786206298312e-14
-3.444928380784212667e-14
-4.280232151337805842e-14
-1.011166351188000628e-14
-5.559625921945561579e-14
-1.913867037966151297e-14
-3.356541616687936657e-14
-2.367865472380879306e-14
-3.564813771163805458e-14
-1.850788581546097663e-14
-3.475927317924857203e-14
-2.838288738844402598e-14
-2.064211852843019492e-14
-2.797366593778968350e-14
-3.282785209799374604e-14
-4.638039107198258503e-14
-2.622401602406015074e-14
-3.532938347945819452e-14
-4.010930532492471131e-14
-4.172719191607528759e-14
-5.655858757328255231e-14
-4.117913473299277792e-14
-4.302788316042360251e-14
-4.083739686605000570e-14
-3.214103324033048162e-14
-4.466932597620317970e-14
-4.176541275457287114e-14
-2.205066262681600629e-14
-4.144778676004457098e-14
-5.021009865489119733e-14
-2.982289500809600573e-14
-1.665207851940655105e-14
-5.385292252742873764e-14
-3.630264745250563247e-14
-6.370203198987041647e-14
-2.787791344102585720e-14
-3.899215222816702050e-14
-3.058056945847242050e-14
-4.489250355091685578e-14
-4.054446486231909727e-14
-2.981296881882578998e-14
-4.549558228972724383e-14
-5.237830420999964736e-14
-4.577506034952630115e-14
-3.352398025571622500e-14
-1.825372542963803683e-14
-3.107310495773209736e-14
-5.850588225471652639e-14
-3.260814902945593815e-14
-5.054766002309031985e-14
-3.939674284334729535e-14
-5.869029552435623900e-14
-3.881070984922949504e-14
-3.988356136874880086e-14
-4.071259530860666870e-14
-4.005525645129059758e-14
-4.839179903202813825e-14
-5.277005503015584414e-14
-4.592400038670060100e-14
-7.239128631045809315e-14
-4.149914387833894547e-14
-4.779105126637182594e-14
-2.040611153987939056e-14
-4.343165618367488573e-14
-4.504586481316004996e-14
-4.594961162626414853e-14
-5.293495636749364106e-14
-3.134404466184074969e-14
-5.310088264889953851e-14
-5.361199014126756346e-14
-4.697874509212230336e-14
-7.839155082545624423e-14
-5.928218363856880966e-14
-6.825302169019762205e-14
-6.442276563224320547e-14
-2.611090614711395357e-14
-6.959938656026495444e-14
-5.172287932544185772e-14
-6.367143841167776808e-14
-7.160292507171009682e-14
-5.696016726605637162e-14
-7.142125278607476399e-14
-7.444024480121464659e-14
-2.515791050510057988e-14
-4.365861189941875556e-14
-5.111912932195662094e-14
-6.673591286130022780e-14
-5.521432399611768407e-14
-5.220799781522958448e-14
-3.678245538146622596e-14
-4.506241865654291108e-14
-6.329862172884553634e-14
-8.099727254873369757e-14
-4.290183140850155137e-14
-5.502493902777340310e-14
-5.521830367914628179e-14
-5.109135479898226426e-14
-5.051968548144515722e-14
-6.260936624592835740e-14
-3.249552216795600178e-14
-5.382933943040417137e-14
-4.950767722811105557e-14
-5.292839766574731513e-14
-5.699337385181702623e-14
-5.730012654299230593e-14
-5.856299580305632681e-14
-4.468085995871229034e-14
-6.816863043727668987e-14
-6.435260061566064693e-14
-5.350032019794020051e-14
-6.336291440085266395e-14
-5.794442190802784558e-14
-3.048069786732029833e-14
-3.941566887296014965e-14
-5.307995601562850316e-14
-5.716398448239038268e-14
-6.572590004431847795e-14
-4.095682594925320915e-14
-3.914526962305785722e-14
-7.454450613828457777e-14
-6.415950127469339219e-14
-7.324264436893850964e-14
-5.473750973433164857e-14
-5.407237462541164442e-14
-7.127544200523524742e-14
-6.080973236674017839e-14
-7.054068849576557837e-14
-6.408537967591554972e-14
-7.941053991466816172e-14
-7.407172405147919368e-14
-4.014474436011957003e-14
-6.532861982491092750e-14
-6.022251375502883502e-14
-7.368191811482254489e-14
-7.569856193723624673e-14
-7.274267747695618829e-14
-5.350693682402053676e-14
-6.229366530879409362e-14
-6.459912149633465654e-14
-7.292146305105152014e-14
-7.933108601491589064e-14
-7.454875603192545803e-14
-7.422970420210567726e-14
-7.041100541577812875e-14
-4.930433613078282365e-14
-7.177302276723583452e-14
-5.815138306683396880e-14
-5.628569783633754354e-14
-7.767606209788517344e-14
-7.162700596238402230e-14
-7.695346528223179216e-14
-7.345549893838736908e-14
-6.697593591396575226e-14
-6.959365742153589106e-14
-6.785151792562500793e-14
-7.248693965765952002e-14
-7.806573939067096172e-14
-7.678550166791296822e-14
-7.536978874295707526e-14
-8.893865009714765340e-14
-8.623322594163721964e-14
-8.423952454538827634e-14
-6.135873230374100028e-14
-7.117841352682124970e-14
-8.065995848554925304e-14
-7.144786189949739876e-14
-8.413233209327534275e-14
-6.027095904627438120e-14
-7.167269491645263745e-14
-7.336265484088762408e-14
-9.432072371939385007e-14
-6.804168491754359993e-14
-6.930374388232907712e-14
-7.603594741106479122e-14
-6.751493283386845183e-14
-8.357187953975584751e-14
-7.997396258067823293e-14
-8.149144962226007011e-14
-8.084251612882253906e-14
-9.091041640579889922e-14
-6.135044164184888914e-14
-8.412237319969620739e-14
-7.504380038321522220e-14
-9.158544583502043585e-14
-8.228283617801997928e-14
-7.104665452873833260e-14
-6.025278921030774725e-14
-8.333247759787193609e-14
-8.224049849528747768e-14
-6.888370856085020937e-14
-7.813107695297025148e-14
-7.635061578428649082e-14
-7.944725980231957879e-14
-8.362668100067910562e-14
-6.571433651679882793e-14
-6.288314605470852080e-14
-9.280284948281548023e-14
-8.099766945148210270e-14
-6.670793102138637321e-14
-8.515766713383261018e-14
-7.973223855436467345e-14
-5.757257529132553528e-14
-7.385914889893161621e-14
-7.854913838863514691e-14
-7.420959335824392378e-14
-9.342406364503581182e-14
-7.365024887021063989e-14
-9.222762030510928596e-14
-8.010323788027339865e-14
-8.426637168746055453e-14
-9.602878378506574615e-14
-7.983453462786109985e-14
-1.071890795996131272e-13
-1.073154394415614819e-13
-9.865373288462869310e-14
-9.148516634307868370e-14
-9.609123568387472289e-14
-9.006305104505426634e-14
-8.265570443950802378e-14
-8.522545143234221025e-14
-8.227284194912452258e-14
-9.326893785443513704e-14
-8.524893201103509695e-14
-8.145013024309927477e-14
-8.541622949882261963e-14
-8.347055110566628224e-14
-7.716758844080743974e-14
-9.918712648954292412e-14
-8.757977626753872406e-14
-9.062777012736043060e-14
-1.026082539214551041e-13
-8.638802677045088635e-14
-8.873466994699866618e-14
-9.813917481956995632e-14
-9.433399494570658570e-14
-8.103714847829388643e-14
-8.521334826698789124e-14
-9.132519400905584049e-14
-9.048083089675298076e-14
-7.864925534115043335e-14
-8.920440989171619602e-14
-9.502653757310122379e-14
-9.538690879747732293e-14
-8.867141839606907396e-14
-7.552332898471654873e-14
-7.535014118666576608e-14
-1.086037382665334894e-13
-9.269866774375182447e-14
-8.287948862443581214e-14
-8.341852356640531728e-14
-9.550667910183092391e-14
-1.008038160391469301e-13
-9.322100907185282829e-14
-9.747688859328547161e-14
-9.279827258652353715e-14
-9.321172457749754695e-14
-1.041674614866168979e-13
-8.287599162274566038e-14
-7.894919574217041849e-14
-9.257516104115069752e-14
-9.260679330664902694e-14
-9.810913403269341493e-14
-1.118064743676115006e-13
-1.015598334446440841e-13
-1.001004707765937282e-13
-1.066102714817798292e-13
-1.149591239379688030e-13
-8.202937994398143756e-14
-9.260301902711928065e-14
-8.139789347213727149e-14
-1.123180561141239434e-13
-1.084538946495373288e-13
-1.007809412802047079e-13
-9.179855180882792109e-14
-1.060785255628359184e-13
-9.448221475984555103e-14
-9.692542540422773292e-14
-9.960326718448417091e-14
-1.035029998656192647e-13
-9.324262536854281725e-14
-1.114426888412569188e-13
-9.347729447893403200e-14
-9.248021815209223043e-14
-9.664490274752627868e-14
-7.873820727233357999e-14
-9.807137236111441858e-14
-1.091084879432200980e-13
-9.600719284445722176e-14
-8.989570444002320922e-14
-9.083788895890536002e-14
-9.782663390673445024e-14
-1.114779382219693288e-13
-1.109170718171231908e-13
-1.090074543927120722e-13
-1.010301832438969332e-13
-9.480506001238161517e-14
-1.093662993088670608e-13
-9.883023716953780334e-14
-1.035202476198313225e-13
-1.072527699573724972e-13
-1.047982028512331339e-13
-9.481739347917561119e-14
-1.070188754604683736e-13
-1.148654164397927432e-13
-1.130716171233926608e-13
-1.093870427000429966e-13
-1.133940710421435647e-13
-1.102288760258595307e-13
-1.146318355010876442e-13
-1.120324886915631643e-13
-1.160988292133664353e-13
-1.091130900199652371e-13
-1.096996968379104777e-13
-1.030283678697747733e-13
-1.273224035044015851e-13
-1.146989070419462028e-13
-1.086328970035684556e-13
-1.070736476170561490e-13
-1.081780094210186732e-13
-1.048189817681572592e-13
-1.150900971533268110e-13
-9.611282428075972641e-14
-9.545127867267027349e-14
-1.161738470975993798e-13
-1.125669201542365374e-13
-1.214350406113128723e-13
-1.110671872389452569e-13
-1.148779186408109690e-13
-1.014400994220328684e-13
-1.088740385358155689e-13
-9.207510350391379631e-14
-1.240857201758309793e-13
-1.168534157017530153e-13
-1.063660048165098036e-13
-1.097115960492615584e-13
-1.131580677757476594e-13
-1.151543032698354470e-13
-1.029028614994135304e-13
-1.064341739422347705e-13
-1.242197493053693825e-13
-1.118064009819498685e-13
-1.083968917117492677e-13
-1.165511626088355750e-13
-1.187420623890604195e-13
-1.227916403113610339e-13
-1.149518795547390056e-13
-1.133733098975294275e-13
-1.157183964747299261e-13
-1.044744446678701687e-13
-1.120086526990205631e-13
-1.235809062352038296e-13
-1.100152781558997147e-13
-1.202885394173166349e-13
-1.142360146722567108e-13
-1.314339456048521866e-13
-1.148874319330910759e-13
-1.249883357835820335e-13
-1.330318751087339735e-13
-1.193447542857261411e-13
-1.117080763777402674e-13
-1.167840334169088564e-13
-1.270841140911796521e-13
-1.082509317803105324e-13
-1.182080173547940978e-13
-1.217811933878466252e-13
-1.318917357620528654e-13
-1.197408727846974334e-13
-1.363023728065735582e-13
-1.238645152382048333e-13
-1.153198569530941302e-13
-1.145752958356411876e-13
-1.276135990297610719e-13
-1.293566975985396152e-13
-1.251636653518291204e-13
-1.157565004934199528e-13
-1.171344176916770362e-13
-1.091444545801636843e-13
-1.200227330856351896e-13
-1.261312130323605043e-13
-1.317000320281411333e-13
-1.197681706322579219e-13
-1.222417962473281108e-13
-1.171076070646728120e-13
-1.184191392701177365e-13
-1.145195806343392609e-13
-1.288165663813648715e-13
-1.230157024288108725e-13
-1.203890488133414171e-13
-1.285610012039471252e-13
-1.227967156536550269e-13
-1.102056354777483021e-13
-1.163927804467449827e-13
-1.252421235763289609e-13
-1.338501361829612352e-13
-1.228829441433299201e-13
-1.245740381394308099e-13
-1.346810902302499248e-13
-1.178501326317099418e-13
-1.196010971616073460e-13
-1.213656220579621520e-13
-1.216003837610891086e-13
-1.206240123532669632e-13
-1.310449762565451170e-13
-1.187598174533353323e-13
-1.303463885798632413e-13
-1.180692460250433855e-13
-1.330002211659307376e-13
-1.364353244830796684e-13
-1.234877266564844209e-13
-1.351380227593192714e-13
-1.248235808629548149e-13
-1.235341092508483175e-13
-1.310870295813721586e-13
-1.282404906867824979e-13
-1.299960940521969045e-13
-1.242723515207121107e-13
-1.225278169962152770e-13
-1.200588725988300399e-13
-1.343724712726773097e-13
-1.219926011740653502e-13
-1.300636523664273819e-13
-1.296684132679628658e-13
-1.141193725405807909e-13
-1.118106863889743451e-13
-1.255907190532064098e-13
-1.325501081243050981e-13
-1.291299663531544174e-13
-1.270809497464770615e-13
-1.360651536102927632e-13
-1.264991410595497977e-13
-1.493598369935685037e-13
-1.354415734463378685e-13
-1.345936100366594935e-13
-1.237282197196146371e-13
-1.276953351936294954e-13
-1.268273302749282636e-13
-1.244131586100237110e-13
-1.340527691792339882e-13
-1.362794464316775739e-13
-1.281377892179756323e-13
-1.451209646065977810e-13
-1.243990875590599671e-13
-1.309972115030553126e-13
-1.289159345354987576e-13
-1.322236915366536063e-13
-1.333520763206624534e-13
-1.378856028987981289e-13
-1.310832728385128198e-13
-1.227381174946995654e-13
-1.440031825579160187e-13
-1.300726270658402829e-13
-1.227500733364690051e-13
-1.344035421668248648e-13
-1.397927922257364535e-13
-1.265000081513995125e-13
-1.340863326584824592e-13
-1.391276720544895626e-13
-1.317616460163361406e-13
-1.388644063907317960e-13
-1.306862152710686898e-13
-1.337575098545523850e-13
-1.269317499678771253e-13
-1.297644430848927258e-13
-1.431061034629437762e-13
-1.398281789183183650e-13
-1.344247840776499076e-13
-1.406418138714049526e-13
-1.300897543410194806e-13
-1.414294746639836589e-13
-1.323160211488622067e-13
-1.401308636707529100e-13
-1.326535707555093517e-13
-1.396235047432125059e-13
-1.308488080680523220e-13
-1.353469730914959069e-13
-1.272748637844184052e-13
-1.336860596660991212e-13
-1.493639876974008788e-13
-1.404688630809067005e-13
-1.449343930781502207e-13
-1.246566111044595287e-13
-1.353080126761815387e-13
-1.526753789829819271e-13
-1.421937672682769350e-13
-1.421440089127645724e-13
-1.365626757683856405e-13
-1.342966876000820379e-13
-1.324830759182036398e-13
-1.383213155426858986e-13
-1.221687843628963781e-13
-1.485220301678900810e-13
-1.433436433419978140e-13
-1.515317815801974647e-13
-1.402034166462402953e-13
-1.357337593195056346e-13
-1.382425313578214295e-13
-1.511069929328126074e-13
-1.398157661295179818e-13
-1.364847023695812979e-13
-1.455455879154727916e-13
-1.413128649584471884e-13
-1.427660329781066563e-13
-1.447122976030188373e-13
-1.486440756646674057e-13
-1.395653628218356389e-13
-1.481458253237755695e-13
-1.403936671785345941e-13
-1.404590225210986445e-13
-1.473521473036386932e-13
-1.358298618813336103e-13
-1.554083272753921203e-13
-1.374134262943108203e-13
-1.441742753539672394e-13
-1.494883190423979371e-13
-1.490289070355991830e-13
-1.416238485120819710e-13
-1.424559985258236873e-13
-1.479039201493367532e-13
-1.544240048869494337e-13
-1.482541895778786008e-13
-1.542768520047712441e-13
-1.435516545062618957e-13
-1.479288172057082532e-13
-1.349096820383841257e-13
-1.457544330630244209e-13
-1.470570103674979103e-13
-1.461126674258547342e-13
-1.441320207204293827e-13
-1.373047418400895365e-13
-1.427144775984117328e-13
-1.523284719582217150e-13
-1.390691743496254674e-13
-1.452752204886185416e-13
-1.433542757122360148e-13
-1.486827690424632628e-13
-1.432307913185917651e-13
-1.548170018968493182e-13
-1.516017961375122994e-13
-1.542665615721419979e-13
-1.471527580853284257e-13
-1.464963405210277942e-13
-1.516058992655163279e-13
-1.393127073353834820e-13
-1.567664348537883186e-13
-1.493366463726263961e-13
-1.443173456072776983e-13
-1.535072273224454131e-13
-1.373574361825611841e-13
-1.618683374031757885e-13
-1.509602700834083555e-13
-1.570217660290167214e-13
-1.403393115859834144e-13
-1.524636840435369246e-13
-1.516242389302148547e-13
-1.449910088011337800e-13
-1.568955950438236185e-13
-1.590373453995902987e-13
-1.532377910365673622e-13
-1.557106596250861502e-13
-1.446772312399954894e-13
-1.665965473838640472e-13
-1.519579869238304747e-13
-1.588863649129978150e-13
-1.545475633109658372e-13
-1.528702085816761904e-13
-1.507347747916521260e-13
-1.516244453726521011e-13
-1.455002749953078232e-13
-1.524133301449571900e-13
-1.500732277167249817e-13
-1.592733321984713633e-13
-1.491285131937042784e-13
-1.492503647907457959e-13
-1.623546136906408625e-13
-1.493611163568646517e-13
-1.545167605406679571e-13
-1.565312135568997946e-13
-1.600053273007297373e-13
-1.487395168552321445e-13
-1.577094623271268596e-13
-1.610628670094189410e-13
-1.621719914120479062e-13
-1.513692241319981678e-13
-1.542489981721822997e-13
-1.607718982549964776e-13
-1.517689299077456043e-13
-1.612579016079904018e-13
-1.528260314256306512e-13
-1.468185177595995754e-13
-1.609643834000280102e-13
-1.478379692798957100e-13
-1.483091394206926908e-13
-1.617060717794609461e-13
-1.670516092007519353e-13
-1.594842785422886011e-13
-1.582816979564490900e-13
-1.644595246185457074e-13
-1.580782786463610344e-13
-1.614963102612821812e-13
-1.625548488034224037e-13
-1.534755146289853617e-13
-1.609474807948245019e-13
-1.641685684850646652e-13
-1.582273233547580261e-13
-1.548018008471124753e-13
-1.592059719782451886e-13
-1.549711540515448549e-13
-1.600115158731488405e-13
-1.623766489737648612e-13
-1.691959891436555441e-13
-1.640959469656873339e-13
-1.501173307695080485e-13
-1.689242676412980197e-13
-1.646571168032492146e-13
-1.567932145574901432e-13
-1.571222738125967372e-13
-1.586661778253882396e-13
-1.600849483033299460e-13
-1.630637801832540694e-13
-1.680363120406170384e-13
-1.636495478941464735e-13
-1.665388656380964963e-13
-1.603811761436784396e-13
-1.559220480959312829e-13
-1.517151522680256260e-13
-1.563114510392616349e-13
-1.677733648183976510e-13
-1.621150084869362304e-13
-1.519555619855628050e-13
-1.566910129257401684e-13
-1.547894432768059353e-13
-1.656067263993428567e-13
-1.531225905214337853e-13
-1.626596143699285762e-13
-1.603768215241456455e-13
-1.545677614832147252e-13
-1.665767816398621204e-13
-1.602953222326391251e-13
-1.443095257642449830e-13
-1.564476179081428572e-13
-1.553991019578147953e-13
-1.531415348178305340e-13
-1.661725664409706386e-13
-1.562593643246254471e-13
-1.709220826849732090e-13
-1.467052377424652877e-13
-1.506816452198968030e-13
-1.533093237597773147e-13
-1.595342954071540275e-13
-1.627301796322036092e-13
-1.608522003426186984e-13
-1.620610927611714567e-13
-1.624318424731406003e-13
-1.739359894095288443e-13
-1.669666264910317423e-13
-1.612743302920798208e-13
-1.603294569120901233e-13
-1.505401764857877665e-13
-1.606399576276932008e-13
-1.502741366759777747e-13
-1.604249547494430694e-13
-1.557494350403842255e-13
-1.578357936013702571e-13
-1.613550053175070131e-13
-1.646527781606707235e-13
-1.620036913403168306e-13
-1.642963728785170939e-13
-1.564366444070093244e-13
-1.622149964906180492e-13
-1.658103644691976162e-13
-1.642042948662598417e-13
-1.634609715955414909e-13
-1.621092157089494461e-13
-1.504851442400422590e-13
-1.734272639836126069e-13
-1.712063805709987580e-13
-1.664280531765533003e-13
-1.677350186411929353e-13
-1.666065505281467801e-13
-1.530366532846773206e-13
-1.543599384876512784e-13
-1.597819149291117388e-13
-1.687259845250952980e-13
-1.596144984227203415e-13
-1.711691554382703926e-13
-1.574013444763965349e-13
-1.646831735157740610e-13
-1.592634779732467225e-13
-1.681002183332051874e-13
-1.682093588675615305e-13
-1.644795986279164240e-13
-1.591374312590817180e-13
-1.621966526398595978e-13
-1.526238459988048307e-13
-1.520533823357290057e-13
-1.621502060700099251e-13
-1.572115151611655246e-13
-1.613080944544822794e-13
-1.784178215648827645e-13
-1.700677581609636357e-13
-1.527346332157219174e-13
-1.644026836347279242e-13
-1.610458301453128351e-13
-1.702996443789798152e-13
-1.576618264084686867e-13
-1.536496896551948804e-13
-1.652517629742217872e-13
-1.488489474669570478e-13
-1.583150540605145124e-13
-1.579306261186442161e-13
-1.603830897846334813e-13
-1.620014549426775682e-13
-1.616235925811426273e-13
-1.637672155525020936e-13
-1.571638386373594863e-13
-1.598954273379536935e-13
-1.709484634564074537e-13
-1.613175604712586873e-13
-1.693500357459963295e-13
-1.655312157866592559e-13
-1.728819009626057426e-13
-1.567083048740863053e-13
-1.639469470062315960e-13
-1.609250300640821380e-13
-1.602157981672598777e-13
-1.634523473885630067e-13
-1.672302316248733841e-13
-1.500447821834544828e-13
-1.525436072331535707e-13
-1.464847779312396356e-13
-1.555773615180270525e-13
-1.490019270813565342e-13
-1.565705154695926630e-13
-1.580614518119637836e-13
-1.544998034714688056e-13
-1.572327571448489528e-13
-1.652774318548467524e-13
-1.545448109767853905e-13
-1.587119744025869692e-13
-1.532640506600665116e-13
-1.589800184535253780e-13
-1.663695259014111670e-13
-1.629023473303570296e-13
-1.558742916232023238e-13
-1.543075409258671011e-13
-1.604756259829778268e-13
-1.496295766695491291e-13
-1.544942507730096082e-13
-1.587703741723063662e-13
-1.654650744717307096e-13
-1.592308854206464891e-13
-1.546300610319361958e-13
-1.528141943179185399e-13
-1.547555807831803514e-13
-1.609413708169056420e-13
-1.604264247374799752e-13
-1.542430691422688339e-13
-1.554793990447890466e-13
-1.612924191224978679e-13
-1.618817116016705627e-13
-1.628839594797281612e-13
-1.572431495531253881e-13
-1.458966083945056472e-13
-1.631933316596620706e-13
-1.595799264549589176e-13
-1.561642053000542712e-13
-1.595552112193406808e-13
-1.578436446939292952e-13
-1.587856348074186133e-13
-1.547557226623725891e-13
-1.546063963466076115e-13
-1.514420879311963209e-13
-1.536098391272584594e-13
-1.570914596688959483e-13
-1.569396410475474801e-13
-1.480298592462459812e-13
-1.618679850488164031e-13
-1.646475120470740225e-13
-1.489347870385623031e-13
-1.571257311889807557e-13
-1.588728290602456460e-13
-1.577113608875420013e-13
-1.560577303239062732e-13
-1.577014366643081678e-13
-1.497515209390194017e-13
-1.524988566635749608e-13
-1.565493531141129163e-13
-1.552039817105303434e-13
-1.573500953937577830e-13
-1.595310197256700189e-13
-1.530449513497008232e-13
-1.546040760171272591e-13
-1.471693992005661372e-13
-1.548830469457080736e-13
-1.591180177053928378e-13
-1.567465837666920751e-13
-1.592989941077496953e-13
-1.556252071517031524e-13
-1.633740102509206870e-13
-1.528492953264957022e-13
-1.613000049911420863e-13
-1.448411326634127503e-13
-1.584196042839137823e-13
-1.539022385874530728e-13
-1.474893239696849778e-13
-1.560020445777835144e-13
-1.522058211456044154e-13
-1.628657603145785164e-13
-1.494179853566234534e-13
-1.559887928289955128e-13
-1.584249776754751650e-13
-1.470786827784231651e-13
-1.641534084713731480e-13
-1.585497299279690745e-13
-1.462015981224908636e-13
-1.521217843124775172e-13
-1.636403123115650113e-13
-1.548605072806406111e-13
-1.570962807727227754e-13
-1.560719053946314816e-13
-1.534445058339065451e-13
-1.568057035008460850e-13
-1.560850477460169821e-13
-1.594625589578206137e-13
-1.600517036339868474e-13
-1.514976395563179510e-13
-1.499202715958555095e-13
-1.553580668525787921e-13
-1.519341145428438088e-13
-1.481597396993342797e-13
-1.530850990882002655e-13
-1.566622319082961319e-13
-1.579232794499538346e-13
-1.531876323367108747e-13
-1.599663809027539612e-13
-1.453519708867897374e-13
-1.544590997689832231e-13
-1.490607064095778034e-13
-1.560544431330721666e-13
-1.541825648748945786e-13
-1.480580118940384429e-13
-1.582737955366297830e-13
-1.522681001004564812e-13
-1.571383875836275641e-13
-1.540241137176469799e-13
-1.566453332995773325e-13
-1.442607130939177403e-13
-1.636202307371378680e-13
-1.454441540812733286e-13
-1.475122269925203402e-13
-1.504758098928812876e-13
-1.466009327428795386e-13
-1.470953367160726018e-13
-1.548622835141582655e-13
-1.502291424372995751e-13
-1.504590182471258218e-13
-1.604999431568594895e-13
-1.537998982305614160e-13
-1.529859755739479935e-13
-1.501477075726604465e-13
-1.602049722187619862e-13
-1.471773212738655526e-13
-1.533486623739771437e-13
-1.428565080258578071e-13
-1.488902879717988748e-13
-1.500997032856938107e-13
-1.544566532382117048e-13
-1.539723888471369239e-13
-1.519874275143339595e-13
-1.609537133449871174e-13
-1.471841403198964728e-13
-1.528562071988781446e-13
-1.447655833053400784e-13
-1.508825154186534979e-13
-1.489830582504059634e-13
-1.593234591666184659e-13
-1.488082824340444905e-13
-1.462512194151439929e-13
-1.445133699681280189e-13
-1.497570435485345880e-13
-1.418648920941338414e-13
-1.506178294890771755e-13
-1.480337948875261114e-13
-1.540234501888214246e-13
-1.470087866115344407e-13
-1.525361854600399997e-13
-1.443834130980462440e-13
-1.550905704018224801e-13
-1.554273757068960856e-13
-1.495701214170829886e-13
-1.462752832737292623e-13
-1.541925892952575399e-13
-1.451818401331374209e-13
-1.489156920045124396e-13
-1.453083950413870320e-13
-1.462993471400555418e-13
-1.517480960681011620e-13
-1.431402854549723862e-13
-1.466861618895960520e-13
-1.358470001107728395e-13
-1.454034959553046235e-13
-1.457628684763426797e-13
-1.505628789266337493e-13
-1.509265022919022440e-13
-1.495599230497039581e-13
-1.469407392757461678e-13
-1.455631597265581913e-13
-1.477905007154634743e-13
-1.488875449566242029e-13
-1.440015879554620585e-13
-1.390505406809026796e-13
-1.429004716697635317e-13
-1.573715066698638846e-13
-1.457934323187142358e-13
-1.489208497377691263e-13
-1.465667677579993875e-13
-1.414463900777254419e-13
-1.436303263883883024e-13
-1.447676301640663401e-13
-1.538037754876251109e-13
-1.467025756161522355e-13
-1.450438873787284291e-13
-1.466364664689368751e-13
-1.467494598523624496e-13
-1.524912294052825928e-13
-1.405674336898334941e-13
-1.543585575190751322e-13
-1.457875413601067334e-13
-1.428241070079271461e-13
-1.442784553023827027e-13
-1.387030437378067547e-13
-1.495169232933803826e-13
-1.416085298544958445e-13
-1.411074850199716950e-13
-1.405209451864423310e-13
-1.387409486031335924e-13
-1.388795531982762716e-13
-1.517641660958957707e-13
-1.560364942784450008e-13
-1.468178547516540290e-13
-1.404454671845785953e-13
-1.457602298592070828e-13
-1.414044161562434781e-13
-1.402306681865561682e-13
-1.424767103773279874e-13
-1.405476179154383308e-13
-1.402009995825794598e-13
-1.367521432144699464e-13
-1.370476599988360188e-13
-1.388840528956211623e-13
-1.353332558454151799e-13
-1.435461679003049074e-13
-1.375890325177550292e-13
-1.368162841704758499e-13
-1.338260489014679857e-13
-1.406513536639596508e-13
-1.496441999393210288e-13
-1.410164276200005783e-13
-1.415933494727567191e-13
-1.435349157284239112e-13
-1.344081438443955943e-13
-1.333591585024073219e-13
-1.345640216211613057e-13
-1.423040786664456667e-13
-1.309329862319368530e-13
-1.329976058070256678e-13
-1.326947099572148712e-13
-1.417956227363830301e-13
-1.339300780374924655e-13
-1.417305304229770300e-13
-1.410942552712731399e-13
-1.366172432305247458e-13
-1.363425789477115215e-13
-1.379557378723007590e-13
-1.306662432463398680e-13
-1.370364137693854042e-13
-1.384722641395620765e-13
-1.378304878466720138e-13
-1.351516048739001095e-13
-1.385422637595606029e-13
-1.367208123169636072e-13
-1.412247922168065918e-13
-1.313690632809954835e-13
-1.380870115034211762e-13
-1.348646204070193793e-13
-1.276639460011582924e-13
-1.300591918527658619e-13
-1.363366010224502013e-13
-1.373614565944093909e-13
-1.331311840729097036e-13
-1.395727118519968164e-13
-1.387205282251933276e-13
-1.332262515649076144e-13
-1.361816129626503644e-13
-1.275971519276968357e-13
-1.397645317575832146e-13
-1.334750647032681923e-13
-1.345315668546707784e-13
-1.400915680025178999e-13
-1.364688530359818986e-13
-1.334030237228903073e-13
-1.254041013321135343e-13
-1.316688667973744164e-13
-1.327661484428037926e-13
-1.334994163625900734e-13
-1.305052079612112632e-13
-1.358151977634276217e-13
-1.374734826908077773e-13
-1.302456383137983068e-13
-1.384315308691240682e-13
-1.335994028129997211e-13
-1.258839084554940099e-13
-1.335847392807350818e-13
-1.300889371180254683e-13
-1.329168560150407514e-13
-1.300323322864688035e-13
-1.324835573291625666e-13
-1.293713770698035942e-13
-1.270620188828262232e-13
-1.292003777155410135e-13
-1.253965888539420402e-13
-1.292524391158138443e-13
-1.275779287853384376e-13
-1.285650292669143629e-13
-1.296205853786358129e-13
-1.281761051586132237e-13
-1.299290819075704263e-13
-1.274667309420374544e-13
-1.382871542957772035e-13
-1.311897618716355178e-13
-1.285328986664440355e-13
-1.256966377310187741e-13
-1.275424383907700952e-13
-1.201295420178839773e-13
-1.276483496825242267e-13
-1.291010520668565929e-13
-1.275562628403953506e-13
-1.241813969707323281e-13
-1.325711525459634423e-13
-1.224174735616131932e-13
-1.320927903445943460e-13
-1.233932871099821670e-13
-1.222673288561025197e-13
-1.218638856489375024e-13
-1.234607367790997850e-13
-1.186147892704373726e-13
-1.255176375078065208e-13
-1.257782337485753606e-13
-1.265610588903920665e-13
-1.185994116168216315e-13
-1.256080006088119875e-13
-1.175955801165440249e-13
-1.252531204780868319e-13
-1.272368176779212957e-13
-1.225112889508544845e-13
-1.235182061689818517e-13
-1.287293233942437763e-13
-1.204800219194950065e-13
-1.228216496410525301e-13
-1.225409236506194990e-13
-1.263879519235631343e-13
-1.200007897054408932e-13
-1.242332562418636541e-13
-1.210957211521262247e-13
-1.260541578383523275e-13
-1.222401202254813326e-13
-1.227088303108106517e-13
-1.196514300478892920e-13
-1.215592151575372244e-13
-1.252513977914804193e-13
-1.186335769113206003e-13
-1.164029227022417870e-13
-1.206350703448931386e-13
-1.213646600614830303e-13
-1.165295601127994735e-13
-1.182248798128996921e-13
-1.197608121333504023e-13
-1.150317695368953181e-13
-1.153706903776602105e-13
-1.188542245389309290e-13
-1.172501203234467378e-13
-1.217979901117099914e-13
-1.142110202194808626e-13
-1.163380370762849001e-13
-1.170937539081512987e-13
-1.141046043441687468e-13
-1.120487803346374261e-13
-1.209061804343747014e-13
-1.197758906014011402e-13
-1.194654210341357961e-13
-1.173023846209491124e-13
-1.106036183590916128e-13
-1.156345885424824688e-13
-1.193103856775850933e-13
-1.172539133797390113e-13
-1.175036891399476254e-13
-1.132041471170322021e-13
-1.181325841652928772e-13
-1.123087441113439449e-13
-1.172250958471611361e-13
-1.178085949665107837e-13
-1.113804575354218464e-13
-1.123066949586928813e-13
-1.159320188755871821e-13
-1.184265466568253903e-13
-1.189147168953377195e-13
-1.156932137554186107e-13
-1.115834073736520471e-13
-1.207232611417846103e-13
-1.150779762826071461e-13
-1.117646595478618877e-13
-1.148522803810330739e-13
-1.151592413837130667e-13
-1.152692949117815507e-13
-1.154215331852564457e-13
-1.131786058389483936e-13
-1.091604044300992736e-13
-1.151251318238793214e-13
-1.095157273305069103e-13
-1.108149671909134318e-13
-1.105321750060401532e-13
