0.000000000000000000e+00
0.000000000000000000e+00
1.729191351257899169e-12
4.891163741676378032e-12
2.303464066908716846e-13
1.410479533940300127e-13
5.106996611650486356e-14
-4.918921194600671163e-15
2.082721149822132533e-14
1.639068486330466755e-14
6.231629929767283533e-15
1.287162424826929668e-14
4.431800690646569158e-15
3.962779709499968019e-15
-1.105588485383958483e-15
4.618176855823556791e-15
1.904279510552285801e-15
3.903383625652715812e-16
6.920651028602137259e-16
2.215946525572006918e-16
1.141031433424239557e-15
4.379287984113336987e-16
6.932230946538210987e-16
1.067401965133071162e-15
7.053570644873397325e-16
2.289446936652667459e-16
4.255977665534921562e-16
4.280098740767982026e-16
4.175796678014331161e-17
3.907211029696297182e-16
2.288323742553303719e-16
2.424891377990644458e-16
1.444745245450000010e-16
1.444345247515262544e-16
9.485030978346702105e-17
6.607994506061719703e-17
1.201623923841848675e-16
8.826304974828720211e-17
6.199189451343919868e-17
7.769418250284976996e-17
7.012373995418733249e-17
4.708926156697350256e-17
4.360820700188440383e-17
3.017474836232681958e-17
6.014029385854446099e-17
6.207750359831375342e-17
5.452630968632841275e-17
1.356027641656096188e-17
1.904634197113270254e-17
3.464248070808540435e-17
2.387866450635792182e-17
2.598309230419086881e-17
2.392942095784011364e-17
2.000750729912443082e-17
2.759729757930823353e-17
7.616834752284094912e-18
7.738589496561918751e-18
1.206736795198646445e-17
1.299741902077496764e-17
1.240913366795412075e-17
6.190309716695305971e-18
1.686641572628528299e-17
1.110865449141989113e-17
4.897237130881650041e-18
7.363502507650991363e-18
1.364003107655063094e-17
1.076097932901811658e-17
8.922401046012436103e-18
8.516492374566482189e-18
9.643868902403459703e-18
1.048097524929061536e-17
7.503382432350237508e-18
6.500616113520764898e-18
3.302419620381970222e-18
7.603052728083692579e-18
6.322933293135551415e-18
4.589561632732855513e-18
5.361338311064745394e-18
5.959779162809818961e-18
4.744995254562924191e-18
5.665668136403422900e-18
3.902181047879790113e-18
3.724542551360191074e-18
3.143628438977561374e-18
1.640037319332145306e-18
2.084194045056775034e-18
2.599113772803140091e-18
2.478098922669769323e-18
3.041512771862929748e-18
1.358603110041432365e-18
7.059239418992944013e-19
2.253633608988652413e-18
1.690672407497784613e-18
2.445900892193486489e-18
1.721104639695282940e-18
1.755279410204927862e-18
2.998503755275782683e-18
1.584743191078470798e-18
1.255960314511277068e-18
2.401097266600911832e-18
9.639725672580762211e-19
1.705152531243438839e-18
7.912851923423989671e-19
8.654271158533095505e-19
1.403549190456297889e-18
7.888589519322838451e-19
7.610417195942015729e-19
9.509696660315137453e-19
1.005135736817029393e-18
9.409096816390095364e-19
1.290303252784839362e-18
8.063659691768673526e-19
1.248428250872456199e-18
1.051134142039087824e-18
7.443175551901211052e-19
1.161053674314035998e-18
1.248078687575087802e-18
7.457018298179743749e-19
1.015601081894460411e-18
9.873437254292800099e-19
8.460273363119945686e-19
6.826577642767865155e-19
4.517351496577739703e-19
6.374338940822096081e-19
4.114786378600987544e-19
7.167152723956300171e-19
5.657993317823574033e-19
4.765381256307718114e-19
6.177659565373869266e-19
5.425472011920366528e-19
5.434045999657280586e-19
4.429324343641843246e-19
2.911089848045289906e-19
5.210940840565804350e-19
3.974757303809737698e-19
4.149832471674664107e-19
2.874361501833125650e-19
3.555800909100394011e-19
4.641173073315160674e-19
4.750430683987247946e-19
3.136609650006507679e-19
5.765281442003253659e-19
2.986143391468267243e-19
3.517864372088257331e-19
3.770365624721806747e-19
2.865526338151237759e-19
3.205943611859256253e-19
2.688905943757650097e-19
2.768918883065011415e-19
3.175385530296125470e-19
2.479576042492578383e-19
2.730041556374426743e-19
2.244139172920104517e-19
2.683555879769809027e-19
2.160565779059274076e-19
2.850833386409036099e-19
2.370709753847168020e-19
2.130589376117867891e-19
2.191107252194318837e-19
1.640840250377859039e-19
2.203025203858818689e-19
1.638253869860860682e-19
2.667356086617968612e-19
2.081403820088718959e-19
1.789944004529806536e-19
1.789319293287462611e-19
2.588339240519494901e-19
2.516807686909938560e-19
1.014186282055574047e-19
1.425169921786890493e-19
1.494587042112095290e-19
1.357457195304505139e-19
1.945491504340188650e-19
1.363355157808136486e-19
1.791044087261483796e-19
1.144448643044611722e-19
1.247249497073683881e-19
1.412657107131564539e-19
7.517367510403965362e-20
1.403307133267405880e-19
1.436740369445166613e-19
1.376839394917376371e-19
5.987515467365061680e-20
1.251385027142111876e-19
9.909799076463980589e-20
1.597725480576706323e-19
9.695849381122800321e-20
1.151006453381061422e-19
1.496982663049284443e-19
8.326997082409086499e-20
1.132417450704485146e-19
1.024309166100354091e-19
1.130821677802343273e-19
8.866950196112409479e-20
1.040317756602393076e-19
1.312698595595201044e-19
6.856729755542346051e-20
1.075673380346560644e-19
9.837562528266127453e-20
7.773769225978805195e-20
6.791956940269869346e-20
7.093698212668780630e-20
7.825796427370535004e-20
5.384582416492530006e-20
3.760547567303958358e-20
7.394922563488523503e-20
9.418909558534070133e-20
8.361524078146121072e-20
8.052536242228290780e-20
5.556900373100461440e-20
5.298662731729898238e-20
4.518372485127291437e-20
3.455329862995994411e-20
4.799211249955447795e-20
8.018657091271499416e-20
6.093917470787671944e-20
5.330252179760034363e-20
6.035729169580584684e-20
5.257858345979213842e-20
3.075528800557344737e-20
4.594856661000425644e-20
3.940087198455374555e-20
3.484181475049618900e-20
5.905834260161908903e-20
4.863086432401186877e-20
3.982941468522497392e-20
4.669876206243062795e-20
4.844963082598720901e-20
3.837768539338664889e-20
5.042124524214627926e-20
4.381324684051038446e-20
5.696156808238588525e-20
5.202026045823788104e-20
3.914446403181910177e-20
3.962787329838417166e-20
4.392207866193292994e-20
4.185260992553185441e-20
3.821204004359348694e-20
3.890769798811681684e-20
3.697821658748399957e-20
4.700796857086111199e-20
3.557024630033668007e-20
3.449851836105587089e-20
3.780135207509327754e-20
3.334092335936873797e-20
3.755942251278621099e-20
3.432709025238292095e-20
3.664153797273286833e-20
2.800038392795297560e-20
4.120521506452818025e-20
4.347695396015679066e-20
2.875486986261959238e-20
2.488610209715612817e-20
3.214281561169409604e-20
2.939300700569750658e-20
2.487621562380524155e-20
2.235844605632410623e-20
3.099972924425119143e-20
2.671212520481570878e-20
2.830935921086785612e-20
2.483247583718719643e-20
2.074224900189415550e-20
3.194244934697130005e-20
2.505405711857348061e-20
2.378148231762497377e-20
2.481827573432072459e-20
1.823600385914933360e-20
2.093170247951517037e-20
1.757781793219774588e-20
2.521499950294496066e-20
2.622474539435687185e-20
2.166983293402010252e-20
1.929558233007687981e-20
2.061856514528795562e-20
1.639252370653398099e-20
2.026524978284756617e-20
2.212451648534895914e-20
2.523874244004047059e-20
2.471560517479509239e-20
2.324944900255077643e-20
1.840197647260076596e-20
2.566642133941866496e-20
2.075730036604651970e-20
2.029309916770854375e-20
1.803014711697172714e-20
2.315690167544383709e-20
2.204078547323520193e-20
2.025037487175859498e-20
1.650793166463767294e-20
2.535156295881855229e-20
1.288304992386162287e-20
2.131784977665086969e-20
1.461196983379376459e-20
2.065122786054557289e-20
1.865214008942724922e-20
1.978672256202541641e-20
1.213126043053066839e-20
1.822516442841377499e-20
1.678947591284923687e-20
1.742021346271043136e-20
1.269393722796344444e-20
1.936513925114674915e-20
1.585905514259530464e-20
1.722410899374163983e-20
1.355166700161429678e-20
1.483717604077424883e-20
1.463303711514009822e-20
1.103081609996859670e-20
1.206408185159784170e-20
1.242229234260369122e-20
1.598571084584505295e-20
1.422729105882728374e-20
1.444121145459227550e-20
1.644918422884654201e-20
1.444443332312369106e-20
1.243638354622227856e-20
1.402541210944499511e-20
9.356319085561796822e-21
1.110720280864237456e-20
1.461404708996546411e-20
9.972253199405286506e-21
1.280529118382532839e-20
1.048778201459421070e-20
1.086068308772841295e-20
1.157817281610772603e-20
1.111059781058206303e-20
1.318678925762762603e-20
1.221608948322599349e-20
1.184214130494467604e-20
7.963816622411949670e-21
1.049146069686977814e-20
1.016569256807065408e-20
1.010416863240104844e-20
1.230594390120709525e-20
1.026603764827785026e-20
9.083993443727326369e-21
9.709801906352604589e-21
9.973102911089053028e-21
1.034082320228721464e-20
1.173764402865963931e-20
1.164081911760903915e-20
6.919082747662267018e-21
7.524413803684277784e-21
9.691118650158096576e-21
1.106003219782033192e-20
1.205307780099832604e-20
1.162093070380798971e-20
6.977727907065043878e-21
9.108489384310833827e-21
8.435662751310879822e-21
8.965817020710950274e-21
8.800127726932233370e-21
1.087246604818792793e-20
8.356398707955241353e-21
9.741502560233958971e-21
1.037209960157623553e-20
9.263443427293466097e-21
6.582056232825251011e-21
9.030821222035614046e-21
9.729553212701087632e-21
6.310419997225615294e-21
8.311180500777907933e-21
7.305452756377601100e-21
8.346631555918947078e-21
7.429609925120645116e-21
8.279205823294133926e-21
8.118061888573319107e-21
6.665436652032819977e-21
7.117140328886405666e-21
5.808460908939239453e-21
8.309099764189251601e-21
7.661337874577067040e-21
6.722155533634283275e-21
7.311232635331248387e-21
5.336697511371226736e-21
6.739492514166954745e-21
8.558621919411086286e-21
6.541297219268435573e-21
7.380397300706505967e-21
7.691059540740711895e-21
5.981569613742142909e-21
8.364681337183044243e-21
7.207940481936013622e-21
5.673826234731586983e-21
6.139927969677381101e-21
6.855804213434597765e-21
5.391706456901842501e-21
6.243997113387487415e-21
6.458086285165235003e-21
4.743447076480561258e-21
6.895282655931718618e-21
4.993853964788130088e-21
5.516840518860008894e-21
6.640529567736129375e-21
6.894656504239166789e-21
5.130013989461663867e-21
5.867748329280402493e-21
5.190821028659104627e-21
6.074156822026041436e-21
5.964368910311779260e-21
3.940436730870750780e-21
3.597683164009569614e-21
4.457538959755852807e-21
4.700963759612040015e-21
4.923193680461102638e-21
4.737628095025663004e-21
4.239774507605887199e-21
5.073841887127962548e-21
4.534062852148190047e-21
5.653563555240894717e-21
4.670929641803462154e-21
4.763005679974235149e-21
4.534078720236323825e-21
3.838192856635594335e-21
4.326085762898753586e-21
5.926042181641610270e-21
4.700581701070195118e-21
3.124182266239098996e-21
3.973426270609471064e-21
4.301272751869201900e-21
2.693549602368765309e-21
3.391705486087993150e-21
4.543380815998155592e-21
3.939001168633334012e-21
4.007681772247663926e-21
3.180915077118310516e-21
4.997533250425059567e-21
4.134033499426154869e-21
3.001264688327964916e-21
3.278636849154037262e-21
3.768623050159015759e-21
3.985819696476230817e-21
4.391868927640766674e-21
2.706684194686228462e-21
3.942199491194386141e-21
3.709174231242836764e-21
3.941473210445864943e-21
3.518271481866420417e-21
4.109144770192855475e-21
3.676887508796973262e-21
3.461169289479848253e-21
2.364305173831886034e-21
3.291259841606926815e-21
2.215916084102198955e-21
3.716021492689183654e-21
2.733740707803134650e-21
3.498522490114364591e-21
2.283535357584327624e-21
3.201131176021090218e-21
2.549754690406617618e-21
1.824059408027310482e-21
3.360014601686525723e-21
2.802687630588942713e-21
2.709912089250082328e-21
4.369141074607176641e-21
3.021985295088125400e-21
2.684573328956685705e-21
3.118019883032682969e-21
2.296266186605360897e-21
2.596279479800078260e-21
2.423964941306305727e-21
2.276924243153662679e-21
2.852478649202919647e-21
3.415616873893805630e-21
2.589573876283842382e-21
2.090951266507309501e-21
2.233783820054878263e-21
2.654928572273328040e-21
2.699406187352158676e-21
2.880324927760026785e-21
1.927513230543793407e-21
3.107986351456894481e-21
2.532803225760822954e-21
2.411038163508283525e-21
2.352309417398237238e-21
2.517063985095072441e-21
2.432310884535124901e-21
2.526717113318272861e-21
2.570752178970264849e-21
2.229728178447991882e-21
2.469327488292252797e-21
2.962026936724466175e-21
1.839541679735157501e-21
1.772874570265741814e-21
1.595701293391903942e-21
2.496613940529913824e-21
1.845969063157910755e-21
2.069370747364612234e-21
1.942897444682270220e-21
1.657160976322546002e-21
2.439110206889929882e-21
2.302036383963905381e-21
2.334161833593965065e-21
2.314429526565678846e-21
1.714058219508255991e-21
1.752969441245096904e-21
1.422099817363746376e-21
2.412229259795130154e-21
2.038374908287908636e-21
1.941352788961661826e-21
1.384499335050313168e-21
2.266067562791741834e-21
1.849392535813452713e-21
1.828159783806223076e-21
1.578730276590755070e-21
1.241729999262508509e-21
1.740314326656141230e-21
1.917458758256929192e-21
1.285146002218937244e-21
1.854648988225523395e-21
1.855980307042262601e-21
1.900478895692561718e-21
1.741007015273615614e-21
1.498342726997449569e-21
1.848565291166162025e-21
1.238454420878193073e-21
1.651376599244997127e-21
1.985407934335599288e-21
1.539583590582162620e-21
1.437051182269405157e-21
1.779139240878051075e-21
1.956778722064770251e-21
1.127005001101790017e-21
1.513543541053875148e-21
1.441638718224390194e-21
1.640872216207085378e-21
1.228575415227884518e-21
1.419470592010917022e-21
9.818463510270408609e-22
1.777073293042327524e-21
1.075782210270094385e-21
1.619086585330169968e-21
1.207604016724530346e-21
1.435102457162229947e-21
1.218969242256274623e-21
1.097435666044933342e-21
1.321742353016951917e-21
1.182962832559774063e-21
1.292794345503899200e-21
1.453547463108754171e-21
1.199123936508094752e-21
1.436369589661457935e-21
1.292137108202401593e-21
1.340479992171275686e-21
1.203508596532591461e-21
1.286459118322269701e-21
1.581428266226685289e-21
1.335266699076015905e-21
1.398914254366753686e-21
9.577899692255503167e-22
1.288478783454099461e-21
1.119357121304604390e-21
1.335587865511449475e-21
1.188492698576719877e-21
1.209787985095675184e-21
1.041486655761743374e-21
9.884603852350324249e-22
1.493979420401400054e-21
1.002611027101686337e-21
1.351225069123695928e-21
1.271027750175293023e-21
1.107839368476973580e-21
1.145258752189298027e-21
1.187021295625660813e-21
1.030794872824939632e-21
1.174523828423515752e-21
1.125308498542951240e-21
7.272696242880401439e-22
1.038009517350024368e-21
1.109750656665435409e-21
9.542810543940222634e-22
8.976373715962974651e-22
9.743705451419587676e-22
9.792923985294248578e-22
9.290028898599106662e-22
1.387273382926940876e-21
7.839584015965634676e-22
9.476120963299634870e-22
1.144009216918527966e-21
1.031191359760805958e-21
8.231619991597974175e-22
1.026971996686345467e-21
8.823765368615225038e-22
9.242346078057647936e-22
9.600470794741832898e-22
1.073816126757998674e-21
9.213954471773029715e-22
1.058214314081987709e-21
9.960489675198754035e-22
9.192911045709209354e-22
8.871295659322384888e-22
8.320789756057470070e-22
1.055578874765903976e-21
7.086760303733495773e-22
1.038105094290645815e-21
7.276623743996604602e-22
8.351203969683186252e-22
8.736143949122038651e-22
8.509153853269197867e-22
8.340173982239842390e-22
1.066963427002773682e-21
9.217061731208844985e-22
7.815887319068543040e-22
8.831682372120363611e-22
8.051655902772943763e-22
7.121545800728552336e-22
8.594787245022822490e-22
6.727673651636780275e-22
6.255759513911544995e-22
8.059605850598837590e-22
8.168629678676825043e-22
8.085612288162034477e-22
6.230872879527495187e-22
7.495852332153673549e-22
8.917601546049747093e-22
8.807819780171971136e-22
8.817004854941447000e-22
7.852383761446871344e-22
1.148990606669722627e-21
8.220245647839668553e-22
7.206649506713150562e-22
7.650362363535673312e-22
8.073529416858380913e-22
8.993467674639401850e-22
7.187088394546263667e-22
7.672131070272435688e-22
7.817429244378850485e-22
6.909472942220068510e-22
9.097359716823305739e-22
7.645533906954946679e-22
9.300295550174588672e-22
6.918912605210501847e-22
6.061790479518626099e-22
6.971839581009400084e-22
7.010942599992276810e-22
9.012537186985855656e-22
6.901909870451007646e-22
7.180249195968217578e-22
5.493661214534022143e-22
7.623867687400193892e-22
6.969715725681800358e-22
6.770311912049153175e-22
6.978954275266340229e-22
7.919801534995798117e-22
7.645638836546996378e-22
6.546687347370000047e-22
4.740507726456241045e-22
7.832752849731746328e-22
7.440557499824970445e-22
6.726625899476091805e-22
8.155969677965755936e-22
6.293405833734015184e-22
7.239841314548991187e-22
6.618697790966817206e-22
5.602831608423749785e-22
6.684129669896290460e-22
5.335856726363075027e-22
7.214539525093531574e-22
6.354774568429678290e-22
6.007610176431451975e-22
6.341822212917187004e-22
5.050923157943700050e-22
6.064501831888767698e-22
6.463331810912743016e-22
7.693089001101659073e-22
5.187465006134157501e-22
4.874920220398066654e-22
4.329917757737193215e-22
6.633201949180287729e-22
4.497756604389374863e-22
5.156875989192412722e-22
5.121945890126771194e-22
5.827503070693654094e-22
6.529067710814382237e-22
6.556666184607798332e-22
4.008814490084941466e-22
6.247986070511159043e-22
5.653735116511009886e-22
5.315210648706042182e-22
4.596580378034779767e-22
4.497753322977349363e-22
4.378972809014985601e-22
5.388916579626432024e-22
4.252731548702738543e-22
4.872272904763451179e-22
4.668507086871830016e-22
6.211621304989891776e-22
4.821661428570240436e-22
4.338880406684303544e-22
5.099592887966377316e-22
3.583131486098913732e-22
4.564548340191951837e-22
4.792125445816709512e-22
4.487399524394033798e-22
3.600678430769074230e-22
6.021977133116633473e-22
5.181926038337566386e-22
5.904974275194507329e-22
4.557379118439785261e-22
4.362328689833497276e-22
4.643999135509854812e-22
3.746842826101835218e-22
3.752960574726412755e-22
4.265603162911839567e-22
4.628438464060871237e-22
5.524113225014353799e-22
4.565351591803886187e-22
4.397185790296184536e-22
5.353131940460257926e-22
4.712096646682153123e-22
3.535564273866517521e-22
3.448933688035801622e-22
3.675702276487672692e-22
3.512532351601481733e-22
4.121482276225826305e-22
3.981752944978454044e-22
4.316287461085422151e-22
2.971160543607188079e-22
5.171735682240116807e-22
5.277327583350706937e-22
4.978935397971938648e-22
3.926115798390155514e-22
4.109038732948749813e-22
3.497875428041277866e-22
3.699991007224337352e-22
4.219793626184582900e-22
3.322834825745985325e-22
4.464059769854438048e-22
3.719455709649001129e-22
3.652654589618613780e-22
3.613011389363176470e-22
3.664487455908075804e-22
3.963783698886333272e-22
3.959578061378897854e-22
4.188873078948969760e-22
3.350086823480363447e-22
3.391191464223496505e-22
4.205296536114428773e-22
4.005946459889448584e-22
4.085729466588313609e-22
3.770673746235396735e-22
3.454808796064029530e-22
3.725764754289981197e-22
4.370775147771068017e-22
3.923676993319673047e-22
3.002087133133322837e-22
3.449311615673421351e-22
2.814585915230831479e-22
3.788260075558400657e-22
2.994024306621338161e-22
3.848620582589626388e-22
2.748587393806084412e-22
3.188544297875285473e-22
4.189114899516377529e-22
4.353488792951563997e-22
3.701158175653499120e-22
3.433600392096982806e-22
3.482086845566655225e-22
3.320622349300488277e-22
4.154240196988404201e-22
3.725222053228854904e-22
3.236493490073686916e-22
3.431647075087096977e-22
3.400505979472246318e-22
2.330176453712307376e-22
3.066005516727306611e-22
4.107697169086122555e-22
3.211138643932161772e-22
3.065818208057532579e-22
2.922359639240913131e-22
3.731668462593491488e-22
2.776147502566117060e-22
2.915243436654508829e-22
4.039419210023519701e-22
3.110658858957687305e-22
2.673699072537376222e-22
3.067727004269462633e-22
3.693034061065438361e-22
2.879539916903782588e-22
3.439697296822901886e-22
2.826722265888218785e-22
3.160520635749010697e-22
3.139153668960309990e-22
2.281312618565643165e-22
2.706587733062740641e-22
2.923218291255895636e-22
3.461252320526873750e-22
2.591761324760288131e-22
3.117101731605742511e-22
3.399892325005674100e-22
2.695414426669838952e-22
2.908125330649196222e-22
2.782429630776540478e-22
2.878832598725772848e-22
3.192952518815661971e-22
1.951981517335891395e-22
2.240068632789584622e-22
2.548548081933539293e-22
2.323662791082289699e-22
2.686880195717367855e-22
2.803192462669372414e-22
2.835571633389841591e-22
3.013458100517912959e-22
2.464183775031358929e-22
1.912287539697390406e-22
2.762937149339716378e-22
2.426651188137324940e-22
2.914134327751648024e-22
2.419910457683109037e-22
2.426100827396488573e-22
2.232017436103700337e-22
2.615816115194791158e-22
1.606856193894307899e-22
2.259601438318687261e-22
2.516626300702656221e-22
2.263266686763059168e-22
2.960278827834209913e-22
2.092213523964791793e-22
2.466389195338708219e-22
2.462943299929414449e-22
2.411643476310452486e-22
2.198375542986434875e-22
2.039984901141465555e-22
2.120231800970201151e-22
1.829838821199903399e-22
1.870824049527104600e-22
2.777432593262375445e-22
2.456856375577432022e-22
2.222202962554154035e-22
2.305416909246956670e-22
2.063050376523207189e-22
1.524920386198113841e-22
2.427057785874853862e-22
1.564662695704635900e-22
2.095704107270544015e-22
1.968816993944838337e-22
2.051883119290839517e-22
1.816934665004504704e-22
2.030462896876105709e-22
1.815696951682672734e-22
1.753963421867950987e-22
1.832977117610430597e-22
2.073090889044709364e-22
1.667072667820391312e-22
1.796595812994376243e-22
2.044122103109987343e-22
2.632945531906329308e-22
2.260747821384338133e-22
1.979477466516937594e-22
1.959323988446726789e-22
1.773598088688798471e-22
1.838143414662090095e-22
1.814765084319855210e-22
1.192437228735747214e-22
1.579120207870028334e-22
1.871724996307134111e-22
1.747631136177649790e-22
2.031166358950871449e-22
1.766058550060850442e-22
1.583595240978452089e-22
1.612009300664720756e-22
1.154334926555261833e-22
1.981610300355559344e-22
1.721324985398256496e-22
1.752162521578430484e-22
2.003426840050705784e-22
1.387026397785420478e-22
1.723251597604237069e-22
1.742960891613838005e-22
1.268040267061203826e-22
2.052593199207824872e-22
1.899607857998303380e-22
1.467680445552966402e-22
1.153641503229873177e-22
1.738706945026877995e-22
1.653399175707109970e-22
2.132062672508289890e-22
1.571732757827671296e-22
1.736507459268639647e-22
1.957440476081177876e-22
1.367443915076405170e-22
1.501581942343723545e-22
1.433316433846460812e-22
1.577648613233556012e-22
1.580723597299133741e-22
1.560516621372212454e-22
1.702049371603820537e-22
1.185583085614022488e-22
1.729978068045704890e-22
1.285840371391518255e-22
1.484482428297168692e-22
1.799210047308334113e-22
1.314140660895601387e-22
1.466403409049331159e-22
1.036345686251339501e-22
1.391229669055285122e-22
1.904061968291779941e-22
1.184922088108976158e-22
1.434530292841143453e-22
1.702809028111246852e-22
1.561179511369042672e-22
1.549736356719513408e-22
1.194241165698522550e-22
9.560445135734023745e-23
1.489642485888821338e-22
1.562270418165322036e-22
1.579685905840757699e-22
1.234286881492556379e-22
8.932760751418095639e-23
1.389726199314520134e-22
1.768786847128170253e-22
1.403040017169824905e-22
1.421463080552921437e-22
1.498081478510393880e-22
1.355315574374066029e-22
1.363465065377226917e-22
1.195113511062598640e-22
1.073392462771075697e-22
1.417929942199864737e-22
1.603506909403558134e-22
1.204042338461685608e-22
1.376346943682181287e-22
1.075566665652358393e-22
1.372446139131724391e-22
9.206365712954582273e-23
1.078183952157684150e-22
1.243418684398226346e-22
1.635513251517839215e-22
1.375230278850383038e-22
9.040497188208866546e-23
1.618189466760517231e-22
1.166538331157660934e-22
1.043065141017473447e-22
1.373218492545906982e-22
1.162031618020370022e-22
1.324348343901310099e-22
9.344673817479016979e-23
1.199627900926297557e-22
9.545649551991159509e-23
1.211423506655773685e-22
1.203475377501197329e-22
1.228223673118137593e-22
1.019517271518973189e-22
9.795009379436551562e-23
1.132683090786325186e-22
9.120793261425642809e-23
1.425664016347354924e-22
1.460338209082505949e-22
9.060988347548826300e-23
1.062490887719717790e-22
9.545818591713480956e-23
1.300082067930222214e-22
1.319442548025310625e-22
1.428925598493603559e-22
1.050202953642953527e-22
1.409843338175334547e-22
1.025164614820305778e-22
7.680509344637085089e-23
7.343647522070303622e-23
6.644163582115844932e-23
1.179581191731612416e-22
1.398334464206329185e-22
9.885514138153425791e-23
1.327512579424688862e-22
8.457045488906125456e-23
8.155872330814866461e-23
1.005306849935488618e-22
1.225731830840974260e-22
1.057281086700342329e-22
9.646691741070156220e-23
9.862756253178863846e-23
1.031954171955524461e-22
9.196966699161559314e-23
8.926756331960698604e-23
7.653252744384540858e-23
8.602748676959959341e-23
8.154397230042548677e-23
1.024901429226266202e-22
9.378486428302501926e-23
8.634224277673522349e-23
9.910862600770486664e-23
8.930454313308875743e-23
8.300159582442163305e-23
7.143115517818954423e-23
9.067066052624083733e-23
8.037860567219033148e-23
7.957576385239780045e-23
1.225524608371813573e-22
6.711107723687558834e-23
7.327231429126093317e-23
1.051920015771760200e-22
1.021571639108189181e-22
6.998708103637756277e-23
7.958788169285300703e-23
1.100989927408509050e-22
9.119575827718365664e-23
7.148987097506336273e-23
7.723928467247700945e-23
5.311171913559554534e-23
8.247348019620182102e-23
9.344566323705920888e-23
8.551792657306921424e-23
7.879538248464668759e-23
6.770431842714591040e-23
9.744016123392822428e-23
9.197678477416243531e-23
8.065987738112761465e-23
8.521470179521372984e-23
7.479409369640337541e-23
7.402358487617947703e-23
7.272417982167019956e-23
7.476353373183202247e-23
9.998717486553537368e-23
1.102893586421290121e-22
9.297926534012657666e-23
4.821747793416379960e-23
9.937258880555787823e-23
6.022754335592431717e-23
9.763323641618080577e-23
7.403034722568883801e-23
6.566442964663292913e-23
6.333142736495960709e-23
7.003592769185053910e-23
8.477941699775890819e-23
9.270043095814360110e-23
8.006706074326981759e-23
9.319210348619436662e-23
6.395957962639898600e-23
6.830779903290439833e-23
7.496338593651490756e-23
7.594169511245801080e-23
4.871776545584098806e-23
5.290789668807807960e-23
9.674501427269103685e-23
8.913892818820621589e-23
7.172452734163338925e-23
7.429623689313821732e-23
6.776663294883052852e-23
7.504835209656854782e-23
6.576951658098530577e-23
7.386081102623054579e-23
5.843374149584563513e-23
7.975565526417755479e-23
5.229618212754092696e-23
7.143529179716000956e-23
8.828938831990062741e-23
7.272732480905995945e-23
7.757112179587023996e-23
7.762201689015694405e-23
6.281646123324707549e-23
7.944428315268537877e-23
8.420698243752748264e-23
4.790207301517505165e-23
4.934225883264305846e-23
6.589880034797789099e-23
7.498898325470349229e-23
8.746493567346911104e-23
8.071651309642074856e-23
8.448851498116928232e-23
6.357701810886202264e-23
6.132275594393231463e-23
7.452706200178926120e-23
6.030794576315581717e-23
5.715497291700354247e-23
5.582675779267751846e-23
6.257551518378300331e-23
6.670570756996838375e-23
6.111993920332609038e-23
6.223646878228194190e-23
6.657775975622552310e-23
5.954112961298959459e-23
4.722441026999702996e-23
5.205685460660302422e-23
7.360819499295833039e-23
5.152079920661753111e-23
6.493601840567631114e-23
5.423494188757747133e-23
5.315077698564034644e-23
5.188777249715594879e-23
5.436435673340603504e-23
5.900166138665551838e-23
5.014410395722226156e-23
6.720986376478829154e-23
6.052406162598932818e-23
6.551338496445351480e-23
5.692172385832730190e-23
4.950374833000882590e-23
5.583096242508187818e-23
4.676936709376512602e-23
5.966543085664036374e-23
4.750425296638126192e-23
5.278552419535546092e-23
4.392151174123032418e-23
5.710285298321247218e-23
6.190062654331099868e-23
5.075609365301344208e-23
3.727785799787311557e-23
6.134491069157365682e-23
6.518417968696052183e-23
4.257648579813461915e-23
5.187506715945108762e-23
5.595678610905944912e-23
4.872067489346654691e-23
5.215735149300940519e-23
4.943675255836957787e-23
6.169837045411659538e-23
3.572692589403252169e-23
3.327453452377465044e-23
3.573717920648174021e-23
3.347916194635381147e-23
4.575258212696213978e-23
3.956195735024180414e-23
2.761130217578406575e-23
5.234170988684325218e-23
4.677270119458193267e-23
5.496361990793716397e-23
4.735516211433385815e-23
4.426146474742144195e-23
4.666921129854271160e-23
5.072230209106091336e-23
5.323220824711466809e-23
4.149767595667874270e-23
3.279046627124551137e-23
4.093828202304204461e-23
5.579623851654294020e-23
4.585355637162341892e-23
4.855286963443799742e-23
5.127157647181556021e-23
4.707854826903054417e-23
3.888772808961625548e-23
3.328500103558702272e-23
4.585052582348173516e-23
5.170006800999504278e-23
4.619544991329539344e-23
3.972715104502211719e-23
4.695144067261365630e-23
3.584767582836882151e-23
4.653093762700353329e-23
3.749245945111148076e-23
4.381195956897294312e-23
3.964909237517781862e-23
3.750693298227812008e-23
5.624131361120181896e-23
3.676518979720306341e-23
4.040165624384145365e-23
3.526796826706592693e-23
4.427771075335799532e-23
3.430517934457996229e-23
3.354475029153791416e-23
3.977866278203255886e-23
4.114653998899556460e-23
3.255974514737893392e-23
2.815081770348976355e-23
4.743452536749055369e-23
4.031817373101139491e-23
2.987189089506135237e-23
3.508191622612314261e-23
2.628470857453083500e-23
3.832310603226310474e-23
2.521686262198685689e-23
3.266339298270499581e-23
3.666570052591460498e-23
3.821688068755394930e-23
4.215405395320053207e-23
2.575853719329385213e-23
4.033260511596062141e-23
3.117039263508805067e-23
4.409901721240263402e-23
4.182280919599679862e-23
2.323470315413707973e-23
4.064515935206346073e-23
3.210889386124946781e-23
3.973076251531277003e-23
3.579222177702829383e-23
3.215019121729900132e-23
3.627890538743234969e-23
2.715587091335033790e-23
3.075364084132138442e-23
3.409454434730311801e-23
2.975784791397734453e-23
3.201819572699321135e-23
2.811424331115163330e-23
2.528895338594242091e-23
2.412348253695974672e-23
3.726691636506982353e-23
3.957451359577016770e-23
2.959113034229211246e-23
3.075567390178315304e-23
3.656676822349026649e-23
3.763473387250559441e-23
2.304405638755876970e-23
4.306999360452212874e-23
3.597101573872574413e-23
3.755975273952057517e-23
2.284264843846776487e-23
3.810829572652363270e-23
3.166253394136992877e-23
3.233273028298512258e-23
3.268792747198621600e-23
2.956787383313568386e-23
2.954815832985271552e-23
2.321281123131812329e-23
2.792601829869133335e-23
2.315803860434816217e-23
1.737179601029545232e-23
2.805329348394199482e-23
2.775980225678030099e-23
1.999937629098870239e-23
2.800707599205536401e-23
2.371234813960592521e-23
1.936452755440374112e-23
2.270547865644059079e-23
2.421339709935141123e-23
2.896233015962404636e-23
2.545204169068989262e-23
3.084797561531131101e-23
1.537341416736719639e-23
2.069279723963659964e-23
2.738947534965718046e-23
2.822478278245553257e-23
2.539308450297882252e-23
2.039857065552858147e-23
2.352570004267818847e-23
1.517651105514811258e-23
2.728391261092466791e-23
2.403653305905154714e-23
3.729729427510087936e-24
9.115253620401664707e-24
1.686832168369328532e-23
2.322663302572812213e-23
1.922571868694336683e-23
1.320889916438723334e-23
9.832318265855210152e-24
2.685113185771226795e-23
2.617297479814380039e-23
1.621769115502377348e-23
2.247437258085907939e-23
2.164248669221806387e-23
3.169706295115546937e-23
1.718555462804120072e-23
2.322017854516963259e-23
1.697956932006236115e-23
1.945366170454514143e-23
2.877718063612354065e-23
1.744009857514747742e-23
1.599997589028824311e-23
2.372830362746422339e-23
2.752137147438658764e-23
1.348892130745206038e-23
1.824380021483082571e-23
1.585567522792704403e-23
2.228028477748589761e-23
2.556738504485762187e-23
1.471900259024190331e-23
1.445634615139172621e-23
1.563509602976252871e-23
2.743593216439103632e-23
1.239999233247431080e-23
1.458736778871557195e-23
1.274840840917224711e-23
2.751555501058112147e-23
1.699838148830734788e-23
1.364417751827864075e-23
1.091031805922817479e-23
1.317569738160763376e-23
2.045672366418658421e-23
2.458623977311365621e-23
1.552943458468115087e-23
1.313149856439932121e-23
6.164352164879107309e-24
2.123086143768356509e-23
1.858212731766299115e-23
2.366911962139469297e-23
1.870749806644642725e-23
2.271250732809241252e-23
1.554555630688421645e-23
1.917964750709333523e-23
1.770067903416862585e-23
1.098341612346427358e-23
6.392808583053711447e-24
1.339564365510551174e-23
1.104466429490597916e-23
6.434689232773710452e-24
5.765237809518622691e-24
1.274480544837770539e-23
1.896908150551073289e-23
1.351312786563662187e-23
1.162713969756290378e-23
5.903773254909068312e-24
5.906079212041559290e-24
1.444298838189575028e-23
1.823624175422074190e-23
1.718485500178018052e-23
1.719680521057754910e-23
1.066916458537321755e-23
1.288350231998197688e-23
1.803842353543899464e-23
1.259093721717425294e-23
2.060897397551914334e-23
1.045098066951740873e-23
7.622482660492474743e-24
2.528281339003268446e-23
3.005291226541241680e-24
1.829429097747365427e-23
1.660015106292599478e-23
1.338896166803724179e-23
1.761243700103507371e-23
8.242720278247296400e-24
1.095817180677785282e-23
1.397979367969359684e-23
1.045057110143070155e-23
1.399979134157441962e-23
6.969245859627282086e-24
6.648394338214196306e-24
2.107177484008214536e-23
1.524865407824620845e-23
1.180676736390250327e-23
1.513528467563970737e-23
1.063437558609671530e-23
1.226126259337285984e-23
1.174955105382534723e-23
8.091852011171763871e-24
4.861878777534489780e-24
1.718512887720448851e-23
1.329421806483601693e-23
5.337597496174431247e-24
6.960237315958301057e-24
4.254172304007071571e-24
5.230097333558844180e-24
1.382573900896691532e-23
8.876904399593957513e-24
1.015253647140907872e-23
1.082005424141180114e-23
1.250866301662512862e-23
1.651281291865709974e-23
1.063902285332117281e-23
1.538716381664509173e-23
1.046471965826588163e-23
1.265050019735727148e-23
1.461664925520602644e-23
1.237766700812379112e-23
4.448837250686425985e-24
8.346929503738061961e-24
4.153552050741003301e-24
1.378548223247037778e-23
1.087756541747582541e-23
1.379344612196393663e-23
8.086239552233557326e-24
3.920753396903008753e-24
1.086615262965029341e-23
1.057782554683017748e-23
1.125442608916321021e-23
1.320087376502353812e-23
9.759193167300140495e-24
4.819519176483565313e-24
4.982334609869076848e-24
8.696402142711443863e-24
1.630618393854309150e-24
1.160669836642492823e-23
3.713282591132882085e-26
6.726497134308154436e-24
4.793691297728646632e-24
1.192416308386427251e-23
8.284825675352506725e-24
1.067433077689881002e-23
8.867631253965701527e-24
5.649703586777316753e-24
8.124010828367306434e-24
8.284312941530022066e-24
5.510756676095057227e-24
2.592903145169063100e-24
6.866344703132487064e-25
-2.487426494445365312e-24
-8.818561159611773229e-27
6.153938910168968191e-24
4.697310636361498116e-24
1.296505962372301982e-23
-1.431823604001206369e-24
4.794848961308661863e-24
4.620556827405259945e-24
4.397779109622727450e-24
7.442236149479182755e-24
2.752756683577107150e-24
2.863269764116493309e-25
5.764599372790545106e-24
8.127473606133565985e-24
4.512822018250531750e-24
7.118601253678359282e-24
7.152054943165709063e-24
7.181786141004212091e-24
8.139981717467174730e-24
4.099652284733181778e-24
5.774428921060700959e-24
6.022033923853513265e-24
-1.585391562158287629e-24
1.613722306185961334e-23
7.708397022210349244e-24
7.400207707428642026e-24
2.846166547252135608e-24
-3.114328965963570288e-24
3.250816025536266650e-24
7.909862703737593018e-24
9.219672036412985256e-25
4.408708204797223213e-25
-2.121173805536670330e-24
9.667216493494536524e-24
2.041269366626515921e-24
5.574677843971623120e-24
6.323381839662400974e-25
3.832884879340593390e-24
6.365682222439211396e-24
3.759665582719897261e-24
5.899988651469428530e-24
3.096692294202300676e-24
2.761151559569859772e-25
7.418998380430383604e-24
1.731611810036177662e-24
-1.501404514542730399e-24
5.448925837945702162e-24
-1.763657439702782093e-24
2.649391468896542060e-24
5.254302510461494115e-25
5.497548041558008780e-24
1.896100132238666189e-24
1.663267544486385663e-24
7.527941647531797125e-24
6.134080663730333234e-24
4.381269097954979744e-24
-1.457975641272237651e-24
4.294396089616234959e-24
2.651159274868255610e-25
3.848800078080726111e-24
1.409989329436867861e-24
2.018785821445552772e-24
5.032451752782004623e-24
8.657791819673494349e-24
2.567412169713115567e-24
4.451275382624156577e-24
3.082969584921710952e-24
-5.135276288194394845e-24
2.833619207444205928e-24
4.177954776253994155e-24
6.554750818196920916e-24
8.742014759605019790e-26
2.877485401987302849e-24
5.426252171304418734e-24
5.739371033459817777e-24
4.035295109467609827e-24
3.715745202983174339e-24
3.360345683575905339e-24
3.149263443217623753e-24
-1.820973813718588488e-24
2.956249997970006971e-24
-1.328761780003423078e-24
1.326605644065385610e-24
4.559547124519545856e-24
2.270002574716838814e-24
7.127349437065190181e-25
3.616476559646451115e-25
-3.496071389506058437e-24
1.589658425671388154e-24
-1.294512437415093359e-24
1.628095786362387217e-25
-7.500218120729092044e-25
1.053132921252372723e-24
6.127286634641821805e-25
3.644588967172543218e-24
2.527780314768310697e-24
-2.034111876291632856e-24
-2.954427936940385122e-25
1.864706997616652439e-24
4.527722987477483256e-25
-1.957910253439027794e-24
-2.600997815938195187e-24
3.101874377596931740e-24
5.634897439836093240e-24
3.578560466553361665e-24
1.924284105624749748e-24
1.116754015938874416e-24
-2.722256759840861229e-24
4.152308906348858020e-25
-1.051293034186155296e-25
-1.000060057634400866e-24
9.983943141992890526e-24
-2.287907198200116283e-24
2.972508042372378652e-24
-1.218153943484774727e-24
-5.239552593773642637e-24
4.461577689705594376e-24
-2.214124133339521325e-24
-3.617478288478451756e-24
-1.461243794953082096e-24
-4.260722724495812724e-24
8.750599678895686009e-25
-2.014761961381013320e-24
-2.868890607264329023e-24
-5.076079277198968489e-24
-2.139684825008678072e-24
-1.762816433485601682e-24
2.239374026182003802e-24
-5.083748102429930453e-24
5.029447107478621765e-24
-4.827460242948026233e-24
-4.857931098085060332e-24
-1.704873872551010917e-24
8.730822674191274304e-25
-4.367309581910352906e-25
-8.055232704815806911e-24
-2.508104435363503468e-25
-5.313288137842888063e-24
-2.403924199690301440e-24
-5.298536194653400636e-24
-2.898122133388681036e-24
-4.965621644572149332e-24
1.845707015860243084e-25
-1.209625235273969228e-24
1.253682694864649033e-24
-3.103832624018901269e-24
-1.504588791562138090e-24
-5.567699244118711879e-24
-5.819693677702827970e-24
-5.331160094299810453e-24
-1.115977059153753068e-24
-2.615271847846658436e-24
-1.680476751846173972e-24
-4.049843972297870013e-24
-7.105829410955666097e-24
-5.936322064143688038e-24
-7.016914330589239814e-24
-5.207982266935673544e-24
-8.429926092928796718e-25
-5.848651859061541242e-24
-1.178434934078746656e-23
-1.221191101759851826e-24
-4.221330285765919833e-24
-5.180202277265967624e-24
-5.683210178138250451e-25
-1.815694756738591872e-24
-7.258537861058507790e-24
-6.933670376049402036e-24
-3.448193765779778114e-24
-6.349012008106488647e-24
-3.119942430312161363e-24
-3.863130045404703551e-24
-4.451489046496745345e-24
-2.245062788664297330e-24
-3.001678991907579811e-24
-9.538631655457367190e-24
-3.137706916620857569e-24
-1.201505863896862895e-23
-5.545438278313186504e-24
-3.044748932462411515e-24
-5.562729504959751388e-24
-5.304752757071900096e-24
-6.701312589340943047e-24
-8.092837431728583110e-24
-6.499913334540695244e-24
-7.892522269304121591e-24
-4.541103534843339746e-24
-7.363376064899362904e-24
-6.416806361149733981e-24
-7.476218543191746769e-24
-7.202849812412739193e-24
-9.958544157930627663e-24
-6.476084549646599658e-24
-5.903406937441822906e-24
-8.036426996767358993e-24
-4.231231282670371652e-24
-5.052306817666354837e-24
-4.299664666556840999e-24
-8.008473444995804663e-24
-9.622495068460809330e-24
-4.131760094174800576e-24
-7.581328732492306892e-24
-6.554813806020315773e-24
-6.341099996404814767e-24
-8.022676038826029134e-24
-4.353789459323078984e-24
-4.935967370963237171e-24
-5.798098132178172921e-24
-6.461392655388991641e-24
-5.476892477867427332e-24
-8.389448822626756075e-24
-2.680512907436022740e-25
-6.970933576241594439e-24
-6.987509191300180456e-24
-5.543736663071960878e-24
-5.793215866991511782e-24
-2.117905608576403613e-24
-8.607680508531448375e-24
-7.254573194780949974e-24
-4.263168348829889972e-24
-5.163416652394084835e-24
-5.563494506117271643e-24
-8.404981395407779809e-24
-6.853560643147073604e-24
-4.919898335800701281e-24
-7.418177256745685245e-24
-4.433765171726556249e-24
-6.924086086940314145e-24
-6.222080610767335186e-24
-4.969058617930245735e-24
-7.303007626993837163e-24
-6.157175494174820129e-24
-8.721571248969478116e-24
-6.332348809851144819e-24
-3.598333369123860641e-24
-8.131085751057928409e-24
-8.340145288989378346e-24
-9.873217997203138314e-24
-6.007236022237784100e-24
-7.433249061948205774e-24
-9.537082778200084986e-24
-4.167381171557517286e-24
-4.860527396091594321e-24
-5.097155113484662769e-24
-7.139028138893118238e-24
-8.140500326235724298e-24
-8.685234138039838415e-24
-1.049564059226336571e-23
-4.802124902230736579e-24
-9.385939921641018596e-24
-7.429823059986022512e-24
-9.528226438864718555e-24
-9.260746793175710956e-24
-8.831629871600705739e-24
-6.550537054214448246e-24
-4.277054889556641445e-24
-8.363484001471007447e-24
-7.573048618596271138e-24
-1.042213441943874794e-23
-7.875416115484229599e-24
-6.488950556927481498e-24
-8.218520771036782462e-24
-8.027055535802045671e-24
-1.072680636966099773e-23
-9.069490916884665927e-24
-5.712748893912426721e-24
-6.235189650972302436e-24
-7.505624391701709002e-24
-9.795405883887067061e-24
-9.885177764307867716e-24
-1.055211692035399700e-23
-6.721648217660983991e-24
-1.094755049485757710e-23
-7.293923965155465537e-24
-8.988808609835700127e-24
-1.231023440830659629e-23
-7.834727519983160327e-24
-7.847963185970557587e-24
-9.916367445904289972e-24
-6.121855444369273762e-24
-1.162473118410040803e-23
-1.086270170452086014e-23
-7.283158507576952121e-24
-5.705010856187068971e-24
-5.545630292367662712e-24
-9.482244449729391403e-24
-1.078128501474486616e-23
-1.247646523823118349e-23
-1.053455644717005339e-23
-8.984794394531357396e-24
-4.941938800629141989e-24
-9.824484122506510337e-24
-1.020045134122759689e-23
-9.129658151758497676e-24
-1.292099412268594173e-23
-7.037046728134513438e-24
-8.955646064134244836e-24
-9.168259276112238768e-24
-7.428692357141465788e-24
-8.189916834210737722e-24
-1.030739493085352401e-23
-8.615292946104068325e-24
-8.093108725060995039e-24
-8.491156624858204568e-24
-1.202629824559290231e-23
-1.055639675201189736e-23
-1.160985090121178436e-23
-1.337127482475692469e-23
-1.021098300418270279e-23
-1.076414154622294334e-23
-1.321228945677705188e-23
-7.614762019365487092e-24
-9.634608834902669166e-24
-1.019382912062614985e-23
-1.004026223736323828e-23
-1.129374748321029820e-23
-1.057773998139834227e-23
-1.015241307030455350e-23
-9.454443659963222082e-24
-7.906777682750187854e-24
-9.605223660328956279e-24
-7.999976533571848103e-24
-7.766307478577209681e-24
-9.277501904048944022e-24
-9.039703484225329687e-24
-1.009785265206114176e-23
-8.300078657001557098e-24
-6.749621038891766644e-24
-1.028700771716986921e-23
-7.557026509505538462e-24
-9.951444829711085262e-24
-8.302521361978215862e-24
-7.913750240528302937e-24
-1.027433495139645073e-23
-1.226008767793680702e-23
-1.174491037187362006e-23
-8.821913386958976712e-24
-8.113221792732452344e-24
-5.725878392587541110e-24
-1.010223964036749394e-23
-9.745736931455942695e-24
-1.009631979851474954e-23
-8.355464857886050529e-24
-7.584058153668730331e-24
-9.275988723848048881e-24
-7.087749786381559373e-24
-1.098427622510567013e-23
-1.094162720443846231e-23
-7.616320229404222935e-24
-9.918728040817959514e-24
-9.929869468486200573e-24
-8.471213918103938041e-24
-1.111387740346096959e-23
-1.028802999338927238e-23
-9.575328225578159806e-24
-1.221907909158621101e-23
-9.384038912267489121e-24
-1.248190260068447331e-23
-8.063786761833245011e-24
-8.550573795306434443e-24
-9.123495793342448144e-24
-9.283479788179101201e-24
-1.044653699326836341e-23
-8.945733728109683256e-24
-1.115169287808383111e-23
-1.320668813531638434e-23
-1.305828255145127424e-23
-1.054346271228391291e-23
-9.045862896514732777e-24
-7.900979324813026722e-24
-1.114748837399170043e-23
-1.112312615960243231e-23
-1.173393245108224409e-23
-1.092135043838812473e-23
-1.119523911809318144e-23
-1.146957211682175849e-23
-1.041168009599850622e-23
-6.936782880770052399e-24
-1.339668547861044042e-23
-7.995963584824306124e-24
-7.801057348838910247e-24
-1.007364948934008152e-23
-1.211702245906341781e-23
-1.128421017796392898e-23
-1.009591021436220401e-23
-1.142632275284033931e-23
-1.263489138638292100e-23
-1.104212710291593962e-23
-8.321246545400740785e-24
-1.209374943469881562e-23
-8.234935420611980014e-24
-1.003870754011501467e-23
-1.017103691942180127e-23
-1.133116898598226993e-23
-9.049886062875549757e-24
-6.980675657057657482e-24
-1.294051718559100264e-23
-1.138560794839589986e-23
-1.129752365935267836e-23
-1.298615951565839062e-23
-1.265988857695773652e-23
-1.098931226615095637e-23
-9.824108943239180972e-24
-1.080387703046652905e-23
-1.350416631406443149e-23
-9.677453924005073049e-24
-1.027871172615353514e-23
-1.146380913827449327e-23
-1.210903290062759187e-23
-1.053245669980248260e-23
-1.062745803174667338e-23
-9.869414542276362144e-24
-1.009749025355244780e-23
-9.083813995706999981e-24
-1.020764677247920177e-23
-1.360373630321121604e-23
-1.228788258366563225e-23
-1.177241372261146320e-23
-1.296932714159971719e-23
-1.166008453327884221e-23
-1.251937872875443563e-23
-1.002411352901482497e-23
-1.136161271892123214e-23
-1.343557808776915980e-23
-1.371574686911595399e-23
-1.348147742660861214e-23
-1.395823693935199310e-23
-1.035714759267315489e-23
-1.417105566766161714e-23
-1.428500455613971443e-23
-1.217271072081816309e-23
-1.287254975454741845e-23
-1.317363223958776890e-23
-1.087854520536952624e-23
-1.366046405475985265e-23
-1.247882164754955203e-23
-1.171604650045428342e-23
-1.019081091657457722e-23
-1.143559899281351251e-23
-1.398003914224841211e-23
-1.144838962875843130e-23
-1.092001830353554413e-23
-8.845126059172451205e-24
-8.576762360800223336e-24
-1.336793166996959093e-23
-1.235985807733346310e-23
-1.063390728184839519e-23
-1.441137542550003035e-23
-1.229244971831268431e-23
-1.502823303460105588e-23
-1.188409100768969758e-23
-1.209542823204209444e-23
-1.236292240850792348e-23
-1.322379367729018103e-23
-1.565623983886224518e-23
-1.431576441364089351e-23
-1.210398755111890166e-23
-1.307109983173035891e-23
-1.380741610727028219e-23
-1.114168305911843673e-23
-1.404478216806806524e-23
-1.217845210999515334e-23
-1.530304472693897545e-23
-1.169427508587408779e-23
-1.492812540627038289e-23
-1.440967689214604586e-23
-1.551481386510938730e-23
-1.426671908694534775e-23
-1.478315515434681034e-23
-1.458530869230581941e-23
-1.424689394054370830e-23
-1.192255370211794405e-23
-1.660126024391320619e-23
-1.627637017939130779e-23
-1.229886146214800306e-23
-1.419684803696667486e-23
-1.502579597409849778e-23
-1.380801598404075390e-23
-1.340104750867428405e-23
-1.269976265970058698e-23
-1.462998716594524942e-23
-1.400964957703950444e-23
-1.319848347979849448e-23
-1.524704549547834738e-23
-1.308036006089537065e-23
-1.420721654327622968e-23
-1.356000341784832978e-23
-1.595774861225897763e-23
-1.400391427418718696e-23
-1.325378359185132709e-23
-1.475896364780187492e-23
-1.355147418465427382e-23
-1.317725977255179492e-23
-1.437723402584918605e-23
-1.438265199533268077e-23
-1.419996154214537593e-23
-1.593730356080626037e-23
-1.712778979538653373e-23
-1.459943719215816415e-23
-1.125401370524452011e-23
-1.318817686868271087e-23
-1.554732073208733753e-23
-1.626266243058559094e-23
-1.305119657873454887e-23
-1.503004115878841629e-23
-1.427654626812542033e-23
-1.621355134385999285e-23
-1.659312980502186097e-23
-1.453453226290014450e-23
-1.502003946399109889e-23
-1.124738462769629350e-23
-1.356560648402239336e-23
-1.311609222558524581e-23
-1.579113677939852093e-23
-1.349830149305263137e-23
-1.412767425770446588e-23
-1.432299812787601845e-23
-1.448544277963186780e-23
-1.314999474686980707e-23
-1.497766134634133399e-23
-1.346500219261015298e-23
-1.468013680534255298e-23
-1.378791831720059420e-23
-1.542626138899659449e-23
-1.575932330206849453e-23
-1.147076240673031730e-23
-1.282794439925801678e-23
-1.454119165990525732e-23
-1.411745070902181172e-23
-1.471602304175140052e-23
-1.685206035021147830e-23
-1.474352596587148113e-23
-1.673304954414237870e-23
-1.304673320348581205e-23
-1.468929114423073215e-23
-1.441008407612354298e-23
-1.219279551816643396e-23
-1.501474653611283635e-23
-1.678248295073285090e-23
-1.485412505355327139e-23
-1.661809919984535213e-23
-1.376651672513137293e-23
-1.410258133568704355e-23
-1.581547378125116503e-23
-1.303076951760873540e-23
-1.702726458881575754e-23
-1.587077522863033004e-23
-1.601571337106562712e-23
-1.845585678952353237e-23
-1.422303963513869165e-23
-1.489758207557691560e-23
-1.385867816742625806e-23
-1.162445915371467103e-23
-1.621575686033426955e-23
-1.585504332358957961e-23
-1.417412230232907099e-23
-1.469223543595626190e-23
-1.660552058571653515e-23
-1.518676188642181018e-23
-1.534326601015694471e-23
-1.238021190355631056e-23
-1.509461063143712971e-23
-1.716580272034832689e-23
-1.339480310135285886e-23
-1.660424559276411513e-23
-1.533882189908376248e-23
-1.588694416272191446e-23
-1.492883674331067755e-23
-1.408126216914688742e-23
-1.457355858463519485e-23
-1.663867613664591766e-23
-1.384134549807162956e-23
-1.384795364842000906e-23
-1.624806121781791204e-23
-1.670738821268810201e-23
-1.827310766685328120e-23
-1.490933459602174127e-23
-1.805118824327048271e-23
-1.352574629571988162e-23
-1.487960021829401479e-23
-1.760284294602361753e-23
-1.715667343217722758e-23
-1.555190348493068812e-23
-1.623293239668009767e-23
-1.405101118213248039e-23
-1.576414910659257243e-23
-1.517186704922870165e-23
-1.411442288031495314e-23
-1.648962673659897642e-23
-1.678582237635139616e-23
-1.614582292747829208e-23
-1.795584507818315106e-23
-1.675654217866482036e-23
-1.669896771392679317e-23
-1.646013985279397668e-23
-1.551061149097415846e-23
-1.687592001468164869e-23
-1.496177725566269233e-23
-1.445549450670581649e-23
-1.680714709094102979e-23
-1.410462802254170744e-23
-1.536215341176254206e-23
-1.591692541625852914e-23
-1.683109843564791444e-23
-1.695492334582816127e-23
-1.663873351289847716e-23
-1.686175086134499567e-23
-1.641627120311303884e-23
-1.409430257979359600e-23
-1.731732067791647864e-23
-1.730266454429324939e-23
-1.395393610687031171e-23
-1.737933940873915538e-23
-1.528772250335266074e-23
-1.756159180657792777e-23
-1.631086644483393747e-23
-1.582781076882298470e-23
-1.701600776168149412e-23
-1.674293562115424340e-23
-1.240690546359800803e-23
-1.526957359125626674e-23
-1.641143969312632834e-23
-1.757136098587081592e-23
-1.639222327167375193e-23
-1.499096906061543015e-23
-1.669341381789853644e-23
-1.656176340802872534e-23
-1.734155049768666570e-23
-1.471483768254798427e-23
-1.737957297955337705e-23
-1.669666478238547392e-23
-1.296365184673636714e-23
-1.504535592196507484e-23
-1.537114125579425644e-23
-1.664447787146614328e-23
-1.425459838891492268e-23
-1.530695519111520227e-23
-1.536552410732705978e-23
-1.664302083878446984e-23
-1.533100902045035772e-23
-1.664582539310102581e-23
-1.580538005208930686e-23
-1.593003761316660658e-23
-1.561965834665063379e-23
-1.602552773263380364e-23
-1.759654259819974067e-23
-1.897538805774008953e-23
-1.857532745923891181e-23
-1.714291781393403033e-23
-1.591343039582865091e-23
-1.735639008981315470e-23
-1.692377968966988826e-23
-1.604111427365510580e-23
-1.568764233333909161e-23
-1.880807139171454636e-23
-1.662626794782299222e-23
-1.554222932841147344e-23
-1.660498998422443389e-23
-1.783644929634705135e-23
-1.617716552325055257e-23
-1.674823644189658910e-23
-1.652433356594067421e-23
-1.632136052241634031e-23
-1.684732098715503258e-23
-1.702109912671775394e-23
-1.544211705646362070e-23
-1.507618905552413673e-23
-1.571311459958395077e-23
-1.458959285606771575e-23
-1.681825452536365202e-23
-1.685594173220721323e-23
-1.827851588181110939e-23
-1.577986891317654929e-23
-1.593188478257967240e-23
-1.565958184196404923e-23
-1.638002512385830429e-23
-1.704466981192411826e-23
-1.827546316516121800e-23
-1.734371743913274810e-23
-1.702121627334978986e-23
-1.750937271010038234e-23
-1.714132476770084732e-23
-1.748817299429297148e-23
-1.442402181987756459e-23
-1.800232505910713993e-23
-1.582549707162455501e-23
-1.673795213196384112e-23
-1.648807277496667163e-23
-1.721445359426965592e-23
-1.847778114395643007e-23
-1.638014589256617432e-23
-1.697888610667400472e-23
-1.575765811475605982e-23
-1.831095098131308379e-23
-1.783929457142482802e-23
-1.789681486011146937e-23
-1.942473397444139771e-23
-1.796052201445714484e-23
-1.806752663995430718e-23
-1.785876671177821135e-23
-1.721480099178073079e-23
-1.793297783258035166e-23
-1.593750721014176973e-23
-1.625883778659554727e-23
-1.794069670862316251e-23
-1.600024296356694202e-23
-1.618968814702811098e-23
-1.729735061636043315e-23
-1.784414287440510061e-23
-1.472898451322770171e-23
-1.765002038747487533e-23
-1.917729242110268148e-23
-1.968302945743946983e-23
-1.663705804417606033e-23
-1.698412871436636125e-23
-1.873577146368295622e-23
-1.647716916010764763e-23
-1.809839390192028325e-23
-1.894500398096539667e-23
-1.802764586356013088e-23
-1.600984992822949693e-23
-1.805506843819484321e-23
-1.824886461560635693e-23
-1.816463718027981193e-23
-1.884853884934833383e-23
-1.844065954489148678e-23
-1.749587557566558777e-23
-1.945087650679177915e-23
-1.698485799403593831e-23
-1.692415626139627093e-23
-1.993685040504038526e-23
-1.670198452158304623e-23
-1.732487521005980382e-23
-1.809342893551657437e-23
-1.843784434254845272e-23
-1.815263941123471309e-23
-1.656339340309664454e-23
-1.697943869169630677e-23
-1.738920039875905149e-23
-1.851848102479859782e-23
-1.841876006076663523e-23
-1.832448178288403256e-23
-1.855110502247852845e-23
-2.088948487066759698e-23
-1.988480907164052835e-23
-1.732220165373006201e-23
-1.662493254355403820e-23
-1.931839893297374502e-23
-1.686553079416858464e-23
-1.956690212337882717e-23
-2.025204538437073005e-23
-2.011542998674451681e-23
-1.736976056349966250e-23
-1.941414432180105906e-23
-1.786381394086769879e-23
-1.745406527961012808e-23
-1.757008570565331989e-23
-2.016250263497769321e-23
-1.797581908324337851e-23
-1.968804671273849528e-23
-1.985962496847951709e-23
-1.708650056769593350e-23
-1.868359257715950218e-23
-2.078413633243105645e-23
-2.027489156961481957e-23
-1.961174105031194691e-23
-1.774430335084877580e-23
-1.841009727662576057e-23
-2.012480035553056335e-23
-1.881033111418791994e-23
-1.769437197800515546e-23
-1.822686488438726519e-23
-1.837057678532848288e-23
-1.745611220095780647e-23
-1.853577357840467749e-23
-1.881010600825149686e-23
-1.799056765808959452e-23
-2.083512020558556188e-23
-1.984287662780448249e-23
-1.853026050178028434e-23
-1.844591532400840038e-23
-2.067232868522957897e-23
-1.794181543428110248e-23
-1.835324363728424589e-23
-1.825549909635700521e-23
-1.861547166595737473e-23
-1.920477546449504995e-23
-2.193174037099900652e-23
-1.989429275359425648e-23
-1.898598530881657224e-23
-1.878421820571273725e-23
-1.929823525822677768e-23
-1.810870835095623779e-23
-1.948317340783927727e-23
-2.051055116702793093e-23
-1.989634188395316517e-23
-1.976882389441374314e-23
-1.826672065922298290e-23
-1.906081998371655477e-23
-1.863185819971285593e-23
-2.104013968052102968e-23
-1.875764540079560534e-23
-1.994283073742816019e-23
-1.996627633559500450e-23
-1.900754468631008050e-23
-2.002186202448946811e-23
-2.092707111713723150e-23
-1.893083509318526902e-23
-2.130664898973917860e-23
-2.123836869894278437e-23
-2.161779453063272318e-23
-1.952190831702837857e-23
-1.999356800969467280e-23
-2.071206221442135867e-23
-1.998917540462393669e-23
-1.984343358955615631e-23
-1.854561274095425767e-23
-2.113897330062900882e-23
-1.965086400865750268e-23
-1.992479609098030341e-23
-2.043937004303291155e-23
-2.042260738620390730e-23
-2.031251453824020100e-23
-2.126705111310770840e-23
-2.123614232498917595e-23
-1.997937592753281912e-23
-2.036113255163099422e-23
-1.914069638867061503e-23
-1.958726578193593948e-23
-2.001583167739664985e-23
-1.874226003069163991e-23
-2.150609941019537831e-23
-2.070448679609212763e-23
-2.022365253586238585e-23
-2.144656912008332100e-23
-1.921894238460799562e-23
-2.074633262137553820e-23
-2.114111916942081623e-23
-2.182331968445628035e-23
-2.024211213393682691e-23
-1.905080810653053075e-23
-1.977487818850361487e-23
-2.013467078532217336e-23
-2.012867552328094337e-23
-2.007767329570715223e-23
-2.138778667468804012e-23
-2.076385252761002478e-23
-2.129157927666612526e-23
-2.097694727913537078e-23
-1.985819645122777556e-23
-1.869675263634408653e-23
-1.858505695245023131e-23
-1.935181115841340649e-23
-2.122788148287917289e-23
-1.944797438817492338e-23
-1.914823025597415251e-23
-1.998964046242592608e-23
-1.866603432640422815e-23
-2.110313558322916075e-23
-2.103175125771800444e-23
-2.024471511402899782e-23
-2.120627954868546875e-23
-2.216387228380178982e-23
-2.016726721863530805e-23
-2.065500783836727766e-23
-1.872797639812305523e-23
-2.027176065485356914e-23
-1.934867747776559098e-23
-1.811710456676446042e-23
-2.221504613508413641e-23
-2.111924891899057253e-23
-2.226083877064902431e-23
-1.931782113048237266e-23
-2.029261938550773825e-23
-1.977495994705551028e-23
-1.901464405796931869e-23
-2.126020088838519261e-23
-2.131630332029543186e-23
-2.064220938922792550e-23
-2.128351583386248593e-23
-2.049905199980548668e-23
-2.280058751767551471e-23
-2.112732737154529069e-23
-2.146655278851536450e-23
-2.091903994898630302e-23
-2.106948525966295479e-23
-2.113693286868726110e-23
-2.096666176741224589e-23
-2.166715957350888513e-23
-2.166146725245039772e-23
-2.016531887319275375e-23
-2.134182447216083176e-23
-2.300708926322578986e-23
-2.000896676986230279e-23
-2.130004558078132603e-23
-2.199576908183707415e-23
-1.894221521925535930e-23
-2.187876055065184858e-23
-2.167452563026055740e-23
-2.014327327507433301e-23
-2.103582061796272359e-23
-1.998843750738024748e-23
-2.080645667712385589e-23
-2.061237918973772264e-23
-2.071999347002939627e-23
-2.081199505097332683e-23
-2.184368560922607943e-23
-2.068479874363909362e-23
-2.058941590633303623e-23
-1.967949094198954421e-23
-2.024225024283432943e-23
-1.974094944026732010e-23
-1.875966556783916748e-23
-2.139909315402014993e-23
-2.124807302793449272e-23
-2.081810650427127330e-23
-2.086844291154762998e-23
-2.016058141464208031e-23
-2.001256213691108453e-23
-1.996910310680261012e-23
-2.117457222717709970e-23
-2.140785215596960005e-23
-2.166870655134581580e-23
-2.049971049870045312e-23
-2.066081418267980285e-23
-1.987925361307216761e-23
-2.227355944333215137e-23
-1.964177038247521520e-23
-1.990940160011252914e-23
-1.999304795946414141e-23
-2.012564228355722941e-23
-2.014826471839803491e-23
-2.195208552614593048e-23
-2.060647639441925207e-23
-1.984687514322915370e-23
-2.049852076990264544e-23
-2.124742539897575739e-23
-1.911936759619498762e-23
-2.113728006202777131e-23
-1.899866191292507203e-23
-1.873794821601280027e-23
-2.090212825209544395e-23
-2.273077561551561103e-23
-2.042318439682359544e-23
-2.053565207014742908e-23
-1.984616382960837993e-23
-2.019756132033085403e-23
-2.011546593009198635e-23
-2.166388140689769491e-23
-2.203306723067537658e-23
-2.009048044755244768e-23
-2.065320796879123730e-23
-1.947859011196923484e-23
-1.870477718684324429e-23
-1.924129751466251716e-23
-2.084136409069497353e-23
-2.105378421030726088e-23
-2.030755833736425363e-23
-2.072961298219482544e-23
-2.141542851173648291e-23
-2.141398538233729457e-23
-2.005322418055527019e-23
-2.267254493503097749e-23
-2.145859824635941465e-23
-2.038959920921471680e-23
-2.159010045479952100e-23
-2.054404925358975213e-23
-2.047625241138737870e-23
-1.981877442500928871e-23
-2.032261773177142730e-23
-2.123914076442541057e-23
-1.903046430645611663e-23
-2.005397328001927276e-23
-1.851335731791971012e-23
-1.938369056551209237e-23
-2.078842496044425605e-23
-1.990524236627906449e-23
-2.089865751698275913e-23
-2.032560390250998364e-23
-2.069904059443525310e-23
-2.074614976709803032e-23
-2.029677575940803091e-23
-1.827471650401408301e-23
-1.839694972173010690e-23
-2.020725344914423822e-23
-2.163908714730508055e-23
-2.024606820844788958e-23
-1.954671709521005973e-23
-2.003310300346637681e-23
-2.018511527535078898e-23
-1.979302054906560473e-23
-2.036366848340342866e-23
-2.006982627868775317e-23
-2.112602565467144834e-23
-2.078070464818589745e-23
-2.012197218423113602e-23
-2.052260342988884158e-23
-1.943862604052897529e-23
-2.154001992229719641e-23
-2.078445142138640309e-23
-2.026808004423311641e-23
-2.141216523060825154e-23
-2.075911546572044553e-23
-2.110179910810942978e-23
-1.930484666587495214e-23
-1.957006605180757277e-23
-2.029948416316981364e-23
-1.968450325847891517e-23
-2.146291251151619279e-23
-2.113319897954194959e-23
-2.048964567804868029e-23
-1.977657044675666091e-23
-1.947819915814944168e-23
-2.105180373237571828e-23
-2.055176259236939224e-23
-2.040048674702643005e-23
-2.036531989519704523e-23
-1.952211929297071026e-23
-1.921984368162961372e-23
-1.984738507494202531e-23
-2.036012525927898517e-23
-2.183981172002578691e-23
-2.115077383991481897e-23
-1.951420118684975449e-23
-2.065548081638900805e-23
-2.011749350656067332e-23
-2.134170736698385602e-23
-1.907242710503264600e-23
-1.943651628004449270e-23
-1.998938208793886538e-23
-1.977852976917943842e-23
-2.113661746699787549e-23
-1.908685450556859164e-23
-2.131354564082582824e-23
-2.007752318794206822e-23
-2.141005175274776018e-23
-2.138629836095261912e-23
-2.006965444357673613e-23
-2.101548879159305611e-23
-2.168393808894060462e-23
-2.163125823939418675e-23
-1.945408061885492146e-23
-2.063961288811536482e-23
-1.898776071002434439e-23
-2.006224009471209400e-23
-1.978198301844792026e-23
-2.051573587036337561e-23
-2.159840559794264371e-23
-2.117638284057405292e-23
-1.964455149185351243e-23
-2.088792314782822496e-23
-2.105649520206848351e-23
-1.954051631906053259e-23
-2.222371195771978927e-23
-2.093679642504812862e-23
-1.942715233828805333e-23
-2.086367499652754327e-23
-2.045293138289215022e-23
-2.018217753141964881e-23
-2.184583914176444120e-23
-2.080984134696605667e-23
-2.206393298047888401e-23
-1.984271714596892911e-23
-2.256547021048877842e-23
-2.144672262122605032e-23
-2.040340558327008639e-23
-2.097414015919000807e-23
-1.913844482487736091e-23
-2.132323929996293068e-23
-2.095174732733489049e-23
-2.123290765944278360e-23
-2.062520876205844276e-23
-2.045753543056841139e-23
-2.057193929663986712e-23
-2.096052908082816597e-23
-2.146216232446763405e-23
-2.055487326463334453e-23
-2.090635147023525104e-23
-2.126716915508111553e-23
-2.163582662047576417e-23
-2.124265121111112597e-23
-2.001587811687288833e-23
-2.074030221640818421e-23
-2.294764354750624195e-23
-2.120882330110000134e-23
-1.986312430397181917e-23
-2.050463044157583866e-23
-2.057373692925941195e-23
-2.177247577579113698e-23
-2.150368855876806176e-23
-2.167007041466641750e-23
-2.055951016254744538e-23
-2.135894562164104160e-23
-2.030309086723408022e-23
-1.999221656564187871e-23
-2.249359202137646159e-23
-2.203454783343860485e-23
-2.101166482984403511e-23
-2.099482242375976220e-23
-2.072121843279932683e-23
-2.228295180869181919e-23
-2.123835242044079756e-23
-2.020211223997502943e-23
-2.216661859559015859e-23
-2.112045079393993193e-23
-2.070215790934330551e-23
-2.087837993469904304e-23
-2.067356450805752088e-23
-2.170735610344225367e-23
-2.099328814394947070e-23
-2.053345197735547744e-23
-2.118309832031815008e-23
-2.072773942539014056e-23
-2.034116720128112878e-23
-2.192409912495271306e-23
-1.936817551088835795e-23
-2.128005758364535842e-23
-2.039726164841539922e-23
-2.117805970197008163e-23
-2.017194739292269633e-23
-2.072473729343988775e-23
-2.234768183248522561e-23
-2.202631572696652356e-23
-2.147678736208528786e-23
-1.864080824774458249e-23
-2.193558993757986421e-23
-1.996231479013673453e-23
-1.921191688463712746e-23
-2.060123331859385520e-23
-2.138985361270814745e-23
-2.059584638559811200e-23
-2.063825310619042156e-23
-2.023800885503349069e-23
-1.904077029372845098e-23
-2.042281595340422153e-23
-2.102323879904362944e-23
-2.095461340756256093e-23
-2.037451327941068226e-23
-2.059426732528361194e-23
-2.138964064060456843e-23
-2.132430437705806328e-23
-2.069827467460359296e-23
-2.021054945539415533e-23
-2.064332261262775572e-23
-1.984923749391882012e-23
-2.100461058721794358e-23
-1.955646331102482909e-23
-2.034655189814741901e-23
-2.050502618230838531e-23
-2.016685404274437314e-23
-2.076787664166732812e-23
-2.186362828534247279e-23
-2.000673373101679145e-23
-1.961143501477511524e-23
-2.061995041512912705e-23
-1.870546144171061477e-23
-2.145184690432895389e-23
-2.096760909907927845e-23
-2.094184210214452639e-23
-1.983819358904643762e-23
-1.967872515611738779e-23
-2.103915577549557830e-23
-2.000349289799440264e-23
-2.110586512833849580e-23
-2.001293569872209525e-23
-2.051113853653090149e-23
-1.935581031517439487e-23
-2.060622577827709442e-23
-2.031528171428988087e-23
-1.967815233199798731e-23
-2.028222352238967397e-23
-1.937278318628864482e-23
-2.071262188623193253e-23
-2.104497914412241463e-23
-2.040838443191864018e-23
-1.874325749292169094e-23
-2.043961333011707667e-23
-2.056766259961806075e-23
-2.016633449960138955e-23
-2.018403451220091220e-23
-2.006673806603947287e-23
-2.075704649165601340e-23
-1.887939894800695415e-23
-1.995358366728315953e-23
-2.003313087645103899e-23
-2.080658558599866160e-23
-1.839601224242512982e-23
-2.097954979150649156e-23
-2.029627039098879409e-23
-1.904422049709892060e-23
-2.011913850186104120e-23
-2.112749237137620478e-23
-1.986549982064230775e-23
-1.901244569340806357e-23
-1.956983367278011241e-23
-1.838627117581367903e-23
-1.951708039601456153e-23
-1.877437072894677965e-23
-1.881960172030439834e-23
-1.854277613342622121e-23
-1.997076460194704516e-23
-1.847090229244423622e-23
-1.961528483936526326e-23
-1.987380253396468635e-23
-1.864198759791295675e-23
-1.956237387832938560e-23
-1.894315787030599845e-23
-1.994225214720773380e-23
-1.914697768244306786e-23
-1.853383314115331261e-23
-1.941837981699461067e-23
-1.953617353541555063e-23
-1.975890799746571537e-23
-1.853766224182579540e-23
-1.972086227566759483e-23
-1.963328535537064343e-23
-1.952677794124182775e-23
-1.870696624008915365e-23
-1.917461882133240194e-23
-1.798673126974463126e-23
-1.768230750288979388e-23
-1.908481961049892474e-23
-1.823111914247636961e-23
-1.868774945150259927e-23
-1.864755654662066716e-23
-1.815520274222592094e-23
-1.868307961040053827e-23
-1.895315881465041607e-23
-1.822111125797534509e-23
-1.874679485873424763e-23
-1.867101767385653970e-23
-1.882927894793780403e-23
-1.745315458746151610e-23
-1.941269462557957188e-23
-1.805736127548643662e-23
-1.925302391951124712e-23
-1.917063575638094970e-23
-1.769335193522184060e-23
-1.995132741253376670e-23
-1.846821893824575332e-23
-1.921890706677681105e-23
-1.934083336051140729e-23
-1.817620827231903543e-23
-1.859374908799560094e-23
-1.808614238471526562e-23
-1.785635510900518061e-23
-1.847652350931115199e-23
-1.875435521740108308e-23
-1.825066744336821840e-23
-1.867902146865367002e-23
-1.891461569245778339e-23
-1.824023468328246048e-23
-1.748136549183484614e-23
-1.874031276396944753e-23
-1.763245697851530503e-23
-1.766534123199525946e-23
-1.813140666114667902e-23
-1.856960365018205130e-23
-1.845711359107748819e-23
-1.710741296153086109e-23
-1.782550275845193482e-23
-1.835750140789850938e-23
-1.670997268257966219e-23
-1.737708732191650478e-23
-1.783861812153275212e-23
-1.696488038861414618e-23
-1.653111362309911652e-23
-1.814848077187320075e-23
-1.659250873163227184e-23
-1.691437328882288321e-23
-1.727834707008176145e-23
-1.768303634401813722e-23
-1.726169504189682897e-23
-1.755635400053006956e-23
-1.634495396384929101e-23
-1.828908012162730658e-23
-1.765889242756193173e-23
-1.846786887998290869e-23
-1.769393135048785058e-23
-1.764283728910309309e-23
-1.686311541870989987e-23
-1.817899267765343860e-23
-1.684410850749754865e-23
-1.809849301135741972e-23
-1.718134328837059136e-23
-1.705353877988626716e-23
-1.764214435319315279e-23
-1.707822352167866104e-23
-1.700463468340686471e-23
-1.720476233605450954e-23
-1.714989965407774249e-23
-1.709597306323118970e-23
-1.686523974869172921e-23
-1.665639025616657594e-23
-1.590356582544022139e-23
-1.726379160455123404e-23
-1.671522596280415978e-23
-1.651187594227519078e-23
-1.717088784561070946e-23
-1.649800250741693421e-23
-1.650079414097350845e-23
-1.606128928199640509e-23
-1.708843085929591409e-23
-1.774685213318376970e-23
-1.699895641597495298e-23
-1.654122386477535163e-23
-1.618157849848192533e-23
-1.706863654973995356e-23
-1.721705386503439578e-23
-1.673631891700402181e-23
-1.635807284106317614e-23
-1.545099542367992709e-23
-1.619174842912805561e-23
-1.676571310295527314e-23
-1.578167034267386269e-23
-1.677342308489257277e-23
-1.685992132502162619e-23
-1.515850708846875942e-23
-1.690815268598312510e-23
-1.724839248536518618e-23
-1.686334645109945436e-23
-1.568731516959047496e-23
-1.720317378899093926e-23
-1.582833421093192414e-23
-1.619354789386521688e-23
-1.603552928418641094e-23
-1.589313114490185843e-23
-1.558482274264496941e-23
-1.617468870065279563e-23
-1.558584735023318161e-23
-1.550398645025385929e-23
-1.607077617852816704e-23
-1.596555179941067313e-23
-1.654772056562592976e-23
-1.546878455426582205e-23
-1.628813388646514232e-23
-1.590049597188302044e-23
-1.605330185987550954e-23
-1.628888926527719438e-23
-1.510513955495114310e-23
-1.544687232247090094e-23
-1.546495638690575529e-23
-1.585702718663518623e-23
-1.630370714207376822e-23
-1.641813029422202358e-23
-1.573975332895335151e-23
-1.519817357958416034e-23
-1.472197909080210227e-23
-1.606029324622627731e-23
-1.563123582647498606e-23
-1.634330328360593445e-23
-1.517268000069345172e-23
-1.518980624316563962e-23
-1.572837041090888242e-23
-1.528899467351388034e-23
-1.448273417250157196e-23
-1.569988270626043885e-23
-1.607271368652165112e-23
-1.554306165612719021e-23
-1.635809322023644259e-23
-1.473075136157900840e-23
-1.498671138040745270e-23
-1.611822241169250897e-23
-1.643931490437481733e-23
-1.443129054685049256e-23
-1.664274311170172930e-23
-1.483953444218156445e-23
-1.539328146596402829e-23
-1.574395447083927870e-23
-1.596988606477226818e-23
-1.608948395034922959e-23
-1.545380138004781859e-23
-1.522940876482655787e-23
-1.560304115695282385e-23
-1.408626846429812224e-23
-1.582399781747456688e-23
-1.456047815739430535e-23
-1.507494347616429444e-23
-1.408872019308765084e-23
-1.465896909037532826e-23
-1.567713553401181209e-23
-1.475137096751710339e-23
-1.402447302072058111e-23
-1.431135714619229120e-23
-1.474970007089213633e-23
-1.463938356880862169e-23
-1.519943835802065216e-23
-1.428647115996834288e-23
-1.598566140704140557e-23
-1.447597353024872344e-23
-1.429506416843985259e-23
-1.353232013185878663e-23
-1.524301522031620935e-23
-1.503986697232657663e-23
-1.512254805180799711e-23
-1.449191524687665960e-23
-1.459130732265516766e-23
-1.463130692625042663e-23
-1.465129278837141661e-23
-1.505671854100976470e-23
-1.403229536883065655e-23
-1.401153814885839717e-23
-1.518463993045910300e-23
-1.327872301371828722e-23
-1.472907744198928913e-23
-1.478027255341458542e-23
-1.545078479713096855e-23
-1.482348804328423442e-23
-1.450622880209656805e-23
-1.462747767050927696e-23
-1.402324019453027937e-23
-1.320150887459822911e-23
-1.400207428420803100e-23
-1.389291374285400779e-23
-1.404714595973257981e-23
-1.485549787981493466e-23
-1.496416757813403855e-23
-1.459016269617145540e-23
-1.444740542191429235e-23
-1.357323444517934945e-23
-1.332423606529024049e-23
-1.384885263739262037e-23
-1.311052302867468915e-23
-1.388543533470228815e-23
-1.459617723504917373e-23
-1.292614517939748080e-23
-1.341024529467528536e-23
-1.341676585340952187e-23
-1.373464785863578809e-23
-1.377520777954756937e-23
-1.401115004750728401e-23
-1.313589641485445866e-23
-1.440972641655427920e-23
-1.317058820120984682e-23
-1.324036346102437767e-23
-1.328133668787902221e-23
-1.340960933740300836e-23
-1.356868500302807957e-23
-1.380183216627716140e-23
-1.289249260530322535e-23
-1.421661208156661316e-23
-1.333594776677510158e-23
-1.380214579823402620e-23
-1.349833525979893083e-23
-1.286752157981008469e-23
-1.335342036622733946e-23
-1.318333984741104468e-23
-1.340760820145475862e-23
-1.304126085094838200e-23
-1.293788947236897062e-23
-1.346832351439063650e-23
-1.263385120555955868e-23
-1.359020624000255231e-23
-1.241252927977261054e-23
-1.317499816603985713e-23
-1.301312625212123394e-23
-1.199455061979053297e-23
-1.373635315955928503e-23
-1.294697293421809621e-23
-1.368368901862829548e-23
-1.350476122369482981e-23
-1.268631202678920128e-23
-1.277577563291322101e-23
-1.308161897112483762e-23
-1.302643549411397948e-23
-1.298288142548527957e-23
-1.267994756224339458e-23
-1.301083680483226376e-23
-1.235551840545932922e-23
-1.249800856194546590e-23
-1.290722405703549860e-23
-1.268151365981484270e-23
-1.216375263118378971e-23
-1.297027668111952155e-23
-1.257571433889894388e-23
-1.201245884745555286e-23
-1.216830659860236460e-23
-1.282986050474100524e-23
-1.201803185826750631e-23
-1.226260841428879611e-23
-1.225215883160924998e-23
-1.256291469967751911e-23
-1.217253091261316957e-23
-1.192823891709876462e-23
-1.241734383581564861e-23
-1.206330545132930283e-23
-1.170916081400590541e-23
-1.137665317245232892e-23
-1.254765746371607489e-23
-1.248452986817264797e-23
-1.125151881905968365e-23
-1.236286337742824909e-23
-1.212660181658572768e-23
-1.182530620101287934e-23
-1.199947953150275574e-23
-1.210822889543943128e-23
-1.150558052940250611e-23
-1.201308952366388946e-23
-1.211043192257610091e-23
-1.149404394626768385e-23
-1.174628379909133007e-23
-1.228402985700856717e-23
-1.168352815290463960e-23
-1.208033667860949868e-23
-1.164255706141948710e-23
-1.212229617655390696e-23
-1.210054600755663093e-23
-1.169520127872360363e-23
-1.200296978851734693e-23
-1.173563292606641640e-23
-1.169980679057177448e-23
-1.078712551046228827e-23
-1.111113495409709667e-23
-1.159809457635630640e-23
-1.124157199469038299e-23
-1.096765653262991079e-23
-1.173799408648141133e-23
-1.140494227955170466e-23
-1.138562538030822513e-23
-1.015587108939266540e-23
-1.108488505007504266e-23
-1.107692264694247153e-23
-1.137135014405768905e-23
-1.133212043942331092e-23
-1.130864354350168763e-23
-1.161465244866257724e-23
-1.174209870937474220e-23
-1.098880868898602848e-23
-1.103388240988959971e-23
-1.049569946647965196e-23
-1.046066024097955059e-23
-1.121664956569476181e-23
-1.070420842366511358e-23
-1.086393662513073010e-23
-1.124288855209985519e-23
-1.109357871261166283e-23
-1.143884421892922268e-23
-1.102704367359909959e-23
-1.096876132886045084e-23
-1.134700762085998966e-23
-1.144843686889653177e-23
-1.111236907338111197e-23
-1.062868087894814086e-23
-1.081997950759617293e-23
-1.137256519110650238e-23
-1.046964523218891985e-23
-1.109338146927326618e-23
-1.059744721481947362e-23
-1.025619850963693136e-23
-1.024889784728196072e-23
-1.014574322120462107e-23
-1.038947983028483148e-23
-1.050539327978828399e-23
-1.005202166036764191e-23
-1.068147346021687543e-23
-1.042935285430609798e-23
-1.064090482385394153e-23
-1.026741036466646754e-23
-1.106939421127962918e-23
-1.104098706847255004e-23
-9.362229100443477337e-24
-9.851559217090887078e-24
-1.021502042508455253e-23
-9.703188910659362860e-24
-9.875238430185584738e-24
-9.993724602249740501e-24
-9.775465711249436676e-24
-1.008834348436598373e-23
-9.750093365861331460e-24
-1.004376266422455357e-23
-1.007543592997846534e-23
-1.047380541475331030e-23
-9.725824753457519440e-24
-9.442430737496919970e-24
-9.869230870728197495e-24
-9.943356986846840000e-24
-9.669076353496932838e-24
-9.345057514727291485e-24
-1.001446949366995806e-23
-1.005825021531018596e-23
-9.593412367769113415e-24
-9.549310290979124241e-24
-9.141718435311870880e-24
-9.598233082095257541e-24
-9.325655567866167624e-24
-9.474834722855230967e-24
-9.192470325392823921e-24
-9.504910644601607700e-24
-9.683296327106660764e-24
-9.755604206975970220e-24
-9.075307857827256397e-24
-9.423466558463260735e-24
-8.983626158707028413e-24
-9.064080748309383164e-24
-9.427585066069001927e-24
-9.309975662490887989e-24
-9.410046703556829471e-24
-9.325567064812516898e-24
-9.875146019730695355e-24
-8.742049995940645979e-24
-8.865125665304911191e-24
-9.266635072660404432e-24
-9.373622176161444981e-24
-9.176799861583653253e-24
-9.013954118666738212e-24
-8.914183555020071166e-24
-9.637137972961872385e-24
-8.757532668288270397e-24
-9.203597445278002182e-24
-9.073532536964648022e-24
-8.555816269834066896e-24
-8.947869383073442657e-24
-8.957286328672507501e-24
-8.705296567514002636e-24
-9.317329490184787876e-24
-9.131829996208867652e-24
-8.540939378400989231e-24
-9.426383901897392160e-24
-8.952164385120201869e-24
-9.274086609591342820e-24
-8.622767821563949193e-24
-8.903763757180401427e-24
-9.061976641076210385e-24
-8.571215561271267612e-24
-8.887509342425918721e-24
-8.241767230126817829e-24
-8.769435088967560322e-24
-8.102792692486818574e-24
-9.377850104479920756e-24
