0.000000000000000000e+00
0.000000000000000000e+00
1.484516026586186211e-08
1.187652999700527545e-08
1.099697269301117950e-08
1.060437149919898096e-08
1.039241509362875183e-08
1.026424121566856692e-08
1.018057803346531201e-08
1.012286258965366950e-08
1.008133689974037044e-08
1.005045406256115348e-08
1.002686454352567891e-08
1.000844465856228679e-08
9.993795021681748046e-09
9.981960792580665097e-09
9.972274026381330388e-09
9.964253780320415940e-09
9.957548962389026368e-09
9.951895864808681415e-09
9.947095973803503167e-09
9.942994826773404610e-09
9.939473584696226555e-09
9.936436860520203691e-09
9.933810187218486764e-09
9.931532096177011688e-09
9.929554156085474690e-09
9.927835328832986704e-09
9.926343091580958234e-09
9.925049205856569763e-09
9.923931207943180136e-09
9.922969182501062657e-09
9.922147221436054748e-09
9.921451002050532564e-09
9.920868996336457991e-09
9.920390725375188993e-09
9.920007642024596292e-09
9.919711964617585541e-09
9.919497210362588522e-09
9.919357513018290064e-09
9.919287851379279951e-09
9.919283731617851092e-09
9.919341196586945842e-09
9.919456726660816315e-09
9.919627167623546090e-09
9.919849673284371290e-09
9.920121721020217349e-09
9.920440905914963831e-09
9.920805236777286221e-09
9.921212565919000617e-09
9.921661375934444706e-09
9.922149632823205805e-09
9.922676258220108111e-09
9.923239227664227480e-09
9.923837875043745523e-09
9.924470131766547302e-09
9.925135702977601833e-09
9.925832499959787659e-09
9.926560506637519591e-09
9.927317800422746082e-09
9.928104411181408790e-09
9.928919465167933868e-09
9.929762138434360373e-09
9.930631623733525440e-09
9.931527158316875735e-09
9.932447989018470694e-09
9.933393399890585522e-09
9.934362681822952169e-09
9.935355156075429025e-09
9.936370149378547614e-09
9.937407013208471916e-09
9.938465103120162078e-09
9.939543795351400631e-09
9.940642472369538433e-09
9.941760529656471776e-09
9.942897374594928055e-09
9.944052421812221438e-09
9.945225098305295195e-09
9.946414836832719889e-09
9.947621080834606499e-09
9.948843279126801961e-09
9.950080888940417274e-09
9.951333373687008815e-09
9.952600207075067481e-09
9.953880872983860405e-09
9.955174862477982274e-09
9.956481676424521697e-09
9.957800820899551902e-09
9.959131808291333247e-09
9.960474156401852800e-09
9.961827396492242713e-09
9.963191061513214402e-09
9.964564699478962673e-09
9.965947865522946275e-09
9.967340122339607313e-09
9.968741042747385413e-09
9.970150208977400296e-09
9.971567210499667453e-09
9.972991649968225530e-09
9.974423133423605490e-09
9.975861284879245855e-09
9.977305728874908589e-09
9.978756110489769734e-09
9.980212074890208370e-09
9.981673287931934213e-09
9.983139415233413309e-09
9.984610145710074628e-09
9.986085165746877573e-09
9.987564187159729828e-09
9.989046919081972503e-09
9.990533097164964170e-09
9.992022454192077674e-09
9.993514748846542980e-09
9.995009737390010540e-09
9.996507201994294597e-09
9.998006925167615479e-09
9.999508711112606499e-09
1.000101236979580798e-08
1.000251772816808438e-08
1.000402462383297201e-08
1.000553290748210049e-08
1.000704244247422080e-08
1.000855310595036375e-08
1.001006478636706670e-08
1.001157738567726500e-08
1.001309081878669865e-08
1.001460501390906400e-08
1.001611991135091183e-08
1.001763546636289764e-08
1.001915164424919036e-08
1.002066842666232843e-08
1.002218580416793978e-08
1.002370378484488403e-08
1.002522238495184115e-08
1.002674163838575613e-08
1.002826158644972563e-08
1.002978228863796579e-08
1.003130381128639128e-08
1.003282623900623822e-08
1.003434966148898169e-08
1.003587418933919132e-08
1.003739993486664310e-08
1.003892703462975553e-08
1.004045562402001859e-08
1.004198586395049647e-08
1.004351791172253628e-08
1.004505195353418621e-08
1.004658816799565582e-08
1.004812676422092706e-08
1.004966794348539336e-08
1.005121193817003912e-08
1.005275896835776741e-08
1.005430928959216991e-08
1.005586314165492493e-08
1.005742079978522467e-08
1.005898252464695344e-08
1.006054860979625360e-08
1.006211933684981204e-08
1.006369501605775982e-08
1.006527594852845950e-08
1.006686246113565437e-08
1.006845487293299333e-08
1.007005352704007500e-08
1.007165875974635023e-08
1.007327092877951828e-08
1.007489038691345249e-08
1.007651750539339284e-08
1.007815265191545996e-08
1.007979621082680605e-08
1.008144856394701219e-08
1.008311010794255554e-08
1.008478123683876193e-08
1.008646235850941319e-08
1.008815387779950319e-08
1.008985621422037641e-08
1.009156978150034100e-08
1.009329500962683172e-08
1.009503232033769031e-08
1.009678215296930234e-08
1.009854493616463465e-08
1.010032111660607686e-08
1.010211112975364436e-08
1.010391542868058706e-08
1.010573445345053283e-08
1.010756866284966771e-08
1.010941850179281550e-08
1.011128443245855898e-08
1.011316690384114013e-08
1.011506638052761209e-08
1.011698331344399296e-08
1.011891816920365209e-08
1.012087139930567499e-08
1.012284347163403669e-08
1.012483483737453631e-08
1.012684596402013896e-08
1.012887730155555434e-08
1.013092931577554907e-08
1.013300245481433056e-08
1.013509718165403462e-08
1.013721394149284900e-08
1.013935319359818529e-08
1.014151537923670797e-08
1.014370095298930617e-08
1.014591035111609896e-08
1.014814402198657370e-08
1.015040239680471292e-08
1.015268591711832985e-08
1.015499500727581020e-08
1.015733010101568240e-08
1.015969161562471446e-08
1.016207997573556924e-08
1.016449559027241726e-08
1.016693887438015645e-08
1.016941022753823226e-08
1.017191005474515994e-08
1.017443874503594923e-08
1.017699669270597894e-08
1.017958427565036107e-08
1.018220187633036206e-08
1.018484986090325707e-08
1.018752859996839864e-08
1.019023844634738019e-08
1.019297975843144538e-08
1.019575287496619908e-08
1.019855814114133716e-08
1.020139588099244530e-08
1.020426642636414745e-08
1.020717008553539998e-08
1.021010717650301441e-08
1.021307799154120002e-08
1.021608283359767291e-08
1.021912197902633387e-08
1.022219571502419561e-08
1.022530430128582576e-08
1.022844800884377294e-08
1.023162708063391563e-08
1.023484177078524588e-08
1.023809230507069498e-08
1.024137892044731797e-08
1.024470182494076038e-08
1.024806123820550529e-08
1.025145735026720877e-08
1.025489036274674782e-08
1.025836044748481824e-08
1.026186778799996220e-08
1.026541253732642132e-08
1.026899486098678331e-08
1.027261489308274025e-08
1.027627278008258912e-08
1.027996863776442462e-08
1.028370259305157446e-08
1.028747474355746876e-08
1.029128519609637841e-08
1.029513403055874536e-08
1.029902133323586087e-08
1.030294716560813570e-08
1.030691159439580753e-08
1.031091466247310004e-08
1.031495641680846164e-08
1.031903688135179689e-08
1.032315608420017465e-08
1.032731402963036850e-08
1.033151072674974782e-08
1.033574616186392729e-08
1.034002032439782134e-08
1.034433318043975454e-08
1.034868470210138217e-08
1.035307483455656940e-08
1.035750353368764486e-08
1.036197072288234295e-08
1.036647634210417273e-08
1.037102029585241769e-08
1.037560250459415492e-08
1.038022285488258250e-08
1.038488124873894104e-08
1.038957755551390744e-08
1.039431166040680847e-08
1.039908341464490465e-08
1.040389268445786253e-08
1.040873930457439519e-08
1.041362312741892016e-08
1.041854396665677211e-08
1.042350165945742100e-08
1.042849600462571815e-08
1.043352682063249740e-08
1.043859389228359069e-08
1.044369702213869511e-08
1.044883597655349982e-08
1.045401054544153807e-08
1.045922047748876803e-08
1.046446554993812584e-08
1.046974549637153292e-08
1.047506007821487058e-08
1.048040901729107239e-08
1.048579205893069298e-08
1.049120891317182376e-08
1.049665931107089123e-08
1.050214294692250803e-08
1.050765954193699943e-08
1.051320877742089580e-08
1.051879036194402145e-08
1.052440396472923396e-08
1.053004928193814223e-08
1.053572597350590081e-08
1.054143372364349784e-08
1.054717218291506293e-08
1.055294102475885211e-08
1.055873988753769384e-08
1.056456843667799440e-08
1.057042630135821725e-08
1.057631313757374503e-08
1.058222856799857758e-08
1.058817223988195626e-08
1.059414376648244466e-08
1.060014278969280826e-08
1.060616891537760197e-08
1.061222177736161236e-08
1.061830097643411190e-08
1.062440614145700864e-08
1.063053686519678500e-08
1.063669277312142202e-08
1.064287345255968718e-08
1.064907852456831320e-08
1.065530757234041926e-08
1.066156021220381765e-08
1.066783602622438222e-08
1.067413462604657420e-08
1.068045559201717603e-08
1.068679853450507689e-08
1.069316303060240624e-08
1.069954869080281362e-08
1.070595508825535114e-08
1.071238183530363131e-08
1.071882850392611996e-08
1.072529470934994645e-08
1.073178002443672427e-08
1.073828406283068831e-08
1.074480639967896203e-08
1.075134664996922916e-08
1.075790439351228225e-08
1.076447924522439454e-08
1.077107078944052369e-08
1.077767864599364824e-08
1.078430240089077882e-08
1.079094167856394373e-08
1.079759607025425473e-08
1.080426520293911714e-08
1.081094867595919178e-08
1.081764612076560431e-08
1.082435714269840431e-08
1.083108138116788239e-08
1.083781844597056670e-08
1.084456798631952134e-08
1.085132961557061115e-08
1.085810299287480857e-08
1.086488773967129989e-08
1.087168351958384316e-08
1.087848996751316028e-08
1.088530675555062233e-08
1.089213352649173006e-08
1.089896996195355729e-08
1.090581571172837817e-08
1.091267047333099299e-08
1.091953390405485739e-08
1.092640571654830731e-08
1.093328557656426205e-08
1.094017320744666995e-08
1.094706828731511313e-08
1.095397055238338335e-08
1.096087969239152097e-08
1.096779545682515937e-08
1.097471754877993255e-08
1.098164572799835963e-08
1.098857971354586176e-08
1.099551927726315940e-08
1.100246415298982587e-08
1.100941412456318536e-08
1.101636894155063475e-08
1.102332840044164096e-08
1.103029226600186340e-08
1.103726035010730777e-08
1.104423243194267533e-08
1.105120833813546416e-08
1.105818786393785268e-08
1.106517085155603180e-08
1.107215711211275504e-08
1.107914650164303202e-08
1.108613885121871785e-08
1.109313402916568877e-08
1.110013188409355256e-08
1.110713229688357284e-08
1.111413513656064144e-08
1.112114029989602424e-08
1.112814767280305706e-08
1.113515716835892107e-08
1.114216868679168978e-08
1.114918215859920796e-08
1.115619750025790750e-08
1.116321466039012654e-08
1.117023357022724532e-08
1.117725419799884469e-08
1.118427649040284859e-08
1.119130043316710589e-08
1.119832598784546609e-08
1.120535315787079160e-08
1.121238192186401716e-08
1.121941230156842558e-08
1.122644429145793255e-08
1.123347793018573849e-08
1.124051322792026053e-08
1.124755023962083440e-08
1.125458899359324152e-08
1.126162955840187405e-08
1.126867197937004888e-08
1.127571634219817070e-08
1.128276270696365107e-08
1.128981117756804289e-08
1.129686182821961315e-08
1.130391477817861560e-08
1.131097011795543575e-08
1.131802797902783959e-08
1.132508847262634749e-08
1.133215174256380153e-08
1.133921791781189996e-08
1.134628715552425875e-08
1.135335959881409726e-08
1.136043541882554413e-08
1.136751477317145112e-08
1.137459784707277421e-08
1.138168481136303406e-08
1.138877586573283707e-08
1.139587119442151073e-08
1.140297100943434755e-08
1.141007550880095539e-08
1.141718491688570931e-08
1.142429944408921608e-08
1.143141932630181023e-08
1.143854478705829564e-08
1.144567607298327836e-08
1.145281342021951368e-08
1.145995708625845639e-08
1.146710731759277886e-08
1.147426438374925166e-08
1.148142854105768673e-08
1.148860007027575215e-08
1.149577923633198101e-08
1.150296633187593398e-08
1.151016162796219084e-08
1.151736542909400398e-08
1.152457801135654803e-08
1.153179968986660667e-08
1.153903074907545428e-08
1.154627151157427358e-08
1.155352226835169292e-08
1.156078335007593321e-08
1.156805505382407411e-08
1.157533771651349911e-08
1.158263164287708432e-08
1.158993717505410188e-08
1.159725462390188141e-08
1.160458433610579038e-08
1.161192662864607338e-08
1.161928185150563352e-08
1.162665032636686164e-08
1.163403240806685614e-08
1.164142842120639534e-08
1.164883872472011442e-08
1.165626364552572460e-08
1.166370354514679078e-08
1.167115875228923482e-08
1.167862963108330926e-08
1.168611651179048717e-08
1.169361975826940639e-08
1.170113970341795319e-08
1.170867671151915707e-08
1.171623111598794346e-08
1.172380327981126067e-08
1.173139353714213731e-08
1.173900225075675279e-08
1.174662975257219041e-08
1.175427640557875685e-08
1.176194253918259063e-08
1.176962851507718270e-08
1.177733465987674676e-08
1.178506133336942279e-08
1.179280885799340482e-08
1.180057759154524496e-08
1.180836785238457101e-08
1.181617999499683036e-08
1.182401433333258459e-08
1.183187121859178091e-08
1.183975095823630651e-08
1.184765389999726217e-08
1.185558034515318962e-08
1.186353063644459061e-08
1.187150506960129589e-08
1.187950398099846544e-08
1.188752765938214666e-08
1.189557643541962079e-08
1.190365059053484328e-08
1.191175044813619342e-08
1.191987628315558564e-08
1.192802841113404473e-08
1.193620709891212513e-08
1.194441265410113100e-08
1.195264533525130996e-08
1.196090544056399590e-08
1.196919322090577060e-08
1.197750896473033433e-08
1.198585291326858089e-08
1.199422534600380900e-08
1.200262649477485730e-08
1.201105662880459680e-08
1.201951597056307623e-08
1.202800477849162336e-08
1.203652326473077637e-08
1.204507167709232252e-08
1.205365021729477920e-08
1.206225912190426932e-08
1.207089858097546146e-08
1.207956882007859953e-08
1.208827001825778739e-08
1.209700238894256373e-08
1.210576609984638021e-08
1.211456135179468704e-08
1.212338830033464266e-08
1.213224713521488365e-08
1.214113799884982386e-08
1.215006106956229710e-08
1.215901647551748065e-08
1.216800438447194046e-08
1.217702491003783850e-08
1.218607820787726166e-08
1.219516437873853878e-08
1.220428356510189089e-08
1.221343585441309530e-08
1.222262137731973306e-08
1.223184020650569144e-08
1.224109246028678575e-08
1.225037819729533641e-08
1.225969752347912443e-08
1.226905048331151874e-08
1.227843716985335086e-08
1.228785761352885806e-08
1.229731189446015078e-08
1.230680002852842012e-08
1.231632208353274083e-08
1.232587806081775621e-08
1.233546801473584334e-08
1.234509193364509186e-08
1.235474985745310506e-08
1.236444176219014755e-08
1.237416767318992261e-08
1.238392755389340297e-08
1.239372141517108688e-08
1.240354920787810454e-08
1.241341092931260118e-08
1.242330651729861629e-08
1.243323595483938163e-08
1.244319916801000572e-08
1.245319612504310849e-08
1.246322674074736362e-08
1.247329096868414179e-08
1.248338871273595911e-08
1.249351991172230243e-08
1.250368445869835190e-08
1.251388227950534727e-08
1.252411325396086905e-08
1.253437729647320902e-08
1.254467427309870136e-08
1.255500408716926427e-08
1.256536659277351169e-08
1.257576168162875672e-08
1.258618919576099063e-08
1.259664901583766904e-08
1.260714097133536144e-08
1.261766493293245896e-08
1.262822071770908809e-08
1.263880818644663073e-08
1.264942714455269901e-08
1.266007744327473334e-08
1.267075887630320842e-08
1.268147128573089543e-08
1.269221445418914881e-08
1.270298821501628533e-08
1.271379233919544596e-08
1.272462665261917218e-08
1.273549091502022733e-08
1.274638494487312785e-08
1.275730849262576136e-08
1.276826136870823176e-08
1.277924331475852136e-08
1.279025413269319601e-08
1.280129355643096204e-08
1.281236138031217852e-08
1.282345733086094921e-08
1.283458119340028584e-08
1.284573268881904153e-08
1.285691159505127174e-08
1.286811762713003111e-08
1.287935055569905849e-08
1.289061009003533157e-08
1.290189599443238817e-08
1.291320797331397853e-08
1.292454578384620230e-08
1.293590912789515074e-08
1.294729775508474194e-08
1.295871136459753113e-08
1.297014970125752736e-08
1.298161246016159263e-08
1.299309938285312281e-08
1.300461016010801502e-08
1.301614453070615893e-08
1.302770218279743611e-08
1.303928285171000748e-08
1.305088622466926448e-08
1.306251203325925907e-08
1.307415996280163146e-08
1.308582974422762102e-08
1.309752106040197280e-08
1.310923364274519192e-08
1.312096717164491031e-08
1.313272137985763070e-08
1.314449594683469102e-08
1.315629060644890732e-08
1.316810503781844407e-08
1.317993897504736888e-08
1.319179209820178033e-08
1.320366414317590880e-08
1.321555479088032155e-08
1.322746378095987116e-08
1.323939079487050989e-08
1.325133557536403692e-08
1.326329780545142300e-08
1.327527723210119587e-08
1.328727354124815332e-08
1.329928648332846180e-08
1.331131574753460451e-08
1.332336108900112553e-08
1.333542220061178994e-08
1.334749884240680594e-08
1.335959071236926224e-08
1.337169757479441553e-08
1.338381913475048570e-08
1.339595515993648336e-08
1.340810536327830985e-08
1.342026951778179933e-08
1.343244734306179623e-08
1.344463861923385132e-08
1.345684307273701435e-08
1.346906049089592193e-08
1.348129060743925718e-08
1.349353321671488829e-08
1.350578806088942884e-08
1.351805494105126151e-08
1.353033360820653151e-08
1.354262387172726126e-08
1.355492549152738323e-08
1.356723828482162439e-08
1.357956202131565609e-08
1.359189652682254762e-08
1.360424158007342403e-08
1.361659701805037073e-08
1.362896262669060090e-08
1.364133825564955655e-08
1.365372369849572968e-08
1.366611881705624046e-08
1.367852341509226584e-08
1.369093736450978095e-08
1.370336048043956191e-08
1.371579264420849439e-08
1.372823368288080467e-08
1.374068348967650847e-08
1.375314190135190730e-08
1.376560882391709694e-08
1.377808410426600173e-08
1.379056766087023639e-08
1.380305935173489336e-08
1.381555910793142578e-08
1.382806679877472343e-08
1.384058236789598608e-08
1.385310569666266436e-08
1.386563674104465390e-08
1.387817539506197320e-08
1.389072162634402403e-08
1.390327534153073238e-08
1.391583652122301714e-08
1.392840508449975282e-08
1.394098102523882016e-08
1.395356427492724291e-08
1.396615484025480456e-08
1.397875266446976660e-08
1.399135776750364310e-08
1.400397010610008769e-08
1.401658971293780353e-08
1.402921655775302803e-08
1.404185068515559010e-08
1.405449207915238605e-08
1.406714079782243683e-08
1.407979683696878352e-08
1.409246026821974490e-08
1.410513109940719110e-08
1.411780941600722687e-08
1.413049523761679655e-08
1.414318866412379735e-08
1.415588972620829366e-08
1.416859853686588852e-08
1.418131513834034012e-08
1.419403965765465476e-08
1.420677214840646675e-08
1.421951275177872151e-08
1.423226153209344009e-08
1.424501864299869167e-08
1.425778415973874232e-08
1.427055824968886413e-08
1.428334099998580799e-08
1.429613258952554294e-08
1.430893311643946637e-08
1.432174277210646045e-08
1.433456166538433753e-08
1.434738999832479012e-08
1.436022789129761566e-08
1.437307555701310275e-08
1.438593312654555010e-08
1.439880082422620749e-08
1.441167879015047304e-08
1.442456726091697288e-08
1.443746638493064888e-08
1.445037640962996512e-08
1.446329749262150170e-08
1.447622989116421441e-08
1.448917377193387834e-08
1.450212940170885057e-08
1.451509695556586168e-08
1.452807670992855204e-08
1.454106884875177842e-08
1.455407365556639313e-08
1.456709132321624995e-08
1.458012214356611699e-08
1.459316631707885149e-08
1.460622414377843849e-08
1.461929582959144516e-08
1.463238168338486559e-08
1.464548191726118767e-08
1.465859684705344581e-08
1.467172669130923138e-08
1.468487177219389288e-08
1.469803231452564959e-08
1.471120864602550437e-08
1.472440099677014969e-08
1.473760970000799455e-08
1.475083499020468721e-08
1.476407720578426939e-08
1.477733658615304155e-08
1.479061347430100792e-08
1.480390811328834245e-08
1.481722085040142383e-08
1.483055193271289552e-08
1.484390171028800812e-08
1.485727043218860241e-08
1.487065845218569318e-08
1.488406602062734404e-08
1.489749349509009855e-08
1.491094112728809588e-08
1.492440927686501387e-08
1.493789819724642671e-08
1.495140824935789074e-08
1.496493968744957996e-08
1.497849287410503496e-08
1.499206806343820967e-08
1.500566561876471275e-08
1.501928579394594994e-08
1.503292895192644346e-08
1.504659534670535440e-08
1.506028534094767088e-08
1.507399918692082489e-08
1.508773724563475843e-08
1.510149976837491438e-08
1.511528711335707154e-08
1.512909953085976572e-08
1.514293737611356028e-08
1.515680089731961955e-08
1.517069044703015566e-08
1.518460627086647239e-08
1.519854871799598859e-08
1.521251803043135651e-08
1.522651455409958775e-08
1.524053852603157645e-08
1.525459028897607799e-08
1.526867007472160367e-08
1.528277822159975445e-08
1.529691495660589063e-08
1.531108061323403927e-08
1.532527541224730731e-08
1.533949968358078054e-08
1.535375363995585164e-08
1.536803760667506079e-08
1.538235179025236933e-08
1.539669651005373815e-08
1.541107196512326085e-08
1.542547846839991669e-08
1.543991621224425602e-08
1.545438550227578835e-08
1.546888652374602237e-08
1.548341957429555287e-08
1.549798483206954022e-08
1.551258258642622155e-08
1.552721300781510555e-08
1.554187637669128593e-08
1.555657285612754745e-08
1.557130271758810626e-08
1.558606611448258021e-08
1.560086331155560692e-08
1.561569445164691830e-08
1.563055979061258343e-08
1.564545946204546084e-08
1.566039371190035700e-08
1.567536266476921094e-08
1.569036655682857159e-08
1.570540550217944148e-08
1.572047972714958660e-08
1.573558933637529973e-08
1.575073454592674807e-08
1.576591545009891496e-08
1.578113225556630428e-08
1.579638504535635275e-08
1.581167401605625552e-08
1.582699923996724940e-08
1.584236090232565609e-08
1.585775906456897223e-08
1.587319390299375510e-08
1.588866546480067745e-08
1.590417391752575905e-08
1.591971929580739318e-08
1.593530175620213686e-08
1.595092132186304344e-08
1.596657813878567123e-08
1.598227221802793610e-08
1.599800369452634231e-08
1.601377256834663747e-08
1.602957896271101570e-08
1.604542286630277932e-08
1.606130439058460851e-08
1.607722351306825169e-08
1.609318033348774219e-08
1.610917481766275618e-08
1.612520705434845651e-08
1.614127699626451624e-08
1.615738472206749351e-08
1.617353017272522699e-08
1.618971341443887369e-08
1.620593437791361120e-08
1.622219311650992445e-08
1.623848955060692816e-08
1.625482372092198249e-08
1.627119553776707330e-08
1.628760502948103118e-08
1.630405209614473948e-08
1.632053675404531166e-08
1.633705889272597211e-08
1.635361851761736999e-08
1.637021550601825963e-08
1.638684985409824223e-08
1.640352142589656542e-08
1.642023020880369125e-08
1.643697605470380559e-08
1.645375894191350687e-08
1.647057870995554426e-08
1.648743532836954095e-08
1.650432862570363064e-08
1.652125856159756357e-08
1.653822495442453318e-08
1.655522775385750449e-08
1.657226676756685048e-08
1.658934193605131570e-08
1.660645305683624370e-08
1.662360006121865316e-08
1.664078273859168975e-08
1.665800100908082813e-08
1.667525465420975180e-08
1.669254358448229958e-08
1.670986757312629112e-08
1.672722652240766360e-08
1.674462019679755380e-08
1.676204849055426450e-08
1.677951115986297825e-08
1.679700809100097876e-08
1.681453903137943466e-08
1.683210385983277101e-08
1.684970231827906173e-08
1.686733427589112335e-08
1.688499946892618621e-08
1.690269775932450726e-08
1.692042887633821208e-08
1.693819267561530061e-08
1.695598887994301869e-08
1.697381733932973158e-08
1.699167776972972989e-08
1.700957001662561234e-08
1.702749378947394087e-08
1.704544892953543396e-08
1.706343513989538753e-08
1.708145225731855521e-08
1.709949998098777675e-08
1.711757814247118257e-08
1.713568643663225393e-08
1.715382469159206111e-08
1.717199259730869919e-08
1.719018997985490433e-08
1.720841652421165236e-08
1.722667205518820073e-08
1.724495625340288209e-08
1.726326894155582532e-08
1.728160979696069708e-08
1.729997864107937991e-08
1.731837514850701801e-08
1.733679913975951361e-08
1.735525028710925467e-08
1.737372841022844897e-08
1.739223318017342971e-08
1.741076441594124001e-08
1.742932178809882324e-08
1.744790511486072619e-08
1.746651406688864081e-08
1.748514846337227713e-08
1.750380797413393398e-08
1.752249241970908799e-08
1.754120147028908630e-08
1.755993494807371938e-08
1.757869252426856368e-08
1.759747402180315504e-08
1.761627911458084667e-08
1.763510762721404691e-08
1.765395923576962302e-08
1.767283376750123389e-08
1.769173090093535841e-08
1.771065046698989024e-08
1.772959214652128412e-08
1.774855577452280040e-08
1.776754103509339552e-08
1.778654776689768492e-08
1.780557565903354218e-08
1.782462455354870845e-08
1.784369414467982423e-08
1.786278427819359497e-08
1.788189465330394590e-08
1.790102512179017967e-08
1.792017538709581104e-08
1.793934530806547610e-08
1.795853459253018791e-08
1.797774310688044838e-08
1.799697056362603241e-08
1.801621683680817434e-08
1.803548164371081465e-08
1.805476486680081631e-08
1.807406622899396906e-08
1.809338562000769489e-08
1.811272277026830225e-08
1.813207757703787127e-08
1.815144977828927103e-08
1.817083928006636779e-08
1.819024582637566137e-08
1.820966933464360890e-08
1.822910955470162015e-08
1.824856641300032214e-08
1.826803966762975211e-08
1.828752925441475991e-08
1.830703493959455441e-08
1.832655666820047922e-08
1.834609421665058777e-08
1.836564753809245033e-08
1.838521641828278432e-08
1.840480082086047702e-08
1.842440054016735819e-08
1.844401554992908125e-08
1.846364565457215759e-08
1.848329083761810385e-08
1.850295091321698916e-08
1.852262587535482336e-08
1.854231554833986708e-08
1.856201993638244648e-08
1.858173887394300508e-08
1.860147237622496371e-08
1.862122028924440627e-08
1.864098263684318601e-08
1.866075927787020398e-08
1.868055024584241824e-08
1.870035541113908494e-08
1.872017481753557155e-08
1.874000834627941728e-08
1.875985605259890405e-08
1.877971782898269421e-08
1.879959374175436087e-08
1.881948369344688491e-08
1.883938776260016219e-08
1.885930586143487469e-08
1.887923808099855090e-08
1.889918434365704115e-08
1.891914475280106634e-08
1.893911924059154598e-08
1.895910792334111209e-08
1.897911074271273615e-08
1.899912782751503609e-08
1.901915912858933317e-08
1.903920478700046134e-08
1.905926476384729428e-08
1.907933921308378102e-08
1.909942810454685993e-08
1.911953160472221999e-08
1.913964969331198055e-08
1.915978254842991873e-08
1.917993015943081232e-08
1.920009271558971218e-08
1.922027021698881028e-08
1.924046286316571934e-08
1.926067066369591192e-08
1.928089382933137284e-08
1.930113238073182465e-08
1.932138653856961933e-08
1.934165633337213533e-08
1.936194199592718730e-08
1.938224356761013442e-08
1.940256128833448942e-08
1.942289520781741361e-08
1.944324557631823894e-08
1.946361245230711376e-08
1.948399609653177865e-08
1.950439657537247852e-08
1.952481416014583405e-08
1.954524892523508242e-08
1.956570115083734286e-08
1.958617092029143926e-08
1.960665852134131288e-08
1.962716404561944455e-08
1.964768778957221185e-08
1.966822985332215501e-08
1.968879054031897297e-08
1.970936995812774366e-08
1.972996841809971286e-08
1.975058603469975986e-08
1.977122312700533485e-08
1.979187981646069985e-08
1.981255643005294173e-08
1.983325309393922707e-08
1.985397014382668480e-08
1.987470771047993376e-08
1.989546613791772286e-08
1.991624555948641744e-08
1.993704632800580601e-08
1.995786857999875318e-08
1.997871267513252136e-08
1.999957875387021362e-08
2.002046718096016839e-08
2.004137810184172129e-08
2.006231188696154218e-08
2.008326868380407148e-08
2.010424886920194572e-08
2.012525259370689361e-08
2.014628023813245435e-08
2.016733195733216564e-08
2.018840813370630425e-08
2.020950892638564634e-08
2.023063472007731326e-08
2.025178567647287355e-08
2.027296218252526046e-08
2.029416440327223294e-08
2.031539272771206728e-08
2.033664732164415395e-08
2.035792857628304087e-08
2.037923665810244937e-08
2.040057196159312178e-08
2.042193465117663366e-08
2.044332512648482028e-08
2.046474354812504469e-08
2.048619031883101651e-08
2.050766559677687421e-08
2.052916978759102945e-08
2.055070304693339530e-08
2.057226578095541962e-08
2.059385814342453543e-08
2.061548054073361486e-08
2.063713312377781874e-08
2.065881629906705532e-08
2.068053021465194365e-08
2.070227527668056334e-08
2.072405162999705051e-08
2.074585968013047903e-08
2.076769956816479072e-08
2.078957169752017572e-08
2.081147620696603846e-08
2.083341349686747674e-08
2.085538370214562249e-08
2.087738722085742527e-08
2.089942418324552978e-08
2.092149498430019618e-08
2.094359975039900490e-08
2.096573887160871135e-08
2.098791247082208663e-08
2.101012093312314865e-08
2.103236437630452431e-08
2.105464318233762037e-08
2.107695746315507472e-08
2.109930759544055199e-08
2.112169368631619476e-08
2.114411610558193014e-08
2.116657495668554789e-08
2.118907060205472791e-08
2.121160313971923357e-08
2.123417292615302297e-08
2.125678005235434451e-08
2.127942486927357836e-08
2.130210746087798070e-08
2.132482817187902119e-08
2.134758707865738632e-08
2.137038451947610377e-08
2.139322056315161427e-08
2.141609554167775357e-08
2.143900951540256522e-08
2.146196281035829173e-08
2.148495547669954723e-08
2.150798783490300093e-08
2.153105992615208296e-08
2.155417206412698595e-08
2.157732428057526910e-08
2.160051688293780095e-08
2.162374989392531822e-08
2.164702361319536326e-08
2.167033805396371471e-08
2.169369350794932031e-08
2.171708998033684886e-08
2.174052775330604910e-08
2.176400682461602588e-08
2.178752746672275512e-08
2.181108966816544428e-08
2.183469369365270892e-08
2.185833952237955042e-08
2.188202741058063841e-08
2.190575732695583239e-08
2.192952951968884980e-08
2.195334394715013223e-08
2.197720084863081511e-08
2.200110017389261000e-08
2.202504215318766926e-08
2.204902672679186853e-08
2.207305411629601813e-08
2.209712425157746321e-08
2.212123734539094176e-08
2.214539331790981890e-08
2.216959237320534200e-08
2.219383442248795736e-08
2.221811965984879627e-08
2.224244798753993569e-08
2.226681959094968345e-08
2.229123436134879424e-08
2.231569247718191413e-08
2.234019381869338098e-08
2.236473855591518904e-08
2.238932655944580392e-08
2.241395799114412950e-08
2.243863271164748752e-08
2.246335087527181450e-08
2.248811233167194527e-08
2.251291722812792392e-08
2.253776540363654178e-08
2.256265699875942905e-08
2.258759184227248857e-08
2.261257006675943838e-08
2.263759149170958009e-08
2.266265624187527614e-08
2.268776412857946767e-08
2.271291526796291182e-08
2.273810946298562803e-08
2.276334682113202756e-08
2.278862713756644891e-08
2.281395051323237263e-08
2.283931673356354846e-08
2.286472589355015537e-08
2.289017776915913559e-08
2.291567244953260706e-08
2.294120970156343333e-08
2.296678960953556163e-08
2.299241193070713037e-08
2.301807674403917954e-08
2.304378379886168531e-08
2.306953316890951757e-08
2.309532459531264234e-08
2.312115814696018966e-08
2.314703355667283492e-08
2.317295088881168839e-08
2.319890986940532302e-08
2.322491055806903930e-08
2.325095267411562342e-08
2.327703627231913591e-08
2.330316106524640727e-08
2.332932710453197041e-08
2.335553409641267274e-08
2.338178208714793490e-08
2.340807077892670665e-08
2.343440021320293924e-08
2.346077008753527022e-08
2.348718044016415011e-08
2.351363096326375705e-08
2.354012169258509850e-08
2.356665231509330180e-08
2.359322286417523928e-08
2.361983302304383783e-08
2.364648282214064433e-08
2.367317194083082270e-08
2.369990040837105636e-08
2.372666789997419824e-08
2.375347444489099261e-08
2.378031971427706742e-08
2.380720373627678971e-08
2.383412617944949251e-08
2.386108707138932877e-08
2.388808607745897217e-08
2.391512322647373250e-08
2.394219818139959048e-08
2.396931097024892822e-08
2.399646125537500397e-08
2.402364906453352569e-08
2.405087406030525941e-08
2.407813627039061772e-08
2.410543535640548029e-08
2.413277134879909010e-08
2.416014390731120508e-08
2.418755306467668073e-08
2.421499848105495005e-08
2.424248019120167406e-08
2.426999785563636742e-08
2.429755151106263201e-08
2.432514081958209114e-08
2.435276582004663732e-08
2.438042617733432557e-08
2.440812193293140028e-08
2.443585275301158242e-08
2.446361868301808371e-08
2.449141939112672315e-08
2.451925492683696466e-08
2.454712496113889751e-08
2.457502954797225145e-08
2.460296836017298582e-08
2.463094145751606681e-08
2.465894851605111664e-08
2.468698960033518480e-08
2.471506439046998000e-08
2.474317295612740324e-08
2.477131498150105694e-08
2.479949054218773170e-08
2.482769932731353110e-08
2.485594141855567834e-08
2.488421650928913989e-08
2.491252468790583710e-08
2.494086565321892950e-08
2.496923950003454177e-08
2.499764593119428572e-08
2.502608504989574881e-08
2.505455656457213160e-08
2.508306058582871177e-08
2.511159682851784967e-08
2.514016541100107721e-08
2.516876605396284790e-08
2.519739888379198850e-08
2.522606362811767637e-08
2.525476042103334998e-08
2.528348899801271100e-08
2.531224950032449343e-08
2.534104167119717084e-08
2.536986566053871367e-08
2.539872121991751831e-08
2.542760850730100750e-08
2.545652728266592480e-08
2.548547771239159039e-08
2.551445956507985274e-08
2.554347301543425822e-08
2.557251783964264268e-08
2.560159422396159551e-08
2.563070194967974525e-08
2.565984121653981564e-08
2.568901181154378826e-08
2.571821394604893238e-08
2.574744741415777112e-08
2.577671243724712319e-08
2.580600881820609218e-08
2.583533678922334628e-08
2.586469616008512690e-08
2.589408717560299419e-08
2.592350965312437144e-08
2.595296384828821598e-08
2.598244958646217850e-08
2.601196713466293345e-08
2.604151632680150767e-08
2.607109743992991426e-08
2.610071031817055928e-08
2.613035524689539393e-08
2.616003208136596599e-08
2.618974111644637563e-08
2.621948221812271617e-08
2.624925568942105755e-08
2.627906140813215784e-08
2.630889968527497112e-08
2.633877040886763233e-08
2.636867389909601370e-08
2.639861005442661994e-08
2.642857920407256367e-08
2.645858125570517246e-08
2.648861654919458004e-08
2.651868500145647276e-08
2.654878696286556932e-08
2.657892235725744797e-08
2.660909154632421663e-08
2.663929446258856386e-08
2.666953147825615914e-08
2.669980253323126223e-08
2.673010801073753209e-08
2.676044785740323412e-08
2.679082246821966741e-08
2.682123179619360287e-08
2.685167624699947978e-08
2.688215578031775561e-08
2.691267081303362200e-08
2.694322130894071849e-08
2.697380769877110784e-08
2.700442994973815305e-08
2.703508850468786445e-08
2.706578333683618012e-08
2.709651489768251480e-08
2.712728316793100134e-08
2.715808860833316557e-08
2.718893120500934363e-08
2.721981142775790594e-08
2.725072926859276777e-08
2.728168520669634928e-08
2.731267923921049990e-08
2.734371185218590567e-08
2.737478305025773603e-08
2.740589332463947517e-08
2.743704268816261347e-08
2.746823163720706957e-08
2.749946019093419451e-08
2.753072885112154830e-08
2.756203764303554803e-08
2.759338707480958455e-08
2.762477717632409835e-08
2.765620846187111123e-08
2.768768096616137826e-08
2.771919520927503818e-08
2.775075122840259455e-08
2.778234955039239957e-08
2.781399021516281649e-08
2.784567375380767554e-08
2.787740021179317415e-08
2.790917012285017448e-08
2.794098353548366093e-08
2.797284098780496624e-08
2.800474253062894690e-08
2.803668870618572599e-08
2.806867956615053040e-08
2.810071565866295749e-08
2.813279703544142288e-08
2.816492424675056415e-08
2.819709734599930596e-08
2.822931688635768830e-08
2.826158292222138951e-08
2.829389600833764147e-08
2.832625619955678400e-08
2.835866405298629966e-08
2.839111962243244106e-08
2.842362346676795706e-08
2.845617563930977328e-08
2.848877669910312230e-08
2.852142669997770893e-08
2.855412620112250326e-08
2.858687525383370479e-08
2.861967441810856149e-08
2.865252374267162788e-08
2.868542378964805751e-08
2.871837460262709562e-08
2.875137674394724879e-08
2.878443025472749324e-08
2.881753569462720013e-08
2.885069310339870763e-08
2.888390303881886943e-08
2.891716553655630909e-08
2.895048115281198876e-08
2.898384991940646794e-08
2.901727238952760080e-08
2.905074859136872679e-08
2.908427907453911823e-08
2.911786386252700867e-08
2.915150350183522010e-08
2.918519801169762744e-08
2.921894793413720130e-08
2.925275328220125009e-08
2.928661459493103955e-08
2.932053187758690237e-08
2.935450566638568616e-08
2.938853595919774495e-08
2.942262328842940638e-08
2.945676764536140593e-08
2.949096955655896180e-08
2.952522900730044286e-08
2.955954651771872557e-08
2.959392206569560916e-08
2.962835616615113744e-08
2.966284878862818276e-08
2.969740044177902968e-08
2.973201108702848091e-08
2.976668122719675101e-08
2.980141081339602977e-08
2.983620034354160221e-08
2.987104975790937371e-08
2.990595954863521098e-08
2.994092964727997022e-08
2.997596053717515658e-08
3.001105214250205024e-08
3.004620493685103259e-08
3.008141883753607744e-08
3.011669430737191083e-08
3.015203125426359838e-08
3.018743013442697656e-08
3.022289084446299310e-08
3.025841383322211607e-08
3.029399898532380042e-08
3.032964674262616460e-08
3.036535697833135426e-08
3.040113012625296448e-08
3.043696604871076600e-08
3.047286517114678980e-08
3.050882734275418484e-08
3.054485298156559449e-08
3.058094192514428621e-08
3.061709458188504486e-08
3.065331077662536786e-08
3.068959091096754388e-08
3.072593479675463202e-08
3.076234282752234826e-08
3.079881480221848242e-08
3.083535110643832614e-08
3.087195152554067332e-08
3.090861643700016518e-08
3.094534561331397602e-08
3.098213942271515438e-08
3.101899762625696977e-08
3.105592058259937714e-08
3.109290803980775895e-08
3.112996034789113737e-08
3.116707724213008394e-08
3.120425906279282799e-08
3.124150553336119562e-08
3.127881698293894618e-08
3.131619312652410318e-08
3.135363428115271450e-08
3.139114015108393465e-08
3.142871104303453483e-08
3.146634665041391206e-08
3.150404726890400992e-08
3.154181258196790134e-08
3.157964287434924422e-08
3.161753781798152400e-08
3.165549768959839841e-08
3.169352214895074934e-08
3.173161146182959455e-08
3.176976527855305850e-08
3.180798385522684675e-08
3.184626683027560957e-08
3.188461445133131509e-08
3.192302634611546555e-08
3.196150275374288118e-08
3.200004328929134386e-08
3.203864818587486227e-08
3.207731704540612934e-08
3.211605009489939154e-08
3.215484692338318979e-08
3.219370775312720819e-08
3.223263216012217198e-08
3.227162036157995283e-08
3.231067192144606383e-08
3.234978704998564108e-08
3.238896530160919409e-08
3.242820687928577524e-08
3.246751132842567267e-08
3.250687884450122732e-08
3.254630896442784053e-08
3.258580187666163451e-08
3.262535710977887857e-08
3.266497484640996113e-08
3.270465460725858245e-08
3.274439656721111898e-08
3.278420023969687264e-08
3.282406579388923410e-08
3.286399273701324702e-08
3.290398123063963213e-08
3.294403077703864769e-08
3.298414153197739613e-08
3.302431299121726985e-08
3.306454530655485141e-08
3.310483796784609889e-08
3.314519112206004307e-08
3.318560425280139992e-08
3.322607750507100006e-08
3.326661035468017474e-08
3.330720294656718663e-08
3.334785474954057504e-08
3.338856590773668082e-08
3.342933588246533336e-08
3.347016481937779196e-08
3.351105217250414739e-08
3.355199808832220425e-08
3.359300201488261613e-08
3.363406410106042986e-08
3.367518378930755683e-08
3.371636122931116316e-08
3.375759586053844112e-08
3.379888783282280901e-08
3.384023658126107349e-08
3.388164225945579063e-08
3.392310429853778679e-08
3.396462285451434459e-08
3.400619735687315235e-08
3.404782796415398884e-08
3.408951410304186256e-08
3.413125593615487034e-08
3.417305288847613958e-08
3.421490512566438380e-08
3.425681207463438902e-08
3.429877390402782762e-08
3.434079004206203702e-08
3.438286065987537216e-08
3.442498518791471999e-08
3.446716380206903295e-08
3.450939593373687923e-08
3.455168176377519848e-08
3.459402072630049569e-08
3.463641300896105525e-08
3.467885804725865161e-08
3.472135603649572282e-08
3.476390641394780972e-08
3.480650938218256373e-08
3.484916438197287840e-08
3.489187162401626045e-08
3.493463055228468146e-08
3.497744138890670848e-08
3.502030357993880162e-08
3.506321735707612979e-08
3.510618217151943566e-08
3.514919826461966007e-08
3.519226509193572873e-08
3.523538290427235692e-08
3.527855116256547517e-08
3.532177012966111329e-08
3.536503927033058023e-08
3.540835886187304071e-08
3.545172837269563969e-08
3.549514809455236428e-08
3.553861749936203890e-08
3.558213689418460883e-08
3.562570575789664549e-08
3.566932440736582248e-08
3.571299233300091260e-08
3.575670986156840028e-08
3.580047649361443465e-08
3.584429256849242298e-08
3.588815759620334100e-08
3.593207192949335817e-08
3.597603508786108509e-08
3.602004743853480390e-08
3.606410850947156978e-08
3.610821868327993031e-08
3.615237749724684311e-08
3.619658534883179844e-08
3.624084178427810162e-08
3.628514721873728624e-08
3.632950120752430109e-08
3.637390418001393789e-08
3.641835570347606919e-08
3.646285622295993727e-08
3.650740531544217404e-08
3.655200344370330657e-08
3.659665019433932951e-08
3.664134604895857197e-08
3.668609060270239990e-08
3.673088435657354991e-08
3.677572691397018572e-08
3.682061879547060402e-08
3.686555961513013192e-08
3.691054991163895323e-08
3.695558930940704861e-08
3.700067836522966641e-08
3.704581671541067173e-08
3.709100493376033211e-08
3.713624266869524260e-08
3.718153051175477177e-08
3.722686812304175693e-08
3.727225611184938386e-08
3.731769415098256946e-08
3.736318286668841320e-08
3.740872194399207558e-08
3.745431202763436315e-08
3.749995281283269784e-08
3.754564496468666720e-08
3.759138818895837984e-08
3.763718317201248985e-08
3.768302962697069058e-08
3.772892825986263758e-08
3.777487879587377844e-08
3.782088195858326567e-08
3.786693748374533431e-08
3.791304611285592185e-08
3.795920759419621227e-08
3.800542268635762375e-08
3.805169114955860867e-08
3.809801375940710655e-08
3.814439028724206020e-08
3.819082152447677924e-08
3.823730725729843594e-08
3.828384829216492225e-08
3.833044442437823274e-08
3.837709647937073041e-08
3.842380426177392849e-08
3.847056861382300758e-08
3.851738935054380601e-08
3.856426732990532664e-08
3.861120237945166803e-08
3.865819536770024537e-08
3.870524613739329072e-08
3.875235556895458420e-08
3.879952351591504299e-08
3.884675087371665901e-08
3.889403750450802294e-08
3.894138431784209342e-08
3.898879118480941588e-08
3.903625902949616823e-08
3.908378772961450317e-08
3.913137822540055892e-08
3.917903040015631669e-08
3.922674520921232634e-08
3.927452254199328058e-08
3.932236336753783257e-08
3.937026758235459684e-08
3.941823616760557087e-08
3.946626902492883531e-08
3.951436714931410124e-08
3.956253044408491251e-08
3.961075991821100755e-08
3.965905547941655092e-08
3.970741814974540663e-08
3.975584783787199110e-08
3.980434557875497233e-08
3.985291128305804347e-08
3.990154599638874427e-08
3.995024963184057453e-08
3.999902324507561978e-08
4.004786674902378995e-08
4.009678121264234531e-08
4.014576654674093336e-08
4.019482383076757549e-08
4.024395297549197632e-08
4.029315506700824904e-08
4.034243001633398115e-08
4.039177891812195158e-08
4.044120168141193913e-08
4.049069940702126971e-08
4.054027200205243203e-08
4.058992057356009088e-08
4.063964502640434757e-08
4.068944647486511089e-08
4.073932481724581185e-08
4.078928117438603383e-08
4.083931543964931835e-08
4.088942873837572011e-08
4.093962095899042632e-08
4.098989322957946004e-08
4.104024543451543226e-08
4.109067870357416369e-08
4.114119291499387404e-08
4.119178919827325203e-08
4.124246742763120049e-08
4.129322873076863362e-08
4.134407297531552393e-08
4.139500128891803950e-08
4.144601353263974165e-08
4.149711083206015721e-08
4.154829304023351572e-08
4.159956127989676758e-08
4.165091539687537126e-08
4.170235650919525860e-08
4.175388445448401864e-08
4.180550034485502855e-08
4.185720400806886336e-08
4.190899655264511150e-08
4.196087779451354104e-08
4.201284883815344620e-08
4.206490948659757874e-08
4.211706084036101942e-08
4.216930268758278897e-08
4.222163612347116778e-08
4.227406091942055944e-08
4.232657816861556349e-08
4.237918762397923018e-08
4.243189037561283339e-08
4.248468615848274178e-08
4.253757605483266855e-08
4.259055978336718722e-08
4.264363841749468973e-08
4.269681165950241144e-08
4.275008057249307971e-08
4.280344484085392011e-08
4.285690551973600584e-08
4.291046227468129704e-08
4.296411614845240786e-08
4.301786679207198902e-08
4.307171523268055475e-08
4.312566110612034377e-08
4.317970542546036341e-08
4.323384780759872894e-08
4.328808925236205368e-08
4.334242935799654256e-08
4.339686910829632149e-08
4.345140808465572933e-08
4.350604725529778604e-08
4.356078618240959079e-08
4.361562581768743240e-08
4.367056570208801227e-08
4.372560677225620110e-08
4.378074854841859462e-08
4.383599194964441441e-08
4.389133647619670871e-08
4.394678303042282615e-08
4.400233109077738339e-08
4.405798154315269791e-08
4.411373384277832532e-08
4.416958885921012996e-08
4.422554602498848041e-08
4.428160619275834073e-08
4.433776876996346603e-08
4.439403459348701292e-08
4.445040304475406151e-08
4.450687494450623209e-08
4.456344965043859297e-08
4.462012796637451878e-08
4.467690922494260018e-08
4.473379421273307505e-08
4.479078223697793858e-08
4.484787406566935781e-08
4.490506898412549373e-08
4.496236773895760847e-08
4.501976959309194485e-08
4.507727527197489319e-08
4.513488401769358810e-08
4.519259653446132884e-08
4.525041203996627405e-08
4.530833122228767105e-08
4.536635327092592414e-08
4.542447885587241482e-08
4.548270714359078573e-08
4.554103878351197074e-08
4.559947292090664960e-08
4.565801018387958416e-08
4.571664969564445155e-08
4.577539206530427203e-08
4.583423639097824009e-08
4.589318326386108116e-08
4.595223175710666638e-08
4.601138244653394898e-08
4.607063437793441982e-08
4.612998811252243052e-08
4.618944267099265333e-08
4.624899859924945830e-08
4.630865489250188449e-08
4.636841208009820258e-08
4.642826913424353232e-08
4.648822656828567880e-08
4.654828333169754151e-08
4.660843992223784000e-08
4.666869526561128590e-08
4.672904984520029236e-08
4.678950256514377468e-08
4.685005389424933610e-08
4.691070271717856123e-08
4.697144948514744292e-08
4.703229306122629889e-08
4.709323388517479626e-08
4.715427079748805783e-08
4.721540422561378273e-08
4.727663298916031347e-08
4.733795750523710690e-08
4.739937657266507954e-08
4.746089059815889992e-08
4.752249836034753597e-08
4.758420025736881898e-08
4.764599504809980188e-08
4.770788312163406212e-08
4.776986321959586868e-08
4.783193572368256023e-08
4.789409935609753508e-08
4.795635449288052091e-08
4.801869983820867188e-08
4.808113576371100335e-08
4.814366095612756319e-08
4.820627578285819744e-08
4.826897891287445266e-08
4.833177071264748268e-08
4.839464983508147270e-08
4.845761664469470899e-08
4.852066978018127411e-08
4.858380960365970412e-08
4.864703474137693901e-08
4.871034555604999657e-08
4.877374066109216915e-08
4.883722041986545704e-08
4.890078343492397182e-08
4.896443007091436497e-08
4.902815892126975836e-08
4.909197035270304768e-08
4.915586295033449403e-08
4.921983708442181278e-08
4.928389133287896016e-08
4.934802606941197561e-08
4.941223986818193664e-08
4.947653310722127549e-08
4.954090435536848009e-08
4.960535399852872380e-08
4.966988060090947423e-08
4.973448455653300825e-08
4.979916442841669896e-08
4.986392061761423562e-08
4.992875168774087085e-08
4.999365804989245847e-08
5.005863826915570613e-08
5.012369276625265961e-08
5.018882010962446234e-08
5.025402072905649864e-08
5.031929319888723325e-08
5.038463796060913772e-08
5.045005359424978018e-08
5.051554055596718710e-08
5.058109743070818296e-08
5.064672469078673669e-08
5.071242092749436645e-08
5.077818663019590043e-08
5.084402039820296840e-08
5.090992274013302069e-08
5.097589226466461414e-08
5.104192949892739531e-08
5.110803306413478445e-08
5.117420350567890844e-08
5.124043945950033100e-08
5.130674149033680273e-08
5.137310824943964314e-08
5.143954032118353309e-08
5.150603637315336002e-08
5.157259701202971599e-08
5.163922092316888822e-08
5.170590873675863150e-08
5.177265915660353121e-08
5.183947283829894909e-08
5.190634850478991371e-08
5.197328683694006340e-08
5.204028657953664699e-08
5.210734843785299901e-08
5.217447117989458031e-08
5.224165554035035327e-08
5.230890030823399576e-08
5.237620624734304858e-08
5.244357216877733548e-08
5.251099886868202300e-08
5.257848518252709850e-08
5.264603193713609721e-08
5.271363799178643581e-08
5.278130420590081099e-08
5.284902946631603426e-08
5.291681466222598549e-08
5.298465871184174200e-08
5.305256253304178896e-08
5.312052507444537547e-08
5.318854728911563024e-08
5.325662815517270261e-08
5.332476865903338396e-08
5.339296780985367330e-08
5.346122662772515606e-08
5.352954415465511739e-08
5.359792144718177268e-08
5.366635757815793240e-08
5.373485363943411920e-08
5.380340873424145083e-08
5.387202399221374422e-08
5.394069854983020506e-08
5.400943357593467893e-08
5.407822823730745981e-08
5.414708374265746955e-08
5.421599929010579689e-08
5.428497612895240012e-08
5.435401348848419090e-08
5.442311266056436105e-08
5.449227290740569358e-08
5.456149555962841837e-08
5.463077991175748793e-08
5.470012733472095518e-08
5.476953715634323844e-08
5.483901078781860317e-08
5.490854759147635403e-08
5.497814901965986189e-08
5.504781446177818064e-08
5.511754541886228716e-08
5.518734130538967831e-08
5.525720366919207845e-08
5.532713195543627855e-08
5.539712775431607941e-08
5.546719053928508946e-08
5.553732194264436141e-08
5.560752147161968668e-08
5.567779079825845741e-08
5.574812946352990844e-08
5.581853917607623312e-08
5.588901951466342044e-08
5.595957221862414894e-08
5.603019690654991819e-08
5.610089534909137795e-08
5.617166720102172832e-08
5.624251427025865999e-08
5.631343623977591230e-08
5.638443495619904638e-08
5.645551013345889042e-08
5.652666365378883464e-08
5.659789526232695535e-08
5.666920687524559201e-08
5.674059826713626084e-08
5.681207139011077027e-08
5.688362604328852031e-08
5.695526421689373230e-08
5.702698573222542352e-08
5.709879261729245293e-08
5.717068471606246440e-08
5.724266408981658503e-08
5.731473060839367054e-08
5.738688636502436829e-08
5.745913125011498293e-08
5.753146739140301352e-08
5.760389469876709924e-08
5.767641532858500100e-08
5.774902921327876929e-08
5.782173853810217992e-08
5.789454325427929723e-08
5.796744557407423587e-08
5.804044546526860215e-08
5.811354516767330593e-08
5.818674466614986998e-08
5.826004622046481073e-08
5.833344983611069346e-08
5.840695779385006892e-08
5.848057011254911370e-08
5.855428909757750621e-08
5.862811477519081276e-08
5.870204947273574259e-08
5.877609322630607687e-08
5.885024838364714949e-08
5.892451498805338194e-08
5.899889540411092305e-08
5.907338968506333080e-08
5.914800020728489830e-08
5.922272703367453199e-08
5.929757254669268167e-08
5.937253682000590203e-08
5.944762224168038635e-08
5.952282889348349404e-08
5.959815916798071844e-08
5.967361315225399483e-08
5.974919324051466111e-08
5.982489952049352615e-08
5.990073439358080999e-08
5.997669794471084883e-08
6.005279257953993094e-08
6.012901837680585682e-08
6.020537774465402692e-08
6.028187075258072847e-08
6.035849981129208812e-08
6.043526497967415399e-08
6.051216866761726735e-08
6.058921092412768404e-08
6.066639415307868797e-08
6.074371839227527863e-08
6.082118604122239250e-08
6.089879712075686803e-08
6.097655402150812607e-08
6.105445675024349665e-08
6.113250768322238079e-08
6.121070681454528666e-08
6.128905650028024241e-08
6.136755672116446151e-08
6.144620981076049198e-08
6.152501573920095949e-08
6.160397681257988797e-08
6.168309298533783690e-08
6.176236654046584774e-08
6.184179741027240903e-08
6.192138785488134610e-08
6.200113777987467720e-08
6.208104942253087559e-08
6.216112265756038790e-08
6.224135969735443003e-08
6.232176038697038685e-08
6.240232691202735683e-08
6.248305907865510230e-08
6.256395905022963653e-08
6.264502659337142588e-08
6.272626383994984908e-08
6.280767052370256086e-08
6.288924874069881450e-08
6.297099818673502526e-08
6.305292092531216198e-08
6.313501660962429726e-08
6.321728726734784287e-08
6.329973250374335636e-08
6.338235431481967867e-08
6.346515225667843384e-08
6.354812829055400161e-08
6.363128192219363106e-08
6.371461507655174558e-08
6.379812721073423755e-08
6.388182020882526421e-08
6.396569347381752843e-08
6.404974885040896271e-08
6.413398568531741260e-08
6.421840578228389566e-08
6.430300842840468030e-08
6.438779538612835140e-08
6.447276588477854084e-08
6.455792164220765468e-08
6.464326182716871343e-08
6.472878811317746733e-08
6.481449960898091266e-08
6.490039793939784322e-08
6.498648215110818814e-08
6.507275381867847346e-08
6.515921192915929554e-08
6.524585800389488426e-08
6.533269096759631541e-08
6.541971228821276769e-08
6.550692082785733217e-08
6.559431800052795337e-08
6.568190260420124786e-08
6.576967599674763363e-08
6.585763691164456384e-08
6.594578664971415221e-08
6.603412388365231609e-08
6.612264985425983221e-08
6.621136316830636281e-08
6.630026500993952122e-08
6.638935391525062151e-08
6.647863101629580953e-08
6.656809477351060764e-08
6.665774626717075386e-08
6.674758388505754595e-08
6.683760865285093539e-08
6.692781888392897821e-08
6.701821555061298388e-08
6.710879689245364322e-08
6.719956382882929192e-08
6.729051452289480021e-08
6.738164984044506718e-08
6.747296787140349878e-08
6.756446942551162266e-08
6.765615251996982522e-08
6.774801790925115784e-08
6.784006353574568642e-08
6.793229009869133798e-08
6.802469546855651824e-08
6.811728029154849925e-08
6.821004236022628445e-08
6.830298227315613513e-08
6.839609774685215726e-08
6.848938932554712785e-08
6.858285465691563383e-08
6.867649423021463903e-08
6.877030562056002198e-08
6.886428926815436863e-08
6.895844267428919664e-08
6.905276623063840386e-08
6.914725736632116571e-08
6.924191642485993928e-08
6.933674076576503678e-08
6.943173068267506716e-08
6.952688346893488011e-08
6.962219936770911918e-08
6.971767560812002691e-08
6.981331238211436150e-08
6.990910685890911173e-08
7.000505918359166440e-08
7.010116646303193059e-08
7.019742879690848283e-08
7.029384322926251040e-08
7.039040981836012595e-08
7.048712554558464616e-08
7.058399042960449190e-08
7.068100139392492737e-08
7.077815841700012108e-08
7.087545836947530650e-08
7.097290118484094045e-08
7.107048368611475843e-08
7.116820576787781916e-08
7.126606420378827046e-08
7.136405885195811456e-08
7.146218643730942049e-08
7.156044678569478187e-08
7.165883657392168610e-08
7.175735559828102550e-08
7.185600049076646093e-08
7.195477102305712479e-08
7.205366378156655127e-08
7.215267851431677195e-08
7.225181176758794707e-08
7.235106326972841805e-08
7.245042952472650623e-08
7.254991024685680945e-08
7.264950190051489388e-08
7.274920418688740129e-08
7.284901353511167498e-08
7.294892963498022833e-08
7.304894888564134871e-08
7.314907096553994177e-08
7.324929224971166238e-08
7.334961240802430762e-08
7.345002779099830776e-08
7.355053806185255565e-08
7.365113955608295671e-08
7.375183192909771448e-08
7.385261150182899547e-08
7.395347793286041060e-08
7.405442752504894622e-08
7.415545994375860613e-08
7.425657147865581052e-08
7.435776180511769699e-08
7.445902720506394740e-08
7.456036736461475056e-08
7.466177855911008934e-08
7.476326048966681793e-08
7.486480943270009519e-08
7.496642510494922601e-08
7.506810378529847026e-08
7.516984521093172887e-08
7.527164566871134592e-08
7.537350491656108875e-08
7.547541925060940514e-08
7.557738846217125263e-08
7.567940884789658661e-08
7.578148024018524775e-08
7.588359894664388023e-08
7.598576483551624442e-08
7.608797422764386108e-08
7.619022703506193513e-08
7.629251959487704485e-08
7.639485186521161663e-08
7.649722020465052263e-08
7.659962462020311929e-08
7.670206149312825227e-08
7.680453088526890877e-08
7.690702919967226882e-08
7.700955655730116209e-08
7.711210938987740144e-08
7.721468787824700774e-08
7.731728848680210608e-08
7.741991145879293005e-08
7.752255328922589009e-08
7.762521429136705583e-08
7.772789099453822030e-08
7.783058378167425716e-08
7.793328922441686950e-08
7.803600777423011837e-08
7.813873605042088455e-08
7.824147457393509027e-08
7.834422001569487921e-08
7.844697296720903414e-08
7.854973015282571956e-08
7.865249223866134636e-08
7.875525600163431864e-08
7.885802219199581087e-08
7.896078763661600999e-08
7.906355317274402389e-08
7.916631568074926252e-08
7.926907608790558652e-08
7.937183132655003443e-08
7.947458242051446417e-08
7.957732635498919523e-08
7.968006424845771606e-08
7.978279314280928902e-08
7.988551425259470309e-08
7.998822468208200910e-08
8.009092574000129979e-08
8.019361459379795482e-08
8.029629264995043663e-08
8.039895713716109766e-08
8.050160956260822994e-08
8.060424721967613635e-08
8.070687171798713817e-08
8.080948041481102634e-08
8.091207502144053233e-08
8.101465296574196395e-08
8.111721605723924442e-08
8.121976179593202057e-08
8.132229209193349416e-08
8.142480451586995149e-08
8.152730107689086440e-08
8.162977941953482594e-08
8.173224164847086930e-08
8.183468548426775456e-08
8.193711313211747344e-08
8.203952238404365162e-08
8.214191554827928300e-08
8.224429048689985470e-08
8.234664960657614900e-08
8.244899084544349268e-08
8.255131671014195813e-08
8.265362520804309379e-08
8.275591895296558459e-08
8.285819601907152532e-08
8.296045912158956171e-08
8.306270639992950412e-08
8.316494067226922974e-08
8.326716014231173772e-08
8.336936772820329542e-08
8.347156170039029245e-08
8.357374507004040588e-08
8.367591618121121185e-08
8.377807813438565744e-08
8.388022933848265496e-08
8.398237298662362293e-08
8.408450755266913240e-08
8.418663631648120934e-08
8.428875781640914590e-08
8.439087541953953577e-08
8.449298772433816693e-08
8.459509818559236563e-08
8.469720545587093174e-08
8.479931308035615061e-08
8.490141975958661401e-08
8.500352912266733468e-08
8.510563991756378790e-08
8.520775585876673822e-08
8.530987574287527519e-08
8.541200335556215205e-08
8.551413754206989289e-08
8.561628216295334425e-08
8.571843610438527689e-08
8.582060330152193186e-08
8.592278267748049394e-08
8.602497823105901143e-08
8.612718892637892528e-08
8.622941882289764834e-08
8.633166691633935466e-08
8.643393733064671062e-08
8.653622908502904340e-08
8.663854636507774490e-08
8.674088821099607888e-08
8.684325886848501122e-08
8.694565739219454817e-08
8.704808808306301667e-08
8.715055000542133460e-08
8.725304751179848812e-08
8.735557967277996580e-08
8.745815088229695664e-08
8.756076022134310477e-08
8.766341212612355775e-08
8.776610568084978496e-08
8.786884535570306659e-08
8.797163023036917496e-08
8.807446480745170716e-08
8.817734816031117727e-08
8.828028482160510247e-08
8.838327385218281729e-08
8.848631980853518878e-08
8.858942173081717335e-08
8.869258419807646955e-08
8.879580622813282053e-08
8.889909241369978235e-08
8.900244175041865218e-08
8.910585883890684902e-08
8.920934263623773210e-08
8.931289775378758733e-08
8.941652311582308938e-08
8.952022332890332870e-08
8.962399728457043113e-08
8.972784957973526568e-08
8.983177906808802780e-08
8.993579033595260108e-08
9.003988218850886294e-08
9.014405919454444152e-08
9.024832010784144026e-08
9.035266947849438339e-08
9.045710600191020620e-08
9.056163420608153750e-08
9.066625272300508946e-08
9.077096605220800901e-08
9.087577276491517366e-08
9.098067732003655502e-08
9.108567822283469716e-08
9.119077989198551993e-08
9.129598075983924924e-08
9.140128520158560987e-08
9.150669157124331189e-08
9.161220419366129738e-08
9.171782134468131759e-08
9.182354729294447876e-08
9.192938023051108721e-08
9.203532436472403651e-08
9.214137780766885995e-08
9.224754469311606930e-08
9.235382304904442607e-08
9.246021693153371983e-08
9.256672428200322409e-08
9.267334907817034880e-08
9.278008916776175029e-08
9.288694845133991760e-08
9.299392467084517849e-08
9.310102165234723298e-08
9.320823702814760233e-08
9.331557453812111977e-08
9.342303171187180272e-08
9.353061219747355649e-08
9.363831341462108413e-08
9.374613891448736443e-08
9.385408601103409520e-08
9.396215815374223245e-08
9.407035254365099870e-08
9.417867252393981357e-08
9.428711518655906894e-08
9.439568376424672157e-08
9.450437523659291939e-08
9.461319272595493094e-08
9.472213309286836028e-08
9.483119934296660944e-08
9.494038822168250469e-08
9.504970261446313583e-08
9.515913915248944885e-08
9.526870059650085211e-08
9.537838345872158008e-08
9.548819038006129006e-08
9.559811774717859656e-08
9.570816808166451083e-08
9.581833764438516820e-08
9.592862882867551862e-08
9.603903776819557320e-08
9.614956673573649530e-08
9.626021173566186653e-08
9.637097491465129112e-08
9.648185214530908024e-08
9.659284544941938006e-08
9.670395056572568964e-08
9.681516939538081975e-08
9.692649754093977110e-08
9.703793678388822052e-08
9.714948258495440877e-08
9.726113660156637608e-08
9.737289416234228878e-08
9.748475680302313105e-08
9.759671971429675348e-08
9.770878431071179111e-08
9.782094564657412856e-08
9.793320501543784716e-08
9.804555734004665509e-08
9.815800378426927049e-08
9.827053914502760705e-08
9.838316445635258024e-08
9.849587438867764145e-08
9.860866985813335055e-08
9.872154539921464116e-08
9.883450181609717421e-08
9.894753350803356045e-08
9.906064116565208694e-08
9.917381906648888722e-08
9.928706777862248922e-08
9.940038146306962576e-08
9.951376057190831116e-08
9.962719914434930669e-08
9.974069752699837524e-08
9.985424963619136416e-08
9.996785571439928966e-08
1.000815095548155551e-07
1.001952113017978152e-07
1.003089546349572521e-07
1.004227395995627342e-07
1.005365597568806339e-07
1.006504150635610624e-07
1.007642989711210611e-07
1.008782113387555504e-07
1.009921455171426039e-07
1.011061012754879250e-07
1.012200718688893969e-07
1.013340569857156440e-07
1.014480497840559702e-07
1.015620498817451372e-07
1.016760503322784382e-07
1.017900506895612998e-07
1.019040439138420433e-07
1.020180294958621202e-07
1.021320003078869250e-07
1.022459557800863980e-07
1.023598887063223406e-07
1.024737984585541669e-07
1.025876777581965931e-07
1.027015259271696354e-07
1.028153356189877843e-07
1.029291061057250995e-07
1.030428299834853163e-07
1.031565064754778652e-07
1.032701281326256647e-07
1.033836941415141481e-07
1.034971970009288281e-07
1.036106358733256307e-07
1.037240032047051065e-07
1.038372981372433201e-07
1.039505130854953326e-07
1.040636471657802574e-07
1.041766927726265571e-07
1.042896490015638876e-07
1.044025082361285399e-07
1.045152695536739812e-07
1.046279253352766127e-07
1.047404746486869436e-07
1.048529098688898053e-07
1.049652300701477890e-07
1.050774276282686848e-07
1.051895016293014943e-07
1.053014444539087903e-07
1.054132552058737046e-07
1.055249262813435914e-07
1.056364568072010047e-07
1.057478392021138403e-07
1.058590726268262235e-07
1.059701495182117923e-07
1.060810690884010511e-07
1.061918237939465556e-07
1.063024129050269309e-07
1.064128289043293390e-07
1.065230711276398843e-07
1.066331320890167456e-07
1.067430112022163629e-07
1.068527010166538039e-07
1.069622010338859399e-07
1.070715038370836234e-07
1.071806090231426571e-07
1.072895092218952580e-07
1.073982041272737070e-07
1.075066864279286784e-07
1.076149559159432035e-07
1.077230053404442032e-07
1.078308346027826337e-07
1.079384365210349303e-07
1.080458111083590616e-07
1.081529512573585301e-07
1.082598571065811387e-07
1.083665216241794686e-07
1.084729450749168550e-07
1.085791205139646974e-07
1.086850483350497310e-07
1.087907216880047001e-07
1.088961410993512669e-07
1.090012998208673290e-07
1.091061985130496574e-07
1.092108305357219253e-07
1.093151966876117441e-07
1.094192904432253703e-07
1.095231127443578402e-07
1.096266571833145324e-07
1.097299248499958217e-07
1.098329094590048668e-07
1.099356122518533963e-07
1.100380270700351336e-07
1.101401553093602141e-07
1.102419909433147114e-07
1.103435355241709267e-07
1.104447831616905570e-07
1.105457355680934909e-07
1.106463869915757920e-07
1.107467393066951439e-07
1.108467869040941468e-07
1.109465318230620606e-07
1.110459685989885372e-07
1.111450994378158543e-07
1.112439190218529048e-07
1.113424297248923048e-07
1.114406263782085142e-07
1.115385115253112290e-07
1.116360801485917278e-07
1.117333349618281654e-07
1.118302711003369354e-07
1.119268914478102606e-07
1.120231912938319852e-07
1.121191736929774058e-07
1.122148340888781706e-07
1.123101757079909709e-07
1.124051941475141845e-07
1.124998928057757990e-07
1.125942674322522533e-07
1.126883215973391448e-07
1.127820512004892940e-07
1.128754599853226372e-07
1.129685440002783273e-07
1.130613071583351651e-07
1.131537456605243491e-07
1.132458635881108701e-07
1.133376572872874818e-07
1.134291310056589228e-07
1.135202812412099830e-07
1.136111123974237229e-07
1.137016211255971417e-07
1.137918119795263505e-07
1.138816817563886506e-07
1.139712351643501741e-07
1.140604691395150193e-07
1.141493885495084323e-07
1.142379904597701955e-07
1.143262798903336888e-07
1.144142540342019625e-07
1.145019180608291108e-07
1.145892692936621184e-07
1.146763130392340478e-07
1.147630467446740595e-07
1.148494758556832588e-07
1.149355979393676365e-07
1.150214185740857806e-07
1.151069354362133408e-07
1.151921542387529315e-07
1.152770727612585036e-07
1.153616968448862150e-07
1.154460243731252871e-07
1.155300613039652367e-07
1.156138056108412902e-07
1.156972633749737381e-07
1.157804326507228714e-07
1.158633196304737830e-07
1.159459224501806669e-07
1.160282474058036063e-07
1.161102927054943366e-07
1.161920647504026144e-07
1.162735618150039665e-07
1.163547903897117903e-07
1.164357488174451304e-07
1.165164436693904859e-07
1.165968733419890075e-07
1.166770444858282743e-07
1.167569555492551795e-07
1.168366132467436903e-07
1.169160160802672554e-07
1.169951708128402035e-07
1.170740759928491537e-07
1.171527384332718905e-07
1.172311567185178489e-07
1.173093377012528066e-07
1.173872800019295816e-07
1.174649904988695604e-07
1.175424678382718948e-07
1.176197189231698403e-07
1.176967424183514144e-07
1.177735452403572953e-07
1.178501260740101989e-07
1.179264918340012272e-07
1.180026412170702543e-07
1.180785811399845660e-07
1.181543102919503664e-07
1.182298355828875268e-07
1.183051556971132964e-07
1.183802775312808798e-07
1.184551997557646623e-07
1.185299292338304567e-07
1.186044646302004108e-07
1.186788127703607886e-07
1.187529722926909601e-07
1.188269499792938956e-07
1.189007444391855755e-07
1.189743624048508255e-07
1.190478024582654359e-07
1.191210712775241954e-07
1.191941673955713070e-07
1.192670974303441809e-07
1.193398598677853074e-07
1.194124612620158934e-07
1.194849000345601044e-07
1.195571826787219568e-07
1.196293075498090007e-07
1.197012810643919554e-07
1.197731015070600138e-07
1.198447752100689122e-07
1.199163003756134546e-07
1.199876832520853600e-07
1.200589219737447430e-07
1.201300226813957121e-07
1.202009834307271559e-07
1.202718102490527854e-07
1.203425011161799894e-07
1.204130619465303513e-07
1.204834906296540231e-07
1.205537929716248452e-07
1.206239667635717116e-07
1.206940176972524991e-07
1.207639434586108357e-07
1.208337496294616007e-07
1.209034337782568000e-07
1.209730013845540543e-07
1.210424498904802255e-07
1.211117846543127455e-07
1.211810030006962504e-07
1.212501101651521340e-07
1.213191033498322891e-07
1.213879876648671901e-07
1.214567601867769884e-07
1.215254258976299618e-07
1.215939817450048714e-07
1.216624325811315967e-07
1.217307752226438255e-07
1.217990143890975699e-07
1.218671467498925508e-07
1.219351769127430265e-07
1.220031013906993267e-07
1.220709246976618871e-07
1.221386431825804215e-07
1.222062612446343877e-07
1.222737750714065761e-07
1.223411889406170818e-07
1.224084989006523562e-07
1.224757090954876066e-07
1.225428154287887820e-07
1.226098219279541041e-07
1.226767243355501816e-07
1.227435265605714122e-07
1.228102241925645409e-07
1.228768210231955819e-07
1.229433124897613435e-07
1.230097022603197130e-07
1.230759856293687549e-07
1.231421661463096141e-07
1.232082389599309151e-07
1.232742075025775288e-07
1.233400667767049060e-07
1.234058200908869220e-07
1.234714623182990362e-07
1.235369966488336847e-07
1.236024178187191517e-07
1.236677289015826751e-07
1.237329245117949381e-07
1.237980075913969811e-07
1.238629726332503081e-07
1.239278224656601604e-07
1.239925514614902607e-07
1.240571623434422561e-07
1.241216493668498920e-07
1.241860151458314118e-07
1.242502538121546538e-07
1.243143678882692294e-07
1.243783513887674563e-07
1.244422067379914873e-07
1.245059278446676771e-07
1.245695170419813662e-07
1.246329681400839415e-07
1.246962833767331114e-07
1.247594564689876892e-07
1.248224895760691238e-07
1.248853763098413272e-07
1.249481187587480989e-07
1.250107104521152842e-07
1.250731533970977246e-07
1.251354410420996023e-07
1.251975753367655304e-07
1.252595496434369613e-07
1.253213658491057046e-07
1.253830172555003026e-07
1.254445056873024126e-07
1.255058243903936563e-07
1.255669751461522700e-07
1.256279511328780811e-07
1.256887540905619461e-07
1.257493771446844913e-07
1.258098219979173602e-07
1.258700817388484475e-07
1.259301580363904751e-07
1.259900439441964696e-07
1.260497411009852869e-07
1.261092425300972386e-07
1.261685498699868005e-07
1.262276561000522530e-07
1.262865628571348976e-07
1.263452630993214276e-07
1.264037584566647048e-07
1.264620418851129025e-07
1.265201150083723823e-07
1.265779707840347467e-07
1.266356108473344492e-07
1.266930281549840046e-07
1.267502243736153659e-07
1.268071924509017505e-07
1.268639340879029774e-07
1.269204422479551736e-07
1.269767186537217071e-07
1.270327563061529235e-07
1.270885569642175581e-07
1.271441136435740747e-07
1.271994281655728559e-07
1.272544935808681406e-07
1.273093117598370283e-07
1.273638757925528184e-07
1.274181876097752864e-07
1.274722403563046362e-07
1.275260360237919889e-07
1.275795678207611079e-07
1.276328377947468010e-07
1.276858392273041709e-07
1.277385742400750443e-07
1.277910361809504648e-07
1.278432272559516696e-07
1.278951408849056959e-07
1.279467793665767416e-07
1.279981361958587098e-07
1.280492137594883755e-07
1.281000056447778979e-07
1.281505143316609959e-07
1.282007335024396770e-07
1.282506657356329249e-07
1.283003048145629666e-07
1.283496534202576663e-07
1.283987054419667826e-07
1.284474636676942586e-07
1.284959220989004632e-07
1.285440836306233608e-07
1.285919423839514247e-07
1.286395013636278120e-07
1.286867548137252564e-07
1.287337058533468716e-07
1.287803488529908025e-07
1.288266870495371293e-07
1.288727149419368349e-07
1.289184358900307018e-07
1.289638445229569033e-07
1.290089443260423798e-07
1.290537300620364403e-07
1.290982053436858003e-07
1.291423650688767817e-07
1.291862129814808501e-07
1.292297441162950802e-07
1.292729623498857955e-07
1.293158628559136050e-07
1.293584496441186875e-07
1.294007180293237690e-07
1.294426721555598022e-07
1.294843074797346312e-07
1.295256282796793390e-07
1.295666301565980940e-07
1.296073175222704722e-07
1.296476861216038580e-07
1.296877405021557796e-07
1.297274765504322777e-07
1.297668989505485795e-07
1.298060037312705711e-07
1.298447957108945891e-07
1.298832710600061990e-07
1.299214347311005819e-07
1.299592830349127394e-07
1.299968210563398226e-07
1.300340452479952222e-07
1.300709608228368565e-07
1.301075643750379949e-07
1.301438612426827770e-07
1.301798481597270373e-07
1.302155305877742892e-07
1.302509053977930283e-07
1.302859781715716643e-07
1.303207459154846386e-07
1.303552143281439390e-07
1.303893805495588598e-07
1.304232503914617389e-07
1.304568211231800582e-07
1.304900986673280888e-07
1.305230804196755325e-07
1.305557724095014810e-07
1.305881721559116007e-07
1.306202857896498160e-07
1.306521109496617880e-07
1.306836538654522802e-07
1.307149122897556921e-07
1.307458925472662967e-07
1.307765925011647078e-07
1.308070185659305587e-07
1.308371687097757807e-07
1.308670494335687121e-07
1.308966588056328232e-07
1.309260034080296688e-07
1.309550814049222737e-07
1.309838994536094708e-07
1.310124558099243725e-07
1.310407571990271535e-07
1.310688019652982152e-07
1.310965968965890229e-07
1.311241404194629264e-07
1.311514393799141939e-07
1.311784922802692756e-07
1.312053060206061287e-07
1.312318791724179814e-07
1.312582186844115084e-07
1.312843231913876568e-07
1.313101996857598955e-07
1.313358468598714549e-07
1.313612717434101769e-07
1.313864730812349376e-07
1.314114579345554866e-07
1.314362250947902217e-07
1.314607816490295607e-07
1.314851264293455918e-07
1.315092665433021280e-07
1.315332008582611911e-07
1.315569364959579316e-07
1.315804723532240243e-07
1.316038155612100791e-07
1.316269650402744017e-07
1.316499279246809249e-07
1.316727031537264994e-07
1.316952978592801779e-07
1.317177109933441466e-07
1.317399496805828344e-07
1.317620128806080390e-07
1.317839077041868402e-07
1.318056331151329547e-07
1.318271962051553530e-07
1.318485959350508323e-07
1.318698393737174485e-07
1.318909254740205936e-07
1.319118612773644282e-07
1.319326457218065146e-07
1.319532858181995407e-07
1.319737804862183361e-07
1.319941367004046893e-07
1.320143533566803233e-07
1.320344373908577154e-07
1.320543876705216043e-07
1.320742110870002030e-07
1.320939064762840534e-07
1.321134806818764588e-07
1.321329325027739562e-07
1.321522687324331983e-07
1.321714881283192673e-07
1.321905974291834048e-07
1.322095953490723400e-07
1.322284885681220522e-07
1.322472757531272728e-07
1.322659635220811443e-07
1.322845504935348956e-07
1.323030432199577150e-07
1.323214402686377355e-07
1.323397481240376171e-07
1.323579652983414469e-07
1.323760982076041806e-07
1.323941453062632751e-07
1.324121129396554879e-07
1.324299995054199258e-07
1.324478112730861471e-07
1.324655465801410288e-07
1.324832116218380484e-07
1.325008046740162307e-07
1.325183318535692413e-07
1.325357913762237383e-07
1.325531892779882524e-07
1.325705237145061127e-07
1.325878006391750704e-07
1.326050181477808599e-07
1.326221821116305315e-07
1.326392905634620335e-07
1.326563492925361316e-07
1.326733562687342858e-07
1.326903172011602044e-07
1.327072299958582858e-07
1.327241002818856661e-07
1.327409259000807181e-07
1.327577124017191834e-07
1.327744575628163739e-07
1.327911668567928391e-07
1.328078379970538888e-07
1.328244763793776181e-07
1.328410796546237887e-07
1.328576531432956568e-07
1.328741944329773997e-07
1.328907087715412366e-07
1.329071936849630914e-07
1.329236543508037461e-07
1.329400882347185996e-07
1.329565004412226420e-07
1.329728883827464482e-07
1.329892570908552220e-07
1.330056039243294509e-07
1.330219338492221106e-07
1.330382441706596836e-07
1.330545397886998706e-07
1.330708179593362932e-07
1.330870835185651269e-07
1.331033336745713360e-07
1.331195732025318806e-07
1.331357992658428197e-07
1.331520165811965059e-07
1.331682222680531347e-07
1.331844209877203270e-07
1.332006098182154972e-07
1.332167933686258116e-07
1.332329686778230836e-07
1.332491403053287051e-07
1.332653052560443921e-07
1.332814680402045159e-07
1.332976256321416379e-07
1.333137824960542595e-07
1.333299355772630047e-07
1.333460892974018575e-07
1.333622405749776878e-07
1.333783937923989924e-07
1.333945458437363231e-07
1.334107010742735960e-07
1.334268563566310741e-07
1.334430160026009910e-07
1.334591768650687741e-07
1.334753432254755872e-07
1.334915119197912128e-07
1.335076872016813865e-07
1.335238658916619602e-07
1.335400522186536078e-07
1.335562429900034657e-07
1.335724424121527741e-07
1.335886472811938248e-07
1.336048617836186176e-07
1.336210827062797707e-07
1.336373142176698865e-07
1.336535530979711725e-07
1.336698034994949107e-07
1.336860621978863882e-07
1.337023333307060466e-07
1.337186136709631535e-07
1.337349073418106494e-07
1.337512111143869974e-07
1.337675290999289726e-07
1.337838580692646268e-07
1.338002021227109190e-07
1.338165580325605531e-07
1.338329298883024954e-07
1.338493144634761501e-07
1.338657158375255989e-07
1.338821307869955191e-07
1.338985633824735747e-07
1.339150104033090220e-07
1.339314759129240762e-07
1.339479566953697677e-07
1.339644568048321321e-07
1.339809730279120072e-07
1.339975094067303441e-07
1.340140627284403521e-07
1.340306370238494279e-07
1.340472290846801264e-07
1.340638429324518371e-07
1.340804753651006043e-07
1.340971303923564953e-07
1.341138048124765005e-07
1.341305026216688916e-07
1.341472206170969010e-07
1.341639627821072670e-07
1.341807259110589077e-07
1.341975139735038885e-07
1.342143237595130764e-07
1.342311592243256386e-07
1.342480171519608682e-07
1.342649014804550108e-07
1.342818089856881935e-07
1.342987435868316235e-07
1.343157020495084942e-07
1.343326882724808863e-07
1.343496990097896911e-07
1.343667381377886534e-07
1.343838023971914744e-07
1.344008956394121784e-07
1.344180145910780706e-07
1.344351630758986864e-07
1.344523353459556149e-07
1.344695376837445301e-07
1.344867637288544529e-07
1.345040203389825501e-07
1.345213010630140341e-07
1.345386128068388582e-07
1.345559492781007202e-07
1.345733171799290500e-07
1.345907105091787924e-07
1.346081356366309128e-07
1.346255869130658468e-07
1.346430703148204272e-07
1.346605805704336525e-07
1.346781232419466031e-07
1.346956934328200737e-07
1.347132962994645132e-07
1.347309272988128326e-07
1.347485912091958660e-07
1.347662838081994758e-07
1.347840095367032404e-07
1.348017644504865677e-07
1.348195527040333792e-07
1.348373705833853104e-07
1.348552220126628350e-07
1.348731034574387361e-07
1.348910186723250689e-07
1.349089642482368578e-07
1.349269438338120661e-07
