8.813946468346416844e-12
8.262617703499795993e-12
7.797038158856546288e-12
7.364203257208364395e-12
6.966436867850233844e-12
6.537050897767082092e-12
6.200604229851697090e-12
5.870694977852180491e-12
5.604648914371913899e-12
5.324920770125707718e-12
5.053225676210850037e-12
4.787264857515375217e-12
4.581795254800592172e-12
4.376394832911972919e-12
4.204939140534874736e-12
4.012687584751071384e-12
3.832928308404234323e-12
3.674444428273485255e-12
3.536097434020766447e-12
3.394548680076521270e-12
3.271549876359046900e-12
3.131079929826229289e-12
3.005565946749018806e-12
2.901175883083812777e-12
2.806980598228848550e-12
2.708623367262114073e-12
2.614069559415246937e-12
2.515180069997137576e-12
2.435691895283459345e-12
2.357426160324398858e-12
2.283164866564665886e-12
2.205319781767104420e-12
2.135054665392235134e-12
2.065277570769838004e-12
2.009820654735775397e-12
1.948381228324556541e-12
1.891703408515673804e-12
1.833706692187537591e-12
1.778263396506193143e-12
1.730289358451680063e-12
1.684717986647060026e-12
1.633858613710808113e-12
1.590224283519852173e-12
1.544847607609358304e-12
1.505685921163611130e-12
1.469100201239516804e-12
1.431375977254793178e-12
1.393693279392367387e-12
1.359787379669690532e-12
1.323275886175137812e-12
1.293984637596306317e-12
1.262711696700203215e-12
1.231546796403374378e-12
1.201824064212594402e-12
1.173484633963434139e-12
1.145388770457551933e-12
1.121853979190615712e-12
1.095048678618664669e-12
1.070914054917597267e-12
1.046499949947987995e-12
1.023507421915589985e-12
1.002620518393445897e-12
9.815259998660295293e-13
9.590337064278685934e-13
9.399802831783433562e-13
9.198364439959408428e-13
9.015863951150289935e-13
8.832323612059055317e-13
8.650898558562076237e-13
8.479149300134477710e-13
8.318033051407505361e-13
8.150356400836893886e-13
8.002360428052610577e-13
7.841063277184576713e-13
7.689766149718873761e-13
7.543030804988251774e-13
7.404714622924172586e-13
7.269259624187166863e-13
7.142329496040867045e-13
7.006441221236962009e-13
6.884049479828715127e-13
6.759454698949897976e-13
6.644004352389442314e-13
6.528428386481895924e-13
6.416914307216367513e-13
6.300201624321614642e-13
6.195464802240935962e-13
6.090408045784221281e-13
5.990656219520611718e-13
5.890674614021845940e-13
5.793665434217028072e-13
5.697347234709138631e-13
5.612061516931388380e-13
5.516582957611553825e-13
5.430154779857355382e-13
5.342129619253029371e-13
5.257900546935111004e-13
5.176476546664258066e-13
5.099019643259410218e-13
5.017719169197149559e-13
4.943457539530000999e-13
4.864932439237908633e-13
4.793064877268573085e-13
4.723677927084419550e-13
4.653773223917019755e-13
4.582798733975482667e-13
4.518243882903270967e-13
4.450040806999661460e-13
4.389517118135995719e-13
4.327205076115530080e-13
4.265830916431608365e-13
4.205499170279160521e-13
4.145594823380991524e-13
4.088108000373434476e-13
4.035022736438000736e-13
3.976643227271232733e-13
3.924308094187700296e-13
3.870089874584245867e-13
3.818610699634417595e-13
3.768934907011241616e-13
3.719819462248560408e-13
3.669107607649808746e-13
3.623918428906755525e-13
3.576017827797525841e-13
3.531592235009168818e-13
3.486361839095058626e-13
3.440820462814378351e-13
3.396696895078358643e-13
3.355588345274521229e-13
3.313251396389735324e-13
3.273530520480921863e-13
3.231144422825720149e-13
3.191051770641033866e-13
3.152903891984229654e-13
3.116345076557736926e-13
3.078225478136087690e-13
3.042283701664830081e-13
3.004571419550975184e-13
2.970650754424033433e-13
2.935941233207990948e-13
2.901716865946365612e-13
2.867833190145321106e-13
2.834835674935499191e-13
2.800892764233043017e-13
2.771069175101197302e-13
2.739364095410294865e-13
2.708903637453379586e-13
2.678600543823315069e-13
2.648536633482130036e-13
2.619280469207593943e-13
2.592339734019694208e-13
2.562965010356573672e-13
2.535781956288799581e-13
2.507788823852986539e-13
2.481120023296420466e-13
2.455816030875672663e-13
2.429777377132342243e-13
2.403203306928868592e-13
2.378861828075472428e-13
2.353172901186956940e-13
2.330660512825103468e-13
2.306767566664312437e-13
2.282255418927619560e-13
2.259120664675860180e-13
2.236642378270425974e-13
2.213860359523317841e-13
2.193455584635549121e-13
2.170448980581662272e-13
2.149353540199867635e-13
2.127881592878004442e-13
2.106788863615162000e-13
2.087348142845681691e-13
2.067913020161990385e-13
2.046589144183711966e-13
2.027215425581706187e-13
2.007923092965262537e-13
1.989704755888018981e-13
1.971549645743333127e-13
1.952889760772957232e-13
1.934239121678349163e-13
1.917048804623534323e-13
1.899251506469824481e-13
1.883043401685560399e-13
1.865400780650708560e-13
1.848130535882218676e-13
1.831869597723052250e-13
1.815950772133771563e-13
1.799928989158669750e-13
1.784518424105469652e-13
1.767844109920561073e-13
1.753028270716757478e-13
1.738109998355106522e-13
1.723258379411402867e-13
1.708771966033518193e-13
1.694227346967335878e-13
1.679051422619725955e-13
1.665453950276536612e-13
1.651899967876242002e-13
1.638620665753400524e-13
1.624798802227226479e-13
1.611164988286029967e-13
1.597845622173495323e-13
1.585751805568117535e-13
1.572753299704958019e-13
1.560141476717992233e-13
1.547337360189356878e-13
1.535182952597301144e-13
1.523177464452847085e-13
1.511613022572132246e-13
1.499631208253430012e-13
1.488100198565923278e-13
1.476091455283368375e-13
1.465203284401227981e-13
1.454349215869021976e-13
1.443304093716016235e-13
1.432273250218965394e-13
1.421424492965486877e-13
1.410512020649108962e-13
1.401011280116474519e-13
1.390608586652200720e-13
1.380209175415645294e-13
1.369749668237148228e-13
1.359788168376841032e-13
1.350279976606703084e-13
1.341150862517927149e-13
1.331252359431329067e-13
1.321816376780519995e-13
1.312312082478941720e-13
1.303243329760399494e-13
1.294391202149912121e-13
1.285601869613781601e-13
1.276454410571847395e-13
1.267785096088541816e-13
1.258918773147376195e-13
1.250736873277079309e-13
1.242299619973438849e-13
1.233849891003174895e-13
1.225471135745911134e-13
1.217450149107513128e-13
1.209586126532621972e-13
1.202089385075605549e-13
1.193941732263752704e-13
1.186158555863157547e-13
1.178382824401636597e-13
1.171079737282080766e-13
1.163759597928055699e-13
1.156551809788776744e-13
1.148940793889300419e-13
1.141736978436238229e-13
1.134619732221285217e-13
1.127751478313393955e-13
1.120769291997458334e-13
1.113925495027131176e-13
1.106796897906286485e-13
1.100197369742331249e-13
1.093618726728952262e-13
1.087210853926573109e-13
1.080647637274385195e-13
1.074176238177862039e-13
1.067744664721927000e-13
1.061778110601692530e-13
1.055435321160338841e-13
1.049336724363066690e-13
1.043100867434491455e-13
1.037003117920665362e-13
1.031099196397134958e-13
1.025426702225129446e-13
1.019511300298128290e-13
1.013826642900098996e-13
1.007914692008188308e-13
1.002472663259764626e-13
9.969931380723126489e-14
9.914231191849166757e-14
9.859279447405870476e-14
9.805608632624494960e-14
9.750302838171586886e-14
9.700408035183994138e-14
9.647958697965291825e-14
9.595751393631577189e-14
9.544189450506531180e-14
9.493148298793782171e-14
9.443156900987191543e-14
9.395933685914455354e-14
9.343963842863935476e-14
9.295252789528625963e-14
9.246175677892792587e-14
9.198786713498739806e-14
9.152837397505855792e-14
9.105200537266619628e-14
9.057069034255711909e-14
9.012508196904066032e-14
8.965642124758220336e-14
8.922074123809610284e-14
8.877124915658703978e-14
8.832050121319627417e-14
8.787803819374750735e-14
8.744978523108271937e-14
8.700670088054410003e-14
8.659047174738066503e-14
8.615991803571838287e-14
8.574065588873761068e-14
8.532836941257013669e-14
8.492218117076977948e-14
8.451466209738061675e-14
8.411088166949360953e-14
8.368715430753954667e-14
8.330258705925903274e-14
8.290764726744406486e-14
8.252117795032674220e-14
8.212917216744577109e-14
8.174116349184323754e-14
8.135026367941146402e-14
8.098608423977130801e-14
8.060934539074038331e-14
8.024553994840534801e-14
7.986909201255763452e-14
7.949765815158320207e-14
7.913556802328490885e-14
7.878556167781264838e-14
7.841764182597355181e-14
7.807123223237148264e-14
7.771397336721132019e-14
7.736457479476565656e-14
7.702130625941470100e-14
7.667627149192703766e-14
7.632537668173991868e-14
7.599611128847036952e-14
7.565017161250019415e-14
7.532865291726755198e-14
7.499678697613981029e-14
7.466368285808215004e-14
7.433432711107259446e-14
7.400608417812854402e-14
7.368328982654181433e-14
7.338163744950975671e-14
7.305283841197087779e-14
7.273900304072133825e-14
7.242338301942845658e-14
7.211377687690889892e-14
7.181525146098950621e-14
7.151130535675582024e-14
7.119523925387186750e-14
7.090056510512699829e-14
7.059300107838992985e-14
7.030417737874760733e-14
7.000946292799805102e-14
6.971182285579608166e-14
6.942022323569268062e-14
6.913265834568613683e-14
6.883674778911268314e-14
6.856154303975715711e-14
6.827082941521153973e-14
6.798710128493147920e-14
6.771006395414834705e-14
6.743409474845152830e-14
6.715711398252841285e-14
6.688754060136215503e-14
6.660116114002888245e-14
6.633631314742189603e-14
6.606574914866554996e-14
6.580183059899558410e-14
6.553773202575851315e-14
6.527087575972893721e-14
6.500239282301116001e-14
6.475039790381414519e-14
6.449019305653108028e-14
6.423407803831053668e-14
6.397058017024294926e-14
6.371386292112557766e-14
6.345838462253371304e-14
6.321534187695255487e-14
6.295921275430395769e-14
6.271439094535925600e-14
6.246217031467094186e-14
6.221156832644478139e-14
6.196892546843475421e-14
6.173263815962761737e-14
6.148543583408308865e-14
6.124444620709389219e-14
6.100042170018806623e-14
6.077386520363807592e-14
6.053965375094825582e-14
6.030300014879026947e-14
6.006677445007402830e-14
5.983570364252463034e-14
5.959833214331892741e-14
5.937811816829050499e-14
5.914833276309315155e-14
5.891926704540427382e-14
5.869153422391243949e-14
5.846922050879539583e-14
5.825301165346552592e-14
5.803774902815340384e-14
5.780749082945564256e-14
5.759018908393970516e-14
5.736945059214532193e-14
5.715534592707505807e-14
5.694600293808986154e-14
5.673688121747649988e-14
5.651574077625467957e-14
5.630558918359308242e-14
5.609546670486404156e-14
5.589813607670569308e-14
5.569088632643940716e-14
5.547809327455543032e-14
5.526823916261004006e-14
5.506637514457131496e-14
5.486593267368304565e-14
5.467243632686884428e-14
5.446532488419365675e-14
5.426723712000057820e-14
5.406632881818520824e-14
5.387128381089492415e-14
5.367851310474090028e-14
5.348644218218210390e-14
5.328487027229471114e-14
5.309499457276012268e-14
5.290499786903884398e-14
5.271947225309741533e-14
5.253039867827165194e-14
5.234136587419958259e-14
5.214943110516690210e-14
5.197095167701211422e-14
5.178895117497540621e-14
5.161116403710055667e-14
5.142706495812983147e-14
5.124069232008476110e-14
5.105964074434118735e-14
5.088986156099740209e-14
5.071206057962716285e-14
5.053945807018403473e-14
5.035965124893307899e-14
5.018444246514796643e-14
5.001479473586690949e-14
4.984857400981201112e-14
4.967583671357919723e-14
4.950512868219126793e-14
4.933052386364184268e-14
4.916816290003825629e-14
4.900399730045174201e-14
4.883973443847231772e-14
4.867352543650292156e-14
4.850949064004791540e-14
4.834444356413638946e-14
4.819282239359226982e-14
4.802884723055949718e-14
4.786802725021945068e-14
4.770971590205787627e-14
4.755186724259990395e-14
4.740023641946238531e-14
4.724937241205471603e-14
4.709073579634025145e-14
4.693998651137273549e-14
4.678486812306638876e-14
4.663682557088509500e-14
4.649098550005165635e-14
4.634241794227182292e-14
4.619213981295682862e-14
4.604825008733815725e-14
4.589931566934758415e-14
4.576129763166775958e-14
4.561676008159659937e-14
4.547313988309878803e-14
4.533162388732411172e-14
4.519136143614789961e-14
4.505236177803135220e-14
4.491814513971245280e-14
4.477626033165910299e-14
4.464097341083907613e-14
4.450528656001801844e-14
4.437300186727754189e-14
4.424080358191556875e-14
4.410881557437121508e-14
4.397207909389744990e-14
4.384522547227368049e-14
4.371674932536210251e-14
4.358967746448794171e-14
4.346105560035087057e-14
4.333376746310949735e-14
4.320608738584763068e-14
4.308304773646488220e-14
4.295795166830095643e-14
4.283736549550947060e-14
4.271265424577609357e-14
4.259165480928890983e-14
4.247043879125084875e-14
4.235275609951342730e-14
4.223397518517774939e-14
4.211734657505722728e-14
4.199751585099008520e-14
4.188300280556121958e-14
4.177049585589170449e-14
4.165796541518018568e-14
4.154369426237885702e-14
4.143172726269039567e-14
4.131811316734940035e-14
4.121124337311910284e-14
4.110067137826702908e-14
4.099119839544013415e-14
4.088204502552325012e-14
4.077404029125763612e-14
4.066824575030381291e-14
4.056683289488509847e-14
4.045854946555051169e-14
4.035622806838051607e-14
4.025154673783198429e-14
4.014944476879970258e-14
4.004932136222706742e-14
3.994924064495927247e-14
3.984677193013714906e-14
3.974880291939445341e-14
3.964898115820421239e-14
3.955435458964148427e-14
3.945838909078890624e-14
3.936188275985388171e-14
3.926524899580649409e-14
3.917134894421983035e-14
3.907759724759349254e-14
3.898775121867308300e-14
3.889295426670820203e-14
3.880203837535449122e-14
3.871141214858418998e-14
3.862150770602059307e-14
3.853277863983917887e-14
3.844619730680972138e-14
3.835548887663078590e-14
3.826931591336568683e-14
3.818164360572486640e-14
3.809628033599736453e-14
3.801109940918852997e-14
3.792676543606112049e-14
3.784094858656519939e-14
3.775980314955719086e-14
3.767776245692327115e-14
3.759674305298688916e-14
3.751376523093119809e-14
3.743206523737794480e-14
3.735186564863131060e-14
3.727568865378155139e-14
3.719632061163874179e-14
3.711837904862867305e-14
3.703965263308453469e-14
3.696281151482480082e-14
3.688757186221709638e-14
3.681330096668271395e-14
3.673671961393066549e-14
3.666351703032993117e-14
3.658766361327493509e-14
3.651526159862294523e-14
3.644285455104820612e-14
3.636998494169459321e-14
3.629798393136550786e-14
3.622799424588578789e-14
3.615656501440860187e-14
3.608924223819257913e-14
3.601891302471004000e-14
3.594902817848776849e-14
3.588005274344246990e-14
3.581225642217456936e-14
3.574555858569609998e-14
3.568033710230635004e-14
3.561087515705866528e-14
3.554491719125844679e-14
3.547921182806397340e-14
3.541510895153521868e-14
3.535205988149474984e-14
3.528689977892947156e-14
3.522027801095566951e-14
3.515878558158997078e-14
3.509511194907936272e-14
3.503443059946608069e-14
3.497205352044189870e-14
3.490950260633031303e-14
3.484839618907441167e-14
3.478835314463996545e-14
3.472794717957401622e-14
3.466977715981119838e-14
3.460769042669184989e-14
3.454799957686225111e-14
3.448953036046774019e-14
3.443200893533444879e-14
3.437443855201942748e-14
3.431682208598730615e-14
3.425737495335198817e-14
3.420234982007613310e-14
3.414626449780493970e-14
3.409034318968718776e-14
3.403372125818311778e-14
3.397761961697113401e-14
3.392167237997838601e-14
3.386814162994638925e-14
3.381314375202392082e-14
3.375995938451803097e-14
3.370471818417962831e-14
3.364978607323797383e-14
3.359697663341104097e-14
3.354552242777177678e-14
3.349141926863012996e-14
3.343883566959985547e-14
3.338471255641048964e-14
3.333314453236896379e-14
3.328234914858639863e-14
3.323109897778922849e-14
3.317902721651890077e-14
3.312766438876296432e-14
3.307535619370877689e-14
3.302638244734232643e-14
3.297613438524637356e-14
3.292556763398281625e-14
3.287508084873993194e-14
3.282536675816069680e-14
3.277579232001439556e-14
3.272810764926662566e-14
3.267768012143262238e-14
3.262947352143314789e-14
3.258024100903925979e-14
3.253098397737529332e-14
3.248383563072403203e-14
3.243624686259113260e-14
3.238688559278970442e-14
3.233984143349080681e-14
3.229072935445733246e-14
3.224453025030252513e-14
3.219806733183188993e-14
3.214986877612665090e-14
3.210231447238349430e-14
3.205573971377738449e-14
3.200813958696526114e-14
3.196346294525136657e-14
3.191686320578303944e-14
3.187005664982175691e-14
3.182301267762748889e-14
3.177759406653894277e-14
3.173229523017693144e-14
3.168761344125280180e-14
3.164049502615868186e-14
3.159516156752258326e-14
3.154912476223593010e-14
3.150422063397484021e-14
3.145953013187628379e-14
3.141424311374972417e-14
3.136841029321264274e-14
3.132435889612374602e-14
3.127912179793718612e-14
3.123563157973160625e-14
3.119094143363941934e-14
3.114620651784209302e-14
3.110133741623211347e-14
3.105752242533593424e-14
3.101365275726076933e-14
3.097018887652035058e-14
3.092490372138781754e-14
3.088084673365443351e-14
3.083710498427617988e-14
3.079422354882550506e-14
3.075073634832007009e-14
3.070745230377909539e-14
3.066234116828846705e-14
3.061929447291165622e-14
3.057632581668769569e-14
3.053363884244405981e-14
3.049007528364661080e-14
3.044685760795319145e-14
3.040310935942133940e-14
3.036110295264527910e-14
3.031843913154754850e-14
3.027594396463565862e-14
3.023235099392981680e-14
3.018943597939526483e-14
3.014704202862058570e-14
3.010536761592662676e-14
3.006212406946535853e-14
3.002036972338929117e-14
2.997718241342326789e-14
2.993515081023675644e-14
2.989348938040015980e-14
2.985202018532074004e-14
2.980918109489931409e-14
2.976712864420259182e-14
2.972456104043259020e-14
2.968377198787820752e-14
2.964177804814193654e-14
2.959996979039791612e-14
2.955786062692673451e-14
2.951638899484990912e-14
2.947441684774712486e-14
2.943413670803572577e-14
2.939221113836239832e-14
2.935084475643402864e-14
2.930888619057905266e-14
2.926768581613208370e-14
2.922725217475416785e-14
2.918721144150054928e-14
2.914512593288879550e-14
2.910472615582975133e-14
2.906382164145256854e-14
2.902359372430279020e-14
2.898292290219327380e-14
2.894234546276900103e-14
2.890132026838367368e-14
2.886143973439100244e-14
2.882130748802006029e-14
2.878163848158391900e-14
2.874093294649588938e-14
2.870094203636287253e-14
2.866071385747843012e-14
2.862199035920620104e-14
2.858206079728054826e-14
2.854287209862500391e-14
2.850296794695143337e-14
2.846335768001589153e-14
2.842390191532123274e-14
2.838517045056824139e-14
2.834608189184824170e-14
2.830727013112366505e-14
2.826707332081683295e-14
2.822881872432818759e-14
2.819091067031371368e-14
2.815238608866431947e-14
2.811345714984284668e-14
2.807536886414887775e-14
2.803663048917591062e-14
2.800004653815309213e-14
2.796136986891684609e-14
2.792336628229589354e-14
2.788573480759722548e-14
2.784783415132464851e-14
2.781073633329495075e-14
2.777407151354280452e-14
2.773550029632726823e-14
2.769898159844647571e-14
2.766178004058579588e-14
2.762539638666875582e-14
2.758923538180570365e-14
2.755253168448206326e-14
2.751568119118763210e-14
2.748032478636369195e-14
2.744354569845376635e-14
2.740910517301234925e-14
2.737335742877480200e-14
2.733698237704309442e-14
2.730134605637283501e-14
2.726633372059208505e-14
2.723131458931839844e-14
2.719722339196314346e-14
2.716136444213766005e-14
2.712742768896672270e-14
2.709284135943832554e-14
2.705858260916432011e-14
2.702465334871853454e-14
2.699050388685307880e-14
2.695587891529381037e-14
2.692289102177713062e-14
2.688921521065190874e-14
2.685638783708109054e-14
2.682323503624591912e-14
2.678984784971416971e-14
2.675698190200808490e-14
2.672519453581957745e-14
2.669228312600788908e-14
2.666053862851503815e-14
2.662766216353872321e-14
2.659571992731767788e-14
2.656470576459757058e-14
2.653382085272595299e-14
2.650238345034565273e-14
2.647154058204905053e-14
2.643987719287069059e-14
2.640993094362302141e-14
2.637995288765547473e-14
2.634958855516664069e-14
2.631885471002125628e-14
2.628884639944707502e-14
2.625885772592829650e-14
2.623033067905126170e-14
2.620091592192167198e-14
2.617180930221995842e-14
2.614257896179111409e-14
2.611378267863095952e-14
2.608545680709365483e-14
2.605818951012343228e-14
2.602967069680411924e-14
2.600207456660840620e-14
2.597394461048832712e-14
2.594659302680048004e-14
2.592009338505760862e-14
2.589324627898949434e-14
2.586577365183660068e-14
2.583933526672928643e-14
2.581258223413496574e-14
2.578738173108837822e-14
2.576134787599940788e-14
2.573500738290324058e-14
2.570922651923503102e-14
2.568420310220901382e-14
2.565902888954251841e-14
2.563534687985474241e-14
2.561019759486988602e-14
2.558535344067040090e-14
2.556099139500311697e-14
2.553734847245942237e-14
2.551391729445463121e-14
2.549045665048452968e-14
2.546638024328145569e-14
2.544340127426553954e-14
2.542021667253895605e-14
2.539774099235052685e-14
2.537568580559907155e-14
2.535338774909432890e-14
2.533055917780482227e-14
2.530896900059028975e-14
2.528738561111831219e-14
2.526663568186107344e-14
2.524498249756377093e-14
2.522350814489619603e-14
2.520274931621915661e-14
2.518245887885262901e-14
2.516200537182862105e-14
2.514206595143886283e-14
2.512157876030959092e-14
2.510179085441880381e-14
2.508231170109341408e-14
2.506336798643275562e-14
2.504424936404038617e-14
2.502527352476189638e-14
2.500593487651945927e-14
2.498767514110533759e-14
2.496966731270425760e-14
2.495159442142505241e-14
2.493329163090969844e-14
2.491550225233551724e-14
2.489750973920687313e-14
2.488063165783767256e-14
2.486352597167918695e-14
2.484668374366288017e-14
2.482967270271355108e-14
2.481282207318691165e-14
2.479643621605034716e-14
2.478056039136988342e-14
2.476421228042675691e-14
2.474847666954467578e-14
2.473254766166023465e-14
2.471712657927858118e-14
2.470195414321149991e-14
2.468684006854629917e-14
2.467167505505627368e-14
2.465707601818649579e-14
2.464207969825042713e-14
2.462804794795675035e-14
2.461381529058342391e-14
2.459952394725947148e-14
2.458538501983450983e-14
2.457153468833998686e-14
2.455794027332221670e-14
2.454499991340281096e-14
2.453146626470331662e-14
2.451832512792821723e-14
2.450528397968348195e-14
2.449239529840454087e-14
2.447978251602672683e-14
2.446742062509068290e-14
2.445471382467970851e-14
2.444267629209134648e-14
2.443043109387680591e-14
2.441859813048725726e-14
2.440684225414693371e-14
2.439511816123135254e-14
2.438348143028798995e-14
2.437209836568799839e-14
2.436067957213703893e-14
2.434985628976462353e-14
2.433865874935923706e-14
2.432762220835684955e-14
2.431685996206789916e-14
2.430635050970421358e-14
2.429579873573736832e-14
2.428551936645577452e-14
2.427494172956747907e-14
2.426474325124719396e-14
2.425470788142016305e-14
2.424479202237653627e-14
2.423486459695415705e-14
2.422514477062650995e-14
2.421525868172025162e-14
2.420587774815675156e-14
2.419631803528296584e-14
2.418699044417084459e-14
2.417771154611019737e-14
2.416841387595048459e-14
2.415926606425095461e-14
2.415042370484711107e-14
2.414137027186002950e-14
2.413265084187459190e-14
2.412371925358992927e-14
2.411494368768447144e-14
2.410640121563492218e-14
2.409794704045891192e-14
2.408927936527702364e-14
2.408097832968706419e-14
2.407247304553088831e-14
2.406425452766503451e-14
2.405609814002840461e-14
2.404785619382138909e-14
2.403967385323766630e-14
2.403166114269670236e-14
2.402342384501259287e-14
2.401559322891719811e-14
2.400752873998914218e-14
2.399964056053978943e-14
2.399180607382018709e-14
2.398397290435157781e-14
2.397620877267680875e-14
2.396858837553747020e-14
2.396069382763843064e-14
2.395306755328410978e-14
2.394531754487969359e-14
2.393777554586910290e-14
2.393030328113691360e-14
2.392270344719842180e-14
2.391500169839006227e-14
2.390754668216197029e-14
2.389993717468476853e-14
2.389254157006940204e-14
2.388501326812815591e-14
2.387752110328513523e-14
2.387002667015842859e-14
2.386261557678619450e-14
2.385507498345238232e-14
2.384772121630691364e-14
2.384018185960620502e-14
2.383275122044994216e-14
2.382529947113415492e-14
2.381791925340809411e-14
2.381041249030077516e-14
2.380298335059750956e-14
2.379534299583127647e-14
2.378799273815151324e-14
2.378058691432955649e-14
2.377315420367250979e-14
2.376553981406369947e-14
2.375796067819180684e-14
2.375028861473900288e-14
2.374287508722184633e-14
2.373537169177366249e-14
2.372780557462570296e-14
2.372003602131836515e-14
2.371233968792614535e-14
2.370471224243784187e-14
2.369722076373816057e-14
2.368934821822906583e-14
2.368160077031107344e-14
2.367370435007134665e-14
2.366594901667377321e-14
2.365817659717088330e-14
2.365035181401508141e-14
2.364230467535389874e-14
2.363446812396393729e-14
2.362634971723341774e-14
2.361856262565829227e-14
2.361058913262678957e-14
2.360236820338594060e-14
2.359416069962363353e-14
2.358605218685424314e-14
2.357784942356036083e-14
2.356979648172598937e-14
2.356136310734109241e-14
2.355300301657794996e-14
2.354466488287248176e-14
2.353635080539553781e-14
2.352794149288838107e-14
2.351967384157729182e-14
2.351093043148412537e-14
2.350230090007435798e-14
2.349365394241524078e-14
2.348521764237007803e-14
2.347665854829731495e-14
2.346779169691673080e-14
2.345886633164475840e-14
2.345029651309939258e-14
2.344149250682631491e-14
2.343271901556185321e-14
2.342367018253056936e-14
2.341459958675006185e-14
2.340549566364706310e-14
2.339653234606150577e-14
2.338745058465563946e-14
2.337852346398697368e-14
2.336910834615587796e-14
2.335984562385134233e-14
2.335070156603216325e-14
2.334158922624457485e-14
2.333219761827269951e-14
2.332279396323205203e-14
2.331311194332114418e-14
2.330378361547745366e-14
2.329443171425094091e-14
2.328489339166002266e-14
2.327517970397433778e-14
2.326562067219399835e-14
2.325586003897668094e-14
2.324658955764340803e-14
2.323684529377290927e-14
2.322700914250225544e-14
2.321716759038836706e-14
2.320729825840223498e-14
2.319752495078526115e-14
2.318790765185379766e-14
2.317783339795332953e-14
2.316805001439834747e-14
2.315792237038900564e-14
2.314804506747124762e-14
2.313829093257279388e-14
2.312829245303575580e-14
2.311814841980980155e-14
2.310817990618715120e-14
2.309796161251918632e-14
2.308827121033814340e-14
2.307819697850579719e-14
2.306793468424853905e-14
2.305781394207458816e-14
2.304773330711891875e-14
2.303755572310796717e-14
2.302766029580192434e-14
2.301713049856805817e-14
2.300701158756435528e-14
2.299681975035775441e-14
2.298660144881203204e-14
2.297664665156182444e-14
2.296653282736262339e-14
2.295598841529063332e-14
2.294586438397828164e-14
2.293564731107019785e-14
2.292571277562266629e-14
2.291561326396747124e-14
2.290525146556985353e-14
2.289500655329865371e-14
2.288497104880973097e-14
2.287477968430618242e-14
2.286494587096389422e-14
2.285465826809383518e-14
2.284444149462963595e-14
2.283433597426534186e-14
2.282436271052474030e-14
2.281432415514443211e-14
2.280442021181968030e-14
2.279414804904720688e-14
2.278433140309117803e-14
2.277440264023727336e-14
2.276446962177399571e-14
2.275463132716563705e-14
2.274475275486271903e-14
2.273472099472883162e-14
2.272504939277616685e-14
2.271525354088799806e-14
2.270568623301334833e-14
2.269587399683559039e-14
2.268609986890025138e-14
2.267647604518347993e-14
2.266716664359716638e-14
2.265749585170482251e-14
2.264808419787563963e-14
2.263842960061655535e-14
2.262900376558214702e-14
2.261972102095611725e-14
2.261044550350244109e-14
2.260111387382475684e-14
2.259194441320031407e-14
2.258261389536177520e-14
2.257372189040839878e-14
2.256469170746768385e-14
2.255565042506297982e-14
2.254669851017020028e-14
2.253784566169999286e-14
2.252882701543136200e-14
2.252026928866749909e-14
2.251152351637998393e-14
2.250289214018789594e-14
2.249429039286872389e-14
2.248582840239347723e-14
2.247753368163641144e-14
2.246927469039676933e-14
2.246076123276295369e-14
2.245261510788525883e-14
2.244436124023545673e-14
2.243638119895532266e-14
2.242841112365201669e-14
2.242044500167410109e-14
2.241253093630664276e-14
2.240481809066862255e-14
2.239699520315430071e-14
2.238952737305385220e-14
2.238200299971531339e-14
2.237449635148403045e-14
2.236707361430743154e-14
2.235987043455900558e-14
2.235262941293966079e-14
2.234562402604802585e-14
2.233846671458978137e-14
2.233151647908808891e-14
2.232462579083502348e-14
2.231788506263756152e-14
2.231121283463683861e-14
2.230464244107501926e-14
2.229796804398957260e-14
2.229156214401821299e-14
2.228523334530448258e-14
2.227904166788994669e-14
2.227279633993946993e-14
2.226679146746942376e-14
2.226078054370762999e-14
2.225494767145157712e-14
2.224913921435556475e-14
2.224349590280408832e-14
2.223780926561768527e-14
2.223228794454082081e-14
2.222685288699679444e-14
2.222157070261066907e-14
2.221625889408696728e-14
2.221115947789931418e-14
2.220608082843076749e-14
2.220112953361815747e-14
2.219632714817812222e-14
2.219161289041292725e-14
2.218688075940999001e-14
2.218235031505535947e-14
2.217780387352667769e-14
2.217353960531583255e-14
2.216924462797052008e-14
2.216500765845466374e-14
2.216090765384903483e-14
2.215694597381760990e-14
2.215300355176586140e-14
2.214927892306799944e-14
2.214552006343727302e-14
2.214192709662276122e-14
2.213840115956739969e-14
2.213496705207867666e-14
2.213164893399972754e-14
2.212842365308862483e-14
2.212523926984120221e-14
2.212223192298178398e-14
2.211925268265703830e-14
2.211641093403403806e-14
2.211364317843748778e-14
2.211094905853790258e-14
2.210831832057224581e-14
2.210584536254341073e-14
2.210341784903204256e-14
2.210116227068340201e-14
2.209890202065259687e-14
2.209672687511980766e-14
2.209466461582590654e-14
2.209273127533400541e-14
2.209084414767959867e-14
2.208906234115436109e-14
2.208733153972317415e-14
2.208573136193733727e-14
2.208418725528635348e-14
2.208273339362890924e-14
2.208136397993004028e-14
2.208008340667136495e-14
2.207885357665946158e-14
2.207774666824995239e-14
2.207670844422585375e-14
2.207574060479416563e-14
2.207484190964650357e-14
2.207403142485019533e-14
2.207330032585117688e-14
2.207266249587114103e-14
2.207206872022481034e-14
2.207156172843044028e-14
2.207112157311480398e-14
2.207075456061667852e-14
2.207046397768567081e-14
2.207024342235803900e-14
2.207008471562637668e-14
2.206999780032750792e-14
2.206997829889180036e-14
2.207002358310305989e-14
2.207013354338138808e-14
2.207030879538872512e-14
2.207054992905652993e-14
2.207084759781778959e-14
2.207121389161900926e-14
2.207162367120985431e-14
2.207210587289255611e-14
2.207264458055164533e-14
2.207324055598602448e-14
2.207389029999994417e-14
2.207458170624601718e-14
2.207531275632750585e-14
2.207614132496286554e-14
2.207700091470710880e-14
2.207790905266325282e-14
2.207885283169841330e-14
2.207983693786562956e-14
2.208088581481393741e-14
2.208200807447810975e-14
2.208312785668998456e-14
2.208431612758672599e-14
2.208549533904068567e-14
2.208674628976636552e-14
2.208805885161340479e-14
2.208940186261503685e-14
2.209076646510873390e-14
2.209217296753378619e-14
2.209357809017813575e-14
2.209508418962708507e-14
2.209659440373474480e-14
2.209812165845207419e-14
2.209966011486884462e-14
2.210123558245584724e-14
2.210283286319981522e-14
2.210451908947874031e-14
2.210617260108686531e-14
2.210785960913004611e-14
2.210954453456344823e-14
2.211127179407851475e-14
2.211303436565677593e-14
2.211483798698932006e-14
2.211658503287002352e-14
2.211837424427746627e-14
2.212017107106287379e-14
2.212203606372173290e-14
2.212389472911959869e-14
2.212574385919494119e-14
2.212757056403492714e-14
2.212945618868326924e-14
2.213132779455382130e-14
2.213323728966134399e-14
2.213512260258233477e-14
2.213699186851086222e-14
2.213884280471553688e-14
2.214077372218321079e-14
2.214270089624281693e-14
2.214465895806141672e-14
2.214652395924555875e-14
2.214840850925946785e-14
2.215030990192897320e-14
2.215222214316138185e-14
2.215412166692846915e-14
2.215603003675970218e-14
2.215786075117258391e-14
2.215975469728886844e-14
2.216162550382319661e-14
2.216350327518024360e-14
2.216535291174499564e-14
2.216716380303455974e-14
2.216895826325557841e-14
2.217081603629821650e-14
2.217260610306386585e-14
2.217441764794878489e-14
2.217617469304912956e-14
2.217791514772010813e-14
2.217967101986383863e-14
2.218142757614788338e-14
2.218311981341975765e-14
2.218482530770831221e-14
2.218644999542851618e-14
2.218810823656478634e-14
2.218975580513937619e-14
2.219138469346380584e-14
2.219295683411982982e-14
2.219452963053622803e-14
2.219605032317136025e-14
2.219760312552391513e-14
2.219911644192004401e-14
2.220060342323753688e-14
2.220204862967488339e-14
2.220346959442557076e-14
2.220487153041923970e-14
2.220628752073432245e-14
2.220762817449788003e-14
2.220896469783459360e-14
2.221026329489136273e-14
2.221154854200827544e-14
2.221279844092214235e-14
2.221403828603130810e-14
2.221522467398941678e-14
2.221640501422328769e-14
2.221753128254303049e-14
2.221866111292994795e-14
2.221976484803786498e-14
2.222082297422359037e-14
2.222183516055723230e-14
2.222285979199402896e-14
2.222383109909857521e-14
2.222479828984222592e-14
2.222571817026770125e-14
2.222660103971965473e-14
2.222746527216892960e-14
2.222831006322392787e-14
2.222911858670486770e-14
2.222991560082684272e-14
2.223065568507408805e-14
2.223139368565006976e-14
2.223210193852815333e-14
2.223277900835562587e-14
2.223343094231123100e-14
2.223405843561603659e-14
2.223464265021656032e-14
2.223522554773348727e-14
2.223576711023265573e-14
2.223629072304003065e-14
2.223678764283681581e-14
2.223725972271184783e-14
2.223770650654445756e-14
2.223813826654340795e-14
2.223853295651864396e-14
2.223891841709596080e-14
2.223926759106770057e-14
2.223959868461324414e-14
2.223991509221189616e-14
2.224020789086615087e-14
2.224047572988461137e-14
2.224073154906454125e-14
2.224095485605504244e-14
2.224117309095960226e-14
2.224136796052289006e-14
2.224154364848474320e-14
2.224170382049955504e-14
2.224184684129937430e-14
2.224197225713260104e-14
2.224208770902233915e-14
2.224218366735656634e-14
2.224226964752842787e-14
2.224234083435246894e-14
2.224239945615685149e-14
2.224244639320964607e-14
2.224248334999134252e-14
2.224250942832837170e-14
2.224252748426685813e-14
2.224253435609733762e-14
2.224253485227488046e-14
2.224252793432223135e-14
2.224251554922703779e-14
2.224249777800257267e-14
2.224247258497202762e-14
2.224244564058404417e-14
2.224241568307946273e-14
2.224238235506928675e-14
2.224234937847010676e-14
2.224231487347782566e-14
2.224227951430793458e-14
2.224224728985825054e-14
2.224221562154550508e-14
2.224218794642181904e-14
2.224216377283240687e-14
2.224214343676493579e-14
2.224212846414165254e-14
2.224212084022135916e-14
2.224212044530310968e-14
2.224212831867890440e-14
2.224214393462396089e-14
2.224217041050578666e-14
2.224220810442010926e-14
2.224225660169383826e-14
2.224231866675705823e-14
2.224239213293654904e-14
2.224248399766427057e-14
2.224258848557384767e-14
2.224271070957300336e-14
2.224284684311905534e-14
2.224300244861865633e-14
2.224317758146011598e-14
2.224337407921473634e-14
2.224358778337974145e-14
2.224382599759401913e-14
2.224408092746686407e-14
2.224436413336397118e-14
2.224467313357364842e-14
2.224500961348896200e-14
2.224536455148188765e-14
2.224574626944303315e-14
2.224615200758474144e-14
2.224660019181169618e-14
2.224707025565753250e-14
2.224757247023892692e-14
2.224809559540937421e-14
2.224865679185422732e-14
2.224924997996598037e-14
2.224988709785175946e-14
2.225054692532718005e-14
2.225124073871443807e-14
2.225196432232582977e-14
2.225273944946623825e-14
2.225354675390029898e-14
2.225439984989256475e-14
2.225527378293213302e-14
2.225619852731654064e-14
2.225714821921968434e-14
2.225815710225413069e-14
2.225921110490269919e-14
2.226029593034960421e-14
2.226139674071915932e-14
2.226258267153796802e-14
2.226379932608733858e-14
2.226507959654709445e-14
2.226638984035195753e-14
2.226772509718967232e-14
2.226910626901123638e-14
2.227058002662647487e-14
2.227206335718489646e-14
2.227362877409029510e-14
2.227519479362869045e-14
2.227680889687974686e-14
2.227851059981097067e-14
2.228027983323196871e-14
2.228208003473641886e-14
2.228393285236355770e-14
2.228575984145759594e-14
2.228772642470852263e-14
2.228972847120168334e-14
2.229179716596680542e-14
2.229391424180046875e-14
2.229605208873617807e-14
2.229823508596169572e-14
2.230054346300419714e-14
2.230284586766430027e-14
2.230525484947674780e-14
2.230764677266874573e-14
2.231011230448011812e-14
2.231269219660254301e-14
2.231532565540402898e-14
2.231794834771217243e-14
2.232069773218280851e-14
2.232341338243065141e-14
2.232625347497334402e-14
2.232918044743527003e-14
2.233213519461558426e-14
2.233512056222871255e-14
2.233817851071741605e-14
2.234121450502735847e-14
2.234446247420151949e-14
2.234770846410940355e-14
2.235099187965541175e-14
2.235431157304160062e-14
2.235768395799164783e-14
2.236113002398174124e-14
2.236474572241851143e-14
2.236830127881520348e-14
2.237193590933976165e-14
2.237557590515320839e-14
2.237930714234986212e-14
2.238315745573225727e-14
2.238707080623137024e-14
2.239093812333405876e-14
2.239494717215530731e-14
2.239891235783680585e-14
2.240308114780489687e-14
2.240728164066616110e-14
2.241146361552131879e-14
2.241569053739847586e-14
2.242002787939918338e-14
2.242434211436835499e-14
2.242887147126148490e-14
2.243335072904140446e-14
2.243786106544063514e-14
2.244246544277406846e-14
2.244713126940002921e-14
2.245183638788244870e-14
2.245670991266130473e-14
2.246140771580740810e-14
2.246627738995691002e-14
2.247118010613135829e-14
2.247616882271098159e-14
2.248128289024799914e-14
2.248635775669768312e-14
2.249138649318018098e-14
2.249664223556965051e-14
2.250179430645733213e-14
2.250716705974432918e-14
2.251249574794436461e-14
2.251779748651745249e-14
2.252319979473471285e-14
2.252875510195503691e-14
2.253422031922898028e-14
2.253985036188695800e-14
2.254534648179073403e-14
2.255098719444434428e-14
2.255674308475106944e-14
2.256248107170016600e-14
2.256823940541080660e-14
2.257412093484276337e-14
2.257987550153967704e-14
2.258588620515893947e-14
2.259184060868940206e-14
2.259787901025447832e-14
2.260389873795216893e-14
2.260989688149507819e-14
2.261600211383266601e-14
2.262229271076600104e-14
2.262838062904644721e-14
2.263464387207064216e-14
2.264085705613332786e-14
2.264715789081583577e-14
2.265350968285899209e-14
2.265990937328925056e-14
2.266627698880361290e-14
2.267274640215568601e-14
2.267909417659681927e-14
2.268565489597276612e-14
2.269221320165615806e-14
2.269875677990403059e-14
2.270522640105477627e-14
2.271184404779856328e-14
2.271842292121053225e-14
2.272518021588049082e-14
2.273183320280115618e-14
2.273853491265822127e-14
2.274520430637969140e-14
2.275196231893815950e-14
2.275871033573215613e-14
2.276563052192697086e-14
2.277231586065621235e-14
2.277910163767821454e-14
2.278599140548497103e-14
2.279295218701303511e-14
2.279982160849616634e-14
2.280673790770694690e-14
2.281355596644990329e-14
2.282056097044215262e-14
2.282746362776409339e-14
2.283447293265450741e-14
2.284143370380193821e-14
2.284834928349717100e-14
2.285524075899355081e-14
2.286237636132720288e-14
2.286938688522648869e-14
2.287647983424254499e-14
2.288344664750205196e-14
2.289042002037241898e-14
2.289744945336066643e-14
2.290457120792149148e-14
2.291156066225282599e-14
2.291870473953224156e-14
2.292561687371554921e-14
2.293275278717580346e-14
2.293989428672063553e-14
2.294696002150199515e-14
2.295393191824191450e-14
2.296097795675252608e-14
2.296798880470896133e-14
2.297519614885036992e-14
2.298222740880287044e-14
2.298926269330575660e-14
2.299626976973234037e-14
2.300334314959823847e-14
2.301034106694707487e-14
2.301752381654042866e-14
2.302455585114535772e-14
2.303155147317680344e-14
2.303850500845535812e-14
2.304553288985615738e-14
2.305255812008889236e-14
2.305961655774787904e-14
2.306649495107682169e-14
2.307348610505420348e-14
2.308039052311876812e-14
2.308744851226780427e-14
2.309440792040524818e-14
2.310127013076417977e-14
2.310810679064321243e-14
2.311514022518492507e-14
2.312199805424207603e-14
2.312893900254168467e-14
2.313570499275578294e-14
2.314247522631774933e-14
2.314932732444790298e-14
2.315620616610251510e-14
2.316299836378027096e-14
2.316989532352754036e-14
2.317648259304955265e-14
2.318319394120971309e-14
2.318997156635424514e-14
2.319674466197888034e-14
2.320342567620894594e-14
2.321010650976348789e-14
2.321659426715350948e-14
2.322337819791425042e-14
2.322999146465244047e-14
2.323663421074404641e-14
2.324321944662470711e-14
2.324968640947982195e-14
2.325619919183610025e-14
2.326286037059697940e-14
2.326927259135234570e-14
2.327578430160010470e-14
2.328210450928588621e-14
2.328853668646436109e-14
2.329506117167229371e-14
2.330142334681136119e-14
2.330774985760928303e-14
2.331419702598468597e-14
2.332036111111350710e-14
2.332672479539942596e-14
2.333302312211467900e-14
2.333932169252214181e-14
2.334550361969425146e-14
2.335165971156558809e-14
2.335780661689501648e-14
2.336411995001621179e-14
2.337025171997587461e-14
2.337639905192523432e-14
2.338245336863724804e-14
2.338848363433512387e-14
2.339458899701951544e-14
2.340071874220934062e-14
2.340667920127042232e-14
2.341273811033073056e-14
2.341858661971636506e-14
2.342463278791254158e-14
2.343066309954029429e-14
2.343657167852183028e-14
2.344239141794752358e-14
2.344830283669967724e-14
2.345408455032016892e-14
2.345997382344512929e-14
2.346585336519747818e-14
2.347168906273095319e-14
2.347744973637249231e-14
2.348323851556584009e-14
2.348890876710033538e-14
2.349476326919142250e-14
2.350046504338724166e-14
2.350613652435605563e-14
2.351180402069503303e-14
2.351750258346599801e-14
2.352316695251731170e-14
2.352889306903510069e-14
2.353440288378059799e-14
2.354002608091694189e-14
2.354559856678656889e-14
2.355123114457919289e-14
2.355685189897613884e-14
2.356238191250444222e-14
2.356781633995613885e-14
2.357344113096517577e-14
2.357897061652236480e-14
2.358459841545315501e-14
2.359008118727731907e-14
2.359551894449143386e-14
2.360097273119040224e-14
2.360652378194102161e-14
2.361202180974117505e-14
2.361757318154687057e-14
2.362291504233318569e-14
2.362835031857486578e-14
2.363381573077959525e-14
2.363933190123625976e-14
2.364477562241028799e-14
2.365023913604347766e-14
2.365559347496158489e-14
2.366108051408390747e-14
2.366652186673119855e-14
2.367195170235442213e-14
2.367735719908797183e-14
2.368277057051411126e-14
2.368817327942555022e-14
2.369368074329128975e-14
2.369908897396777875e-14
2.370456805195182381e-14
2.370993040152097808e-14
2.371533267603093141e-14
2.372076124478552123e-14
2.372630977571783465e-14
2.373173511179413341e-14
2.373718660444790710e-14
2.374256812254280153e-14
2.374808614529166989e-14
2.375360961102148486e-14
2.375914952386424739e-14
2.376456861930022889e-14
2.377009892506759556e-14
2.377556844716552672e-14
2.378112710954119975e-14
2.378668598505024562e-14
2.379220133422815414e-14
2.379773841462678155e-14
2.380337017019755055e-14
2.380891388924466240e-14
2.381461206588910331e-14
2.382016381794374433e-14
2.382581436774178677e-14
2.383146669601197887e-14
2.383711932387774717e-14
2.384280032734917962e-14
2.384858553865213932e-14
2.385417499330301577e-14
2.385995258995872309e-14
2.386571534097817653e-14
2.387155377917700790e-14
2.387740759263496862e-14
2.388313335644926983e-14
2.388889287993920429e-14
2.389488988758732381e-14
2.390070229666695304e-14
2.390671686215051081e-14
2.391264501434384154e-14
2.391855126382267745e-14
2.392458498425658797e-14
2.393065673389650156e-14
2.393662615588516752e-14
2.394277437640330146e-14
2.394875362072113743e-14
2.395490371038013682e-14
2.396109406161622599e-14
2.396724099517947527e-14
2.397345024629702049e-14
2.397970447195676033e-14
2.398587376780614657e-14
2.399228991130317931e-14
2.399856852295979749e-14
2.400493844074775121e-14
2.401127754636044072e-14
2.401762610179267976e-14
2.402412671609232381e-14
2.403074343419964918e-14
2.403715168393400773e-14
2.404372819559177766e-14
2.405028388359890502e-14
2.405693583548782916e-14
2.406362917876479869e-14
2.407028454551822510e-14
2.407690687865337180e-14
2.408373583653044410e-14
2.409042477959240249e-14
2.409734719098161345e-14
2.410429421497023814e-14
2.411116174262483999e-14
2.411799286483990535e-14
2.412497560909145411e-14
2.413194718193146924e-14
2.413912690010472721e-14
2.414612232502541391e-14
2.415321855065276614e-14
2.416036682809455061e-14
2.416764138111379403e-14
2.417485544715079629e-14
2.418218016641973387e-14
2.418937514239728943e-14
2.419675949893276906e-14
2.420414762767334617e-14
2.421160780137033599e-14
2.421912459902069836e-14
2.422658890367748030e-14
2.423399150720838267e-14
2.424170635234434305e-14
2.424927587989870575e-14
2.425699829063619881e-14
2.426464639542980556e-14
2.427228677089414585e-14
2.428007325924237594e-14
2.428799119953158568e-14
2.429575386422844168e-14
2.430372992411902007e-14
2.431143763217859175e-14
2.431939075479105678e-14
2.432746699961769652e-14
2.433553372204550663e-14
2.434367043219201779e-14
2.435182316753073913e-14
2.435983398987825957e-14
2.436819001449956524e-14
2.437641656170200609e-14
2.438468954795721542e-14
2.439296606291724546e-14
2.440123551738544408e-14
2.440956780161243402e-14
2.441816373880886508e-14
2.442653839200146615e-14
2.443506163744677635e-14
2.444345836775812840e-14
2.445206309888751070e-14
2.446075828990222367e-14
2.446946075703928955e-14
2.447801508341672482e-14
2.448667165969301760e-14
2.449529643162021235e-14
2.450422198456950841e-14
2.451313020554660327e-14
2.452200987876820029e-14
2.453080358046151943e-14
2.453962005225522333e-14
2.454848210908964238e-14
2.455764331863580372e-14
2.456662376997268030e-14
2.457564154812635283e-14
2.458456143385248921e-14
2.459372415559337017e-14
2.460292561053279272e-14
2.461220756545916879e-14
2.462128276427501030e-14
2.463044825580853552e-14
2.463969543625620266e-14
2.464910014216047437e-14
2.465840458362802422e-14
2.466781717332274907e-14
2.467699067620314713e-14
2.468640780410320629e-14
2.469582238186285656e-14
2.470541107696699612e-14
2.471491821779042664e-14
2.472435289544314793e-14
2.473373493547476448e-14
2.474344760100129938e-14
2.475307444019439476e-14
2.476275579683944382e-14
2.477228503402654976e-14
2.478185556111878773e-14
2.479147208674289048e-14
2.480131469653425541e-14
2.481104398384367923e-14
2.482086165161577615e-14
2.483041306503641121e-14
2.484018799560831254e-14
2.485006379031435067e-14
2.485994371489933103e-14
2.486974322143959336e-14
2.487958508589472776e-14
2.488930395375854282e-14
2.489939486296315563e-14
2.490933512415575187e-14
2.491925518334591669e-14
2.492917129513802475e-14
2.493911410980697435e-14
2.494896604823107914e-14
2.495914551502832812e-14
2.496916738885517655e-14
2.497917209458395121e-14
2.498902907814173783e-14
2.499906383510164285e-14
2.500921221305140270e-14
2.501939836040148420e-14
2.502935348989899080e-14
2.503947489059870885e-14
2.504951598482725126e-14
2.505968171056389501e-14
2.506982800833112859e-14
2.508002718043243494e-14
2.509000737849594094e-14
2.510023802178934456e-14
2.511029091050198638e-14
2.512064425611164969e-14
2.513084310117023312e-14
2.514094464784680357e-14
2.515108027447424393e-14
2.516127781454045194e-14
2.517141138934514593e-14
2.518186581039584081e-14
2.519204702275883448e-14
2.520221141507613720e-14
2.521239674029949403e-14
2.522263334373089989e-14
2.523290632349455985e-14
2.524320464501765590e-14
2.525323650983655981e-14
2.526362289398792890e-14
2.527379038108767664e-14
2.528408788062619128e-14
2.529436764616892195e-14
2.530458693590356623e-14
2.531476646332648602e-14
2.532515823892864666e-14
2.533529588560370546e-14
2.534572117740456339e-14
2.535584729120841196e-14
2.536593568849427096e-14
2.537629355474771969e-14
2.538654806610881841e-14
2.539672705243288031e-14
2.540715645789624041e-14
2.541718899234656471e-14
2.542755113430860935e-14
2.543778197542981500e-14
2.544797869329722800e-14
2.545829401015877151e-14
2.546844512534601255e-14
2.547851022877459677e-14
2.548893735959819455e-14
2.549905388006788479e-14
2.550935076874315379e-14
2.551961412294740344e-14
2.552974427353232014e-14
2.553995865004448586e-14
2.555026966685063632e-14
2.556033615288569246e-14
2.557068259711861487e-14
2.558069792266343472e-14
2.559086424093416938e-14
2.560112569203680131e-14
2.561137643096725461e-14
2.562152066064292454e-14
2.563172545500876869e-14
2.564175199142146132e-14
2.565206122208831789e-14
2.566219556011428738e-14
2.567235061702352903e-14
2.568249210293994907e-14
2.569260747411983363e-14
2.570265467617732402e-14
2.571300179439611592e-14
2.572304474788239353e-14
2.573317849370871443e-14
2.574326638844908346e-14
2.575338954223554292e-14
2.576347801907184900e-14
2.577362612133393597e-14
2.578363048602371461e-14
2.579382776362830746e-14
2.580380114652224667e-14
2.581395569573220913e-14
2.582411857871036141e-14
2.583422460424211402e-14
2.584420971260197367e-14
2.585442119707069513e-14
2.586440748662788450e-14
2.587464205769682429e-14
2.588474632568182734e-14
2.589470021405647587e-14
2.590470746760797661e-14
2.591486773835042341e-14
2.592492710813546367e-14
2.593514855643670312e-14
2.594505044276096005e-14
2.595514859658629592e-14
2.596528304194920824e-14
2.597543346861267479e-14
2.598548167429843923e-14
2.599557041279500718e-14
2.600554239320001791e-14
2.601574960816116131e-14
2.602575192320858619e-14
2.603586574726163341e-14
2.604593369410783708e-14
2.605599959457722720e-14
2.606604638437092826e-14
2.607626629637986788e-14
2.608629082145975986e-14
2.609639111993278296e-14
2.610640709433787065e-14
2.611658142622179665e-14
2.612676984085446175e-14
2.613695819023954209e-14
2.614700576237142674e-14
2.615717211408703649e-14
2.616712575645024627e-14
2.617740282392905350e-14
2.618760078078455968e-14
2.619778273921611186e-14
2.620781835611599072e-14
2.621802822225043645e-14
2.622824886381650153e-14
2.623862658896141725e-14
2.624881973462071929e-14
2.625898318139193243e-14
2.626914417081775447e-14
2.627942795084925285e-14
2.628968050193426008e-14
2.630012586316889687e-14
2.631029654809234403e-14
2.632056158088123808e-14
2.633084678934401845e-14
2.634128626628397446e-14
2.635164220868625509e-14
2.636205270865087311e-14
2.637217917270479526e-14
2.638264968342469104e-14
2.639309493416170965e-14
2.640358179985368076e-14
2.641402126942336613e-14
2.642436690807836998e-14
2.643478364704707839e-14
2.644546770706720506e-14
2.645589374580217231e-14
2.646654640866248788e-14
2.647698753159640123e-14
2.648744002577488104e-14
2.649804132695967792e-14
2.650877394652141086e-14
2.651943891743192038e-14
2.653018594775674270e-14
2.654058300991192259e-14
2.655131447041445126e-14
2.656216417347677757e-14
2.657297705587269343e-14
2.658376250160866077e-14
2.659449655566519510e-14
2.660507028772528702e-14
2.661618423347009357e-14
2.662704560690057443e-14
2.663794295462679245e-14
2.664883652032769912e-14
2.665968243165100907e-14
2.667068828226595939e-14
2.668196174397276019e-14
2.669284684684622682e-14
2.670397757831333901e-14
2.671492201293542033e-14
2.672604549877505255e-14
2.673722160928315414e-14
2.674843743458489597e-14
2.675960124024624153e-14
2.677088955843112913e-14
2.678200697228196995e-14
2.679344164234275979e-14
2.680491220145893114e-14
2.681631011432644736e-14
2.682752828546796828e-14
2.683887310940925840e-14
2.685031082222875423e-14
2.686209929373852318e-14
2.687352332251089997e-14
2.688508168525812862e-14
2.689662806179425677e-14
2.690823279679428238e-14
2.691998934961507764e-14
2.693189583168539149e-14
2.694340230250001650e-14
2.695513969634904807e-14
2.696686622548949392e-14
2.697875065352604881e-14
2.699067915123940418e-14
2.700261018870638521e-14
2.701438288785730671e-14
2.702648492717865122e-14
2.703837397816274618e-14
2.705053295119232780e-14
2.706265140394666422e-14
2.707465863123036495e-14
2.708674924956110101e-14
2.709904398435606579e-14
2.711123483391815939e-14
2.712369575439877451e-14
2.713577511625402322e-14
2.714809018255459953e-14
2.716055996772994203e-14
2.717302568458367993e-14
2.718551662902908878e-14
2.719808973361928615e-14
2.721037787097512812e-14
2.722300997535456594e-14
2.723554637044338207e-14
2.724829592354334998e-14
2.726106189402815899e-14
2.727361504264813913e-14
2.728621902769780140e-14
2.729921681750269679e-14
2.731196695487145285e-14
2.732494989158411240e-14
2.733767197311808434e-14
2.735053696283904675e-14
2.736349446512064920e-14
2.737663076188118709e-14
2.738961219665478579e-14
2.740273048115109260e-14
2.741567235199140008e-14
2.742893757075292671e-14
2.744214646914500521e-14
2.745535321745136804e-14
2.746851739379465029e-14
2.748182932034616364e-14
2.749498820862210084e-14
2.750844847683794830e-14
2.752177559319135543e-14
2.753523980210624655e-14
2.754864121107458956e-14
2.756203930122213192e-14
2.757546870761897898e-14
2.758928816595180823e-14
2.760276804426417876e-14
2.761629030723909458e-14
2.762982620345039974e-14
2.764366547788810479e-14
2.765737635027676991e-14
2.767129942100178069e-14
2.768497736287603712e-14
2.769873421400967307e-14
2.771247894069453643e-14
2.772637395851155694e-14
2.774031548281066755e-14
2.775426398075949394e-14
2.776802482816592546e-14
2.778216733104808263e-14
2.779611485447926845e-14
2.781021420139526732e-14
2.782419885931664115e-14
2.783824444226905910e-14
2.785230576971101100e-14
2.786654016123159822e-14
2.788053242284451786e-14
2.789487128754551311e-14
2.790893701617766600e-14
2.792317971801100193e-14
2.793749123191852952e-14
2.795175847171505689e-14
2.796610243823232457e-14
2.798051149485371490e-14
2.799458039847846849e-14
2.800913715061056682e-14
2.802343322800637700e-14
2.803780367735864508e-14
2.805227472267956023e-14
2.806676233453946981e-14
2.808117302424353421e-14
2.809588660090517420e-14
2.811022818980036253e-14
2.812484120776392511e-14
2.813928690308117346e-14
2.815372619704236792e-14
2.816840728111268931e-14
2.818308908015656242e-14
2.819744086071809294e-14
2.821219378591895898e-14
2.822674249455063363e-14
2.824152862272852222e-14
2.825624106133569220e-14
2.827083502899754257e-14
2.828545915556095551e-14
2.830037261793262189e-14
2.831496763548790801e-14
2.832979360833224247e-14
2.834438471873859409e-14
2.835914082017590830e-14
2.837386792833388404e-14
2.838860610692127422e-14
2.840337870627575917e-14
2.841838419800056355e-14
2.843287939279829706e-14
2.844764326458477076e-14
2.846246818007395723e-14
2.847729729453264447e-14
2.849216104824080321e-14
2.850696962854522799e-14
2.852153511447225845e-14
2.853660245259124581e-14
2.855134302637942038e-14
2.856628345342901129e-14
2.858123337483191836e-14
2.859595968643019554e-14
2.861067272898687011e-14
2.862569270549610381e-14
2.864036548692358803e-14
2.865538647059714901e-14
2.867006409448667987e-14
2.868478294350512764e-14
2.869976899677673714e-14
2.871471232165002122e-14
2.872952291856836117e-14
2.874446778539789696e-14
2.875890045070737107e-14
2.877386405560172356e-14
2.878878614603433515e-14
2.880363459148466598e-14
2.881847073546085465e-14
2.883314248271237922e-14
2.884774563910889663e-14
2.886288875127847388e-14
2.887756691091446980e-14
2.889247971676485512e-14
2.890721421322443566e-14
2.892187350345825744e-14
2.893671659210795663e-14
2.895162067984577212e-14
2.896630170449200931e-14
2.898132690219591511e-14
2.899576245702702187e-14
2.901051448192624343e-14
2.902546939968577342e-14
2.904019434754561377e-14
2.905483680947897787e-14
2.906951790352748094e-14
2.908404211197005742e-14
2.909903552380350906e-14
2.911372311352311780e-14
2.912838131674812521e-14
2.914287898963075959e-14
2.915750274079283408e-14
2.917218097126092205e-14
2.918705101148985439e-14
2.920150668855305524e-14
2.921611129511318687e-14
2.923050900420485773e-14
2.924507110715577220e-14
2.925983132104053768e-14
2.927459007573847701e-14
2.928898364461038775e-14
2.930359519583455726e-14
2.931794038310248582e-14
2.933259568258096296e-14
2.934713485505462229e-14
2.936167104673491843e-14
2.937608975199327687e-14
2.939058555783667538e-14
2.940502592228498652e-14
2.941971394266685496e-14
2.943409766152903135e-14
2.944843589435169683e-14
2.946275016604137935e-14
2.947732375631918767e-14
2.949175461473683876e-14
2.950625537462465209e-14
2.952042893574640376e-14
2.953480592751082745e-14
2.954918328512347455e-14
2.956362343830931955e-14
2.957803840093110672e-14
2.959243228624422604e-14
2.960643788197124697e-14
2.962081555281638883e-14
2.963509488080536390e-14
2.964956195584625781e-14
2.966384964420481586e-14
2.967793439040488822e-14
2.969207437011715660e-14
2.970659831668012057e-14
2.972083984721420753e-14
2.973509177509689326e-14
2.974911394348985559e-14
2.976329952249594010e-14
2.977749972129830969e-14
2.979181150992360252e-14
2.980593893850841896e-14
2.982020001268781918e-14
2.983415893084811206e-14
2.984840213968409043e-14
2.986262385462356838e-14
2.987696052836758582e-14
2.989105651810208748e-14
2.990515592862480258e-14
2.991918262470650103e-14
2.993348792693243546e-14
2.994762621712912942e-14
2.996168799364294063e-14
2.997561927278864567e-14
2.998976390635183396e-14
3.000392496510548740e-14
3.001827919220364516e-14
3.003232643564772510e-14
3.004637811426930820e-14
3.006031713093186388e-14
3.007449295731369233e-14
3.008866760501152715e-14
3.010284809887461182e-14
3.011664419331354580e-14
3.013077583131017259e-14
3.014480372635188078e-14
3.015901723734961790e-14
3.017322275062454546e-14
3.018728155321542923e-14
3.020109771775086096e-14
3.021531826205413384e-14
3.022923399466875811e-14
3.024347047474362323e-14
3.025760781726794140e-14
3.027161595105123069e-14
3.028575615954679941e-14
3.029991882005912644e-14
3.031394969663600475e-14
3.032826756379580749e-14
3.034212276863523394e-14
3.035625409047544355e-14
3.037042456224372250e-14
3.038460988429019374e-14
3.039875639766759549e-14
3.041283126659911629e-14
3.042672520850760511e-14
3.044121112361482936e-14
3.045535925252215680e-14
3.046954578513012482e-14
3.048369137019996943e-14
3.049775157462570555e-14
3.051186041463533276e-14
3.052627940744785473e-14
3.054047844041597336e-14
3.055489109104787983e-14
3.056884846752564311e-14
3.058297726324279687e-14
3.059734727498263776e-14
3.061162150365603893e-14
3.062580332841618285e-14
3.064024117644062812e-14
3.065435924512037460e-14
3.066879806674766578e-14
3.068311945187712293e-14
3.069743377332402404e-14
3.071174145898126000e-14
3.072608643215241462e-14
3.074040020778814041e-14
3.075506766185680290e-14
3.076926705020342088e-14
3.078367291529215129e-14
3.079809666623935084e-14
3.081253759290304835e-14
3.082695092801840463e-14
3.084157105672875372e-14
3.085590737460207310e-14
3.087043883841570400e-14
3.088481928971198860e-14
3.089940172932904385e-14
3.091410944725872200e-14
3.092871896711050583e-14
3.094305793375793330e-14
3.095772142102217896e-14
3.097227374970489857e-14
3.098707641908667743e-14
3.100170101249326300e-14
3.101625424560355894e-14
3.103090061184899066e-14
3.104566050271015332e-14
3.106026665796070773e-14
3.107517971456473127e-14
3.108969412262530520e-14
3.110448850618838441e-14
3.111928560620862568e-14
3.113418440689915007e-14
3.114901618504714050e-14
3.116389718945993036e-14
3.117855376318213973e-14
3.119361654768581466e-14
3.120846416060326316e-14
3.122336581225099559e-14
3.123825901693365573e-14
3.125316375373532513e-14
3.126798659136736111e-14
3.128318723919933845e-14
3.129808639558660129e-14
3.131321409536831355e-14
3.132810909293795342e-14
3.134302637161588205e-14
3.135823055889666270e-14
3.137343508995196286e-14
3.138831893980914201e-14
3.140345368250099244e-14
3.141829826208709292e-14
3.143361860286238814e-14
3.144887920977478267e-14
3.146406225286261680e-14
3.147910967315313355e-14
3.149431276936934503e-14
3.150937977387072519e-14
3.152480351591701448e-14
3.154000024804864418e-14
3.155527146418665781e-14
3.157049039028757441e-14
3.158567505753811680e-14
3.160100325659106535e-14
3.161657561822542574e-14
3.163170758010364237e-14
3.164705067922409264e-14
3.166230585025865872e-14
3.167782302303183339e-14
3.169320843578074117e-14
3.170861993124543360e-14
3.172383966842626751e-14
3.173928566280961791e-14
3.175456403750019671e-14
3.177016200666758091e-14
3.178569016976625811e-14
3.180100902352727380e-14
3.181625308595611725e-14
3.183188307723324107e-14
3.184731786387647330e-14
3.186292967488956865e-14
3.187827564319797918e-14
3.189362474580304156e-14
3.190905435961138158e-14
3.192471504493845338e-14
3.194015460006429345e-14
3.195579935098375139e-14
3.197102270560941684e-14
3.198640135575485135e-14
3.200203637882578874e-14
3.201764230315246856e-14
3.203310537933827470e-14
3.204863035155047951e-14
3.206386524284693844e-14
3.207971566315276599e-14
3.209521541217187780e-14
3.211073414723645961e-14
3.212621521723905083e-14
3.214162052446934604e-14
3.215700081072117108e-14
3.217274134245961032e-14
3.218817990697684596e-14
3.220379415145232869e-14
3.221905226684897004e-14
3.223444488778573523e-14
3.225007517111705753e-14
3.226567119405916518e-14
3.228106265854090740e-14
3.229661914142096406e-14
3.231182273892105288e-14
3.232737734692190263e-14
3.234291225439963070e-14
3.235831500273258352e-14
3.237360317668447751e-14
3.238901969132477468e-14
3.240418775847269241e-14
3.241989545171848036e-14
3.243520815199202356e-14
3.245044018252206046e-14
3.246572627689398855e-14
3.248102268179190988e-14
3.249633522346785846e-14
3.251182480818974383e-14
3.252692782568064633e-14
3.254213971401251964e-14
3.255721726527345452e-14
3.257254078385932883e-14
3.258786205805843641e-14
3.260312479924179134e-14
3.261808111028261168e-14
3.263329281732824101e-14
3.264819394532405241e-14
3.266344037934393164e-14
3.267861922518238566e-14
3.269362801141978464e-14
3.270859834411686010e-14
3.272366193216156110e-14
3.273853348362725825e-14
3.275373785685262012e-14
3.276855254535091993e-14
3.278334087631752609e-14
3.279817877904232230e-14
3.281304016880138698e-14
3.282781840204384288e-14
3.284283410074943650e-14
3.285729900286754593e-14
3.287210632469927821e-14
3.288686652561948074e-14
3.290157441367307156e-14
3.291630690583833351e-14
3.293077616598283838e-14
3.294517602295952386e-14
3.295995289727099382e-14
3.297434848080929255e-14
3.298906562326556332e-14
3.300350737553775564e-14
3.301778962782799112e-14
3.303211618627491510e-14
3.304661449595541780e-14
3.306089246939041113e-14
3.307534225355132592e-14
3.308930193485685758e-14
3.310346102959088640e-14
3.311772538792399211e-14
3.313190647810614440e-14
3.314607914195475803e-14
3.316020290849535569e-14
3.317389326072303377e-14
3.318803820053666042e-14
3.320200226879941121e-14
3.321599915244681176e-14
3.322982276312977207e-14
3.324355102479707598e-14
3.325730081875359830e-14
3.327118820623532749e-14
3.328488297715251433e-14
3.329874373079966960e-14
3.331224385101270533e-14
3.332578547302403669e-14
3.333940597636892636e-14
3.335304631176206299e-14
3.336643084644248775e-14
3.337987752724312088e-14
3.339310938719448926e-14
3.340662150051383778e-14
3.342003600880696083e-14
3.343332743105429500e-14
3.344643941230522287e-14
3.345966887722789213e-14
3.347269555582764740e-14
3.348600445941053256e-14
3.349907221379940403e-14
3.351203358235059458e-14
3.352489527620742278e-14
3.353789148630414966e-14
3.355083725147816638e-14
3.356390848549194333e-14
3.357662637274372186e-14
3.358940638367291262e-14
3.360213247921676006e-14
3.361487244055367448e-14
3.362742888744166573e-14
3.364017792178615963e-14
3.365264748232438529e-14
3.366519981775566516e-14
3.367764813247801446e-14
3.369020613694259950e-14
3.370260479597859748e-14
3.371488258355694584e-14
3.372714221651970860e-14
3.373965039437418780e-14
3.375184867255578136e-14
3.376403157538411868e-14
3.377610815976498496e-14
3.378828466214368535e-14
3.380044883929077602e-14
3.381255210825423147e-14
3.382448137353635052e-14
3.383665562166133818e-14
3.384841006647632213e-14
3.386031069480279941e-14
3.387223266129438554e-14
3.388411723038140652e-14
3.389588592365063547e-14
3.390762557426357934e-14
3.391923897310509409e-14
3.393108236097388459e-14
3.394271103192388453e-14
3.395427432636261466e-14
3.396577216873383576e-14
3.397739548850306178e-14
3.398884742317197633e-14
3.400044297324067945e-14
3.401172785056637823e-14
3.402310737200935224e-14
3.403450294996638803e-14
3.404590807963660237e-14
3.405724318262385532e-14
3.406850915452038010e-14
3.407956796236285346e-14
3.409084358289981417e-14
3.410197928866537647e-14
3.411318644462013734e-14
3.412429214986746760e-14
3.413530190195813300e-14
3.414621079069306223e-14
3.415733705895066307e-14
3.416827164570190856e-14
3.417935986219238105e-14
3.419020374966722712e-14
3.420099991443977249e-14
3.421189570527995610e-14
3.422285147539588834e-14
3.423365881988498766e-14
3.424453574429136712e-14
3.425502441472859815e-14
3.426581374548012350e-14
3.427665128962603133e-14
3.428733424229940823e-14
3.429797327750680360e-14
3.430862131252214442e-14
3.431901966170724858e-14
3.432975709105288483e-14
3.434028802747749626e-14
3.435083462431423420e-14
3.436134004444799847e-14
3.437175598119896027e-14
3.438221184564128346e-14
3.439280096117239216e-14
3.440313037360503134e-14
3.441360840537246679e-14
3.442379642028373871e-14
3.443410674699164299e-14
3.444459301104425080e-14
3.445494578543348802e-14
3.446513243288193407e-14
3.447543910079884407e-14
3.448550875284631347e-14
3.449587760862302791e-14
3.450618362770970042e-14
3.451631301571061501e-14
3.452643492871225906e-14
3.453655999600392536e-14
3.454662190062669095e-14
3.455694179035827211e-14
3.456693178940058865e-14
3.457700430880559596e-14
3.458706516932961087e-14
3.459711252051038805e-14
3.460717602708263691e-14
3.461728307220581933e-14
3.462713922960597876e-14
3.463716724161130524e-14
3.464694802914583860e-14
3.465699074210711985e-14
3.466705514691174899e-14
3.467695541947155093e-14
3.468675170896762201e-14
3.469664456111633724e-14
3.470645629265537227e-14
3.471647516822882240e-14
3.472632093929712222e-14
3.473607343843813015e-14
3.474579022554455076e-14
3.475562801319386889e-14
3.476539260540665326e-14
3.477531494609120422e-14
3.478493629954505035e-14
3.479465360076316694e-14
3.480441719627071426e-14
3.481417690253054055e-14
3.482391359976757558e-14
3.483364050093437661e-14
3.484312835932806537e-14
3.485281922067205737e-14
3.486242984750866879e-14
3.487213189959492798e-14
3.488179244371435898e-14
3.489128602992858022e-14
3.490075245429895442e-14
3.491050929825305124e-14
3.492002770103101831e-14
3.492963849862330638e-14
3.493903245411350220e-14
3.494842425598471223e-14
3.495793477570107999e-14
3.496749452347749897e-14
3.497694198428410594e-14
3.498648170655172034e-14
3.499575587883356154e-14
3.500525347524944488e-14
3.501471308552769114e-14
3.502405853790967959e-14
3.503341624549204361e-14
3.504276824005305719e-14
3.505194149636896190e-14
3.506139934650677230e-14
3.507072457339481835e-14
3.508005721502593502e-14
3.508926736478371999e-14
3.509846017896946323e-14
3.510768108655532917e-14
3.511702928645717158e-14
3.512619102323349545e-14
3.513536780192739232e-14
3.514436897719813149e-14
3.515358218173884111e-14
3.516279502450366713e-14
3.517191051183786440e-14
3.518092806759936992e-14
3.519003898302156009e-14
3.519900660513713778e-14
3.520807046268266283e-14
3.521704456428512005e-14
3.522607522234821956e-14
3.523494389996141038e-14
3.524387667713528564e-14
3.525274915717873534e-14
3.526174913095900724e-14
3.527060375177823543e-14
3.527938171985533539e-14
3.528812743793919539e-14
3.529698465045109301e-14
3.530575454624258512e-14
3.531457071737966334e-14
3.532317984354797119e-14
3.533185731948184409e-14
3.534048471706436957e-14
3.534913789343367598e-14
3.535776698851694781e-14
3.536644857441098723e-14
3.537491353794951752e-14
3.538347814996192954e-14
3.539195141591840852e-14
3.540045452966253591e-14
3.540891718228286882e-14
3.541735580025777299e-14
3.542568373557636261e-14
3.543412482453024430e-14
3.544235699174538163e-14
3.545072201079679127e-14
3.545892388546371297e-14
3.546711172133468506e-14
3.547535909339033960e-14
3.548354135088594018e-14
3.549164582592194010e-14
3.549980364097205102e-14
3.550773089826001883e-14
3.551580425052607497e-14
3.552385156283024725e-14
3.553184267933944323e-14
3.553972940316447831e-14
3.554763563549129421e-14
3.555538503290238474e-14
3.556326153856450516e-14
3.557097759385044513e-14
3.557874152817028692e-14
3.558643426640385088e-14
3.559411198372334547e-14
3.560172893585852025e-14
3.560937573156995586e-14
3.561685479892983962e-14
3.562437700419001084e-14
3.563180857091578835e-14
3.563929109488062556e-14
3.564670094339907130e-14
3.565404573459591033e-14
3.566129588499722225e-14
3.566866380347638553e-14
3.567583362438528554e-14
3.568308699719512491e-14
3.569024705530278160e-14
3.569730439736678986e-14
3.570430728481903398e-14
3.571135920425220156e-14
3.571829924723801491e-14
3.572531740282310614e-14
3.573216383832797273e-14
3.573902846523817125e-14
3.574582757442420109e-14
3.575259677045855872e-14
3.575929187435922660e-14
3.576604098534336344e-14
3.577256937824437104e-14
3.577915909932632851e-14
3.578568782067656647e-14
3.579219943918965032e-14
3.579869163445736075e-14
3.580509143179618849e-14
3.581135654554936473e-14
3.581777681355863377e-14
3.582399722803246774e-14
3.583024403210796796e-14
3.583641010409368447e-14
3.584248950624433110e-14
3.584859323438978613e-14
3.585464895038869774e-14
3.586058794822195917e-14
3.586661307641064530e-14
3.587241623995492442e-14
3.587825853288188285e-14
3.588412250738119494e-14
3.588989465978481359e-14
3.589556908519771596e-14
3.590124083207108433e-14
3.590679550834046349e-14
3.591246069746055308e-14
3.591797953897058782e-14
3.592347556751538213e-14
3.592891392409332783e-14
3.593426795846703463e-14
3.593957676585296603e-14
3.594498156324409452e-14
3.595019597849020250e-14
3.595539376387341591e-14
3.596049580895768405e-14
3.596560999609071960e-14
3.597070409322355839e-14
3.597575502469803190e-14
3.598069348542779521e-14
3.598565184888302835e-14
3.599047319190644792e-14
3.599535336319254694e-14
3.600018613086892797e-14
3.600494941825010452e-14
3.600958973817809488e-14
3.601426068711166219e-14
3.601889012899966463e-14
3.602354417698122185e-14
3.602805549917272351e-14
3.603251600475690734e-14
3.603693295809731827e-14
3.604136831916555246e-14
3.604574469870240054e-14
3.605010163933319393e-14
3.605433144376511754e-14
3.605852804255226142e-14
3.606269041447861560e-14
3.606691420813779898e-14
3.607105118704117174e-14
3.607512720129030137e-14
3.607906135629872886e-14
3.608307493120954733e-14
3.608701961054142925e-14
3.609096420303434782e-14
3.609484713048370793e-14
3.609863898544890306e-14
3.610239596870052030e-14
3.610620137774270550e-14
3.610991156915509092e-14
3.611359508051999171e-14
3.611721209230460688e-14
3.612079871382158753e-14
3.612437050014463334e-14
3.612795134492647366e-14
3.613142599326213254e-14
3.613490011588700654e-14
3.613825368046432037e-14
3.614166434970515817e-14
3.614505503436421655e-14
3.614838888653931836e-14
3.615165994744722267e-14
3.615488525954909671e-14
3.615804179981482576e-14
3.616128714305778191e-14
3.616444411031744123e-14
3.616755353466668884e-14
3.617061189037741701e-14
3.617365011859169197e-14
3.617669171407710555e-14
3.617972618175425527e-14
3.618267927104846143e-14
3.618562016597107876e-14
3.618847977347210731e-14
3.619135589945699273e-14
3.619420511451912872e-14
3.619702368717568622e-14
3.619978107033383618e-14
3.620255188529260133e-14
3.620523943160050244e-14
3.620796195774054973e-14
3.621065672032412045e-14
3.621329549860797703e-14
3.621587998159386142e-14
3.621848289344600580e-14
3.622104338633297609e-14
3.622362679766617658e-14
3.622612218301173353e-14
3.622859453430018142e-14
3.623106307715585837e-14
3.623351274652713853e-14
3.623592844403324365e-14
3.623836493364228571e-14
3.624070311995469889e-14
3.624304885366554369e-14
3.624537287923641754e-14
3.624767791278163728e-14
3.624996666271337844e-14
3.625223075904163424e-14
3.625443879479161145e-14
3.625667402304767653e-14
3.625885966293648909e-14
3.626105167237765507e-14
3.626321326488082800e-14
3.626532852895782621e-14
3.626741962325024618e-14
3.626953411283489152e-14
3.627159880115028125e-14
3.627368148525924682e-14
3.627568362659284699e-14
3.627768876662095755e-14
3.627970747881547177e-14
3.628169380932909647e-14
3.628365736016792845e-14
3.628562047198327564e-14
3.628751167814094115e-14
3.628944199546496043e-14
3.629133291596944679e-14
3.629320244500666676e-14
3.629506887485875852e-14
3.629690574339533222e-14
3.629871881002979617e-14
3.630056227444842640e-14
3.630235183121934701e-14
3.630414053072212149e-14
3.630588676439357753e-14
3.630762852036104245e-14
3.630936531834038124e-14
3.631110736604475847e-14
3.631279719790542286e-14
3.631448961378370173e-14
3.631614612421878056e-14
3.631781899075564663e-14
3.631947855737393502e-14
3.632111334034466441e-14
3.632273017423878554e-14
3.632434249303198614e-14
3.632591539853958975e-14
3.632750941652700379e-14
3.632906968096524245e-14
3.633062696454346233e-14
3.633216527825483431e-14
3.633368903577189479e-14
3.633519554340406423e-14
3.633671897682003888e-14
3.633819468407080908e-14
3.633967556705976362e-14
3.634113507032928829e-14
3.634259209614749676e-14
3.634403662931868314e-14
3.634547309875492066e-14
3.634686488251122256e-14
3.634827904868994503e-14
3.634967467739123659e-14
3.635106465315599919e-14
3.635244351473919988e-14
3.635379822165956013e-14
3.635513570671327347e-14
3.635648369521263784e-14
3.635780242874293635e-14
3.635913631949843599e-14
3.636044506236259533e-14
3.636173831476606427e-14
3.636302260206168570e-14
3.636430151930098501e-14
3.636555763695902841e-14
3.636682410832746302e-14
3.636805159115693027e-14
3.636929162183942668e-14
3.637051913525864792e-14
3.637173689664248197e-14
3.637294183884089926e-14
3.637413422440352658e-14
3.637530999588691456e-14
3.637650003890442143e-14
3.637766213177377737e-14
3.637883075519903137e-14
3.637997369540017129e-14
3.638110546440259964e-14
3.638223627180944654e-14
3.638337627175344043e-14
3.638448169893439684e-14
3.638559249093951441e-14
3.638667937827980829e-14
3.638776794798944875e-14
3.638884746523749929e-14
3.638991765874801690e-14
3.639097440765459953e-14
3.639203951533226790e-14
3.639307910337602281e-14
3.639412755585633932e-14
3.639515846006961442e-14
3.639618085664638618e-14
3.639718572505959299e-14
3.639819902883037709e-14
3.639919459801202130e-14
3.640019087889484864e-14
3.640116922501939804e-14
3.640214754186675071e-14
3.640311641347736871e-14
3.640408987883295630e-14
3.640504146080124853e-14
3.640599898382819417e-14
3.640693434124754815e-14
3.640786860080993764e-14
3.640880115680492488e-14
3.640973526581851175e-14
3.641065098268316752e-14
3.641156371751478728e-14
3.641246130354633505e-14
3.641336941482550988e-14
3.641425763994875226e-14
3.641515100829954869e-14
3.641603286625183833e-14
3.641690199155281452e-14
3.641776530271558679e-14
3.641864411690465074e-14
3.641949884550448174e-14
3.642035624201537229e-14
3.642119052606458395e-14
3.642202108506200678e-14
3.642285361361069834e-14
3.642368009897596490e-14
3.642448568781159527e-14
3.642529238060320827e-14
3.642607877904594361e-14
3.642687159378952915e-14
3.642765259842077829e-14
3.642842659672953573e-14
3.642919013761594223e-14
3.642994943870923931e-14
3.643069688839004995e-14
3.643145857206433856e-14
3.643220013765890125e-14
3.643294063635514373e-14
3.643367211502133223e-14
3.643439868142720005e-14
3.643512743078330943e-14
3.643586169889451959e-14
3.643657687359285111e-14
3.643729952311888539e-14
3.643800590069000379e-14
3.643872327977542392e-14
3.643944987113489960e-14
3.644016865078414046e-14
3.644087567504706483e-14
1.819655839700614220e-14
