nan
inf
3.382251444059176113e-04
2.595704098216824866e-04
2.195425636454020868e-04
1.946013772054078347e-04
1.774603065903561827e-04
1.648979767207407754e-04
1.553005471190663949e-04
1.477300350571800018e-04
1.416281040867474472e-04
1.366125869976822721e-04
1.324621909450725992e-04
1.289922831400011649e-04
1.260503428693099035e-04
1.235536148731919545e-04
1.214168254864179003e-04
1.195785759947568541e-04
1.180043840247297986e-04
1.166571957764472639e-04
1.155131215273492361e-04
1.145351207018601824e-04
1.137063240250157746e-04
1.130033975626249128e-04
1.124295998163766386e-04
1.119643815396275836e-04
1.115889212806103422e-04
1.113088078834753673e-04
1.110987011521181084e-04
1.109730162605289844e-04
1.109074105920604468e-04
1.109091006364312272e-04
1.109699469699363457e-04
1.110821284014642705e-04
1.112455501743809979e-04
1.114604038117473258e-04
1.117191027201720684e-04
1.120220812173027051e-04
1.123618430640091649e-04
1.127387330272607344e-04
1.131612744201290186e-04
1.136141454665432707e-04
1.140977241106711117e-04
1.146126582698042592e-04
1.151676423155993803e-04
1.157470201444856227e-04
1.163512293323115481e-04
1.169892320821008797e-04
1.176532502564546040e-04
1.183524509891272088e-04
1.190703967417465757e-04
1.198162336397735770e-04
1.205817964179125245e-04
1.213764528549611023e-04
1.221918730119269736e-04
1.230377086790675450e-04
1.239054773950476745e-04
1.247957948739631729e-04
1.256996840784309496e-04
1.266365109876539761e-04
1.275974507821952273e-04
1.285734587077645252e-04
1.295844412341493675e-04
1.306014684094157388e-04
1.316548464895638925e-04
1.327147780956024930e-04
1.338124905602237891e-04
1.349173535851728555e-04
1.360507074650336317e-04
1.372024616633644436e-04
1.383839761815978562e-04
1.395736717270481576e-04
1.407941668674316774e-04
1.420346988908470259e-04
1.432957949406819548e-04
1.445777950891817304e-04
1.458811048901973253e-04
1.472183214199113696e-04
1.485656382559258923e-04
1.499355234875249688e-04
1.513284179436108707e-04
1.527447782028737910e-04
1.541718340691402092e-04
1.556363272425926550e-04
1.571120594838764793e-04
1.586127888519884297e-04
1.601389433702957437e-04
1.616910962983527766e-04
1.632696799060430449e-04
1.648606022321188731e-04
1.664786004368441394e-04
1.681090811479829723e-04
1.697827163697346591e-04
1.714694623887219236e-04
1.731850365155687699e-04
1.749138913202138274e-04
1.766722663754890816e-04
1.784607887364092428e-04
1.802630355804067631e-04
1.821133895567375854e-04
1.839606283320225819e-04
1.858572432222444209e-04
1.877684542057592621e-04
1.897124930065328442e-04
1.916712423637752097e-04
1.936635738915863853e-04
1.956707476616093022e-04
1.977319561094231684e-04
1.997947425511785501e-04
2.018927903346807680e-04
2.040205967325002339e-04
2.061722631760791458e-04
2.083543330748944655e-04
2.105628810622964654e-04
2.128025258099684551e-04
2.150669682926671883e-04
2.173631615548032663e-04
2.196868734695356839e-04
2.220430142361936058e-04
2.244272467436256378e-04
2.268421822294900911e-04
2.292857087784692905e-04
2.317630199846010069e-04
2.342694613572824313e-04
2.368078026780179497e-04
2.393783678529253097e-04
2.419814643876430854e-04
2.446146817269973764e-04
2.472837401138582719e-04
2.499834499912905491e-04
2.527196957935010395e-04
2.554870861069606343e-04
2.582887252772896329e-04
2.611249428534472288e-04
2.639959968601348532e-04
2.668990476411651222e-04
2.698406049526426453e-04
2.728178680022113538e-04
2.758310882420629984e-04
2.788805518201401597e-04
2.819664820966492533e-04
2.850892132677002467e-04
2.882489078455969383e-04
2.914495039387507490e-04
2.946840086180415826e-04
2.979600079513378304e-04
3.012740678507687614e-04
3.046264560995209513e-04
3.080173202127911808e-04
3.114509155092241030e-04
3.149235291574109703e-04
3.184353889845814123e-04
3.219908317730807760e-04
3.255860188722762422e-04
3.292210510942779897e-04
3.329005304952869278e-04
3.366202791466234995e-04
3.403804734633388918e-04
3.441904788268049437e-04
3.480367260274872345e-04
3.519334442774009670e-04
3.558665649761885382e-04
3.598507962361844541e-04
3.638766057888176116e-04
3.679491232330495349e-04
3.720634657969966279e-04
3.762248938467911068e-04
3.804337182450762155e-04
3.846901190903451477e-04
3.889944084655452784e-04
3.933410629797545093e-04
3.977358457854532022e-04
4.021788710681580307e-04
4.066703855296398230e-04
4.112105138083358997e-04
4.157994522467585506e-04
4.204372674755428672e-04
4.251241580839127451e-04
4.298601473721223257e-04
4.346519715247020325e-04
4.394865824340970996e-04
4.443705722347553785e-04
4.493108195408602708e-04
4.542936759288245582e-04
4.593330532023434925e-04
4.644292611407934866e-04
4.695678915402347569e-04
4.747634886481443082e-04
4.800086994076749802e-04
4.853034269582175587e-04
4.906554005898846119e-04
4.960568509369049596e-04
5.015156983902188236e-04
5.070239179420675188e-04
5.125896131559645134e-04
5.182044467147914335e-04
5.238681139110876270e-04
5.295979093198798426e-04
5.353675110516584830e-04
5.412033943555909091e-04
5.470875227287270862e-04
5.530195306248614044e-04
5.590179474461068982e-04
5.650639190338175612e-04
5.711666740672692458e-04
5.773162319071882499e-04
5.835220492836875380e-04
5.897943661222695847e-04
5.961020798006457389e-04
6.024759189595856133e-04
6.089053237825242009e-04
6.153791502846108104e-04
6.219076656081460675e-04
6.285019242075786912e-04
6.351390796770508239e-04
6.418299918906195632e-04
6.485741652794189092e-04
6.553711956311017829e-04
6.622205991118312570e-04
6.691219234388837969e-04
6.760745482588663988e-04
6.830780074765884077e-04
6.901316113789238019e-04
6.972347961197925123e-04
7.044001460412588301e-04
7.116005946164442484e-04
7.188621335160482774e-04
7.261568361298429254e-04
7.335114547184192271e-04
7.409258339550078322e-04
7.483705400305092894e-04
7.558736109313393767e-04
7.634196772064626635e-04
7.710078032689061294e-04
7.786368840963928594e-04
7.863215362717046507e-04
7.940454172970492965e-04
8.018235174220253751e-04
8.096389652575838262e-04
8.174905547557926623e-04
8.253937786872056481e-04
8.333310803282557465e-04
8.413010484041608074e-04
8.493373734534087442e-04
8.573867760559847947e-04
8.654831608993215431e-04
8.736256373984167605e-04
8.817950786602952876e-04
8.900085562375503441e-04
8.982463307743924737e-04
9.065259534338099149e-04
9.148270601172178457e-04
9.231676708981736241e-04
9.315468811963129687e-04
9.399636809029232772e-04
9.483965366551486012e-04
9.568643997777160097e-04
9.653451311264091500e-04
9.738581901677200846e-04
9.824025355364904288e-04
9.909769510904270842e-04
9.995581234943761838e-04
1.008166506772361064e-03
1.016800954382441778e-03
1.025460150582920438e-03
1.034119573568223743e-03
1.042800688033349889e-03
1.051502282098364365e-03
1.060223007710732772e-03
1.068937021463712807e-03
1.077691825672274888e-03
1.086436646993890406e-03
1.095194647750011904e-03
1.103964561839324227e-03
1.112718781920987113e-03
1.121507933104290986e-03
1.130304710760256801e-03
1.139080782288134875e-03
1.147860980611997315e-03
1.156671733916377932e-03
1.165456394806816840e-03
1.174241041752743537e-03
1.183024101355211518e-03
1.191804264155881931e-03
1.200579955130144909e-03
1.209349862822444973e-03
1.218112373338102114e-03
1.226866217326108783e-03
1.235609805188258008e-03
1.244341855635465195e-03
1.253060751827514375e-03
1.261765259402052117e-03
1.270485815580304914e-03
1.279157444097129680e-03
1.287810303029912271e-03
1.296476159470655830e-03
1.305087733843235441e-03
1.313710287946326773e-03
1.322275170813057852e-03
1.330849012810393205e-03
1.339396594903285781e-03
1.347916784537495300e-03
1.356443581984989426e-03
1.364905229340466781e-03
1.373371685112404926e-03
1.381806372066272503e-03
1.390207896222120246e-03
1.398575192866671410e-03
1.406906912750011509e-03
1.415240147916925137e-03
1.423536232077512141e-03
1.431794235663038468e-03
1.440012883458468337e-03
1.448191290469701391e-03
1.456368084737821563e-03
1.464503277571438302e-03
1.472595725475029814e-03
1.480644599767785711e-03
1.488690133360985862e-03
1.496690981280459840e-03
1.504646022341430680e-03
1.512554584760600557e-03
1.520458475818035936e-03
1.528314985222308051e-03
1.536123025272844063e-03
1.543926129900861921e-03
1.551680052653475273e-03
1.559384277739067886e-03
1.567037856533102331e-03
1.574685904901594559e-03
1.582282766918568758e-03
1.589874387089718153e-03
1.597367642717303568e-03
1.604855208948232715e-03
1.612337539334392830e-03
1.619767519084344774e-03
1.627144481946727391e-03
1.634468137411574989e-03
1.641786882647679885e-03
1.649101668661265719e-03
1.656313313789534907e-03
1.663520990857875713e-03
1.670725266180521492e-03
1.677876116291704585e-03
1.684973013396425011e-03
1.692015867529142979e-03
1.699108603068255228e-03
1.706095768456021827e-03
1.713081630555194626e-03
1.720013962331813032e-03
1.726946182431368009e-03
1.733825191172249508e-03
1.740705302182464324e-03
1.747532637065613362e-03
1.754362390414721364e-03
1.761139890025568977e-03
1.767864816238047055e-03
1.774593886686150375e-03
1.781328085413975580e-03
1.788011186907219677e-03
1.794642945919375102e-03
1.801281694695865783e-03
1.807869811163619490e-03
1.814466416681191109e-03
1.821072677837997072e-03
1.827569875012712052e-03
1.834137843526756914e-03
1.840657531515723679e-03
1.847128788272738714e-03
1.853613311696914205e-03
1.860050250833740959e-03
1.866502111547383227e-03
1.872907160875340654e-03
1.879328874786361826e-03
1.885704576644970255e-03
1.892098609362232809e-03
1.898512136036511469e-03
1.904881469073744235e-03
1.911206488508808421e-03
1.917553281610854653e-03
1.923923000301660082e-03
1.930250272485550941e-03
1.936602197992644790e-03
1.942912492926230413e-03
1.949249218282381006e-03
1.955545191284397983e-03
1.961869265613310626e-03
1.968153443681940843e-03
1.974467434013312851e-03
1.980812751874355074e-03
1.987119634523693869e-03
1.993388236553916663e-03
1.999761844876739390e-03
2.006098858573052927e-03
2.012399024149883701e-03
2.018735593035569671e-03
2.025109723625280987e-03
2.031448745822847426e-03
2.037826983002304516e-03
2.044170808412907464e-03
2.050555516475426575e-03
2.056982433080487439e-03
2.063376290279702197e-03
2.069813993290826968e-03
2.076219262600843222e-03
2.082669955896952838e-03
2.089167290089532971e-03
2.095633601274645916e-03
2.102148055537932190e-03
2.108632013985454762e-03
2.115165608455385048e-03
2.121750190426605846e-03
2.128305388095629892e-03
2.134913041993076986e-03
2.141574231069369189e-03
2.148207293964524665e-03
2.154895295399046791e-03
2.161639607286701750e-03
2.168356653959407215e-03
2.175131337401342829e-03
2.181879006180848218e-03
2.188685667310948796e-03
2.195552285007799833e-03
2.202392919241386200e-03
2.209294807521647742e-03
2.216259228172034589e-03
2.223198232135949366e-03
2.230200961928360641e-03
2.237268429228279377e-03
2.244311202329941565e-03
2.251419865447325513e-03
2.258595721967880839e-03
2.265747299203545867e-03
2.272967089602711838e-03
2.280256083882627877e-03
2.287521259936296705e-03
2.294856567963658375e-03
2.302263240639749152e-03
2.309646273651394782e-03
2.317101643173363323e-03
2.324630211241400513e-03
2.332135480212871141e-03
2.339714785771982320e-03
2.347369410599519854e-03
2.355000484669050008e-03
2.362707697873601270e-03
2.370491787335234080e-03
2.378354003014455931e-03
2.386192907947883197e-03
2.394110659177251920e-03
2.402004437819896341e-03
2.409977703784643623e-03
2.418031194397643989e-03
2.426166082723453521e-03
2.434276886273123441e-03
2.442576498513488424e-03
2.450745044842253442e-03
2.459104245891882527e-03
2.467439058452644291e-03
2.475858110882602631e-03
2.484362147978825749e-03
2.492841154208184831e-03
2.501405536153197308e-03
2.510056312432664902e-03
2.518680948525706901e-03
2.527506208888187240e-03
2.536190933469049252e-03
2.545078028197405445e-03
2.554054159651944923e-03
2.563003479140855793e-03
2.571924285304927858e-03
2.581052255091721530e-03
2.590151803365334498e-03
2.599341637971964991e-03
2.608622337522312727e-03
2.617994899968501422e-03
2.627337551788829027e-03
2.636772024687596919e-03
2.646174934601589965e-03
2.655794308889028021e-03
2.665381957650912216e-03
2.675062745082661120e-03
2.684709989304305110e-03
2.694578272501086790e-03
2.704412719190567999e-03
2.714341488106738077e-03
2.724234415933664971e-03
2.734352812484278430e-03
2.744435040616621541e-03
2.754612439220884956e-03
2.764751485321319344e-03
2.775120281612725604e-03
2.785450198448382372e-03
2.795876120828223385e-03
2.806260758040871918e-03
2.816879421375055072e-03
2.827456141515192253e-03
2.838129394357781672e-03
2.848758130738318888e-03
2.859625011144834809e-03
2.870446612390031935e-03
2.881365080509156948e-03
2.892235511178624114e-03
2.903348075108861445e-03
2.914411730698799642e-03
2.925572300707704812e-03
2.936830127084749924e-03
2.948035680600809543e-03
2.959488570381646998e-03
2.970888065781488851e-03
2.982231450010503371e-03
2.993824620516513137e-03
3.005360462645467398e-03
3.017148964562042096e-03
3.028878855676799854e-03
3.040547559285245068e-03
3.052470935212797665e-03
3.064331691375280376e-03
3.076288380158914270e-03
3.088341492996089354e-03
3.100491206814249244e-03
3.112573138254763963e-03
3.124750064422638154e-03
3.137022449926998163e-03
3.149390408844632804e-03
3.161685054640718615e-03
3.174243950937406279e-03
3.186727755695816129e-03
3.199305800513693471e-03
3.211978531992270864e-03
3.224570861525027921e-03
3.237255971651383998e-03
3.250033792887087412e-03
3.262904684736978988e-03
3.275868659417128462e-03
3.288926008236377901e-03
3.301894468157679386e-03
3.314954171719186344e-03
3.328105035505327450e-03
3.341161457986849877e-03
3.354493884601931260e-03
3.367729547902219116e-03
3.381054229593507491e-03
3.394468132020553655e-03
3.407971173637819491e-03
3.421370065292760314e-03
3.435050289758132674e-03
3.448623836544705955e-03
3.462284000537534795e-03
3.475832285684372740e-03
3.489664498191618128e-03
3.503382181721967532e-03
3.517386364340649614e-03
3.531273210684460033e-03
3.545038527824684489e-03
3.559091666788638097e-03
3.573020413021486472e-03
3.587239517316853296e-03
3.601331326679010816e-03
3.615503897179983897e-03
3.629543369074569783e-03
3.643875576232221206e-03
3.658071649119842231e-03
3.672345203787198958e-03
3.686695886719199618e-03
3.701123742621209058e-03
3.715628449435365993e-03
3.729986486942859104e-03
3.744643126586769035e-03
3.759149832946783419e-03
3.773729829967078543e-03
3.788383017187822114e-03
3.802878210139097950e-03
3.817675656536463191e-03
3.832311694227553186e-03
3.847017219553194086e-03
3.861791758343518458e-03
3.876635300260920965e-03
3.891307552913235261e-03
3.906286766828582536e-03
3.921091164815383376e-03
3.935960637877996583e-03
3.950894723705143489e-03
3.965893462559440252e-03
3.980707153191841152e-03
3.995832679879770047e-03
4.010769504509313632e-03
4.025766897868534797e-03
4.040824347536267278e-03
4.055941881057668202e-03
4.071119019813661775e-03
4.086095422718642733e-03
4.101389715064872321e-03
4.116479601055955152e-03
4.131624938261762962e-03
4.146825773259482303e-03
4.161813085735783374e-03
4.177122357955542938e-03
4.192214363604930549e-03
4.207631264802917312e-03
4.222827218961822809e-03
4.238074156982516924e-03
4.253371566118823409e-03
4.268439423334714246e-03
4.283835940574628326e-03
4.298999154737304963e-03
4.314208805325648981e-03
4.329465032847102865e-03
4.344767392972890586e-03
4.360116070371246842e-03
4.375510660439689038e-03
4.390657341688191696e-03
4.406141945883088572e-03
4.421375005575239013e-03
4.436650066757475731e-03
4.451967392062929248e-03
4.467326597344189500e-03
4.482423493417719146e-03
4.497864913420978467e-03
4.513040394300740776e-03
4.528563927034469361e-03
4.543817929570375877e-03
4.559110177020481505e-03
4.574441013480169509e-03
4.589493105845083611e-03
4.604899157302486112e-03
4.620022949380136676e-03
4.635504507459056039e-03
4.650700346588302996e-03
4.665931607926768719e-03
4.681198131819437440e-03
4.696500368567737248e-03
4.711506444810366345e-03
4.726878475265028183e-03
4.741951013058554563e-03
4.757393663831933385e-03
4.772533561085050627e-03
4.787706652612393025e-03
4.802913010576585415e-03
4.818153131676000331e-03
4.833080281157582474e-03
4.848386720389848137e-03
4.863377006930108722e-03
4.878751135287630672e-03
4.893806082804991707e-03
4.908893082524332097e-03
4.924012275913548266e-03
4.939164366301406102e-03
4.953987346612227609e-03
4.969204375879978687e-03
4.984455393231503398e-03
4.999373245721512246e-03
5.014322188330715482e-03
5.029303139899358316e-03
5.044316258313539039e-03
5.059362493010086288e-03
5.074442033568089469e-03
5.089555878826914834e-03
5.104322500541847232e-03
5.119504510709375379e-03
5.134336634058417510e-03
5.149589487961906548e-03
5.164489831095945942e-03
5.179424524555012455e-03
5.194393930597994771e-03
5.209399164595250598e-03
5.224042710877441903e-03
5.239119539031393720e-03
5.253832243140767883e-03
5.268983909936875501e-03
5.283768953724313384e-03
5.298590567766162801e-03
5.313449285578284581e-03
5.328346325378985338e-03
5.343282218932026567e-03
5.358258320419308565e-03
5.373275104865741364e-03
5.387913282202631306e-03
5.403012620762802712e-03
5.417731099019991274e-03
5.432489905654942081e-03
5.447719626154053259e-03
5.462564685916080492e-03
5.477453567837528049e-03
5.491951384290380024e-03
5.506928441111775055e-03
5.521952058920748599e-03
5.536581758084351858e-03
5.551699998554222165e-03
5.566422182183106832e-03
5.581639458938155926e-03
5.596458623749957402e-03
5.611326620051501277e-03
5.626245078963663070e-03
5.641214688424075856e-03
5.655777615987531669e-03
5.670851276547666034e-03
5.685980078991648493e-03
5.700698671347046234e-03
5.715938679082440722e-03
5.730766381955342340e-03
5.745649585469603596e-03
5.760589093476325626e-03
5.775586520651242693e-03
5.790642685016430223e-03
5.805759266263964616e-03
5.820937070773744490e-03
5.835691385743467172e-03
5.850993632114761221e-03
5.866361393927614111e-03
5.881302063273743594e-03
5.896306181389545341e-03
5.911374588935311598e-03
5.927009322032587672e-03
5.942212879700228129e-03
5.957484982693015373e-03
5.972319098092113664e-03
5.987729434369563550e-03
6.003211783488214895e-03
6.018767947063002194e-03
6.033881710988420535e-03
6.049067120833502044e-03
6.064846769743531540e-03
6.080181243151025830e-03
6.095590755040858517e-03
6.111077096280470057e-03
6.126641113922168952e-03
6.142284538364428149e-03
6.158008242495348859e-03
6.173814050036193629e-03
6.189702740319230449e-03
6.205132121712066996e-03
6.221188500995706618e-03
6.236783143787253021e-03
6.253012446128984082e-03
6.268777522719754317e-03
6.284628237369259234e-03
6.301125581566746452e-03
6.317154494945893470e-03
6.333273349477591338e-03
6.349482989873387294e-03
6.365215483332902803e-03
6.381608313063787986e-03
6.398096186571401375e-03
6.414679939404278712e-03
6.430780993740319723e-03
6.447558013088339375e-03
6.463849454362076419e-03
6.480236443554454780e-03
6.497311441982879521e-03
6.513896153842333760e-03
6.530580385833668206e-03
6.547364976653958189e-03
6.564251440558524671e-03
6.581240674979945554e-03
6.598334135948518905e-03
6.615532707581309874e-03
6.632224811536913123e-03
6.649634576945572667e-03
6.667153270821775043e-03
6.684160108935740391e-03
6.701896880598655348e-03
6.719118321443110463e-03
6.736447430847630584e-03
6.754518071183574814e-03
6.772068344447727296e-03
6.789729202396566944e-03
6.807502002229123134e-03
6.825387489330213102e-03
6.843387029971245358e-03
6.861501331325562357e-03
6.879731714245894240e-03
6.897422001420820334e-03
6.915884237291263642e-03
6.934465295329012881e-03
6.952500380785897952e-03
6.971319203596582428e-03
6.989587791551753193e-03
7.007972807857885088e-03
7.027153900907978819e-03
7.045777882209725874e-03
7.064521277721600746e-03
7.083384609017446577e-03
7.102369117002732893e-03
7.121475292425848667e-03
7.140704277011834800e-03
7.160056605597975993e-03
7.179533366200824100e-03
7.199135061634986781e-03
7.218152151984377589e-03
7.238003071384117165e-03
7.257264271104775163e-03
7.277367356511551914e-03
7.296875542366982464e-03
7.317233710317730226e-03
7.336991603744059259e-03
7.356873506681056371e-03
7.377617951953818233e-03
7.397531186556960577e-03
7.417866361763305466e-03
7.438328705797745029e-03
7.458768800357886038e-03
7.479411310220409302e-03
7.500106493048256176e-03
7.520853453714308398e-03
7.541652004232493080e-03
7.562655070451562711e-03
7.583632710801741124e-03
7.604738175434081968e-03
7.625972226266563604e-03
7.647256667640314406e-03
7.668591038426353021e-03
7.690053509944333801e-03
7.711565264163101202e-03
7.733205076881178447e-03
7.754893395899588836e-03
7.776709695908836338e-03
7.798573653361879840e-03
7.820565439583718192e-03
7.842603941120553090e-03
7.864770032009809828e-03
7.886981794813613736e-03
7.909320850756400290e-03
7.931704466443223814e-03
7.954131307149536409e-03
7.976768882600949323e-03
7.999364771222681331e-03
8.022086828390095556e-03
8.044934779666954375e-03
8.067823457539041385e-03
8.090837429669798034e-03
8.113890671108750507e-03
8.136981605428528219e-03
8.160196771157427614e-03
8.183535755078144569e-03
8.206910903553486791e-03
8.230409053899996608e-03
8.253941594173705779e-03
8.277596243828155495e-03
8.301283511964565806e-03
8.325091911197245870e-03
8.348931052692073335e-03
8.372890291912257407e-03
8.396878333806560499e-03
8.420985323009675186e-03
8.445119125763842979e-03
8.469370656711147638e-03
8.493740137045187322e-03
8.518133312604448185e-03
8.542549025352730308e-03
8.567079912127737937e-03
8.591726080718835312e-03
8.616391486013738957e-03
8.641170750091187180e-03
8.665966835106226132e-03
8.690875320774549967e-03
8.715895534670864420e-03
8.740929789997776977e-03
8.765976026438361893e-03
8.791131536779872926e-03
8.816395562922066040e-03
8.841668610345463850e-03
8.867048502457449549e-03
8.892434728433536856e-03
8.917926067130092782e-03
8.943522483319957597e-03
8.969121294439627232e-03
8.994823358063123303e-03
9.020525060639557335e-03
9.046328155268030385e-03
9.072128105742486431e-03
9.098027532160577607e-03
9.124025724006530960e-03
9.150017236624823774e-03
9.175999825273700727e-03
9.202184296475948364e-03
9.228357940127352235e-03
9.254518959664198574e-03
9.280772912577710948e-03
9.307119488764838480e-03
9.333449255660479504e-03
9.359869572596626192e-03
9.386270028838123239e-03
9.412869246921685279e-03
9.439335820269793148e-03
9.465888794079448457e-03
9.492527475151247077e-03
9.519251535575055934e-03
9.545947517138138674e-03
9.572726867689042296e-03
9.599475022452588074e-03
9.626304503546397745e-03
9.653099633542064351e-03
9.679973991027088220e-03
9.706926780874921418e-03
9.733957757054193319e-03
9.760949186774543415e-03
9.787899318224371412e-03
9.814923742433756537e-03
9.842022288285668524e-03
9.869194152788498403e-03
9.896319575234582833e-03
9.923516257804337187e-03
9.950663457314509394e-03
9.977879931469748817e-03
1.000516567668686442e-02
1.003239749065249452e-02
1.005969663956132569e-02
1.008693884689248685e-02
1.011424646690703769e-02
1.014161874849082816e-02
1.016905564454757133e-02
1.019643087115423494e-02
1.022374272785470453e-02
1.025124234766046361e-02
1.027867686423711811e-02
1.030604394446093912e-02
1.033359876920634385e-02
1.036108446323745491e-02
1.038849946806376205e-02
1.041597157898165385e-02
1.044350092984827789e-02
1.047108697010995342e-02
1.049859807526944480e-02
1.052616438531333784e-02
1.055365316338417910e-02
1.058132923787554608e-02
1.060879235621219746e-02
1.063644258273647482e-02
1.066401146335701697e-02
1.069163268806098098e-02
1.071917022664728436e-02
1.074675889633884725e-02
1.077439913278566488e-02
1.080209061140889083e-02
1.082969508805501323e-02
1.085734975181683673e-02
1.088491528153060633e-02
1.091253008101212771e-02
1.094019479840958181e-02
1.096776746758860305e-02
1.099553157544673650e-02
1.102306005688408891e-02
1.105078049360365411e-02
1.107840636828925571e-02
1.110608128823372190e-02
1.113365988734122888e-02
1.116143300828516607e-02
1.118896287713950013e-02
1.121668807010932356e-02
1.124431498919828062e-02
1.127199107964638181e-02
1.129971641776718327e-02
1.132734239708499575e-02
1.135501748914976086e-02
1.138274275381265417e-02
1.141036695676746378e-02
1.143804138378985528e-02
1.146576624236694299e-02
1.149338940919935118e-02
1.152121708686785866e-02
1.154878881495081423e-02
1.157656663114996036e-02
1.160424207313189536e-02
1.163197012468122904e-02
1.165975205069375367e-02
1.168743063685589480e-02
1.171516365254000706e-02
1.174295162551756457e-02
1.177063634069905676e-02
1.179837675155695834e-02
1.182617429026914906e-02
1.185402959799814783e-02
1.188178204714234777e-02
1.190959315744221161e-02
1.193746446664719144e-02
1.196523267275646785e-02
1.199306216466848422e-02
1.202095373057880494e-02
1.204874293798139685e-02
1.207659536986603263e-02
1.210451263047903833e-02
1.213249580826916002e-02
1.216037783524269444e-02
1.218832708471624671e-02
1.221634526098075088e-02
1.224426264441693356e-02
1.227242193102340111e-02
1.230048171930813936e-02
1.232844252590727455e-02
1.235664959711762177e-02
1.238475937692914280e-02
1.241277030865284466e-02
1.244103346195255151e-02
1.246919976478789473e-02
1.249744622735890660e-02
1.252577327665084506e-02
1.255400565731930665e-02
1.258232066404355899e-02
1.261072087376520663e-02
1.263920716192684472e-02
1.266760084249396803e-02
1.269608244840012522e-02
1.272465468504709388e-02
1.275331808909867942e-02
1.278189191215559420e-02
1.281055940460422080e-02
1.283913795839334605e-02
1.286799828192349698e-02
1.289677147744364843e-02
1.292564393685504201e-02
1.295461848071224886e-02
1.298350713559971899e-02
1.301249971687542563e-02
1.304159737585784858e-02
1.307080259950972947e-02
1.309992514824735721e-02
1.312915789449230729e-02
1.315850172306257809e-02
1.318795955989829349e-02
1.321733784588071184e-02
1.324683238286098429e-02
1.327644423345105719e-02
1.330597924024962478e-02
1.333583138359449582e-02
1.336560892450437861e-02
1.339531110956702215e-02
1.342533754773074864e-02
1.345529108851551206e-02
1.348537259289944376e-02
1.351558443026137230e-02
1.354592803142518759e-02
1.357620145472720682e-02
1.360660936419378318e-02
1.363715323704972095e-02
1.366762930341323956e-02
1.369845050762448502e-02
1.372920623504426951e-02
1.375989560156363686e-02
1.379093697912449519e-02
1.382191383549213198e-02
1.385303760298097452e-02
1.388430849234522160e-02
1.391573037863784792e-02
1.394709033392691269e-02
1.397860337940516444e-02
1.401026959706502990e-02
1.404209244498084985e-02
1.407385589633648043e-02
1.410599499662594514e-02
1.413807699564560184e-02
1.417010183142678251e-02
1.420250763391821096e-02
1.423485870714281780e-02
1.426737443306892728e-02
1.430005750161704794e-02
1.433268584991810070e-02
1.436570659311964260e-02
1.439867477623568703e-02
1.443181516895458531e-02
1.446490264334891057e-02
1.449839136506671233e-02
1.453182856975901265e-02
1.456544320501120676e-02
1.459900589315226739e-02
1.463297891340592516e-02
1.466690121366101725e-02
1.470100582021654709e-02
1.473529267444447823e-02
1.476976523753539654e-02
1.480418745571694672e-02
1.483879668254455692e-02
1.487359236037082144e-02
1.490857757051110288e-02
1.494351302119039868e-02
1.497863834856608296e-02
1.501419481834844957e-02
1.504946248661582532e-02
1.508516433683610748e-02
1.512081782830125044e-02
1.515666582010267473e-02
1.519270966513179381e-02
1.522895032198358541e-02
1.526538953036378835e-02
1.530177892868337525e-02
1.533836776080642686e-02
1.537515582263010092e-02
1.541214485832230127e-02
1.544908328781464772e-02
1.548622294284059293e-02
1.552356465354041634e-02
1.556110951157039721e-02
1.559885754511880322e-02
1.563655353326892997e-02
1.567445295176328468e-02
1.571255709262548567e-02
1.575086685630617406e-02
1.578938317668525729e-02
1.582784350920399957e-02
1.586651026272192788e-02
1.590538340004856582e-02
1.594446399399662706e-02
1.598375281412252671e-02
1.602298241571576895e-02
1.606241905585099189e-02
1.610206379396708978e-02
1.614191641839773927e-02
1.618170585262742461e-02
1.622197515230183046e-02
1.626218012750078878e-02
1.630259307101946872e-02
1.634293794512795342e-02
1.638376659045009259e-02
1.642452573486933784e-02
1.646549205324443488e-02
1.650666585543549350e-02
1.654804710599272824e-02
1.658963649348332847e-02
1.663114927044940031e-02
1.667286848243874908e-02
1.671479298159381927e-02
1.675692387233503750e-02
1.679897200632556042e-02
1.684151445471042743e-02
1.688397204727729375e-02
1.692663350215178539e-02
1.696949820695270450e-02
1.701256674796532142e-02
1.705554305869379575e-02
1.709872007721377832e-02
1.714209772850434910e-02
1.718567578074602434e-02
1.722945347061459812e-02
1.727312989252235281e-02
1.731730570229183738e-02
1.736137713147325318e-02
1.740564473708134871e-02
1.744980229193280469e-02
1.749445966815761644e-02
1.753900358358109757e-02
1.758404915136268717e-02
1.762897771415450690e-02
1.767378478277945031e-02
1.771909351776929445e-02
1.776427708457429394e-02
1.780996326607656513e-02
1.785552034303020466e-02
1.790126311275044846e-02
1.794719039419831116e-02
1.799298060914260658e-02
1.803927323854259343e-02
1.808542439720923004e-02
1.813175412008972628e-02
1.817826215903784251e-02
1.822461934944994560e-02
1.827147950935612344e-02
1.831818433234426446e-02
1.836506137836661084e-02
1.841210902395133339e-02
1.845932714467233074e-02
1.850671398024482731e-02
1.855393217007788448e-02
1.860131479059319581e-02
1.864920050855535180e-02
1.869691007972460947e-02
1.874443919743575340e-02
1.879246874410638382e-02
1.884031269789639140e-02
1.888865815956053060e-02
1.893681312574376982e-02
1.898512090085033646e-02
1.903323051262438559e-02
1.908183954188721887e-02
1.913024574580781539e-02
1.917915198243373351e-02
1.922785009344754256e-02
1.927669109959343277e-02
1.932531621622658041e-02
1.937443966961626199e-02
1.942334203434263953e-02
1.947274328818282899e-02
1.952191825910672834e-02
1.957122674887130237e-02
1.962066832174736916e-02
1.966987225946745937e-02
1.971957450489467134e-02
1.976903398110156987e-02
1.981861916435296786e-02
1.986832820387659723e-02
1.991816073946315810e-02
1.996773730756493462e-02
2.001781127040554165e-02
2.006762421850278449e-02
2.011755346063193867e-02
2.016798058122817178e-02
2.021775500465777461e-02
2.026802517642520632e-02
2.031840748384821163e-02
2.036851085334208736e-02
2.041872147050855651e-02
2.046903767027515378e-02
2.051945926495482922e-02
2.056998458774189631e-02
2.062061356805394013e-02
2.067094622183365815e-02
2.072137789134408797e-02
2.077230841675373543e-02
2.082293643061565447e-02
2.087366044717206895e-02
2.092407445272396679e-02
2.097498754101234653e-02
2.102558624888417604e-02
2.107668590119393670e-02
2.112746694015310914e-02
2.117833717878909311e-02
2.122888153736495614e-02
2.127992786122599733e-02
2.133106273463784494e-02
2.138186515525915612e-02
2.143275229892888448e-02
2.148372315929110085e-02
2.153477822312986276e-02
2.158591655677297855e-02
2.163713870250961666e-02
2.168801451635467628e-02
2.173940174401454289e-02
2.179043939118071108e-02
2.184155750075006397e-02
2.189275550124286304e-02
2.194403418816014834e-02
2.199495412358693988e-02
2.204639247226029483e-02
2.209746937709161987e-02
2.214862472970175258e-02
2.219985821026887809e-02
2.225117100040592197e-02
2.230256285481821074e-02
2.235403503000996453e-02
2.240513540944532797e-02
2.245676758291678329e-02
2.250802616675028414e-02
2.255936451094962478e-02
2.261078275452404682e-02
2.266228253589668701e-02
2.271386416714761894e-02
2.276506592042540009e-02
2.281681343559949227e-02
2.286817948124616681e-02
2.291962844410134689e-02
2.297116248120947141e-02
2.302278227070099839e-02
2.307448963666563005e-02
2.312628523603416780e-02
2.317769448843196023e-02
2.322919102906474687e-02
2.328125748838820799e-02
2.333293612679531934e-02
2.338470849958123460e-02
2.343657502548079224e-02
2.348805186920652904e-02
2.354011189626585218e-02
2.359178277149620584e-02
2.364404432493452321e-02
2.369591713333048244e-02
2.374789311879804340e-02
2.379997478517215451e-02
2.385216401063015509e-02
2.390446361315846924e-02
2.395637329711073835e-02
2.400889872378638920e-02
2.406103564986671051e-02
2.411328938001444308e-02
2.416566213838676827e-02
2.421815640133172590e-02
2.427077439914474694e-02
2.432351958418203092e-02
2.437587768010959430e-02
2.442888401091171738e-02
2.448150550213776602e-02
2.453426253083584169e-02
2.458715787797892752e-02
2.464019435453394108e-02
2.469337467084227813e-02
2.474670284878232110e-02
2.479965021193346331e-02
2.485328143084238051e-02
2.490653491675360112e-02
2.495994607792698106e-02
2.501351700747275406e-02
2.506725226077664501e-02
2.512115501537350720e-02
2.517522835175689533e-02
2.522947546691373111e-02
2.528335342912671133e-02
2.533795827781138571e-02
2.539219777321605892e-02
2.544662329068500192e-02
2.550123811662659626e-02
2.555604607805410378e-02
2.561105096001949077e-02
2.566625676044345314e-02
2.572110419395753564e-02
2.577672142231270808e-02
2.583198440561460668e-02
2.588746045960996570e-02
2.594315326001362873e-02
2.599906703494335100e-02
2.605520623287821066e-02
2.611157388282752886e-02
2.616817488551621482e-02
2.622443316289453999e-02
2.628151128606094622e-02
2.633825087859046829e-02
2.639523660888484433e-02
2.645306013438883386e-02
2.651055287154769138e-02
2.656830373339033255e-02
2.662572381925348147e-02
2.668400304084818028e-02
2.674255399019816876e-02
2.680078002913586013e-02
2.685928313898813119e-02
2.691867064038156593e-02
2.697774118548266001e-02
2.703710077514813112e-02
2.709675397136542332e-02
2.715670520291715850e-02
2.721634415504647214e-02
2.727690195850518765e-02
2.733777097562665667e-02
2.739833374963595095e-02
2.745921234692325075e-02
2.752041042553901584e-02
2.758256074769430133e-02
2.764441332215819211e-02
2.770596646517006767e-02
2.776848666962605794e-02
2.783134874449101279e-02
2.789391768623855627e-02
2.795747339727636116e-02
2.802073967710816405e-02
2.808500625814586843e-02
2.814898738493006730e-02
2.821333146965564892e-02
2.827804206993471403e-02
2.834312422845422161e-02
2.840792396240040749e-02
2.847375817151035979e-02
2.853997497909371503e-02
2.860591543728753516e-02
2.867224337103132722e-02
2.873963098418480869e-02
2.880674709589068488e-02
2.887426189665557447e-02
2.894217995223843584e-02
2.901050444098007483e-02
2.907923966115414163e-02
2.914770635943813790e-02
2.921727226870406841e-02
2.928657155578490504e-02
2.935698263616270953e-02
2.942713001692342373e-02
2.949770561061675761e-02
2.956871331340538492e-02
2.964015597791409828e-02
2.971203718083144027e-02
2.978436104305035373e-02
2.985713045095608059e-02
2.992963789497825322e-02
3.000330576877745584e-02
3.007671334195614540e-02
3.015129340979169972e-02
3.022561371826218771e-02
3.030039406460064907e-02
3.037563660159680809e-02
3.045134581902344401e-02
3.052752288349688120e-02
3.060417215859993073e-02
3.068129538039243015e-02
3.075815544592869211e-02
3.083623263855718444e-02
3.091404682819165126e-02
3.099234038310672013e-02
3.107186725376936270e-02
3.115112994043932326e-02
3.123087919360927403e-02
3.131111712088564814e-02
3.139184611791610846e-02
3.147230245044812386e-02
3.155401692445756329e-02
3.163622915368211053e-02
3.171816586964115725e-02
3.180137543122969757e-02
3.188430775733159389e-02
3.196773795526679229e-02
3.205245452877327622e-02
3.213688908091215379e-02
3.222182679205469469e-02
3.230726867372323702e-02
3.239241814691334875e-02
3.247886973111765996e-02
3.256582913882666991e-02
3.265248949695775948e-02
3.274046406260618797e-02
3.282813504871647664e-02
3.291712811089559515e-02
3.300581273123287529e-02
3.309500369150121524e-02
3.318470050144336353e-02
3.327490455748513543e-02
3.336561484899819990e-02
3.345683292356116389e-02
3.354771842846056978e-02
3.363994809467258512e-02
3.373268474835857539e-02
3.382507893773448876e-02
3.391797363837320556e-02
3.401222364477213267e-02
3.410611939029280226e-02
3.420051474858125384e-02
3.429540732219811539e-02
3.439079716984659585e-02
3.448668221873431999e-02
3.458306343022542195e-02
3.467993793438830380e-02
3.477642281185124723e-02
3.487427953566334810e-02
3.497173597990863719e-02
3.507056843369469462e-02
3.516899020384143398e-02
3.526789085512681277e-02
3.536817189121710392e-02
3.546802578952222562e-02
3.556835226764221841e-02
3.566914892065246173e-02
3.576949546438854682e-02
3.587122393557908018e-02
3.597341663543347084e-02
3.607607081455726367e-02
3.617824977157786670e-02
3.628181516407653906e-02
3.638489263072831187e-02
3.648841322126650938e-02
3.659332363965203672e-02
3.669772534966752459e-02
3.680256181682012295e-02
3.690782916009324732e-02
3.701352421329436038e-02
3.711964291894653822e-02
3.722520990034908911e-02
3.733216284445213529e-02
3.743952937397098529e-02
3.754632164232742098e-02
3.765450044712027183e-02
3.776208952875880626e-02
3.787106493952212272e-02
3.797943487255325823e-02
3.808818709322336210e-02
3.819731683203742706e-02
3.830682105865047121e-02
3.841669455877615158e-02
3.852693253439651994e-02
3.863753152661450474e-02
3.874848659977595672e-02
3.885876043305199617e-02
3.897040908768328177e-02
3.908135953309234412e-02
3.919368360833796333e-02
3.930529119379251590e-02
3.941721864411334986e-02
3.953051755133346612e-02
3.964307275459332675e-02
3.975593251188197508e-02
3.986909267208652713e-02
3.998254632265620806e-02
4.009629098085318311e-02
4.021031943860498697e-02
4.032354066800267894e-02
4.043811841608955376e-02
4.055296542340203897e-02
4.066697648449991986e-02
4.078234181269078246e-02
4.089685226855944294e-02
4.101160235409621185e-02
4.112658697500998217e-02
4.124292299313724042e-02
4.135836578926289919e-02
4.147402721885751903e-02
4.158990193077256176e-02
4.170598547539107470e-02
4.182112837460980059e-02
4.193760947269067202e-02
4.205428364829353477e-02
4.217114686577892041e-02
4.228703073540311663e-02
4.240425092182278227e-02
4.252047365792117201e-02
4.263685580218926768e-02
4.275457312245754815e-02
4.287126446345772973e-02
4.298810092389016013e-02
4.310507874426536268e-02
4.322219204132034948e-02
4.333943788695724525e-02
4.345680969126751447e-02
4.357430591215273596e-02
4.369191945535998156e-02
4.380842678848797384e-02
4.392625985037703490e-02
4.404296996795586949e-02
4.416100719723400209e-02
4.427790475898019801e-02
4.439613199779469943e-02
4.451320222606149069e-02
4.463034999174522732e-02
4.474757395772799295e-02
4.486486913436246032e-02
4.498223387580804061e-02
4.509966423340416863e-02
4.521715855360062403e-02
4.533471266779390274e-02
4.545232580119026172e-02
4.556999302994390461e-02
4.568641785056776206e-02
4.580418521580306018e-02
4.592069641540348635e-02
4.603855562862008144e-02
4.615514634411177486e-02
4.627309139166841528e-02
4.638975571736043274e-02
4.650645167532670848e-02
4.662317907769723130e-02
4.673993680193642281e-02
4.685672465244394846e-02
4.697354163549433831e-02
4.709038848789649095e-02
4.720726372967907342e-02
4.732416864334672985e-02
4.743973440722164259e-02
4.755669423130975959e-02
4.767368380221829322e-02
4.778932430337947540e-02
4.790637360703366848e-02
4.802206570840928529e-02
4.813778246138340766e-02
4.825493019125846883e-02
4.837070836271391283e-02
4.848651863450596095e-02
4.860236112484321580e-02
4.871824043283873307e-02
4.883415735405843838e-02
4.895011683858534884e-02
4.906611938924310828e-02
4.918217121497692190e-02
4.929682638395038036e-02
4.941297916692267284e-02
4.952919058827410376e-02
4.964400388483204002e-02
4.976034066959861279e-02
4.987527814334179882e-02
4.999175878601764406e-02
5.010684002061445430e-02
5.022199788010568711e-02
5.033723868752536246e-02
5.045406386479816402e-02
5.056949166469409257e-02
5.068501894284523079e-02
5.080065287158878895e-02
5.091639845421490340e-02
5.103074183882409798e-02
5.114672641351158955e-02
5.126284494013805954e-02
5.137910266289197336e-02
5.149396609919770079e-02
5.161052070631032967e-02
5.172568673637642500e-02
5.184256901810386370e-02
5.195806885126463132e-02
5.207531140064459302e-02
5.219117839515866747e-02
5.230723748722670985e-02
5.242350176186203609e-02
5.253997536493455051e-02
5.265667226339690310e-02
5.277359813380285564e-02
5.289076594379619328e-02
5.300818213460381512e-02
5.312585958007551290e-02
5.324380534951103638e-02
5.336203244351665070e-02
5.347891781310856740e-02
5.359773073144667027e-02
5.371521270365946926e-02
5.383465363944264087e-02
5.395277518578669301e-02
5.407288857872611515e-02
5.419169402130803725e-02
5.431085701841188024e-02
5.443205960885889177e-02
5.455197372155247415e-02
5.467227743599314960e-02
5.479298528262894347e-02
5.491410683954209282e-02
5.503565525226417759e-02
5.515764316312968957e-02
5.528008234580170099e-02
5.540126630413526321e-02
5.552464030203627110e-02
5.564850151524552979e-02
5.577113056529086482e-02
5.589600217460276993e-02
5.602140142472129131e-02
5.614558749771302731e-02
5.627031585082584164e-02
5.639736251055032373e-02
5.652321963983118758e-02
5.664965652083155806e-02
5.677846979219140777e-02
5.690611383358115671e-02
5.703438061552219829e-02
5.716328012430604150e-02
5.729282816325667604e-02
5.742303743967878266e-02
5.755392065719110856e-02
5.768549287300667183e-02
5.781593766678456287e-02
5.794891996119563154e-02
5.808263192380229423e-02
5.821523902477815371e-02
5.835044304933766773e-02
5.848455681580822657e-02
5.862130765866950532e-02
5.875698288182950452e-02
5.889533631063512131e-02
5.903262792795210823e-02
5.917074680765072731e-02
5.931160140503386607e-02
5.945141932033615184e-02
5.959210292033824408e-02
5.973366784078404379e-02
5.987612568382447154e-02
6.001949202512514570e-02
6.016377664145496768e-02
6.030899615536886721e-02
6.045516158823661251e-02
6.060033247776883819e-02
6.074842483306867186e-02
6.089750598974751766e-02
6.104560866696222970e-02
6.119669596931359007e-02
6.134681768645349614e-02
6.149996397669781067e-02
6.165215539818826029e-02
6.180741287621023539e-02
6.196172620030926392e-02
6.211711869246815815e-02
6.227563109623465015e-02
6.243321955521492078e-02
6.259191972798468229e-02
6.275174741256910049e-02
6.291271086625893627e-02
6.307482467529448855e-02
6.323809778905226109e-02
6.340254521929578058e-02
6.356817516230091336e-02
6.373290356292539427e-02
6.390092997917093398e-02
6.407017640615701726e-02
6.424064999968524814e-02
6.441023566798600997e-02
6.458319388596807376e-02
6.475526896990113634e-02
6.493075433504691407e-02
6.510536096412605778e-02
6.528124271605457996e-02
6.546059020427667796e-02
6.563906258162724439e-02
6.581884162857712384e-02
6.599993508853436996e-02
6.618456514733342400e-02
6.636832578170931418e-02
6.655342806079994622e-02
6.673988127614398358e-02
6.692769450400581910e-02
6.711687486069983777e-02
6.730516749367192186e-02
6.749709820683255646e-02
6.769041919415989816e-02
6.788513796785684840e-02
6.807896404267080315e-02
6.827649106885749775e-02
6.847543773471509443e-02
6.867348258123831539e-02
6.887527758327979810e-02
6.907616540116301440e-02
6.927847922490924792e-02
6.948458247377101160e-02
6.968977043581081610e-02
6.989639510680560608e-02
7.010446651768295623e-02
7.031638453429611690e-02
7.052736534308624849e-02
7.073980144989792940e-02
7.095369757759979745e-02
7.116905419938679422e-02
7.138587699144549603e-02
7.160416564139336637e-02
7.182392576878957047e-02
7.204267777589884458e-02
7.226537162791829561e-02
7.248954073502884843e-02
7.271518523996327310e-02
7.293978754522052743e-02
7.316837545827689637e-02
7.339589913577043712e-02
7.362742908659085372e-02
7.385787375264013521e-02
7.409234319379984224e-02
7.432570314337298700e-02
7.456051270377260509e-02
7.479937519829664427e-02
7.503708941297894397e-02
7.527624539894921252e-02
7.551684141377607018e-02
7.575887282996504601e-02
7.600499490673665037e-02
7.624989618685899806e-02
7.649622091866274676e-02
7.674396391048428356e-02
7.699041560497911496e-02
7.724096696387434957e-02
7.749291855561725451e-02
7.774626498610141823e-02
7.800099971264998211e-02
7.825435113916219543e-02
7.851182574636351996e-02
7.877066393973701508e-02
7.902806099387452154e-02
7.928958994502158242e-02
7.954963687983494791e-02
7.981382036570303096e-02
8.007647674802771676e-02
8.034041746158245012e-02
8.060850129483616844e-02
8.087499080118447370e-02
8.114273073854448570e-02
8.141171015196997651e-02
8.168483532455324270e-02
8.195626887214438328e-02
8.222890368394832061e-02
8.250272483929818601e-02
8.277772249662067316e-02
8.305387921146235863e-02
8.333118112560777835e-02
8.360961430144434048e-02
8.388614111491662917e-02
8.416677911658675126e-02
8.444850060875405684e-02
8.473129132564501120e-02
8.501206023670646039e-02
8.529692602360690323e-02
8.558281104004712703e-02
8.586658311568587387e-02
8.615444157068891107e-02
8.644012381488846986e-02
8.672672855006088866e-02
8.701740343732260186e-02
8.730580928600530088e-02
8.759827505717557306e-02
8.788840451205126580e-02
8.817935947145465192e-02
8.847112168870700788e-02
8.876366984774779201e-02
8.906024976797674575e-02
8.935432327018161258e-02
8.964912354492725333e-02
8.994462795258331700e-02
9.024081668219358088e-02
9.053767016362965214e-02
9.083181724622804709e-02
9.112991716351769023e-02
9.142861870794073698e-02
9.172789713135313938e-02
9.202773273594422321e-02
9.232468140904756537e-02
9.262554864366015495e-02
9.292690588468548174e-02
9.322527111664646871e-02
9.352753053809377548e-02
9.382672635117020321e-02
9.412980173426664654e-02
9.442973979660965189e-02
9.473354438495824870e-02
9.503414143266963876e-02
9.533502449451390637e-02
9.563975705806708472e-02
9.594116914065511925e-02
9.624280900212760226e-02
9.654465080177378200e-02
9.684667797604580575e-02
9.714886458297737615e-02
9.745486370211155214e-02
9.775732979905152331e-02
9.805990026375101254e-02
9.836255134709921688e-02
9.866153944346825466e-02
9.896428140404987805e-02
9.926705017326267755e-02
9.956982448573700739e-02
9.987258899171748416e-02
1.001753218127235806e-01
1.004741932937327636e-01
1.007768015549154600e-01
1.010793319432542470e-01
1.013779017422771628e-01
1.016802094371289517e-01
1.019784956485529359e-01
1.022805177751360262e-01
1.025784605331435118e-01
1.028801431576751857e-01
1.031776870080195196e-01
1.034750077503556881e-01
1.037760709752380828e-01
1.040729159204337728e-01
1.043695002333573929e-01
1.046658135583790478e-01
1.049658911812971912e-01
1.052616524571726581e-01
1.055571158259783343e-01
1.058522757412772158e-01
1.061471233053926100e-01
1.064416524643818085e-01
1.067358574541759225e-01
1.070297344245931537e-01
1.073232778812527877e-01
1.076164854213428196e-01
1.079051559743279126e-01
1.081976680810355362e-01
1.084898370470604168e-01
1.087816639869574054e-01
1.090688909621370800e-01
1.093600197534361912e-01
1.096508099051764357e-01
1.099369613504548315e-01
1.102270689482688498e-01
1.105125153811893912e-01
1.108019602646302670e-01
1.110867245313786195e-01
1.113755296844320397e-01
1.116596377147834884e-01
1.119478348165674347e-01
1.122313232352930290e-01
1.125145102574730688e-01
1.128018608278250484e-01
1.130844936326739075e-01
1.133668598300745234e-01
1.136489756615748081e-01
1.139308527960756767e-01
1.142125108596779570e-01
1.144939629570461831e-01
1.147797906872243395e-01
1.150609031075800343e-01
1.153372706575480772e-01
1.156180873414310306e-01
1.158987926784587619e-01
1.161794114546266798e-01
1.164599632692546322e-01
1.167404737724088148e-01
1.170209658822208842e-01
1.172967606036462579e-01
1.175772761317119969e-01
1.178578488160732796e-01
1.181337614351031934e-01
1.184145190735225867e-01
1.186954206558511749e-01
1.189716988011462195e-01
1.192529622267185369e-01
1.195296333805190153e-01
1.198113830283323855e-01
1.200885725105161755e-01
1.203709402658844074e-01
1.206487842471433425e-01
1.209269995501019573e-01
1.212105417773803318e-01
1.214896201274728027e-01
1.217691774779568747e-01
1.220492515846763049e-01
1.223348651801414028e-01
1.226161062386968426e-01
1.228979787742780078e-01
1.231805268586267932e-01
1.234637894477190467e-01
1.237478065846656788e-01
1.240326259130781622e-01
1.243182866221350102e-01
1.246048330024852047e-01
1.248923084329023603e-01
1.251807551434766519e-01
1.254702167527096124e-01
1.257607395103377823e-01
1.260471735340139565e-01
1.263399420509505044e-01
1.266339076819234521e-01
1.269291224334422041e-01
1.272203660724952889e-01
1.275182006150286373e-01
1.278174280698305965e-01
1.281127808796844458e-01
1.284149219547857379e-01
1.287132526629999330e-01
1.290185084632514689e-01
1.293200203356373590e-01
1.296285915878964690e-01
1.299334854810350048e-01
1.302401431639791385e-01
1.305540639089265709e-01
1.308644129807133016e-01
1.311766745596668893e-01
1.314964145881537816e-01
1.318126856180460438e-01
1.321310295071823349e-01
1.324514999855675723e-01
1.327797350601755688e-01
1.331046410908225119e-01
1.334318374869041812e-01
1.337613758733844360e-01
1.340933121267668671e-01
1.344277023677398208e-01
1.347645988556391006e-01
1.351040580415759085e-01
1.354461356674854788e-01
1.357908847540442721e-01
1.361383628955532277e-01
1.364828272324604963e-01
1.368359067796757200e-01
1.371918808329354311e-01
1.375508056592856798e-01
1.379127391949190318e-01
1.382718377542596633e-01
1.386399299255792195e-01
1.390111963884167745e-01
1.393797327339127423e-01
1.397574960212597528e-01
1.401326009150397345e-01
1.405170839495194779e-01
1.409050231632909544e-01
1.412904060457669253e-01
1.416793104108738932e-01
1.420779077555628378e-01
1.424740494275679725e-01
1.428800401578201873e-01
1.432836437414257980e-01
1.436910492997849897e-01
1.441085374571362820e-01
1.445237349635138946e-01
1.449429008955165910e-01
1.453660899817913466e-01
1.457996755198694705e-01
1.462310984778990575e-01
1.466667065975968132e-01
1.471065598311391553e-01
1.475507040850942697e-01
1.479992021772265354e-01
1.484521007370261936e-01
1.489094594486700951e-01
1.493713274994889484e-01
1.498377638474592266e-01
1.503088164094597834e-01
1.507845387517163793e-01
1.512649837226333061e-01
1.517502076388584087e-01
1.522402581189780668e-01
1.527351897686429483e-01
1.532283126791267325e-01
1.537331292349569389e-01
1.542429749005905792e-01
1.547579059892453257e-01
1.552711153088572327e-01
1.557963349137207187e-01
1.563198757327628197e-01
1.568555811035114989e-01
1.573966165179100929e-01
1.579360332784195409e-01
1.584878416343762086e-01
1.590380666317837421e-01
1.596008350427920719e-01
1.601620509361621758e-01
1.607359618614925267e-01
1.613083451695720982e-01
1.618863566083346972e-01
1.624773034939812899e-01
1.630667462864402173e-01
1.636619555005525417e-01
1.642703159608804864e-01
1.648772091563864561e-01
1.654899861055995902e-01
1.661086909637214670e-01
1.667333580681810423e-01
1.673715467054309181e-01
1.680082846138370445e-01
1.686510985195144308e-01
1.693000188625885249e-01
1.699550801210432116e-01
1.706163165520274416e-01
1.712837618304766385e-01
1.719574390357877514e-01
1.726373922317102627e-01
1.733236387280770174e-01
1.740162143140882856e-01
1.747151439955497432e-01
1.754204567173019980e-01
1.761241700414263589e-01
1.768422715427688530e-01
1.775668249195681558e-01
1.782978485463009022e-01
1.790353659384334994e-01
1.797711912371263154e-01
1.805217088525886693e-01
1.812787784160367344e-01
1.820340826154306646e-01
1.828042489159583395e-01
1.835810069125864141e-01
1.843559079770577813e-01
1.851458304252065201e-01
1.859338240715111557e-01
1.867369393276780976e-01
1.875380518151146814e-01
1.883543821779867233e-01
1.891686196492309291e-01
1.899893996593263190e-01
1.908255315827129539e-01
1.916594294030829204e-01
1.925087597534722861e-01
1.933557476537353104e-01
1.942092474425928528e-01
1.950692427231297266e-01
1.959448146556024839e-01
1.968178041045419158e-01
1.976972455384545524e-01
1.985831138153296704e-01
1.994846809283875866e-01
2.003833881498716107e-01
2.012884530349194623e-01
2.021998438509576557e-01
2.031175394692244507e-01
2.040414995350869620e-01
2.049716935205924406e-01
2.059080816090472776e-01
2.068506225147146993e-01
2.077992811696875441e-01
2.087540036997356796e-01
2.097147507523547671e-01
2.106814702983101639e-01
2.116541151249060060e-01
2.126226050954375391e-01
2.136068765372605704e-01
2.145969010569491464e-01
2.155926249175861009e-01
2.165939762447961492e-01
2.175905985813592347e-01
2.186029592660420351e-01
2.196207485043686070e-01
2.206334232855083621e-01
2.216617896352832962e-01
2.226953527116845022e-01
2.237233933080974291e-01
2.247670520527294824e-01
2.258049082713219635e-01
2.268583190128587446e-01
2.279056338151435324e-01
2.289684434053071427e-01
2.300248413112579993e-01
2.310966646821444592e-01
2.321617606243867038e-01
2.332421935999637597e-01
2.343155748601723765e-01
2.353929039263243095e-01
2.364854407484762444e-01
2.375704047156168286e-01
2.386589896693199486e-01
2.397626213959088426e-01
2.408581521811339332e-01
2.419569470593664895e-01
2.430588820562090691e-01
2.441756338682185834e-01
2.452835365023564307e-01
2.463942055205869952e-01
2.475075119316355876e-01
2.486233242314413450e-01
2.497415111316991787e-01
2.508619337135888361e-01
2.519844624231447616e-01
2.531089516263791417e-01
2.542476479504723330e-01
2.553632773421440905e-01
2.564928339980368510e-01
2.576238036602505610e-01
2.587560314753036828e-01
2.598893869255584077e-01
2.610237211589485073e-01
2.621588951031033621e-01
2.632947592380787682e-01
2.644311700567301138e-01
2.655549458660272921e-01
2.666919445783569320e-01
2.678290517121306724e-01
2.689661224498117731e-01
2.700897149679439280e-01
2.712262159329866251e-01
2.723622470952068997e-01
2.734976658332438637e-01
2.746187635904829838e-01
2.757524616157236430e-01
2.768714228944567091e-01
2.780028378185571691e-01
2.791329381052228831e-01
2.802476749163705372e-01
2.813746597400485494e-01
2.824858812229650851e-01
2.836092137160674542e-01
2.847163894781878368e-01
2.858213156745782468e-01
2.869381709577676354e-01
2.880382793683770593e-01
2.891502127327731930e-01
2.902450227972678265e-01
2.913369733439630238e-01
2.924405953683240633e-01
2.935265540712780896e-01
2.946093207101335154e-01
2.957036250930877852e-01
2.967797573726227434e-01
2.978523935515664522e-01
2.989214383817384579e-01
2.999867955137479614e-01
3.010635505537717638e-01
3.021213489372743810e-01
3.031752115691039307e-01
3.042250645138502296e-01
3.052708342766827232e-01
3.063124605802141631e-01
3.073498711739943157e-01
3.083830093136790129e-01
3.094118347561177207e-01
3.104362693108591587e-01
3.114562915172595092e-01
3.124718512490757827e-01
3.134829149124688796e-01
3.144894394753016131e-01
3.154914130191386890e-01
3.164888008728319324e-01
3.174815978082149437e-01
3.184535137526037230e-01
3.194370305172204993e-01
3.204159264207608326e-01
3.213902215368044657e-01
3.223599014054633893e-01
3.233084130661380562e-01
3.242688697668206221e-01
3.252247863691822283e-01
3.261594074564444501e-01
3.271062612929154789e-01
3.280486516497881921e-01
3.289696895617809091e-01
3.299032536564233120e-01
3.308325185903593924e-01
3.317403903702654255e-01
3.326611621330430868e-01
3.335605537111365759e-01
3.344731062946293410e-01
3.353643106536912666e-01
3.362689564199992653e-01
3.371522975546723533e-01
3.380493795470906893e-01
3.389252159001000519e-01
3.398151191797667003e-01
3.406838599211731711e-01
3.415491951003449267e-01
3.424290828266225994e-01
3.432879944723844501e-01
3.441438294147799448e-01
3.450147913314882686e-01
3.458649508445418297e-01
3.467124520126653175e-01
3.475574051333104042e-01
3.484182550580005033e-01
3.492586295768131954e-01
3.500969141650820959e-01
3.509332408750662768e-01
3.517677861996568733e-01
3.526192550114057855e-01
3.534507439695644404e-01
3.542809111064367245e-01
3.551099502081984660e-01
3.559380049201555374e-01
3.567652692330323672e-01
3.575919072389051045e-01
3.584181091083755710e-01
3.592440438846089545e-01
3.600699111242699479e-01
3.608958791279562872e-01
3.617221459838503295e-01
3.625488917772154984e-01
3.633763088250716589e-01
3.642045858947955406e-01
3.650339312980187545e-01
3.658450075668981394e-01
3.666770081898638733e-01
3.675106554482025500e-01
3.683461583222535363e-01
3.691837156750352178e-01
3.700235443768353782e-01
3.708459501446553230e-01
3.716908692048723206e-01
3.725386656809111519e-01
3.733695055375636507e-01
3.742236321651520314e-01
3.750812810114161344e-01
3.759223883301172076e-01
3.767876173172243215e-01
3.776569773703277177e-01
3.785102509309143382e-01
3.793884605748072403e-01
3.802508860386248912e-01
3.811387818419685325e-01
3.820318773071404994e-01
3.829096202339580812e-01
3.838136682970232916e-01
3.847026537516387013e-01
3.856184997563211203e-01
3.865195723949828022e-01
3.874269802126160123e-01
3.883620588066953871e-01
3.892828178913544934e-01
3.902317973943404406e-01
3.911667278540927883e-01
3.921090043405315306e-01
3.930803501969494795e-01
3.940380476496956330e-01
3.950037213312232454e-01
3.959992647151104328e-01
3.969815700795721880e-01
3.979724480669835640e-01
3.989721228103493278e-01
4.000027589236145875e-01
4.010206573873613123e-01
4.020479266467587576e-01
4.030847677876543966e-01
4.041313561275506339e-01
4.051879095620731230e-01
4.062770240973660463e-01
4.073541211073056778e-01
4.084417213733921304e-01
4.095400443515452849e-01
4.106492405515015376e-01
4.117695229936034207e-01
4.129010369620853549e-01
4.140439939394250923e-01
4.151985356413657735e-01
4.163648546504434833e-01
4.175431087827538579e-01
4.187335009000708319e-01
4.199361776700533122e-01
4.211513267137410588e-01
4.223790814378076131e-01
4.235959636818565910e-01
4.248493580833416772e-01
4.261158745824672467e-01
4.273956397490862313e-01
4.286888349507113061e-01
4.299955719953039157e-01
4.312918266295452385e-01
4.326260395669915271e-01
4.339742618438443555e-01
4.353366145211275406e-01
4.366886682716919488e-01
4.380795890320473562e-01
4.394850576094338490e-01
4.409051802029775313e-01
4.423151114828706709e-01
4.437648299899273341e-01
4.452043986503405604e-01
4.466841905349506203e-01
4.481792568703085178e-01
4.496641832232173286e-01
4.511899782101039258e-01
4.527056219430556361e-01
4.542625468427366475e-01
4.558092920081589505e-01
4.573977178158918910e-01
4.589759189815285079e-01
4.605961808775013711e-01
4.622061677038801775e-01
4.638585820739414278e-01
4.655006282199833367e-01
4.671854674315464862e-01
4.688598275068645016e-01
4.705773294801572360e-01
4.722842212330020661e-01
4.740073914715458026e-01
4.757741771959531074e-01
4.775301267126690341e-01
4.793024416206220217e-01
4.811188342656780303e-01
4.829240952205257065e-01
4.847457797851831285e-01
4.865839013697060289e-01
4.884666360970376098e-01
4.903377429794929521e-01
4.922252671658739476e-01
4.941291944775261236e-01
4.960495130102201555e-01
4.980150195600974161e-01
4.999681465673837533e-01
5.019375434418023030e-01
5.039231681164082488e-01
5.059249740119003969e-01
5.079428970134750587e-01
5.099768675581339838e-01
5.120268015513398385e-01
5.140926379356504095e-01
5.161742736402248344e-01
5.182716199842379856e-01
5.203845546114886922e-01
5.225129948139111136e-01
5.246567990408490534e-01
5.268158668426755620e-01
5.289900496738108027e-01
5.311792197985664155e-01
5.333832019208286646e-01
5.356018724238075235e-01
5.378350336937837151e-01
5.400825545694876162e-01
5.423442153879884930e-01
5.445877811823222059e-01
5.468770364880874979e-01
5.491798724364608253e-01
5.514960638140236071e-01
5.538254109458938812e-01
5.561347641622891302e-01
5.584895091380381871e-01
5.608566716450502643e-01
5.632360150394324361e-01
5.655937067294789511e-01
5.679964103381817120e-01
5.704104493627079053e-01
5.728355460269063393e-01
5.752371775985718472e-01
5.776833126739070456e-01
5.801050269810544835e-01
5.825709328076388305e-01
5.850462978678130366e-01
5.874957193242423825e-01
5.899888288949600712e-01
5.924549335560781449e-01
5.949643454891974104e-01
5.974814423539447361e-01
5.999698761320725326e-01
6.025010163518801365e-01
6.050023280030651929e-01
6.075458947294624101e-01
6.100584485611107999e-01
6.125759133712216364e-01
6.151348856420918443e-01
6.176610390845903575e-01
6.202281855107429909e-01
6.227612562178225231e-01
6.253347671652962347e-01
6.278729471934545447e-01
6.304128675186638775e-01
6.329924047908433993e-01
6.355346176449701012e-01
6.380771651351835327e-01
6.406584176517551299e-01
6.432003517883752020e-01
6.457411409811706360e-01
6.482802759596822950e-01
6.508568544094792685e-01
6.533913762619462107e-01
6.559227368172487749e-01
6.584504070622283489e-01
6.610142244081936846e-01
6.635331909820484375e-01
6.660469141182363551e-01
6.685548941981066529e-01
6.710565997853416009e-01
6.735515365392754639e-01
6.760806259404297247e-01
6.785606677216945437e-01
6.810324240806258089e-01
6.834953418926745794e-01
6.859489411497982081e-01
6.883926989280602093e-01
6.908261260657225789e-01
6.932487083441013498e-01
6.956599550503411722e-01
6.980593755181487836e-01
7.004464793528935029e-01
7.028207892602706952e-01
7.051818349189371560e-01
7.075291501188237797e-01
7.098622573769408639e-01
7.121807193206024511e-01
7.144840592497059273e-01
7.167718780369078946e-01
7.189990793700772320e-01
7.212543820784029780e-01
7.234929067032705996e-01
7.257142180896882788e-01
7.279179332748698661e-01
7.301036952736149610e-01
7.322710982619391462e-01
7.343739746661577250e-01
7.365034732349240443e-01
7.386136289662427190e-01
7.407040654390905088e-01
7.427280218130498657e-01
7.447780120346169097e-01
7.468074286157879715e-01
7.488159906313325287e-01
7.507563126303645751e-01
7.527222798192665376e-01
7.546666890827607999e-01
7.565416855481505998e-01
7.584421843875842617e-01
7.603205126156376004e-01
7.621284544965272190e-01
7.639618486429313737e-01
7.657242458979850452e-01
7.675121562800995001e-01
7.692772134648029336e-01
7.709705441601369946e-01
7.726895203624141173e-01
7.743363514043047902e-01
7.760090047615846309e-01
7.776091766694438467e-01
7.792354184736363099e-01
7.807889116300733567e-01
7.823687595583226351e-01
7.838756349468417595e-01
7.854092347087991977e-01
7.868697076596643525e-01
7.883573357704437568e-01
7.897717513971110881e-01
7.911631990724614649e-01
7.925825528948968746e-01
7.939286423393172587e-01
7.952522375237335295e-01
7.966045186045896953e-01
7.978837382529788691e-01
7.991922675799258968e-01
8.004278810490323970e-01
8.016419393975283691e-01
8.028347228153670523e-01
8.040582026586244879e-01
8.052092589884016771e-01
8.063397805037566535e-01
8.075021774047933532e-01
8.085926181860734197e-01
8.096634229906306546e-01
8.107148806926903761e-01
8.117473381405220234e-01
8.128137341197915200e-01
8.138092716768673407e-01
8.147868021862070265e-01
8.157467100014624828e-01
8.166893341808335594e-01
8.176150702227552580e-01
8.185242750089425368e-01
8.194706895437291472e-01
8.203481121519103914e-01
8.212102009707037409e-01
8.220573347858814994e-01
8.228899415806593121e-01
8.237084161573110519e-01
8.245131925740765144e-01
8.253046736957792007e-01
8.260833002688224846e-01
8.268494816658078506e-01
8.276036607454947402e-01
8.283462537883923282e-01
8.290777115209080339e-01
8.297984524374468762e-01
8.305089287312413804e-01
8.312095605528747599e-01
8.319008007281395445e-01
8.325830719822696624e-01
8.332568266597716322e-01
8.338674652858194536e-01
8.345254004303942486e-01
8.351761134549203769e-01
8.358200546154593846e-01
8.364576349674341937e-01
8.370893044107395875e-01
8.377154632914193266e-01
8.382809725706653614e-01
8.388973299472254341e-01
8.395094630507961009e-01
8.401177770983715432e-01
8.407227034779964914e-01
8.412686289969578679e-01
8.418678811965981668e-01
8.424649452831640684e-01
8.430602121374647373e-01
8.435977746225402640e-01
8.441905367178041963e-01
8.447826481825604361e-01
8.453179490339346458e-01
8.459097947723215327e-01
8.465021214630862323e-01
8.470384688030796472e-01
8.476326916342928897e-01
8.482284035183804694e-01
8.487689541991417785e-01
8.493686167689852295e-01
8.499136103221137661e-01
8.505184999964526815e-01
8.511265325326081710e-01
8.516805745396067717e-01
8.522956958396182836e-01
8.528572379180180407e-01
8.534805987339501021e-01
8.540507788888607177e-01
8.546834799171009189e-01
8.552633816305537096e-01
8.559064818957848875e-01
8.564970887020258994e-01
8.571515517644596738e-01
8.577538227720480357e-01
8.584205515874202552e-01
8.590353541536623894e-01
8.596567101998860982e-01
8.603433445677539648e-01
8.609784373050968220e-01
8.616793643377953504e-01
8.623289161478477904e-01
8.629858992239072268e-01
8.637095096577945830e-01
8.643819082823425148e-01
8.650622081458745338e-01
8.658097881559665421e-01
8.665063159098294054e-01
8.672110940630343157e-01
8.679837791779348999e-01
8.687054384065809876e-01
8.694356491695314215e-01
8.701744730649639825e-01
8.709819284967380559e-01
8.717383095961480644e-01
8.725035081425234207e-01
8.732775638579517441e-01
8.741208446597396042e-01
8.749128373466346087e-01
8.757137867029343159e-01
8.765237255583796516e-01
8.773426400574346751e-01
8.782313581700907923e-01
8.790683500739515654e-01
8.799142948915019691e-01
8.807691727618974786e-01
8.816329573042436252e-01
8.825056159656810006e-01
8.833871003164988078e-01
8.842773291846607320e-01
8.851762779696690231e-01
8.861456089256509738e-01
8.870618497297314553e-01
8.879865436029764636e-01
8.889196102987677595e-01
8.898609349854308403e-01
8.908104468521844677e-01
8.917680201750335378e-01
8.927335280383373872e-01
8.937068346214266379e-01
8.946878217935082533e-01
8.956763445154506398e-01
8.966722434096920935e-01
8.976753835861071007e-01
8.986856012052426568e-01
8.996394103285757504e-01
9.006631505489897105e-01
9.016934331463559715e-01
9.027300569824135978e-01
9.037728360972964170e-01
9.048216076333308600e-01
9.058761264953264503e-01
9.069362048620757122e-01
9.080015850475532391e-01
9.090077092063545416e-01
9.100829562269387996e-01
9.111628526310479037e-01
9.122471586070173277e-01
9.133356377533818904e-01
9.144280350448595884e-01
9.154589934036237997e-01
9.165583560732618595e-01
9.176608596345956492e-01
9.187662800522243822e-01
9.198087192133027612e-01
9.209189759764344618e-01
9.220312992473811420e-01
9.231454169229345030e-01
9.241949415288619463e-01
9.253116564465173610e-01
9.264292934379593225e-01
9.274811025293780986e-01
9.285995824760414630e-01
9.297181064465462885e-01
9.307695197357519490e-01
9.318870858440214677e-01
9.330037365662774418e-01
9.340520147998837563e-01
9.351658499749243569e-01
9.362104904334904720e-01
9.373203445536469891e-01
9.384278302311261921e-01
9.394647186644826675e-01
9.405663022031436338e-01
9.415964447212333832e-01
9.426909064830185647e-01
9.437130436766456576e-01
9.447991509066787641e-01
9.458120530178371066e-01
9.468885353797690252e-01
9.478909497012036889e-01
9.489565753474277221e-01
9.499472791412035821e-01
9.510008149749030748e-01
9.519785829368042629e-01
9.530188371908696610e-01
9.539824854150997790e-01
9.550082727187203524e-01
9.559566240804155957e-01
9.569667537125678969e-01
9.578986442753968378e-01
9.588218523322136200e-01
9.598063201171803671e-01
9.607113982036123989e-01
9.616069500257337088e-01
9.625633229571590732e-01
9.634391197648897176e-01
9.643754615983781697e-01
9.652304929131221289e-01
9.660747452871177865e-01
9.669791248729719957e-01
9.678011766351091172e-01
9.686116878253800966e-01
9.694104956578777355e-01
9.702689498468571871e-01
9.710437456751375151e-01
9.718061549455507819e-01
9.725560218793930511e-01
9.733651665379960960e-01
9.740894453069506298e-01
9.748005903304488573e-01
9.754984796201040531e-01
9.762553383477469149e-01
9.769262550294506298e-01
9.775834038721301633e-01
9.782266676291323515e-01
9.788558722688481817e-01
9.795438998860277469e-01
9.801447685054786030e-01
9.807312585240582914e-01
9.813032448400882402e-01
9.818606602752006918e-01
9.824033920519547047e-01
9.829314148297200182e-01
9.834445967735568894e-01
9.840166012650295446e-01
9.845000516614105246e-01
9.849685361736107980e-01
9.854219902508420947e-01
9.858604191578478337e-01
9.862837643506857654e-01
9.866920423271717810e-01
9.870852055839987038e-01
9.874633316224771251e-01
9.878263505184479154e-01
9.881743401469124111e-01
9.885072754826497166e-01
9.888252284118727031e-01
9.891282128688965170e-01
9.894163040852126390e-01
9.896895245252592677e-01
9.899479875193903933e-01
9.901917114539067200e-01
9.904208471014593895e-01
9.906354005345527902e-01
9.908355304960598797e-01
9.910212894132464090e-01
9.911928154911325839e-01
9.912748008282104006e-01
9.914181477940348097e-01
9.915475725306595045e-01
9.916632877499123033e-01
9.917653824790244599e-01
9.918540462488872889e-01
9.919293759100215047e-01
9.919157760068402219e-01
9.919649242301520342e-01
9.920012836212394047e-01
9.920249903667864855e-01
9.920362481430634594e-01
9.920352073143166027e-01
9.919459862654259608e-01
9.919209043500983869e-01
9.918841476946563818e-01
9.918358608807138488e-01
9.917000050685644830e-01
9.916292855230344205e-01
9.915477025944764433e-01
9.914554299346860500e-01
9.912762524852466450e-01
9.911632525613965905e-01
9.910402663131585577e-01
9.909074759774253449e-01
9.906885143910725278e-01
9.905368006387873514e-01
9.903760149517575329e-01
9.901296011786412388e-01
9.899512879123611997e-01
9.897645667499425093e-01
9.894928571178361887e-01
9.892900289376500567e-01
9.890026255410266920e-01
9.887846469382809422e-01
9.885594894353864071e-01
9.882503398519760784e-01
9.880114714350831662e-01
9.876890313799187027e-01
9.874374109053651871e-01
9.871797710743700494e-01
9.868392263654816032e-01
9.865702657192563230e-01
9.862188216599778734e-01
9.859394889605327394e-01
9.855780900220051377e-01
9.852893233703685638e-01
9.849189023837549017e-01
9.846216268011205308e-01
9.842431050134211601e-01
9.839382328570061009e-01
9.835525136139611213e-01
9.832409397930983452e-01
9.828489117217957816e-01
9.825315123118176786e-01
9.821340430499242435e-01
9.818116750818434157e-01
9.814096108025687215e-01
9.810831101592516479e-01
9.806772744393860153e-01
9.802698239426026472e-01
9.799386421155724669e-01
9.795286079968780202e-01
9.791952714636714683e-01
9.787834153774898072e-01
9.783709362190400327e-01
9.780357254734503014e-01
9.776225113353838037e-01
9.772091616658555857e-01
9.768736976813648942e-01
9.764606335944838733e-01
9.760479653959848179e-01
9.757136871210673190e-01
9.753022538399445107e-01
9.748916354747961810e-01
9.745599540540006434e-01
9.741514477559209961e-01
9.737442146722220526e-01
9.734163527171302288e-01
9.730120365678514016e-01
9.726093381078053657e-01
9.722084137367722478e-01
9.718874289287833257e-01
9.714903745404533941e-01
9.710953868852201243e-01
9.707026082020715485e-01
9.703120967464050617e-01
9.700021793426092387e-01
9.696165355611167103e-01
9.692334658255723490e-01
9.688530103384129788e-01
9.684752861099211740e-01
9.681786307790760659e-01
9.678065604274191935e-01
9.674373843123328376e-01
9.670712010264194136e-01
9.667080267895280521e-01
9.663479522586992942e-01
9.659909846556192781e-01
9.657156756500913097e-01
9.653651089171239041e-01
9.650178064365128039e-01
9.646737586034591638e-01
9.643330332620222434e-01
9.639956127802923325e-01
9.636615575236449072e-01
9.633308421760382600e-01
9.630035197842904404e-01
9.626795576207690663e-01
9.623590013827062473e-01
9.620418111980485465e-01
9.617280259236749007e-01
9.614175983983379581e-01
9.611105609633754376e-01
9.608068596427329355e-01
9.605065203592495493e-01
9.602094824368540005e-01
9.599157657658876630e-01
9.596253031635888497e-01
9.593381087001315866e-01
9.590541089982408396e-01
9.587733127356432572e-01
9.584956406113098737e-01
9.582210958603587514e-01
9.579495939980513519e-01
9.576811325767081717e-01
9.574156224851332331e-01
9.571530568291274355e-01
9.568933403527082326e-01
9.566364622598603207e-01
9.563823227073541267e-01
9.560515665083219039e-01
9.558027366351250498e-01
9.555565070111786685e-01
9.553127683485261867e-01
9.550714993094341354e-01
9.548325860381993158e-01
9.545960051196807905e-01
9.542820825638949067e-01
9.540498699515395087e-01
9.538197247589333960e-01
9.535916166914472081e-01
9.533654223806435901e-01
9.530613963623725260e-01
9.528388053824222714e-01
9.526179359625360776e-01
9.523986600310724304e-01
9.521809418773985456e-01
9.518847747750598387e-01
9.516698378716756945e-01
9.514561600474322756e-01
9.512437017530618322e-01
9.509523254085979760e-01
9.507419665316472202e-01
9.505325222279701336e-01
9.502438509389725674e-01
9.500359848682212727e-01
9.498288192051773660e-01
9.496222207974172047e-01
9.493359134605311445e-01
9.491301954324722345e-01
9.489248294558647601e-01
9.486393495969293044e-01
9.484343421747035707e-01
9.482293803024394174e-01
9.479439943820080483e-01
9.477388759503322380e-01
9.475335927919306123e-01
9.472474881063916996e-01
9.470415427998450930e-01
9.467545481281397501e-01
9.465476087713210473e-01
9.463400452554893150e-01
9.460511386112092636e-01
9.458420983288808870e-01
9.455514972201560786e-01
9.453406673304941554e-01
9.450480632587899832e-01
9.448351406193116198e-01
9.446211034219450520e-01
9.443249265056238295e-01
9.441083605866721351e-01
9.438094544906083794e-01
9.435900823467160414e-01
9.432881752013236865e-01
9.430657303722814744e-01
9.427605630885519394e-01
9.425347927150548033e-01
9.422261193230658805e-01
9.419967814627008273e-01
9.416843676482247183e-01
9.414512358419477867e-01
9.411348605789455757e-01
9.408977215416314266e-01
9.405771809439296138e-01
9.403358356487970804e-01
9.400109382352602738e-01
9.396838096107519300e-01
9.394357722876626182e-01
9.391040285416422106e-01
9.388513531812100466e-01
9.385148415730399929e-01
9.381758582130754753e-01
9.379159646216230772e-01
9.375720123114831273e-01
9.373071445995572182e-01
9.369581095810591842e-01
9.366065114432059469e-01
9.363339463376391114e-01
9.359771253601021357e-01
9.356176299673985008e-01
9.353372334273922784e-01
9.349724113113609958e-01
9.346049227372127399e-01
9.343165135518873843e-01
9.339436303439708764e-01
9.335680049862672414e-01
9.332715575141540265e-01
9.328905051673426208e-01
9.325067550772683234e-01
9.322021950438752480e-01
9.318130214969286840e-01
9.314211096469766638e-01
9.310265186716202290e-01
9.307112218103948953e-01
9.303112666887840554e-01
9.299086144422678002e-01
9.295033320823546941e-01
9.291774745136353042e-01
9.287669469345745110e-01
9.283537929420681012e-01
9.279380871139990550e-01
9.275198011595489067e-01
9.271811884810211568e-01
9.267578875225596091e-01
9.263321414041534307e-01
9.259039284278258730e-01
9.254733335587241871e-01
9.251225932673710073e-01
9.246872983015981262e-01
9.242496756839997385e-01
9.238098170902255823e-01
9.233677100428189233e-01
9.229234493725337884e-01
9.224770253182941193e-01
9.221108889694074051e-01
9.216603380070533813e-01
9.212078152758929050e-01
9.207533167527882645e-01
9.202969463104437864e-01
9.198387027383522208e-01
9.193786923424502877e-01
9.189169158977776863e-01
9.184534819644265546e-01
9.179883934211769958e-01
9.175217616199253801e-01
9.170535924906978442e-01
9.166664938507967930e-01
9.161954969675505378e-01
9.157232020199432831e-01
9.152496189427249407e-01
9.147748662677614995e-01
9.142989560383062431e-01
9.138220091535339540e-01
9.133440397071047601e-01
9.128651708267633280e-01
9.123854185177753262e-01
9.119049079604529817e-01
9.114236569717738545e-01
9.109417926885070571e-01
9.104593346291204314e-01
9.099764118180401207e-01
9.094930454769528660e-01
9.090093665282936719e-01
9.084427520201301398e-01
9.079586177099455702e-01
9.074743508118110480e-01
9.069900857597166244e-01
9.065058484719331622e-01
9.060217750241458257e-01
9.055378814397478937e-01
9.050543196967535398e-01
9.045711156377203022e-01
9.040884108164566335e-01
9.036062340190451625e-01
9.031247259330545951e-01
9.025611816061251957e-01
9.020812044152219933e-01
9.016020997642555379e-01
9.011240105151735458e-01
9.006469697432770705e-01
9.001711216918841796e-01
8.996965005687821426e-01
8.991404657332577877e-01
8.986686148113325334e-01
8.981983180381910570e-01
8.977296114872513888e-01
8.972626427296898077e-01
8.967146263770774395e-01
8.962513441995466623e-01
8.957900217001268928e-01
8.953308079359301175e-01
8.948737398982011815e-01
8.943361046211378840e-01
8.938836521042167194e-01
8.934336814458617715e-01
8.929862285173354453e-01
8.924585477774394926e-01
