nan
inf
8.794419480933032048e-04
6.778041093128975509e-04
5.740225826540634388e-04
5.090233530915122409e-04
4.642226358801110732e-04
4.313253638499167566e-04
4.061536660511707859e-04
3.862711169162398074e-04
3.702293604283792222e-04
3.570287486085934204e-04
3.460946628370130027e-04
3.369437601708245920e-04
3.291766787912929026e-04
3.225775930818753842e-04
3.169235702950658792e-04
3.120533911028266268e-04
3.078775376906247923e-04
3.042982201077985165e-04
3.012532592784319735e-04
2.986454943792653336e-04
2.964306523048164236e-04
2.945482831454352118e-04
2.930060972783698819e-04
2.917508626945379481e-04
2.907329969727568807e-04
2.899671428583162924e-04
2.893871167275494463e-04
2.890304820093961172e-04
2.888337915569157751e-04
2.888158263311846764e-04
2.889554121854326233e-04
2.892319644918693285e-04
2.896455119250727493e-04
2.901964564679392370e-04
2.908652119753358991e-04
2.916526827144419920e-04
2.925395216207422855e-04
2.935268534687047342e-04
2.946367061022690239e-04
2.958292763195316034e-04
2.971058709600209917e-04
2.984679435723761173e-04
2.999383502946146316e-04
3.014763912777030123e-04
3.030833910835783887e-04
3.047826071276640305e-04
3.065540924768083353e-04
3.084217224668044468e-04
3.103429079567020287e-04
3.123414976781131811e-04
3.143964328389845875e-04
3.165321710736975370e-04
3.187273190883847156e-04
3.210069964574468657e-04
3.233494501630203690e-04
3.257562003858396112e-04
3.282042054815139829e-04
3.307440243774044495e-04
3.333530320932343114e-04
3.360074543149523408e-04
3.387599262570346144e-04
3.415346241791477125e-04
3.444112295917505927e-04
3.473119198867553057e-04
3.503186248321374353e-04
3.533514187252689885e-04
3.564664588136431641e-04
3.596374836433332265e-04
3.628945759212602248e-04
3.661813864837097101e-04
3.695574690013527408e-04
3.729950964277887028e-04
3.764955516265657345e-04
3.800601382786314279e-04
3.836901992203904091e-04
3.874192871067030073e-04
3.911849670017803946e-04
3.950203772151837807e-04
3.989270101981273742e-04
4.029063980350556747e-04
4.069253001463072608e-04
4.110543986027833199e-04
4.152251379625329685e-04
4.194740010173804911e-04
4.238026947610470116e-04
4.282129805463162609e-04
4.327066595528710185e-04
4.372465737287193938e-04
4.418723330874044469e-04
4.465455178460690463e-04
4.513480772414188978e-04
4.562006502872681824e-04
4.611455948366691149e-04
4.661418466073727427e-04
4.712332067470300246e-04
4.764218211626972859e-04
4.816644777422609278e-04
4.870534779269985277e-04
4.924524874717874307e-04
4.980024453205790166e-04
5.036108771705048899e-04
5.093271956359710301e-04
5.151034692825771444e-04
5.209908496625955277e-04
5.269396816921102355e-04
5.330560436066698838e-04
5.391993992910457285e-04
5.454611375027034652e-04
5.518271681417351955e-04
5.582822638634382661e-04
5.648448378787916321e-04
5.715050035409054542e-04
5.782761244945769374e-04
5.851418163447037095e-04
5.921218211407346501e-04
5.992054821083600763e-04
6.064071205408135467e-04
6.137156759086545956e-04
6.211392731899330680e-04
6.286728872703954349e-04
6.363318670955136255e-04
6.441042750713262292e-04
6.519987983943408612e-04
6.600173211122876320e-04
6.681617504828645622e-04
6.764263993713148185e-04
6.848283131780284966e-04
6.933540864993382666e-04
7.020213730554293683e-04
7.108162350627270608e-04
7.197486068717141037e-04
7.288205444732833316e-04
7.380341218884049021e-04
7.473826058265962404e-04
7.568856089135452382e-04
7.665366007675293190e-04
7.763377382487824090e-04
7.862911989039406786e-04
7.963991767489324823e-04
8.066638919510499099e-04
8.170875711826661386e-04
8.276827223144860501e-04
8.384312984872531937e-04
8.493562931187054188e-04
8.604497624687052534e-04
8.717140355704618279e-04
8.831514484864597635e-04
8.947758337235191478e-04
9.065785164913475270e-04
9.185618898381154402e-04
9.307404963743144775e-04
9.431050710283640347e-04
9.556580435921801760e-04
9.684147098080881895e-04
9.813651541130451270e-04
9.945118472558386272e-04
1.007884467410967910e-03
1.021445459100552228e-03
1.035238922181502342e-03
1.049225767469882768e-03
1.063451722985904197e-03
1.077891059682461756e-03
1.092561552478703768e-03
1.107451064732341631e-03
1.122577964778115073e-03
1.137945691166703313e-03
1.153557697652913671e-03
1.169417470272528020e-03
1.185511404819524894e-03
1.201859465543040099e-03
1.218465164225966332e-03
1.235332038707812573e-03
1.252463633363092325e-03
1.269863509079785470e-03
1.287535228652520987e-03
1.305482373430997666e-03
1.323708517728717582e-03
1.342237568103238961e-03
1.361032861147543549e-03
1.380117915469781294e-03
1.399517825575187068e-03
1.419193534793470593e-03
1.439192079654203101e-03
1.459518301916759749e-03
1.480130600677884243e-03
1.501078560887584732e-03
1.522342915807050083e-03
1.543927168582438433e-03
1.565859894365492430e-03
1.588120401456417962e-03
1.610738198810568065e-03
1.633691596743532459e-03
1.657011059262221116e-03
1.680673838450610306e-03
1.704683211755468868e-03
1.729099827123598346e-03
1.753842348189930045e-03
1.779001734469692854e-03
1.804523631161298073e-03
1.830411040552487904e-03
1.856730095524091254e-03
1.883422831097130183e-03
1.910524863893323230e-03
1.938007279211322086e-03
1.965906780919470919e-03
1.994262606679405615e-03
2.022974722987496993e-03
2.052151834234005982e-03
2.081763367982465175e-03
2.111775904826663011e-03
2.142229621316878857e-03
2.173167484296302000e-03
2.204515988214638799e-03
2.236317150465277209e-03
2.268574553197494521e-03
2.301291657350612325e-03
2.334471788936843227e-03
2.368118127563058860e-03
2.402233686798246459e-03
2.436821332221915815e-03
2.471883736244436316e-03
2.507423398885289759e-03
2.543490726019858629e-03
2.579992509536713739e-03
2.617027785026349550e-03
2.654499232828764349e-03
2.692509155110686930e-03
2.731061658811537347e-03
2.770052958312732398e-03
2.809590474809683155e-03
2.849621771844345480e-03
2.890146982258255323e-03
2.931165918201129612e-03
2.972737191165344874e-03
3.014803049049287996e-03
3.057423697462173171e-03
3.100538567101707946e-03
3.144145828011341015e-03
3.188308094342645616e-03
3.232960319402184389e-03
3.278099520796888284e-03
3.323859256697677192e-03
3.370033998647953537e-03
3.416757769019257429e-03
3.464029723450898560e-03
3.511775067114691375e-03
3.560063178514896037e-03
3.608815745347936609e-03
3.658103921575024849e-03
3.707845749682566871e-03
3.758114189103710021e-03
3.808905456160616241e-03
3.860215332151574648e-03
3.911954273154949653e-03
3.964199020609489657e-03
4.016856023050097493e-03
4.070003954954691701e-03
4.123636134428869914e-03
4.177745377006342881e-03
4.232229844376390535e-03
4.287172283179630471e-03
4.342563939566902384e-03
4.398395535196874054e-03
4.454556521785646081e-03
4.511133953318016178e-03
4.568116941957942739e-03
4.625494069856034111e-03
4.683145692408233716e-03
4.741272977716102892e-03
4.799645703625648151e-03
4.858358012419002579e-03
4.917395837245449805e-03
4.976627776679265133e-03
5.036270485419267959e-03
5.096193426562834264e-03
5.156258055909340027e-03
5.216566430494529519e-03
5.277227888185694049e-03
5.337974113451492662e-03
5.398911600125296840e-03
5.460021957054311467e-03
5.521286419909773868e-03
5.582685801496010611e-03
5.644200580918229578e-03
5.705810830961249858e-03
5.767496363056327617e-03
5.829236618017800790e-03
5.891010806393997060e-03
5.952797813721800134e-03
6.014576359191160099e-03
6.076478031678771326e-03
6.138177007986979870e-03
6.199802407352626374e-03
6.261491887290784354e-03
6.322906227762948791e-03
6.384344799264001467e-03
6.445459519557350005e-03
6.506558477420874495e-03
6.567455454216856656e-03
6.628128369616713596e-03
6.688730300094992628e-03
6.748891301981345230e-03
6.808942146017995557e-03
6.868686129506982978e-03
6.928101840009361426e-03
6.987168161634044021e-03
7.045864190973505012e-03
7.104360411095933005e-03
7.162450078269086418e-03
7.220113338857019926e-03
7.277330645396299161e-03
7.334082941289034145e-03
7.390553951834796971e-03
7.446527638316742005e-03
7.501986252882624981e-03
7.556912600484587232e-03
7.611501532629533912e-03
7.665529927495676535e-03
7.718982139993594942e-03
7.771843206727723115e-03
7.824319385586416681e-03
7.876180772771230673e-03
7.927414105020531149e-03
7.978234453807365664e-03
8.028406853723198122e-03
8.077920105883210772e-03
8.126763555371951941e-03
8.175163888800022344e-03
8.222879746799027778e-03
8.270143629703149632e-03
8.316467753101625462e-03
8.362329194219687151e-03
8.407728013677060949e-03
8.452415061187107045e-03
8.496385066160006688e-03
8.539633487806097198e-03
8.582412796220148174e-03
8.624726293504339850e-03
8.666056172432391388e-03
8.706919869005177309e-03
8.747322355487106849e-03
8.787002021895739048e-03
8.825958558608713173e-03
8.864192351066826556e-03
8.902251413650866946e-03
8.939322791679362237e-03
8.975957604895057340e-03
9.011884743153666597e-03
9.047389065895696317e-03
9.082196162861187055e-03
9.116595964962861259e-03
9.150310777451669056e-03
9.183635500689462869e-03
9.216289096589641572e-03
9.248276982867252582e-03
9.279901306389747029e-03
9.311174275909677236e-03
9.341808066950663819e-03
9.371809408360663035e-03
9.401489671817277877e-03
9.430555843265447241e-03
9.459323733773465984e-03
9.487807091498184908e-03
9.515395258914286988e-03
9.543033151853419840e-03
9.570108512825198019e-03
9.596629799599645794e-03
9.622925667247716336e-03
9.648688710172692237e-03
9.674251664967414496e-03
9.699303383429697112e-03
9.724180682339978593e-03
9.748568610787808342e-03
9.772807934787918621e-03
9.796913532195489910e-03
9.820564746045265872e-03
9.843770684682617844e-03
9.866879853971170095e-03
9.889907078008176172e-03
9.912523952864132556e-03
9.935084599613893536e-03
9.957256651490569224e-03
9.979397999020691787e-03
1.000117228840584523e-02
1.002294104514276848e-02
1.004436394480412963e-02
1.006580615046020859e-02
1.008728190385157347e-02
1.010844470186850717e-02
1.012930277896580480e-02
1.015059298503459551e-02
1.017160219155627265e-02
1.019233814955320706e-02
1.021317880289041719e-02
1.023413749836574703e-02
1.025485325831350727e-02
1.027570944354844196e-02
1.029634082757961699e-02
1.031713444666663461e-02
1.033810291838076732e-02
1.035887462180588164e-02
1.037984208470848872e-02
1.040062933408344992e-02
1.042163260169010064e-02
1.044286386612416906e-02
1.046394049154901647e-02
1.048526441565114653e-02
1.050644857323037272e-02
1.052789870138131668e-02
1.054962597927307927e-02
1.057123663656143325e-02
1.059314218505446464e-02
1.061535338803463319e-02
1.063746961922481388e-02
1.065990830953032417e-02
1.068267983570809522e-02
1.070537655197362041e-02
1.072842199450646343e-02
1.075140377474286674e-02
1.077474958219451148e-02
1.079846903627516320e-02
1.082214261764674786e-02
1.084620428441230612e-02
1.087066332014958829e-02
1.089509282694755415e-02
1.091993326843586354e-02
1.094519358824795445e-02
1.097043936156226127e-02
1.099611777835259561e-02
1.102223746245583995e-02
1.104835631058179862e-02
1.107492836271439275e-02
1.110196191690107810e-02
1.112900700078664137e-02
1.115652475075398081e-02
1.118452315464653866e-02
1.121254426763669022e-02
1.124105653673703256e-02
1.127006761596003465e-02
1.129911138649716817e-02
1.132866373146245408e-02
1.135873213265393630e-02
1.138884191622763567e-02
1.141947687080779351e-02
1.145064407844312120e-02
1.148235071567984059e-02
1.151411053472323892e-02
1.154641807339662658e-02
1.157878106579036254e-02
1.161169958495779711e-02
1.164518026287607831e-02
1.167922979133082309e-02
1.171334371633804897e-02
1.174854758882576573e-02
1.178330560332006144e-02
1.181916638100882419e-02
1.185509875088913180e-02
1.189162610922664225e-02
1.192875463728997922e-02
1.196595736337800232e-02
1.200376697289735548e-02
1.204218944945382140e-02
1.208068763629327816e-02
1.212035026962868071e-02
1.215954370414823286e-02
1.219991316858859420e-02
1.224091788903838157e-02
1.228200322562658132e-02
1.232316410343856257e-02
1.236553042174005738e-02
1.240797607071010208e-02
1.245107042673101495e-02
1.249481880295207244e-02
1.253922658274547568e-02
1.258371288678780328e-02
1.262886150795756134e-02
1.267408372357924258e-02
1.272056840809360559e-02
1.276712896172711373e-02
1.281436417421282468e-02
1.286166923214643147e-02
1.291026439495514960e-02
1.295893088692403293e-02
1.300828316188058255e-02
1.305769959728237881e-02
1.310843312861600940e-02
1.315923153326963024e-02
1.321072545132752178e-02
1.326227589144985362e-02
1.331516972192737895e-02
1.336811987694394056e-02
1.342177400677904003e-02
1.347547484402296554e-02
1.353054469603536154e-02
1.358566014699858805e-02
1.364148649664390089e-02
1.369734753975467706e-02
1.375460238130711554e-02
1.381188985293829372e-02
1.386989358408616778e-02
1.392791767946046158e-02
1.398735944373037145e-02
1.404681849828814943e-02
1.410699744598808286e-02
1.416789947741238335e-02
1.422880302960511864e-02
1.429115535206751039e-02
1.435350475621481429e-02
1.441583831830289993e-02
1.447963430754517326e-02
1.454340908864630577e-02
1.460866221103313337e-02
1.467388827632410721e-02
1.473907310927361283e-02
1.480574879319715258e-02
1.487237636759968992e-02
1.493972552367170067e-02
1.500779814845831263e-02
1.507659606807029533e-02
1.514531884805720742e-02
1.521475845717735337e-02
1.528491631600667651e-02
1.535579374708672881e-02
1.542656586746267433e-02
1.549887992988080963e-02
1.557107851878733115e-02
1.564398855334793795e-02
1.571761079597178146e-02
1.579108847471700702e-02
1.586526672971898949e-02
1.594014576158856930e-02
1.601572574942175531e-02
1.609200677107167424e-02
1.616898878773182641e-02
1.624577505478731407e-02
1.632324847260472472e-02
1.640140849252165814e-02
1.647933761868881214e-02
1.655886194879331932e-02
1.663813990000322790e-02
1.671808721188030450e-02
1.679870262690985952e-02
1.687998481271025739e-02
1.696097323438516130e-02
1.704357714828514184e-02
1.712586944337761777e-02
1.720880718665195042e-02
1.729140002066889906e-02
1.737561475443919964e-02
1.745946505925589226e-02
1.754494722770317747e-02
1.763004465233974916e-02
1.771473170324035229e-02
1.780104961491697085e-02
1.788693555700451854e-02
1.797446131603354022e-02
1.806153279431063977e-02
1.814918778540308003e-02
1.823634951301302681e-02
1.832515217285883916e-02
1.841343760950418795e-02
1.850227461379086100e-02
1.859165880776846025e-02
1.868158574256592250e-02
1.877205085765120546e-02
1.886191915455773943e-02
1.895343807624040242e-02
1.904433358714272689e-02
1.913573091385037742e-02
1.922762475190838496e-02
1.931883698363898866e-02
1.941169914869497748e-02
1.950385133763055806e-02
1.959646064029062218e-02
1.968952115032423372e-02
1.978302695364262537e-02
1.987574668320605392e-02
1.997011604243618607e-02
2.006366912203843764e-02
2.015762494483598621e-02
2.025197704580137745e-02
2.034671900540730924e-02
2.044056460963747379e-02
2.053605731806802323e-02
2.063062192723614033e-02
2.072553130753844453e-02
2.082077854226344407e-02
2.091635679972520326e-02
2.101225915080055101e-02
2.110713379723551039e-02
2.120365403477527180e-02
2.129911360783302843e-02
2.139485027498310571e-02
2.149085700603897350e-02
2.158573394987849114e-02
2.168224983090819361e-02
2.177760239046678398e-02
2.187459912447600047e-02
2.197039894785642045e-02
2.206640697245664320e-02
2.216261607744341930e-02
2.225755820537126881e-02
2.235413879692426872e-02
2.244941872233347652e-02
2.254485221745002391e-02
2.264043251316507840e-02
2.273615279605532141e-02
2.283200650638969598e-02
2.292798703865215476e-02
2.302254658211560709e-02
2.311875134381181224e-02
2.321350217589037562e-02
2.330833417169530034e-02
2.340324133589861619e-02
2.349821763445089293e-02
2.359165469068243495e-02
2.368674171902100667e-02
2.378025765825960564e-02
2.387543323467233858e-02
2.396900633697983743e-02
2.406259509941005223e-02
2.415619465033282121e-02
2.424812487349182685e-02
2.434172131239882922e-02
2.443361852303180259e-02
2.452719417956478187e-02
2.461904134919310622e-02
2.471085239910771753e-02
2.480262360581299980e-02
2.489435157732958551e-02
2.498427372414043293e-02
2.507589505387139081e-02
2.516568358880065526e-02
2.525718707346494285e-02
2.534683158763788649e-02
2.543639543629408820e-02
2.552587673697733969e-02
2.561527379476488675e-02
2.570274084850838678e-02
2.579195462867462166e-02
2.587921488508147794e-02
2.596824160524743158e-02
2.605529226680665042e-02
2.614223231816149157e-02
2.622906175293228739e-02
2.631578088432754911e-02
2.640046021273393523e-02
2.648694977731360159e-02
2.657333139168445782e-02
2.665764410537418624e-02
2.674183014918056836e-02
2.682589144950234608e-02
2.690982990466794095e-02
2.699364795865304145e-02
2.707734802572641514e-02
2.716093309536840236e-02
2.724236831856809496e-02
2.732572191473813319e-02
2.740691094777731457e-02
2.749004747171907015e-02
2.757100560824933891e-02
2.765184930897246485e-02
2.773258300796827003e-02
2.781321163172629021e-02
2.789161541188232840e-02
2.797203822071396562e-02
2.805022532956236853e-02
2.813046441127152117e-02
2.820845763406948717e-02
2.828635768756113111e-02
2.836417088711623916e-02
2.844190392599153794e-02
2.851956353094001195e-02
2.859715695758653989e-02
2.867469125550426573e-02
2.874992928081508692e-02
2.882735706405727821e-02
2.890248216094346706e-02
2.897755715497487769e-02
2.905487914155388887e-02
2.912988987879092453e-02
2.920487588562032527e-02
2.927752396649603225e-02
2.935247557203519292e-02
2.942742896933885077e-02
2.950003867189558010e-02
2.957501252837992436e-02
2.964763943631432835e-02
2.972267190181381372e-02
2.979535468149550545e-02
2.986807453494734130e-02
2.994084176760481580e-02
3.001366632852744964e-02
3.008411485650985470e-02
3.015707405273580083e-02
3.023012206529268955e-02
3.030079178899143175e-02
3.037403789330922130e-02
3.044490469309341779e-02
3.051588085284203181e-02
3.058697714421269864e-02
3.065820473822410824e-02
3.072957457533601749e-02
3.080109805880952567e-02
3.087278625363696835e-02
3.094207142634600866e-02
3.101411189645188193e-02
3.108635157177506644e-02
3.115618779414803391e-02
3.122622323541730457e-02
3.129646919646777298e-02
3.136958567948199689e-02
3.144029906659025209e-02
3.151125793168185057e-02
3.157979052391726715e-02
3.165126346676611080e-02
3.172301671240043003e-02
3.179506229012118296e-02
3.186468121564897671e-02
3.193459234058359381e-02
3.200756079587567526e-02
3.207810261414765357e-02
3.214897123872827167e-02
3.222017856653597301e-02
3.229173599236415809e-02
3.236365531828078179e-02
3.243594797094551813e-02
3.250862584985979298e-02
3.258170022613110506e-02
3.265232026410767874e-02
3.272621018857328062e-02
3.279764416720123282e-02
3.287239555461428375e-02
3.294468895773194211e-02
3.301742273120871624e-02
3.309354552006169015e-02
3.316720648549870837e-02
3.324134164520763796e-02
3.331596190612654690e-02
3.338809051827305863e-02
3.346370138776647019e-02
3.353983055375432676e-02
3.361648875066808317e-02
3.369064716523065967e-02
3.376838290050892394e-02
3.384361409978721424e-02
3.391939101786783234e-02
3.399881629985961051e-02
3.407572902024010031e-02
3.415321863222117033e-02
3.423129527511053344e-02
3.430996913828614908e-02
3.438925032701299622e-02
3.446914884589454692e-02
3.454967465525066173e-02
3.462763678104625875e-02
3.470943277425590778e-02
3.479188551727166456e-02
3.487176167576571534e-02
3.495554247026732425e-02
3.503673734702804354e-02
3.511859845627709337e-02
3.520443454002897266e-02
3.528766957548622185e-02
3.537159791216213517e-02
3.545622839774796586e-02
3.554156977774779180e-02
3.562763077554912533e-02
3.571441995473207537e-02
3.580194582657884872e-02
3.588679903942661870e-02
3.597580820715282068e-02
3.606557904312616969e-02
3.615265616371202140e-02
3.624395908098665409e-02
3.633255330613052725e-02
3.642190992136281474e-02
3.651556176564971917e-02
3.660648106895647569e-02
3.669818499382758448e-02
3.679068065877846155e-02
3.688397527421446997e-02
3.697807575759121806e-02
3.707298902297415794e-02
3.716872190023425004e-02
3.726528106168216364e-02
3.736267314185902355e-02
3.745721687934051164e-02
3.755627730582549589e-02
3.765246845147934146e-02
3.775322192817881506e-02
3.785108431549938368e-02
3.795355486352994245e-02
3.805311146298014785e-02
3.815351492687754642e-02
3.825859535310634912e-02
3.835957313976973843e-02
3.846294705826747845e-02
3.856719212510738987e-02
3.867153405039953917e-02
3.877714105005549555e-02
3.888323682774773304e-02
3.898982037905129178e-02
3.909689066114698658e-02
3.920524385396145783e-02
3.931368785832294044e-02
3.942302041761940046e-02
3.953324539391928072e-02
3.964396032969037115e-02
3.975516299339307280e-02
3.986726132367814091e-02
3.997984655170179480e-02
4.009333003159994829e-02
4.020729888380846634e-02
4.032216804229445811e-02
4.043752042577164474e-02
4.055377457936001906e-02
4.067050915119709703e-02
4.078814634233485920e-02
4.090626046506315450e-02
4.102527748964394927e-02
4.114476733056920271e-02
4.126472556893881483e-02
4.138602018968334101e-02
4.150734394641234642e-02
4.162956657279098110e-02
4.175268921600609057e-02
4.187626839837641640e-02
4.200074544058526177e-02
4.212567225519191910e-02
4.225104292306176151e-02
4.237730497006764879e-02
4.250445865633468295e-02
4.263204665133647070e-02
4.276052230079148420e-02
4.288942339758428091e-02
4.301920754165550892e-02
4.314940772611476627e-02
4.328048572037253294e-02
4.341196963872952230e-02
4.354432553706025916e-02
4.367707660899303179e-02
4.381069316436710798e-02
4.394469351655579115e-02
4.407955224279451467e-02
4.421526805462761001e-02
4.435135161314192331e-02
4.448779415411831251e-02
4.462507918187468003e-02
4.476320478379774981e-02
4.490167146932941972e-02
4.504096959628995506e-02
4.518059442035422119e-02
4.532104101009735292e-02
4.546230674711228270e-02
4.560387915756133198e-02
4.574574786592960213e-02
4.588841724910278086e-02
4.603188413416094832e-02
4.617562551366493490e-02
4.632015277585089380e-02
4.646493743844008761e-02
4.661049581883685428e-02
4.675682428279503283e-02
4.690338613999773393e-02
4.705070514111535374e-02
4.719823914643341001e-02
4.734651687368442163e-02
4.749499070617881069e-02
4.764419433341131327e-02
4.779412347350488893e-02
4.794422197311429268e-02
4.809447715322168193e-02
4.824599008234422420e-02
4.839764481681732566e-02
4.854942800814143061e-02
4.870189193413537732e-02
4.885503133654626323e-02
4.900827042682365242e-02
4.916216902876347633e-02
4.931614561182644241e-02
4.947134482501735347e-02
4.962602345253030317e-02
4.978132870974229934e-02
4.993725530586462513e-02
5.009379745380837523e-02
5.025035612518723160e-02
5.040751336190615883e-02
5.056466412068612998e-02
5.072239616839431531e-02
5.088009842937736560e-02
5.103836443148521834e-02
5.119718841515494973e-02
5.135656436743930159e-02
5.151586929014514288e-02
5.167508826140574524e-02
5.183482959934983952e-02
5.199508729646207944e-02
5.215585546755779900e-02
5.231649581898130397e-02
5.247762864297298574e-02
5.263860964531030806e-02
5.280006515738281531e-02
5.296198939143623857e-02
5.312372869291334676e-02
5.328591882316265765e-02
5.344789998872936237e-02
5.361031414842191284e-02
5.377315558070028256e-02
5.393641854764133492e-02
5.409943109490206875e-02
5.426217808628693712e-02
5.442599012348739440e-02
5.458951935871927258e-02
5.475275089519291566e-02
5.491703448487920969e-02
5.508100345053000557e-02
5.524464304313202873e-02
5.540863055921482760e-02
5.557296101676834077e-02
5.573762961458698234e-02
5.590192984038472312e-02
5.606655232623717483e-02
5.623078423190164266e-02
5.639603449131298102e-02
5.656016411353440715e-02
5.672530365735266311e-02
5.689001602701699439e-02
5.705501224239528657e-02
5.721956044186375656e-02
5.738437843064546351e-02
5.754946278058262199e-02
5.771481021271226974e-02
5.787967610519267891e-02
5.804479215531797853e-02
5.820940739478014381e-02
5.837426053523908642e-02
5.853934921438364025e-02
5.870391255134237152e-02
5.886946203146553591e-02
5.903371003264606259e-02
5.919894043266878819e-02
5.936361757823441221e-02
5.952850535532978188e-02
5.969282346689990665e-02
5.985812564905101246e-02
6.002206346996900865e-02
6.018698387566193131e-02
6.035131099251645620e-02
6.051583065048736498e-02
6.068054277637071475e-02
6.084464420822954800e-02
6.100893169356055162e-02
6.117340596270073177e-02
6.133725381781950092e-02
6.150128332128539099e-02
6.166549561735447382e-02
6.182906768426111449e-02
6.199364675766035060e-02
6.215675044516359715e-02
6.232086524061267174e-02
6.248432650934832022e-02
6.264796854635654166e-02
6.281179414994980670e-02
6.297495664424843098e-02
6.313830174421357355e-02
6.330183289502926136e-02
6.346469325210125911e-02
6.362774003815914459e-02
6.379097735343808306e-02
6.395440952331372941e-02
6.411716609574533154e-02
6.428011951924866851e-02
6.444327477291075801e-02
6.460575105330332302e-02
6.476843248531148622e-02
6.493132466399975655e-02
6.509353623956738721e-02
6.525596297686860059e-02
6.541861096829977573e-02
6.558148700093489880e-02
6.574368549875032885e-02
6.590611799931710146e-02
6.606879140826020513e-02
6.623078967233214653e-02
6.639396331343552782e-02
6.655646896511496768e-02
6.671830426296135319e-02
6.688134170230403130e-02
6.704371751002818902e-02
6.720542752465913372e-02
6.736836911024617069e-02
6.753065500053956338e-02
6.769324060540388155e-02
6.785613363964054789e-02
6.801837967767289383e-02
6.818094436858999907e-02
6.834383815961032893e-02
6.850707010212907233e-02
6.866966955235352665e-02
6.883261897556139375e-02
6.899592954873449979e-02
6.915961016476221412e-02
6.932267634072375451e-02
6.948612646339608068e-02
6.964896752187964279e-02
6.981321460314160454e-02
6.997686581304514430e-02
7.014093630032466886e-02
7.030543830541156891e-02
7.046935766071418805e-02
7.063372247507281043e-02
7.079854377280124511e-02
7.096383349545576369e-02
7.112856286513029314e-02
7.129377670538665501e-02
7.145948583086544903e-02
7.162570333749675167e-02
7.179138364948245421e-02
7.195758814441639839e-02
7.212432824256942432e-02
7.229054758266459380e-02
7.245839200769525756e-02
7.262573186561857574e-02
7.279256715020965274e-02
7.296106924133195781e-02
7.312908359530231883e-02
7.329770334455679159e-02
7.346694280576643310e-02
7.363681280065867418e-02
7.380621936848898168e-02
7.397627411695401056e-02
7.414698977140768421e-02
7.431725878158872145e-02
7.448933013010528015e-02
7.466097182735612070e-02
7.483218363025771758e-02
7.500524023698441900e-02
7.517788300034471127e-02
7.535125915249835105e-02
7.552537906066446316e-02
7.570025849079869973e-02
7.587474829608784055e-02
7.605001410900982806e-02
7.622606602106367368e-02
7.640291897344775318e-02
7.657940610489677447e-02
7.675789209243485955e-02
7.693602894211461207e-02
7.711381579023247890e-02
7.729364272653335699e-02
7.747313643306635855e-02
7.765349890504731623e-02
7.783474341416946052e-02
7.801566731510947705e-02
7.819870619526957112e-02
7.838144030962612696e-02
7.856509520356518006e-02
7.874844991516354031e-02
7.893397803749273300e-02
7.911921989932160781e-02
7.930542128969517157e-02
7.949134031400809097e-02
7.967949106843888463e-02
7.986737256108299154e-02
8.005625079103280417e-02
8.024613485938018875e-02
8.043703900649094851e-02
8.062768888999917449e-02
8.081937143487974429e-02
8.101209450082005881e-02
8.120587132505174832e-02
8.139940804276622754e-02
8.159400856925128065e-02
8.179099482969502677e-02
8.198644176051318733e-02
8.218429592945313000e-02
8.238192774693348097e-02
8.258066531999401494e-02
8.278051786204333740e-02
8.298149561737380719e-02
8.318360844251715402e-02
8.338551054374529481e-02
8.358855712079919786e-02
8.379275578073004660e-02
8.399811605826282279e-02
8.420327171493249829e-02
8.440959635455147492e-02
8.461709932426017544e-02
8.482578849544816779e-02
8.503567146110024844e-02
8.524535488070654476e-02
8.545623845073332947e-02
8.566833009011518008e-02
8.588163879042332027e-02
8.609617158703468387e-02
8.631050402421024115e-02
8.652606505135924941e-02
8.674286140277799595e-02
8.696090000150759336e-02
8.718018906135646673e-02
8.739927350084453206e-02
8.761960964970659516e-02
8.784120401342636331e-02
8.806406241449621364e-02
8.828670709571612152e-02
8.851210608337869989e-02
8.873729155807572044e-02
8.896375377888163238e-02
8.918998929361139638e-02
8.941901390056705701e-02
8.964781043765092383e-02
8.987789285838600206e-02
9.010926514664557851e-02
9.034193250861263791e-02
9.057589951007741225e-02
9.080961894770571419e-02
9.104463466564424734e-02
9.128094920035385862e-02
9.151856752897603864e-02
9.175591700656016148e-02
9.199614826554305957e-02
9.223610526694425715e-02
9.247736677638726532e-02
9.271993581425716502e-02
9.296381568404782358e-02
9.320739431281503673e-02
9.345227505002548507e-02
9.369846154990907339e-02
9.394595504589514645e-02
9.419475764374830862e-02
9.444322367176347099e-02
9.469464428098380016e-02
9.494571813605336141e-02
9.519809492717475063e-02
9.545010041220938768e-02
9.570507864197262682e-02
9.595967376861290477e-02
9.621725784295503958e-02
9.647444626666160095e-02
9.673121918373904504e-02
9.699098926539838350e-02
9.725033025936591358e-02
9.751268204282495522e-02
9.777459017009393349e-02
9.803777858694927294e-02
9.830224694237958694e-02
9.856623447315002173e-02
9.883325221769735658e-02
9.909977243087034204e-02
9.936755425494486760e-02
9.963659663539521649e-02
9.990510153714762809e-02
1.001766533527302105e-01
1.004476496325887591e-01
1.007198856706448542e-01
1.009933592786339124e-01
1.012680690791131349e-01
1.015440124755173507e-01
1.018193381986439439e-01
1.020958784920988904e-01
1.023754943879399415e-01
1.026544625424980900e-01
1.029327576542480166e-01
1.032141273431103484e-01
1.034948021827000325e-01
1.037785622797913337e-01
1.040616057942387318e-01
1.043458247752153123e-01
1.046292892279759162e-01
1.049158408892258282e-01
1.052016159346218366e-01
1.054904873066584703e-01
1.057785583582873806e-01
1.060677670962828362e-01
1.063561359502966097e-01
1.066476023845152887e-01
1.069382046755868315e-01
1.072319129771394930e-01
1.075247325622924188e-01
1.078186503791454254e-01
1.081136625928191958e-01
1.084077317274218383e-01
1.087049115200880711e-01
1.090011229795731507e-01
1.092983950472374288e-01
1.095967229561419093e-01
1.098961027107533545e-01
1.101944458100950347e-01
1.104959068870241395e-01
1.107963053841405227e-01
1.110977209045908715e-01
1.114022663684223619e-01
1.117035838945787951e-01
1.120080222478001541e-01
1.123134595818104930e-01
1.126177383111682390e-01
1.129229896958359319e-01
1.132292089281132508e-01
1.135363919677556260e-01
1.138445340106758463e-01
1.141536312558080329e-01
1.144614730689110654e-01
1.147702437990055502e-01
1.150821626678100729e-01
1.153927870441823350e-01
1.157043275928051618e-01
1.160145295064440446e-01
1.163278816242595548e-01
1.166398691505061425e-01
1.169550175956513699e-01
1.172687757480247034e-01
1.175834090190202158e-01
1.178966079838210668e-01
1.182129721509856124e-01
1.185302016634737082e-01
1.188459590293653168e-01
1.191625569422937597e-01
1.194799921946594901e-01
1.197982623660922008e-01
1.201173644903865134e-01
1.204372964073175956e-01
1.207556648776626496e-01
1.210772398538199068e-01
1.213972281610828929e-01
1.217180188176931466e-01
1.220396099690548297e-01
1.223620003016915037e-01
1.226827399161013465e-01
1.230067148850491343e-01
1.233290176476972005e-01
1.236520958714637103e-01
1.239759486765132923e-01
1.243005760371228008e-01
1.246259774394600783e-01
1.249521532202653440e-01
1.252765763514438468e-01
1.256042913724787768e-01
1.259302352883387988e-01
1.262569359896182908e-01
1.265843943838735608e-01
1.269126122124907552e-01
1.272415909931758349e-01
1.275687359587440173e-01
1.278992327907961801e-01
1.282278790665671853e-01
1.285572750137770337e-01
1.288874241719943359e-01
1.292183295649552421e-01
1.295499943172234436e-01
1.298824216780407326e-01
1.302129372425120390e-01
1.305442015709876169e-01
1.308789188956869798e-01
1.312117053405643108e-01
1.315452564240947586e-01
1.318795756976905431e-01
1.322119291236731609e-01
1.325477926334517886e-01
1.328816812703710881e-01
1.332191135807909710e-01
1.335545622216496309e-01
1.338907961633485078e-01
1.342278218738770790e-01
1.345656472594368713e-01
1.349042798112250752e-01
1.352408917238869801e-01
1.355811525681213103e-01
1.359193879802438332e-01
1.362584426889588418e-01
1.365983262426076206e-01
1.369390461920891588e-01
1.372806124064464839e-01
1.376230349477497450e-01
1.379634004071745024e-01
1.383075567315523169e-01
1.386496550220956692e-01
1.389926303946350805e-01
1.393364947988428582e-01
1.396812576864113198e-01
1.400269311260768923e-01
1.403735276120456898e-01
1.407180457919758598e-01
1.410665139248193645e-01
1.414129065768320037e-01
1.417602504477029901e-01
1.421085570290877009e-01
1.424578407665100799e-01
1.428081159252860555e-01
1.431593938095432894e-01
1.435116890021530534e-01
1.438619011227110778e-01
1.442162635368473000e-01
1.445685492401390937e-01
1.449218902384994956e-01
1.452762989736262333e-01
1.456317921801825177e-01
1.459883837175166010e-01
1.463460909593554959e-01
1.467017177817594720e-01
1.470616901166806878e-01
1.474195905221952763e-01
1.477786475002503541e-01
1.481388752166241662e-01
1.485002921443696888e-01
1.488629144811547123e-01
1.492267580344499300e-01
1.495918402882410181e-01
1.499548621946678872e-01
1.503224626392316576e-01
1.506880125650997826e-01
1.510548462939017011e-01
1.514263480709286125e-01
1.517958164334488602e-01
1.521666216476394995e-01
1.525353784418717329e-01
1.529089005191716921e-01
1.532838139972397540e-01
1.536566950960258915e-01
1.540309808738052622e-01
1.544101550635166575e-01
1.547873152716374157e-01
1.551659344598136370e-01
1.555460301834128145e-01
1.559276227670211290e-01
1.563071981308324088e-01
1.566918248184446805e-01
1.570780032132138571e-01
1.574621813084068900e-01
1.578479228309967730e-01
1.582352463431347667e-01
1.586277813664060676e-01
1.590183377145316379e-01
1.594068939063955637e-01
1.598007318900886986e-01
1.601962459441697018e-01
1.605897770931883628e-01
1.609886855194102295e-01
1.613856201677064950e-01
1.617879979303549487e-01
1.621884116234587336e-01
1.625905857530096366e-01
1.629945386942420749e-01
1.634002893842630422e-01
1.638040662578144624e-01
1.642134517733066790e-01
1.646246878751909948e-01
1.650339624559577778e-01
1.654450988162143865e-01
1.658619712791429834e-01
1.662768941860479632e-01
1.666937284308259437e-01
1.671124946721905258e-01
1.675332068925243501e-01
1.679558850235148559e-01
1.683765981023180869e-01
1.688032435255802655e-01
1.692279263421389568e-01
1.696586050629545483e-01
1.700873258939370192e-01
1.705180835368471925e-01
1.709508933370630090e-01
1.713857711621235291e-01
1.718227314649322934e-01
1.722617932194996926e-01
1.727029690463795231e-01
1.731421632749536588e-01
1.735875990143044278e-01
1.740310530065098671e-01
1.744808102005029615e-01
1.749285822333597751e-01
1.753785269928201940e-01
1.758306579465251374e-01
1.762849911217778953e-01
1.767415373506306120e-01
1.772003122331786140e-01
1.776613279043477711e-01
1.781203097281718328e-01
1.785858294597846285e-01
1.790493089051649056e-01
1.795150478171543551e-01
1.799874092296488703e-01
1.804577179733309333e-01
1.809303194513162405e-01
1.814052260793226623e-01
1.818824475875838176e-01
1.823575594013021328e-01
1.828394268267302947e-01
1.833236432490218948e-01
1.838057273093011146e-01
1.842946498797586041e-01
1.847814259439508611e-01
1.852705512123291043e-01
1.857665911275457049e-01
1.862604585234436116e-01
1.867567004161881095e-01
1.872553253981807109e-01
1.877517131721730681e-01
1.882551087749955721e-01
1.887609075706471462e-01
1.892644360273372239e-01
1.897750435162262883e-01
1.902833566006539856e-01
1.907987966789266854e-01
1.913119169358371008e-01
1.918274389381847966e-01
1.923453666641661841e-01
1.928657052787153270e-01
1.933884573071014135e-01
1.939136281845029730e-01
1.944363549861661544e-01
1.949663540901180603e-01
1.954987810873799192e-01
1.960287143519470754e-01
1.965610435708268211e-01
1.971007274780526841e-01
1.976378657411794748e-01
1.981774039460350856e-01
1.987193402992165903e-01
1.992636756889465954e-01
1.998104090555037071e-01
2.003595434748838555e-01
2.009110757531041291e-01
2.014598896389694083e-01
2.020162004596967320e-01
2.025697479235770704e-01
2.031308294191250807e-01
2.036891028588362906e-01
2.042497279458396486e-01
2.048179361816223898e-01
2.053832683509160262e-01
2.059509400388054023e-01
2.065209487453706083e-01
2.070879695472149229e-01
2.076626225895574218e-01
2.082396009826399386e-01
2.088189013075542888e-01
2.093951102537351672e-01
2.099790160924140947e-01
2.105597780865966495e-01
2.111427984484203213e-01
2.117335625846429314e-01
2.123211012379290219e-01
2.129108797519161100e-01
2.135028916510187391e-01
2.140971285706640415e-01
2.146935836206418924e-01
2.152866257039643960e-01
2.158874743821828923e-01
2.164905184254140580e-01
2.170900621164473521e-01
2.176974533308294046e-01
2.183012834475874520e-01
2.189129884460903619e-01
2.195210707531412009e-01
2.201312537601176900e-01
2.207435288738472390e-01
2.213578881490671779e-01
2.219743219591696903e-01
2.225928179983542587e-01
2.232133711321733771e-01
2.238359688107021406e-01
2.244546390975190597e-01
2.250812734297658879e-01
2.257039154326679620e-01
2.263345481564754402e-01
2.269611203004584798e-01
2.275896310460154004e-01
2.282261742762781709e-01
2.288585532649736742e-01
2.294928404898359531e-01
2.301290257611428025e-01
2.307670959569635694e-01
2.314070451660514838e-01
2.320488597145327625e-01
2.326862570762425475e-01
2.333317482111916252e-01
2.339790738856028784e-01
2.346218791347088328e-01
2.352728195820374679e-01
2.359191702156564763e-01
2.365672646879208030e-01
2.372170950906677955e-01
2.378751205482372566e-01
2.385284166488080004e-01
2.391834162381726026e-01
2.398401111642376182e-01
2.404984916871981404e-01
2.411519528191590489e-01
2.418136523539431704e-01
2.424770106921436408e-01
2.431420194938554991e-01
2.438019694289637052e-01
2.444702255193202112e-01
2.451333563845591312e-01
2.457980504412054235e-01
2.464711055619768221e-01
2.471389309373004661e-01
2.478082984031164393e-01
2.484792009415092429e-01
2.491516304042955265e-01
2.498255820350792078e-01
2.505010461492659379e-01
2.511780216080264361e-01
2.518564977255455806e-01
2.525294319663104470e-01
2.532108694516508884e-01
2.538867031803742624e-01
2.545710843009618141e-01
2.552497999465855871e-01
2.559371107851601268e-01
2.566186930700078972e-01
2.573016884127859449e-01
2.579860969892532330e-01
2.586719141897221852e-01
2.593591396359863910e-01
2.600477714863077550e-01
2.607378095448515398e-01
2.614292516549682754e-01
2.621220999932794560e-01
2.628163507415700595e-01
2.635045313131217370e-01
2.642015678046717442e-01
2.648924807357767586e-01
2.655923084822076619e-01
2.662859629016515184e-01
2.669885937973809908e-01
2.676850019753770904e-01
2.683827773905003711e-01
2.690819244646550090e-01
2.697824495273304923e-01
2.704843571480791686e-01
2.711876542211816843e-01
2.718923477775428976e-01
2.725984437194549082e-01
2.733059506332127242e-01
2.740069742311836976e-01
2.747173000902707329e-01
2.754290623237307112e-01
2.761342867134567447e-01
2.768489267453767000e-01
2.775569903778701275e-01
2.782664752951554687e-01
2.789855045315963178e-01
2.796979015930515788e-01
2.804117608466255573e-01
2.811270931321724897e-01
2.818439161666049242e-01
2.825622426478816562e-01
2.832820913736940338e-01
2.840034745290305751e-01
2.847264142195625181e-01
2.854425471490339983e-01
2.861686169516042266e-01
2.868962957890663912e-01
2.876171353566101541e-01
2.883480597517921185e-01
2.890721242489194820e-01
2.898063776171627692e-01
2.905337532123591915e-01
2.912628023694738277e-01
2.919935482443592467e-01
2.927346974127882917e-01
2.934689390141362875e-01
2.942049499841803972e-01
2.949427559329776960e-01
2.956823815078339357e-01
2.964150152700954499e-01
2.971583284444639927e-01
2.979035451524583156e-01
2.986506909983748237e-01
2.993908298053869488e-01
3.001418899327512047e-01
3.008859398813554242e-01
3.016410331401240263e-01
3.023891141012138850e-01
3.031483644925953014e-01
3.039006023562484393e-01
3.046549473114233963e-01
3.054114407842154488e-01
3.061701059565857808e-01
3.069309865771778778e-01
3.076941098298874855e-01
3.084595170677483233e-01
3.092272375114299421e-01
3.099973123773619998e-01
3.107697725414564904e-01
3.115446596249153988e-01
3.123124829273824510e-01
3.130922970944967632e-01
3.138650560628029051e-01
3.146499476358646241e-01
3.154277943586259458e-01
3.162179196882101695e-01
3.170010098541505839e-01
3.177867662438152441e-01
3.185850189875950589e-01
3.193762542501168977e-01
3.201702715227003337e-01
3.209671163089117263e-01
3.217668258527757730e-01
3.225694419735481988e-01
3.233750099116006194e-01
3.241835678369843765e-01
3.249850802037813624e-01
3.257997129124138858e-01
3.266174609596720346e-01
3.274281868631200854e-01
3.282522646799734267e-01
3.290795898489210503e-01
3.298999089144747932e-01
3.307234893231498774e-01
3.315607427534678076e-01
3.323910124780307118e-01
3.332246708855410300e-01
3.340722442295167571e-01
3.349128506262455396e-01
3.357569821690559175e-01
3.366046758093146907e-01
3.374559790467699383e-01
3.383109358369559283e-01
3.391695852012157064e-01
3.400319771770767274e-01
3.408873673174957486e-01
3.417573270974851862e-01
3.426311571011704249e-01
3.434980015929308128e-01
3.443796596364111506e-01
3.452543391798185701e-01
3.461439976269467533e-01
3.470266836661338727e-01
3.479245164317550376e-01
3.488153796083078850e-01
3.497103781083163443e-01
3.506207655747219376e-01
3.515241951836410306e-01
3.524318808125969649e-01
3.533438666986210563e-01
3.542601908860428250e-01
3.551808970166199231e-01
3.561060178481356142e-01
3.570355994665812549e-01
3.579696775688101518e-01
3.588967086165573694e-01
3.598398574737876610e-01
3.607876251941541934e-01
3.617283279391614870e-01
3.626853961560635997e-01
3.636353901304349989e-01
3.646019097829946709e-01
3.655613386343622428e-01
3.665374570143059008e-01
3.675064666680362691e-01
3.684803036479248339e-01
3.694710544399711916e-01
3.704546758608156520e-01
3.714432153655368718e-01
3.724367128865833099e-01
3.734351924501549957e-01
3.744386901380648558e-01
3.754472313789097293e-01
3.764608528249080432e-01
3.774795773397072729e-01
3.784909716756786890e-01
3.795199527266364115e-01
3.805541287923183691e-01
3.815935187698318853e-01
3.826255005647383745e-01
3.836753619128238091e-01
3.847177683698363437e-01
3.857782008166148469e-01
3.868311290328344532e-01
3.878893244326179213e-01
3.889657582456769180e-01
3.900346055405025658e-01
3.911087865380539208e-01
3.921883187016002026e-01
3.932863649439070630e-01
3.943767084518835508e-01
3.954724545556034254e-01
3.965736238411938230e-01
3.976802308164335553e-01
3.987922895347768004e-01
3.998963654388512645e-01
4.010193167480531895e-01
4.021477549928886841e-01
4.032816942334069843e-01
4.044074914178593105e-01
4.055524088510881753e-01
4.067028558779203218e-01
4.078450255186726880e-01
4.090065004944717364e-01
4.101596065013985437e-01
4.113181615150243164e-01
4.124961832230719105e-01
4.136656935136066582e-01
4.148406503763145126e-01
4.160210667822257236e-01
4.172211731319999117e-01
4.184125469427969479e-01
4.196093696343732304e-01
4.208116388704321031e-01
4.220193458135483300e-01
4.232324904146704814e-01
4.244510614247831715e-01
4.256750582973029551e-01
4.268897807233182351e-01
4.281245372242566405e-01
4.293646921045101705e-01
4.306102294869814107e-01
4.318462267454121206e-01
4.331024402848312471e-01
4.343489663672144285e-01
4.356157964083700596e-01
4.368727936737891171e-01
4.381501769350651387e-01
4.394175730367401722e-01
4.406901090063914395e-01
4.419831580167123963e-01
4.432659783435716760e-01
4.445538770046761345e-01
4.458468323393755539e-01
4.471448202129747473e-01
4.484635030777603948e-01
4.497715395493571133e-01
4.510845315440063508e-01
4.524024538522163352e-01
4.537093396409274670e-01
4.550369713999414811e-01
4.563694412352272689e-01
4.577067240308025919e-01
4.590487863530284818e-01
4.603793428684956335e-01
4.617307976882141785e-01
4.630869301598006249e-01
4.644312654375156724e-01
4.657965838780542822e-01
4.671499074340502711e-01
4.685242674749004466e-01
4.698864244763392706e-01
4.712529122601035181e-01
4.726405155328862184e-01
4.740156094643756535e-01
4.753949097273360014e-01
4.767783800849205722e-01
4.781830647752412511e-01
4.795748119093551365e-01
4.809705980776106116e-01
4.823703782759298786e-01
4.837741160076636238e-01
4.851817605968400393e-01
4.865932659084706846e-01
4.880085915257005302e-01
4.894100572518168546e-01
4.908328176605915028e-01
4.922592537406768609e-01
4.936893264263650383e-01
4.951050809609169323e-01
4.965422125593943470e-01
4.979828372674705572e-01
4.994087963868511504e-01
5.008561993835667359e-01
5.022886996380517832e-01
5.037243657801973029e-01
5.051815390086475954e-01
5.066234609706679048e-01
5.080869359953272824e-01
5.095349179496326819e-01
5.109858232270063638e-01
5.124396050990293050e-01
5.138962150531770634e-01
5.153744963484493402e-01
5.168366897065567178e-01
5.183015716174916854e-01
5.197690931129016478e-01
5.212392078238224924e-01
5.227118762286563358e-01
5.241677235604252916e-01
5.256452737771597494e-01
5.271252413288891603e-01
5.286075764785526099e-01
5.300922377205733449e-01
5.315594892525264958e-01
5.330485944734056902e-01
5.345398961028361429e-01
5.360134470272071017e-01
5.375089469559228839e-01
5.389864702540172470e-01
5.404860124388969345e-01
5.419673493005882081e-01
5.434707823982587449e-01
5.449557929041198845e-01
5.464425410802821181e-01
5.479515110463017979e-01
5.494417210740017987e-01
5.509335803123716069e-01
5.524270480771877878e-01
5.539221023022413704e-01
5.554187034540364332e-01
5.569377969434050613e-01
5.584375008210995528e-01
5.599386835247551764e-01
5.614413137044494961e-01
5.629241064189599575e-01
5.644294918242573900e-01
5.659362670664365158e-01
5.674444094251660520e-01
5.689539061177747437e-01
5.704647340789607002e-01
5.719551580109645261e-01
5.734685410823846530e-01
5.749832267490506688e-01
5.764772335554467775e-01
5.779944121823656911e-01
5.794907419713130059e-01
5.810103830178938722e-01
5.825090139007165213e-01
5.840311123377913693e-01
5.855320365137821614e-01
5.870340763505359494e-01
5.885598159910958582e-01
5.900641582355156123e-01
5.915696268845987982e-01
5.930762277351574463e-01
5.946068855244813767e-01
5.961158736767359079e-01
5.976260339791737985e-01
5.991373848813104086e-01
6.006499422284776735e-01
6.021637235400477683e-01
6.036787526416381722e-01
6.051950527061310536e-01
6.067126483938074522e-01
6.082315666356532535e-01
6.097281216530048287e-01
6.112496925654739011e-01
6.127726774941976151e-01
6.142971120462922263e-01
6.157989956172699175e-01
6.173263595343316812e-01
6.188552902871820027e-01
6.203615453487142384e-01
6.218936549736925334e-01
6.234030147219523643e-01
6.249384914233033772e-01
6.264511501821689032e-01
6.279901888259844522e-01
6.295063472384029302e-01
6.310491624299980895e-01
6.325690456576176235e-01
6.340908407492565901e-01
6.356397099660184846e-01
6.371655897439063576e-01
6.386935624063251327e-01
6.402237024402118726e-01
6.417560677718870954e-01
6.432907405718233385e-01
6.448277816309130328e-01
6.463929683900065948e-01
6.479350651087859569e-01
6.494538905280533569e-01
6.510011768675163513e-01
6.525512168688355485e-01
6.541040975871634799e-01
6.556598984010646447e-01
6.572187077951264778e-01
6.587806123687568460e-01
6.603192228353826909e-01
6.618874954085669504e-01
6.634591263742996015e-01
6.650074897972869659e-01
6.665860413157711495e-01
6.681682431517621534e-01
6.697271910447561982e-01
6.713168952753885144e-01
6.728833695747808985e-01
6.744809748330875543e-01
6.760553736750889442e-01
6.776612929366108151e-01
6.792440368179523125e-01
6.808310684012283120e-01
6.824501966316239843e-01
6.840462062826089262e-01
6.856468231087052834e-01
6.872521604253364336e-01
6.888903961769490270e-01
6.905056029018070696e-01
6.921258598448204458e-01
6.937512933541944982e-01
6.953820114700390853e-01
6.970181294465838118e-01
6.986597753090499907e-01
7.003070609096589960e-01
7.019601048126660192e-01
7.036190278178885427e-01
7.052839421116757768e-01
7.069549677285256184e-01
7.086322253270277427e-01
7.102865573204975025e-01
7.119765555405201951e-01
7.136731464997994046e-01
7.153764621163455351e-01
7.170569486710263174e-01
7.187739757303025501e-01
7.204980984372091335e-01
7.221994719033855148e-01
7.239380504632431101e-01
7.256539297751158912e-01
7.274074651440617378e-01
7.291383521111202137e-01
7.309073374319173810e-01
7.326537211392901705e-01
7.344080009926956532e-01
7.362010401574695662e-01
7.379715567496953899e-01
7.397503177837738697e-01
7.415685270443653776e-01
7.433642696003999184e-01
7.451686300333026924e-01
7.469817281532402653e-01
7.488351764147217482e-01
7.506662264946207808e-01
7.525063841092083372e-01
7.543557597161241191e-01
7.562144781196575849e-01
7.580826588283297029e-01
7.599604154013355206e-01
7.618478658633133227e-01
7.637451301825504135e-01
7.656523156506174210e-01
7.675695443474006563e-01
7.694642481206863671e-01
7.714017809342016418e-01
7.733496882989081556e-01
7.753080841477805185e-01
7.772770804503171815e-01
7.792235491967306471e-01
7.812139434653546655e-01
7.832152553048474797e-01
7.851940103135637283e-01
7.872173543856393341e-01
7.892181205080166517e-01
7.912638993625022987e-01
7.933211053709177119e-01
7.953556775737079532e-01
7.974016268585788492e-01
7.994934523600765175e-01
8.015625661499767851e-01
8.036779771395025085e-01
8.057706203267981371e-01
8.078750976657256277e-01
8.100264889803613366e-01
8.121550026214658935e-01
8.142955976410393149e-01
8.164483543081474393e-01
8.186488367532112065e-01
8.208262653743712001e-01
8.230160726193910259e-01
8.252183450031735923e-01
8.274331284741323067e-01
8.296605130119114602e-01
8.319005430407819812e-01
8.341532974540544210e-01
8.364188233803384609e-01
8.386971944647776400e-01
8.409884512822674019e-01
8.432926507707554364e-01
8.456098420328627130e-01
8.479400851343470435e-01
8.502834128092260357e-01
8.526398774859873519e-01
8.549719123628986006e-01
8.573546222994763433e-01
8.597505678848779143e-01
8.621597985551119336e-01
8.645441781046950824e-01
8.669799161233335827e-01
8.693905802339753075e-01
8.718529239279187992e-01
8.743286690831456598e-01
8.767789824403525722e-01
8.792814331062523969e-01
8.817581913608145694e-01
8.842873860256272867e-01
8.867906095223992979e-01
8.893465616844616894e-01
8.918762424361851293e-01
8.944190561531765171e-01
8.970150570507703369e-01
8.995842887150473643e-01
9.021666432537291946e-01
9.048025670478105909e-01
9.074112441349446723e-01
9.100329657321617471e-01
9.126677174207388221e-01
9.153154558228798754e-01
9.180174006128231090e-01
9.206911603850492787e-01
9.233778023999693607e-01
9.260772687997801400e-01
9.287895143066088322e-01
9.315144874215979254e-01
9.342521385289335178e-01
9.370023880058016008e-01
9.397652080488640980e-01
9.425405036307615836e-01
9.453282257174344672e-01
9.481282953012041270e-01
9.509406457263841483e-01
9.537218492356089872e-01
9.565583273889211036e-01
9.594068326306816052e-01
9.622672713992779236e-01
9.651395573504255587e-01
9.679794214065216007e-01
9.708749409402320785e-01
9.737820260422704877e-01
9.766558769752319291e-01
9.795855812999691992e-01
9.825265221553476369e-01
9.854333787265421307e-01
9.883962585240536614e-01
9.913244634987641302e-01
9.943087931973511040e-01
9.972578543230905535e-01
1.000263134282047606e+00
1.003232518495013936e+00
1.006211777757133996e+00
1.009247379410713741e+00
1.012246136920306183e+00
1.015301303684389422e+00
1.018318968966303473e+00
1.021345782393136004e+00
1.024381577711019009e+00
1.027473889913303351e+00
1.030527355024692282e+00
1.033589332634369029e+00
1.036659644365310884e+00
1.039786557200518713e+00
1.042873225937450021e+00
1.045967726930085107e+00
1.049069876483352592e+00
1.052179519220010073e+00
1.055296458176193886e+00
1.058420523379903111e+00
1.061551524398538948e+00
1.064689274489002857e+00
1.067833598856154920e+00
1.070984290809921857e+00
1.074141172970333846e+00
1.077304049001343911e+00
1.080472732061825702e+00
1.083595949827377947e+00
1.086775459084648343e+00
1.089960181953097518e+00
1.093149932970710614e+00
1.096344497894587766e+00
1.099491654598445001e+00
1.102695071313812170e+00
1.105902710448421367e+00
1.109061748905838751e+00
1.112277031043052089e+00
1.115495921708176352e+00
1.118665012903069522e+00
1.121890322120171257e+00
1.125065043518763686e+00
1.128295958153685330e+00
1.131475490856566291e+00
1.134711218622709294e+00
1.137894748166090375e+00
1.141134475798424530e+00
1.144321210324967808e+00
1.147564129725812787e+00
1.150753266706219469e+00
1.153943200921519585e+00
1.157189342083762673e+00
1.160380496593232724e+00
1.163571877244369279e+00
1.166819478376987407e+00
1.170010923262650770e+00
1.173202020095701625e+00
1.176392577244455673e+00
1.179639416609114422e+00
1.182828542386181292e+00
1.186016590226394163e+00
1.189203381602262688e+00
1.192388742257763479e+00
1.195572500574077379e+00
1.198754480050304050e+00
1.201934523123250997e+00
1.205112452296212222e+00
1.208346944440112258e+00
1.211461362030687106e+00
1.214632031324172967e+00
1.217799985539645968e+00
1.220965054501255809e+00
1.224127118482304821e+00
1.227286027827005022e+00
1.230441657686521806e+00
1.233593867081421935e+00
1.236742533075164019e+00
1.239826668201130300e+00
1.242967671907157623e+00
1.246104771712048143e+00
1.249237860294599933e+00
1.252305162664550275e+00
1.255429719532627164e+00
1.258549963646366621e+00
1.261665807252322358e+00
1.264714675155466761e+00
1.267821256170797994e+00
1.270860299747750277e+00
1.273957316868347567e+00
1.277049556123843077e+00
1.280073433522621151e+00
1.283155721980285602e+00
1.286169142664013165e+00
1.289241279270782581e+00
1.292244062209251698e+00
1.295241371638285122e+00
1.298297908612771945e+00
1.301284378850623202e+00
1.304330455196472061e+00
1.307306024142156797e+00
1.310276027634429852e+00
1.313306217206738236e+00
1.316265289140623462e+00
1.319218805964577301e+00
1.322233132290509428e+00
1.325175783131069762e+00
1.328112941723769813e+00
1.331044637246721507e+00
1.333970899551612188e+00
1.336959143283387386e+00
1.339874886080356653e+00
1.342785341752334327e+00
1.345690572626377479e+00
1.348590638576063094e+00
1.351485620710654034e+00
1.354375578648457923e+00
1.357260596385930773e+00
1.360140778967644071e+00
1.363016175121849916e+00
1.365886914776088368e+00
1.368753085088678212e+00
1.371614793863212389e+00
1.374472134896781661e+00
1.377325243840813451e+00
1.380174222275067253e+00
1.383019210803909216e+00
1.385789524107603032e+00
1.388626716871200317e+00
1.391460307980097566e+00
1.394290463981005868e+00
1.397117299915611399e+00
1.399869181012801223e+00
1.402689667716034982e+00
1.405507329255061943e+00
1.408249895385948802e+00
1.411062183002991022e+00
1.413872114306423455e+00
1.416606875658907416e+00
1.419412456787469745e+00
1.422216243482188780e+00
1.424944774934731928e+00
1.427745308996714257e+00
1.430470568712328472e+00
1.433268618359841318e+00
1.435991384623603873e+00
1.438787742019232763e+00
1.441508806302863377e+00
1.444304276077233995e+00
1.447024447438476358e+00
1.449819862297477391e+00
1.452539989861245662e+00
1.455260328907491241e+00
1.458057134833051327e+00
1.460778725479102480e+00
1.463501147216824005e+00
1.466301350754779298e+00
1.469026354110180455e+00
1.471752896194935545e+00
1.474481164825464319e+00
1.477288923213168959e+00
1.480021573318439421e+00
1.482756665065322110e+00
1.485494400791828484e+00
1.488235039444337326e+00
1.491057313188719036e+00
1.493804614827522359e+00
1.496555478517629378e+00
1.499310171449657725e+00
1.502068888681250103e+00
1.504831889932904954e+00
1.507599390863071820e+00
1.510371638192825383e+00
1.513148846780974388e+00
1.515931268654051589e+00
1.518719110097565661e+00
1.521512613616931020e+00
1.524311994271912329e+00
1.527117479200768013e+00
1.529929288033326173e+00
1.532747662490588914e+00
1.535490884460535721e+00
1.538322822348461960e+00
1.541161966663483707e+00
1.544008545533630539e+00
1.546862770559909617e+00
1.549724873387530399e+00
1.552511817079829104e+00
1.555390079797473790e+00
1.558276834357828600e+00
1.561088433072364445e+00
1.563992579069185762e+00
1.566905851010449213e+00
1.569743865790673931e+00
1.572675711398907827e+00
1.575617237497863865e+00
1.578483423240440553e+00
1.581444668916132335e+00
1.584330499973158002e+00
1.587312180902208159e+00
1.590304468907694169e+00
1.593221169861700703e+00
1.596234931090084741e+00
1.599172975729533208e+00
1.602208868879918091e+00
1.605168899664616511e+00
1.608140051725563291e+00
1.611210177880760375e+00
1.614204223965152396e+00
1.617297994028889185e+00
1.620315475054846077e+00
1.623344733737000833e+00
1.626474847435575910e+00
1.629528327134507570e+00
1.632593968632487513e+00
1.635761503993654165e+00
1.638852039310990882e+00
1.641955045503760147e+00
1.645070651997703415e+00
1.648289524262935180e+00
1.651430796910661858e+00
1.654584908695113210e+00
1.657751944996971982e+00
1.660931954369903929e+00
1.664125037713305000e+00
1.667423298491928607e+00
1.670642914871035112e+00
1.673875737044091760e+00
1.677121854610963192e+00
1.680381263942947179e+00
1.683654039646858891e+00
1.686940165028363525e+00
1.690239706207135706e+00
1.693552635689509422e+00
1.696878988758784290e+00
1.700218752797550970e+00
1.703571970087193410e+00
1.706938607453437839e+00
1.710318681353777848e+00
1.713712135786275237e+00
1.717023045759570765e+00
1.720442965165402738e+00
1.723876228869491767e+00
1.727322761038312837e+00
1.730782552963672671e+00
1.734255504959434147e+00
1.737644065958549700e+00
1.741142947147320319e+00
1.744654842026197583e+00
1.748179653159265712e+00
1.751618697514432332e+00
1.755168814871027605e+00
1.758731611465249145e+00
1.762306963060829901e+00
1.765795043988201307e+00
1.769394931580943853e+00
1.772906774730274249e+00
1.776530746326978605e+00
1.780166737120474574e+00
1.783713443660766895e+00
1.787372742696950123e+00
1.790941906497564462e+00
1.794623941431663150e+00
1.798214966222154709e+00
1.801919120756036774e+00
1.805531368511553714e+00
1.809256978107674607e+00
1.812889777006408965e+00
1.816636151911488417e+00
1.820288761590170168e+00
1.824055159257608194e+00
1.827726818203172288e+00
1.831512457650306347e+00
1.835202364629319183e+00
1.838900940695052055e+00
1.842713727221380937e+00
1.846429270640741693e+00
1.850152805950001866e+00
1.853990777330383866e+00
1.857729930763593718e+00
1.861476381273247105e+00
1.865229894916493381e+00
1.869098070996469074e+00
1.872865251187542768e+00
1.876638739620271057e+00
1.880418282296474342e+00
1.884203631100683340e+00
1.888103869391812184e+00
1.891900320898565191e+00
1.895701760075692244e+00
1.899507920902525182e+00
1.903318536857274035e+00
1.907133326611916813e+00
1.910952008005243119e+00
1.914774288161339211e+00
1.918599904935778255e+00
1.922428555894074798e+00
1.926259960347257438e+00
1.930093807397050609e+00
1.933929835291012145e+00
1.937767725626786008e+00
1.941607210867992039e+00
1.945447979179427023e+00
1.949289748263169919e+00
1.953132193140811435e+00
1.956975051037868951e+00
1.960817989548687690e+00
1.964660753744365884e+00
1.968503005138615203e+00
1.972228303303580565e+00
1.976068370921486572e+00
1.979907066828636930e+00
1.983744082745824810e+00
1.987579145834150962e+00
1.991294181650012929e+00
1.995124090168236553e+00
1.998951145502960935e+00
2.002775076682793642e+00
2.006476570631173573e+00
2.010293040700120049e+00
2.014105501788983510e+00
2.017913684143316289e+00
2.021597042410026468e+00
2.025395511515469149e+00
2.029067989688826845e+00
2.032855646975519903e+00
2.036637637752622521e+00
2.040291885235395508e+00
2.044061464889873392e+00
2.047702152832077349e+00
2.051458282842962610e+00
2.055207473777255878e+00
2.058826073633164278e+00
2.062560339705557855e+00
2.066162891276685620e+00
2.069881263029398788e+00
2.073466828743553592e+00
2.077043419407772262e+00
2.080736074076524833e+00
2.084294355693121492e+00
2.087968907745184399e+00
2.091508050286460474e+00
2.095163679002096657e+00
2.098682910070008401e+00
2.102191731032621913e+00
2.105817441004774082e+00
2.109305265636993276e+00
2.112782189908080088e+00
2.116376420437583672e+00
2.119831378202755801e+00
2.123274974330011666e+00
2.126707062473864429e+00
2.130257108789842313e+00
2.133666114189387564e+00
2.137063244783984572e+00
2.140448375456131647e+00
2.143952233119042816e+00
2.147313389020172547e+00
2.150662247144304207e+00
2.153998740365901998e+00
2.157322782045873133e+00
2.160634324310041876e+00
2.164065942588325075e+00
2.167352620476596936e+00
2.170626665753534468e+00
2.173888009996742809e+00
2.177136647236880496e+00
2.180372544571400173e+00
2.183595699265856727e+00
2.186806095470748001e+00
2.190003738520934551e+00
2.193188639670762274e+00
2.196360812437438970e+00
2.199520285663089769e+00
2.202667094763696820e+00
2.205801282855214041e+00
2.208922885028651084e+00
2.212031970756062282e+00
2.215128579554516364e+00
2.218212812594676286e+00
2.221146774628283360e+00
2.224206188110040561e+00
2.227253483700553982e+00
2.230288737311790115e+00
2.233312060845669578e+00
2.236323586637245953e+00
2.239323407754591599e+00
2.242171688789036832e+00
2.245148232541916755e+00
2.248113515523000316e+00
2.251067644548062852e+00
2.253869677034042063e+00
2.256801728296301324e+00
2.259723131362230575e+00
2.262634049010485260e+00
2.265392396141617137e+00
2.268282614572782574e+00
2.271162915363164281e+00
2.273890347753703356e+00
2.276751103617548289e+00
2.279602528187021360e+00
2.282300879548952999e+00
2.285134026963091536e+00
2.287813963582861376e+00
2.290629714197944367e+00
2.293437240178553882e+00
2.296091418838285936e+00
2.298882933850810772e+00
2.301521026322661978e+00
2.304297495495337689e+00
2.306920492739636508e+00
2.309682930559962433e+00
2.312291862235109630e+00
2.315041297933570164e+00
2.317637189827883581e+00
2.320374680468983097e+00
2.322958603143801426e+00
2.325685233642368122e+00
2.328258283937227890e+00
2.330826152176726840e+00
2.333538401211237456e+00
2.336097046739149530e+00
2.338651379736025770e+00
2.341351727555591733e+00
2.343898536008889977e+00
2.346592487691757434e+00
2.349132901624036318e+00
2.351670399708468473e+00
2.354205296222536603e+00
2.356889587538315567e+00
2.359420386080326892e+00
2.361949422043366109e+00
2.364629564812393170e+00
2.367156220575798109e+00
2.369681984562564292e+00
2.372207127827252737e+00
2.374731947402908716e+00
2.377410658326033044e+00
2.379935935009645842e+00
2.382461715583873207e+00
2.384988293043216689e+00
2.387515928877928406e+00
2.390044909565948394e+00
2.392575494883694809e+00
2.395263856659987756e+00
2.397798745326755299e+00
2.400336052315596547e+00
2.402876026153016653e+00
2.405418935799463309e+00
2.407965028249299255e+00
2.410514564368054113e+00
2.413067784773968327e+00
2.415624943146780446e+00
2.418186273197183933e+00
2.420752018839647413e+00
2.423322407614727503e+00
2.425897678025338067e+00
2.428478048789502353e+00
2.431063749169449562e+00
2.433654989189317774e+00
2.436251988801990009e+00
2.438854950393893883e+00
2.441464084335304818e+00
2.443918322887820072e+00
2.446540099326669271e+00
2.449168624885430301e+00
2.451804091342002501e+00
2.454446667923254388e+00
2.457096538221815063e+00
2.459753856686063500e+00
2.462255511442109857e+00
2.464927929612278579e+00
2.467608277721016652e+00
2.470296699478743641e+00
2.472993344534524685e+00
2.475533570899410840e+00
2.478246738697003515e+00
2.480968511976883839e+00
2.483699000596777839e+00
2.486272376035679077e+00
2.489020324124389560e+00
2.491777299162987624e+00
2.494376546573454867e+00
2.497151531706655714e+00
2.499935812538405688e+00
2.502561686518237849e+00
2.505364430424818600e+00
2.508176642676413159e+00
2.510829721200805498e+00
2.513660735517305067e+00
2.516332088799209998e+00
2.519182045985449925e+00
2.522041685280062673e+00
2.524740807479208371e+00
2.527619536869609718e+00
2.530337139472087493e+00
2.533234977199257276e+00
2.535971059951962481e+00
2.538887977140164232e+00
2.541642490245892283e+00
2.544578417688616145e+00
2.547351231519310311e+00
2.550306023721486071e+00
2.553096981855348613e+00
2.556070441959255923e+00
2.558879315762769391e+00
2.561696903598800201e+00
2.564697716458296028e+00
2.567532795777776489e+00
2.570551589904310763e+00
2.573403814335506024e+00
2.576264306836330231e+00
2.579309204761948138e+00
2.582186225195339357e+00
2.585071190266182040e+00
2.588141167667864728e+00
2.591041936217496122e+00
2.593950252182943395e+00
2.597044159428034238e+00
2.599967440856820300e+00
2.602897825712100044e+00
2.605835148062076279e+00
2.608958766196559420e+00
2.611909803864578716e+00
2.614867270431665780e+00
2.617830986727825326e+00
2.620981624851078884e+00
2.623957613307324355e+00
2.626939276885311703e+00
2.629926435190956813e+00
2.632918861491685636e+00
2.636098906444028334e+00
2.639101604778188115e+00
2.642108941365413521e+00
2.645120690315387879e+00
2.648136637998371068e+00
2.651156552746919193e+00
2.654180209021294701e+00
2.657207344519247449e+00
2.660237754564591661e+00
2.663456781309925248e+00
2.666493317017063713e+00
2.669532358714680420e+00
2.672573671996950839e+00
2.675616984134283172e+00
2.678662072789153026e+00
2.681708662800634801e+00
2.684756498090200783e+00
2.687805302192667334e+00
2.690854831522584867e+00
2.693904809302449355e+00
2.696954969590147133e+00
2.700005049450425076e+00
2.703054786930870534e+00
2.705913464007499325e+00
2.708961344109842795e+00
2.712008051853206148e+00
2.715053314663823603e+00
2.718096856258394922e+00
2.721138439562313938e+00
2.724177754861053735e+00
2.727214556369110809e+00
2.730248534367277102e+00
2.733085896197731568e+00
2.736113114876030039e+00
2.739136732827819110e+00
2.742156471667575257e+00
2.745172080353085242e+00
2.748183279668002132e+00
2.750994171691058199e+00
2.753995436111418726e+00
2.756991516913439799e+00
2.759982177447568130e+00
2.762770122510335824e+00
2.765748802793140726e+00
2.768721302523257766e+00
2.771687373139862132e+00
2.774448362665611789e+00
2.777400508198856421e+00
2.780345517378087994e+00
2.783083709817245843e+00
2.786013404013299333e+00
2.788935281234240282e+00
2.791648649771445001e+00
2.794553895851120906e+00
2.797450663656596781e+00
2.800137278828233267e+00
2.803016168026305710e+00
2.805683868327583319e+00
2.808544158909194621e+00
2.811395061567846021e+00
2.814033150299583230e+00
2.816864343932793169e+00
2.819481735411662360e+00
2.822292583435293434e+00
2.824888638227042836e+00
2.827678543001101996e+00
2.830252690340557820e+00
2.833021075703697989e+00
2.835572776282035079e+00
2.838319140249010886e+00
2.840847922529730063e+00
2.843571808702526571e+00
2.846077245375388198e+00
2.848778271807175244e+00
2.851260009427195374e+00
2.853937843136062469e+00
2.856395576903181244e+00
2.859049924667461884e+00
2.861483401818212258e+00
2.863904533156666155e+00
2.866523111373787458e+00
2.868919737417513272e+00
2.871303923431971050e+00
2.873886460572916857e+00
2.876246011483509335e+00
2.878804567953681115e+00
2.881139494071299989e+00
2.883461985661976090e+00
2.885984497146238059e+00
2.888282499919985646e+00
2.890568138692691136e+00
2.892841488336995504e+00
2.895316292493185006e+00
2.897565516460391510e+00
2.899802621610437559e+00
2.902027701167346763e+00
2.904455805515453015e+00
2.906657397511216878e+00
2.908847236934721803e+00
2.911025451830075994e+00
2.913408353914908933e+00
2.915563946942900664e+00
2.917708275989693067e+00
2.919841481600277788e+00
2.921963698978067292e+00
2.924292883928348186e+00
2.926393922489122890e+00
2.928484465726342911e+00
2.930564690017374296e+00
2.932634780236138550e+00
2.934694924024962237e+00
2.936745337415661350e+00
2.938786196926451488e+00
2.941037945141113052e+00
2.943060642795403581e+00
2.945074441331104964e+00
2.947079566868972655e+00
2.949076259797674293e+00
2.951064750982628215e+00
2.953045288602360596e+00
2.955018111267095904e+00
2.956983509276635669e+00
2.958941705087227092e+00
2.960892988243400747e+00
2.962837611703691199e+00
2.964775859335451624e+00
2.966708010033479503e+00
2.968634348070386064e+00
2.970555156484656401e+00
2.972470743984755970e+00
2.974381388465543008e+00
2.976287422190615484e+00
2.978189111741069262e+00
2.980086791860622863e+00
2.981980758760660599e+00
2.983871329196791766e+00
2.985531735072855408e+00
2.987416187016324720e+00
2.989298184033111649e+00
2.991178087545964370e+00
2.993056208436738252e+00
2.994932887206799510e+00
2.996808435942133642e+00
2.998454052997167274e+00
3.000328067061855286e+00
3.002201973284308156e+00
3.004076102241561852e+00
3.005950789359548292e+00
3.007826370242390635e+00
3.009472267505592491e+00
3.011350357361743502e+00
3.013230371618699444e+00
3.015112630806450422e+00
3.016765383665749756e+00
3.018652866321792416e+00
3.020543620444285704e+00
3.022437975870560400e+00
3.024102974140908007e+00
3.026005242044617294e+00
3.027912127333874714e+00
3.029823953851792595e+00
3.031506552716761060e+00
3.033428951659807637e+00
3.035357290218665849e+00
3.037056474229429703e+00
3.038997342514342836e+00
3.040945113736247318e+00
3.042663787480638149e+00
3.044626003905482214e+00
3.046359151157671086e+00
3.048337061852262941e+00
3.050323442774557137e+00
3.052080743234189431e+00
3.054084645153144262e+00
3.055859451524978621e+00
3.057882055901208318e+00
3.059914606058608655e+00
3.061717990551335422e+00
3.063770958918992537e+00
3.065594697059713436e+00
3.067669186960976901e+00
3.069514358496672202e+00
3.071611436713744148e+00
3.073479083976376369e+00
3.075599778769294357e+00
3.077490906553618899e+00
3.079636207845759976e+00
3.081551778464200808e+00
3.083722634077725289e+00
3.085663569709889753e+00
3.087860884135423589e+00
3.089828061870913078e+00
3.092052696053239291e+00
3.094046947449935914e+00
3.096299717025021270e+00
3.098321827110734006e+00
3.100357983697782149e+00
3.102654203644577890e+00
3.104719303421936250e+00
3.107045482370156986e+00
3.109140189454465464e+00
3.111249772904710831e+00
3.113621898668780474e+00
3.115761985810737045e+00
3.117917361446945090e+00
3.120336707881748772e+00
3.122523365918437932e+00
3.124725672553708034e+00
3.127193325585242878e+00
3.129427571394604257e+00
3.131677758617094298e+00
3.134194629480622218e+00
3.136477290014581865e+00
3.138776128200201132e+00
3.141342935202994902e+00
3.143674657795180849e+00
3.146022726468483022e+00
3.148387185379407871e+00
3.151021243396154414e+00
3.153418936343726831e+00
3.155833103313638421e+00
3.158263762432797161e+00
3.160710917864807179e+00
3.163429584954469131e+00
3.165910093205176246e+00
3.168407082025897825e+00
3.170920527008866507e+00
3.173450404243836065e+00
3.176253570551593075e+00
3.178816570765373051e+00
3.181395876365439523e+00
3.183991434326410630e+00
3.186603180261423862e+00
3.189231047707110633e+00
3.191874958288354325e+00
3.194794423957224794e+00
3.197470556012420584e+00
3.200162468903578361e+00
3.202870057491166378e+00
3.205593216396592116e+00
3.208331827583260853e+00
3.211085773013989453e+00
3.213854922158485117e+00
3.216639144621879165e+00
3.219438297744010136e+00
3.222252238863859031e+00
3.225080813556484127e+00
3.227923867480729125e+00
3.230781234487185571e+00
3.233652748978543823e+00
3.236538233648753149e+00
3.239437511905349343e+00
3.242350395561031995e+00
3.245276697526815912e+00
3.248216219067662003e+00
3.251168762998910999e+00
3.254134120492463644e+00
3.257112084828583054e+00
3.260102437564469824e+00
3.263104962565715805e+00
3.266119432646820808e+00
3.269145622311276700e+00
3.272183296319987278e+00
3.275232221137343469e+00
3.278292152366780066e+00
3.281362849162734019e+00
3.284444059625615253e+00
3.287262733863256514e+00
3.290363776551437969e+00
3.293474569503259008e+00
3.296594846329580886e+00
3.299724346951758758e+00
3.302862798292099722e+00
3.306009935739318006e+00
3.308889625085624786e+00
3.312052858646020503e+00
3.315223945201714706e+00
3.318402609500146205e+00
3.321588564083230555e+00
3.324503469493243824e+00
3.327702703105848592e+00
3.330908374549311102e+00
3.334120189913202914e+00
3.337337864996447578e+00
3.340280807612229008e+00
3.343508862626021649e+00
3.346741896226017143e+00
3.349979619680798049e+00
3.352939643988788188e+00
3.356185399410980708e+00
3.359434958567113050e+00
3.362404596565139236e+00
3.365660421534227620e+00
3.368919174826331187e+00
3.372180560342132871e+00
3.375159033325121793e+00
3.378424343024107213e+00
3.381691416768574321e+00
3.384673343339411389e+00
3.387942604546580583e+00
3.391212764296427817e+00
3.394195556954364701e+00
3.397466195728882532e+00
3.400736890591862238e+00
3.403718004066378366e+00
3.406987505430393526e+00
3.409965975402965643e+00
3.413233190400370987e+00
3.416499095769825800e+00
3.419471792879807293e+00
3.422733818064817246e+00
3.425701210945926167e+00
3.428958324025344950e+00
3.431919393029341681e+00
3.435170591181350375e+00
3.438418707057360635e+00
3.441368658125999680e+00
3.444609413424707167e+00
3.447550628639301173e+00
3.450783100966326344e+00
3.453714674393351114e+00
3.456937976755508402e+00
3.459859040447958112e+00
3.463072325289922482e+00
3.465982050990240371e+00
3.469184508620761331e+00
3.472082107442409526e+00
3.475272972118178316e+00
3.478157697459692610e+00
3.481336246139505430e+00
3.484207398998333982e+00
3.487372953640197615e+00
3.490229878646512240e+00
3.493079246085447398e+00
3.496223897683127468e+00
3.499058144228975209e+00
3.502188314036069450e+00
3.505006906172714487e+00
3.507817269412770944e+00
3.510924538832253194e+00
3.513718541026968456e+00
3.516810151059244216e+00
3.519587386447641908e+00
3.522355891210105838e+00
3.525423073532920171e+00
3.528174302639884186e+00
3.530916572391483932e+00
3.533958658030459166e+00
3.536683264824030726e+00
3.539398754207895959e+00
3.542415247688733615e+00
3.545112809548284005e+00
3.547801148142378569e+00
3.550791748906608536e+00
3.553462019354461265e+00
3.556123032831453923e+00
3.559087617258925196e+00
3.561730547009281711e+00
3.564364238627513171e+00
3.566988719072514247e+00
3.569918597804512483e+00
3.572525168228394055e+00
3.575122629045942357e+00
3.577711034797368406e+00
3.580606772363670753e+00
3.583177661027995065e+00
3.585739677801850434e+00
3.588292904396865435e+00
3.590837418549771343e+00
3.593691820475493515e+00
3.596219613051875985e+00
3.598738987340878825e+00
3.601250047252587461e+00
3.603752913660637436e+00
3.606568372587132920e+00
3.609055639902716273e+00
3.611535093210475278e+00
3.614006878659926425e+00
3.616471137809424974e+00
3.618928029012449699e+00
3.621377705644015510e+00
3.624144008720853627e+00
3.626580181761272836e+00
3.629009657400427358e+00
3.631432612492434764e+00
3.633849240419652737e+00
3.636259729375004746e+00
3.638664283348824302e+00
3.641063100657937479e+00
3.643456395445398233e+00
3.645844376085398686e+00
3.648227267275425678e+00
3.650605288350470712e+00
3.653307446076422771e+00
3.655676847713870359e+00
3.658042088744741349e+00
3.660403407141797683e+00
3.662761056359893796e+00
3.665115283406768398e+00
3.667466350748534332e+00
3.669814514075446343e+00
3.672160044447213778e+00
3.674503205788555604e+00
3.676844277162460539e+00
3.679183530327801765e+00
3.681521252043596260e+00
3.683857721408974051e+00
3.686193232461463687e+00
3.688528071365925864e+00
3.690862539148460630e+00
3.692860969695951567e+00
3.695195161951857710e+00
3.697529882061448614e+00
3.699865443742165194e+00
3.702202151927143969e+00
3.704540326104012404e+00
3.706880262692081374e+00
3.709222304214604193e+00
3.711566762612503290e+00
3.713913970607611859e+00
3.716264246847325925e+00
3.718617925726842355e+00
3.720634269813350770e+00
3.722995303400983946e+00
3.725360727778245895e+00
3.727730884567346692e+00
3.730106105037082731e+00
3.732486734319595101e+00
3.734873106911238416e+00
3.736921503118007415e+00
3.739319953109089933e+00
3.741725181424384150e+00
3.744137527505265961e+00
3.746557344121146826e+00
3.748638741695948795e+00
3.751074086694689669e+00
3.753517938180844560e+00
3.755970651502109625e+00
3.758432568767329229e+00
3.760555620570157132e+00
3.763036543072805884e+00
3.765527721682283335e+00
3.768029496405731038e+00
3.770192028887862978e+00
