nan
inf
1.127417148019725461e-04
6.489260245542062165e-05
4.390851272908041872e-05
3.243356286756797019e-05
2.535147237005088276e-05
2.061224709009259692e-05
1.725561634656292562e-05
1.477300350571799781e-05
1.287528218970431200e-05
1.138438224980685488e-05
1.018939930346711911e-05
9.213734510000081752e-06
8.403356191287323623e-06
7.722100929574493767e-06
7.142166205083402365e-06
6.643254221930933518e-06
6.210757053933148100e-06
5.832859788822361331e-06
5.500624834635677465e-06
5.206141850084552514e-06
4.943753218478944955e-06
4.708474898442705265e-06
4.497183992655064221e-06
4.306322366908752628e-06
4.132923010392975952e-06
3.975314567266977039e-06
3.830989694900624222e-06
3.699100542017632616e-06
3.577658406195497915e-06
3.465909394888475003e-06
3.362725665755646391e-06
3.267121423572477298e-06
3.178444290696598489e-06
3.096122328104092290e-06
3.019435208653298379e-06
2.947949505718491973e-06
2.881072899077157803e-06
2.818468325681518445e-06
2.760031083417780403e-06
2.705098701584363791e-06
2.653435444434210806e-06
2.604833142495551307e-06
2.559280940346652998e-06
2.516239568358381869e-06
2.475558070900245470e-06
2.437275668377101377e-06
2.401086739927644271e-06
2.367049019782544939e-06
2.334713661602873336e-06
2.304158339226414094e-06
2.275128234300236087e-06
2.247712089906686310e-06
2.221670418398671616e-06
2.197101940697634067e-06
2.173780305176274195e-06
2.151651635757985725e-06
2.130503119973405351e-06
2.110608516460899996e-06
2.091761488232708415e-06
2.073765463028459592e-06
2.056895892605545207e-06
2.040647943897120919e-06
2.025459176762521143e-06
2.010829971145492587e-06
1.997201351645130833e-06
1.984078729193718140e-06
1.971749383551211980e-06
1.960035166619491689e-06
1.949070087064758759e-06
1.938523218431223518e-06
1.928687217362077320e-06
1.919387822849283803e-06
1.910610599209092607e-06
1.902339409068180541e-06
1.894559803768796556e-06
1.887414377178350920e-06
1.880577699442099251e-06
1.874194043594062194e-06
1.868252073377911868e-06
1.862741197596021950e-06
1.857491976736628462e-06
1.852813419554673961e-06
1.848377170398546303e-06
1.844334754092888954e-06
1.840677510003399735e-06
1.837398821572190277e-06
1.834490785461157241e-06
1.831784469245764777e-06
1.829435169635649947e-06
1.827272621173728742e-06
1.825620606126178832e-06
1.824143216901296519e-06
1.823000384374407908e-06
1.822019701252227016e-06
1.821363570881330613e-06
1.821028456493971939e-06
1.820838743236432556e-06
1.821133895567376176e-06
1.821392359722995521e-06
1.822129835512199561e-06
1.822994701026788582e-06
1.824158586601276876e-06
1.825440403464526049e-06
1.827014848033833788e-06
1.828698576276722997e-06
1.830851445457622110e-06
1.832979289460353521e-06
1.835389003042551821e-06
1.838023393986488098e-06
1.840823778357849909e-06
1.843843655530039651e-06
1.847042816335933848e-06
1.850456746173638911e-06
1.854025588729889372e-06
1.857804799613703286e-06
1.861753164996064418e-06
1.865907682657088899e-06
1.870227056196879680e-06
1.874728778756115839e-06
1.879391055561223714e-06
1.884252194996756522e-06
1.889269849655503191e-06
1.894462421424143045e-06
1.899828316293057536e-06
1.905365861320024230e-06
1.911052200992167427e-06
1.916928217936886617e-06
1.922949615317619492e-06
1.929157983156495941e-06
1.935508228083035622e-06
1.942020490806688979e-06
1.948693603383934897e-06
1.955525902667665143e-06
1.962492997361507903e-06
1.969639452209070308e-06
1.976941072479792486e-06
1.984396318288222858e-06
1.992003941572429894e-06
1.999762284373398680e-06
2.007670515969719892e-06
2.015726628290886846e-06
2.023954888463546256e-06
2.032303507710631549e-06
2.040821972269437038e-06
2.049483454767134382e-06
2.058286865537303439e-06
2.067230336998598711e-06
2.076339436728160173e-06
2.085586285810668235e-06
2.094969664372245910e-06
2.104515240346932564e-06
2.114194927742052465e-06
2.124006781253405413e-06
2.133977759585171995e-06
2.144078211124989229e-06
2.154306794071764168e-06
2.164719992621414176e-06
2.175229537671795216e-06
2.185922014145347177e-06
2.196707191211040386e-06
2.207673596541008827e-06
2.218759791395229577e-06
2.229994686260905448e-06
2.241346179499979778e-06
2.252843675729287730e-06
2.264486418125453361e-06
2.276272894025711106e-06
2.288202402738501339e-06
2.300240134384529366e-06
2.312417708054960951e-06
2.324733358775479883e-06
2.337186123733562294e-06
2.349774364619062187e-06
2.362496887765673390e-06
2.375351793647134539e-06
2.388337966763554824e-06
2.401453337274425793e-06
2.414733175137234267e-06
2.428102665381751314e-06
2.441596550740413977e-06
2.455250380004700630e-06
2.468987369178393841e-06
2.482881368661316045e-06
2.496931511509642182e-06
2.511058243530667220e-06
2.525337705575235393e-06
2.539728568294576339e-06
2.554228562937986598e-06
2.568876442878976646e-06
2.583629431963046241e-06
2.598526934664345580e-06
2.613525350216842867e-06
2.628664682851099048e-06
2.643900238340771963e-06
2.659229004624810105e-06
2.674736915756968106e-06
2.690289000259589986e-06
2.706016971777953868e-06
2.721828471287199623e-06
2.737720448637927317e-06
2.753782992345353895e-06
2.769921171734399776e-06
2.786178897889117886e-06
2.802505980131981228e-06
2.818947097988828252e-06
2.835549837126294777e-06
2.852163061247108870e-06
2.868932947426597501e-06
2.885807221718123647e-06
2.902731840965144549e-06
2.919754298629793563e-06
2.936924879474666603e-06
2.954135254311864400e-06
2.971435147641756798e-06
2.988821038154004518e-06
3.006289888216062513e-06
3.023838352108818701e-06
3.041463288358561581e-06
3.059160851850074055e-06
3.076927961606253906e-06
3.094760589143155846e-06
3.112655339820501077e-06
3.130667315738927895e-06
3.148675197417894871e-06
3.166793539718274062e-06
3.184898404078258564e-06
3.203106789163402653e-06
3.221416669369598158e-06
3.239699307491382242e-06
3.258075909186807556e-06
3.276479301315291577e-06
3.294905142174810886e-06
3.313348442963373630e-06
3.331870916405528224e-06
3.350402604628899365e-06
3.369006375722795444e-06
3.387610733295329733e-06
3.406210644815802590e-06
3.424870450984255018e-06
3.443516860860561233e-06
3.462144232115887028e-06
3.480890874809052126e-06
3.499537861452998439e-06
3.518224231298053910e-06
3.536945900398447713e-06
3.555625317178609320e-06
3.574331551154819855e-06
3.592985323097569688e-06
3.611657184995257557e-06
3.630266111576260432e-06
3.648884074696338112e-06
3.667507406284697101e-06
3.686132081972247252e-06
3.704673971309173800e-06
3.723207781236248020e-06
3.741647795063600044e-06
3.760070232307798029e-06
3.778471290524962803e-06
3.796846555902018738e-06
3.815107341581588449e-06
3.833332725370193440e-06
3.851518766600157556e-06
3.869660945595924607e-06
3.887667569805351779e-06
3.905620554432021690e-06
3.923515977978970652e-06
3.941349471043614843e-06
3.959026005421158244e-06
3.976722603956733365e-06
3.994252378654009246e-06
4.011702006410300146e-06
4.029067743939138970e-06
4.046250116076317254e-06
4.063434540232937728e-06
4.080522421517172120e-06
4.097412885928541218e-06
4.114197063125437501e-06
4.130970478272776563e-06
4.147531654116785879e-06
4.163975325364338123e-06
4.180297177933609721e-06
4.196493887872823331e-06
4.212561246070681872e-06
4.228496023854702743e-06
4.244293983756452143e-06
4.259952143493433555e-06
4.275466453938609219e-06
4.290833984949878941e-06
4.306050693565339350e-06
4.321113902061822227e-06
4.336129063414008476e-06
4.350875660194316492e-06
4.365458654338686240e-06
4.379987025238700914e-06
4.394234794084968424e-06
4.408423785054787147e-06
4.422324985996848824e-06
4.436163376034642911e-06
4.449822574429519487e-06
4.463300611051308065e-06
4.476711491699634098e-06
4.489819833356797418e-06
4.502857983975096981e-06
4.515707098255791181e-06
4.528364482808209442e-06
4.540828548268414164e-06
4.553096805016217959e-06
4.565290799732016374e-06
4.577286919863383093e-06
4.589084088663583943e-06
4.600680138844946286e-06
4.612074173470385006e-06
4.623390745199432484e-06
4.634504042947589628e-06
4.645412383201987023e-06
4.656115093609388318e-06
4.666740229971741464e-06
4.677159316501436829e-06
4.687370786110374233e-06
4.697374486834161542e-06
4.707301782718375972e-06
4.717021559328109931e-06
4.726532385454904585e-06
4.735969723622274896e-06
4.745198937778211271e-06
4.754220358960572307e-06
4.763032998580856679e-06
4.771775469398771728e-06
4.780310474074225795e-06
4.788778274366619116e-06
4.796899827979890152e-06
4.804955715413868902e-06
4.812947878610126666e-06
4.820736663941501657e-06
4.828321904886430829e-06
4.835704548554954080e-06
4.843029152353038169e-06
4.850299025474310629e-06
4.857223794104207471e-06
4.864096464496712433e-06
4.870919143383444098e-06
4.877546849685186447e-06
4.883979748975144108e-06
4.890219270315442709e-06
4.896566579447419581e-06
4.902574047287419305e-06
4.908543354026346142e-06
4.914325606662322625e-06
4.920074593821558612e-06
4.925639747648436102e-06
4.931176493434741850e-06
4.936532873066702368e-06
4.941865888492170181e-06
4.947022162993170646e-06
4.952002286381083736e-06
4.956966163927794476e-06
4.961916672462326043e-06
4.966697741408942831e-06
4.971310099499654200e-06
4.975916283690235251e-06
4.980357606511349079e-06
4.984797848025249983e-06
4.989240213254787185e-06
4.993360314242382873e-06
4.997650799800426184e-06
5.001786770423160918e-06
5.005769073909860282e-06
5.009765707288956069e-06
5.013612535940001586e-06
5.017478794482213077e-06
5.021198822722092681e-06
5.024943515471554612e-06
5.028545537719920959e-06
5.032177152559130675e-06
5.035841209645918539e-06
5.039368965803555968e-06
5.042761183400548046e-06
5.046192846344354208e-06
5.049666667458423984e-06
5.053011184517147987e-06
5.056402605724920033e-06
5.059667950328725881e-06
5.062984982551639952e-06
5.066179252032119065e-06
5.069429626907778563e-06
5.072560421860671700e-06
5.075751758388978159e-06
5.079007056088089061e-06
5.082147402873895554e-06
5.085174072841622102e-06
5.088452531492974376e-06
5.091621468459524730e-06
5.094681073797172311e-06
5.097817154130225277e-06
5.101032049433956637e-06
5.104142577444341355e-06
5.107335796998258016e-06
5.110427021032265916e-06
5.113604779240464311e-06
5.116871724080812455e-06
5.120040422530278613e-06
5.123301963591154628e-06
5.126467315063810466e-06
5.129728955411213629e-06
5.133089164839146336e-06
5.136356865869229638e-06
5.139726297158757791e-06
5.143004912159645130e-06
5.146388341740596830e-06
5.149879102977198432e-06
5.153281811369563490e-06
5.156794787422890678e-06
5.160419833902093495e-06
5.163959841260874645e-06
5.167614617263900164e-06
5.171386620303113607e-06
5.175075546442498302e-06
5.178884136669862167e-06
5.182610465987761857e-06
5.186458927277129699e-06
5.190430933824585489e-06
5.194322922739117885e-06
5.198340723580346611e-06
5.202486451108062595e-06
5.206553236852340910e-06
5.210749911047571314e-06
5.215077923609043701e-06
5.219328377511491930e-06
5.223711984796579342e-06
5.228230837888612237e-06
5.232672746428512193e-06
5.237251358531593403e-06
5.241968008925580802e-06
5.246608394349304151e-06
5.251388027376791706e-06
5.256308768583901752e-06
5.261153242941673764e-06
5.266140098121278015e-06
5.271270320275283750e-06
5.276324615866223987e-06
5.281523218446912696e-06
5.286868041890809887e-06
5.292135920604606588e-06
5.297550892093275327e-06
5.303113618199626342e-06
5.308825899585838405e-06
5.314460819483034054e-06
5.320245909282782685e-06
5.325952190288017373e-06
5.331809079169565763e-06
5.337817206175814293e-06
5.343978155778532178e-06
5.350059090710160330e-06
5.356527409020807457e-06
5.362680623287206887e-06
5.369223244305418290e-06
5.375684223208375284e-06
5.382300241049135152e-06
5.389071904509383948e-06
5.395760074043689834e-06
5.402603749790923471e-06
5.409604121622123538e-06
5.416518168872486695e-06
5.423833066283662805e-06
5.430815703359846335e-06
5.438200914951721573e-06
5.445744476869818335e-06
5.453198891789052742e-06
5.460561115297084468e-06
5.468331048923137786e-06
5.476008040941510269e-06
5.483843118084312644e-06
5.491836500046973413e-06
5.499989285648112188e-06
5.508045181947228396e-06
5.516259465873635548e-06
5.524373558667201081e-06
5.532904810185474253e-06
5.541334631290878466e-06
5.549922707640376709e-06
5.558405774957151456e-06
5.567310480374145407e-06
5.576108699361994955e-06
5.585064790343078489e-06
5.593910504997258386e-06
5.603181992795652660e-06
5.612341596353007063e-06
5.621658039226295693e-06
5.630858422243011110e-06
5.640488377261635045e-06
5.650000402532214185e-06
5.659668260785877013e-06
5.669213652607822207e-06
5.679192381804547445e-06
5.689046562404813351e-06
5.699055008750563144e-06
5.708934129736110718e-06
5.719250022289668113e-06
5.729434356067927223e-06
5.739771076711467214e-06
5.749971195186129366e-06
5.760611260136629944e-06
5.771112338017424497e-06
5.781763440133800504e-06
5.792564353224356156e-06
5.803219843702379903e-06
5.814319391712469166e-06
5.825270717218605992e-06
5.836069373797462550e-06
5.847313711946313873e-06
5.858402461297206103e-06
5.869939619770507914e-06
5.881318166362718099e-06
5.892534029622567100e-06
5.904199100991871200e-06
5.915698245898225341e-06
5.927337919381337619e-06
5.939118255761710752e-06
5.951038784672263309e-06
5.962783789760084448e-06
5.974665515148445171e-06
5.986684064746178854e-06
5.998838873989774876e-06
6.010808088670566148e-06
6.023233303486538677e-06
6.035469234272378750e-06
6.047837052010762483e-06
6.060336852815605992e-06
6.072638157297603675e-06
6.085067615886058644e-06
6.097624376898850381e-06
6.110308398383853248e-06
6.123118989564724527e-06
6.136055985515629933e-06
6.148779270312250945e-06
6.161624854496629141e-06
6.174591902607283436e-06
6.187336033308981298e-06
6.200543224772514651e-06
6.213523151111106699e-06
6.226619207354525351e-06
6.239831125037780312e-06
6.253158116766639158e-06
6.266245540829230703e-06
6.279799432830223633e-06
6.293109190775011035e-06
6.306528234130299315e-06
6.319695064880676797e-06
6.333329397806929124e-06
6.346706850945593503e-06
6.360554004232639447e-06
6.374139369466533539e-06
6.387456806891323086e-06
6.401244005015536359e-06
6.414758371672327164e-06
6.428744654689701184e-06
6.442453178316654719e-06
6.456256959249971027e-06
6.469774276425257706e-06
6.483764370519966211e-06
6.497462964688884227e-06
6.511250361324820679e-06
6.525125463219821293e-06
6.539087884489766612e-06
6.553136595124102892e-06
6.566877617857145021e-06
6.581095125811545205e-06
6.594999706924178120e-06
6.608983940397686557e-06
6.623047232845841352e-06
6.636785707049036072e-06
6.651002885952025774e-06
6.664889903004439120e-06
6.678849339502072690e-06
6.692879997129147196e-06
6.706981488340694531e-06
6.720738433356191602e-06
6.734977184187210510e-06
6.748866032384479591e-06
6.762818965426109183e-06
6.776834860557706711e-06
6.790913463286713759e-06
6.804627612293745771e-06
6.818827098770938560e-06
6.832656736813140199e-06
6.846542343313834579e-06
6.860482763219466287e-06
6.874477764504521002e-06
6.888526260260002012e-06
6.902188214051761740e-06
6.916340160311755720e-06
6.930100338478036701e-06
6.943907459263466819e-06
6.957761364529331786e-06
6.971211198887408914e-06
6.985154444741706912e-06
6.998688420041619318e-06
7.012718774671528063e-06
7.026334806924829763e-06
7.039990293990891945e-06
7.053684189251779741e-06
7.066952687640254690e-06
7.080720562933269026e-06
7.094058011117665392e-06
7.107428015363507157e-06
7.120830646130101791e-06
7.134265013091773121e-06
7.147731262903685356e-06
7.161228576824364273e-06
7.174276702104888564e-06
7.187833516938152575e-06
7.200936491164884574e-06
7.214065149199146542e-06
7.227219792309946117e-06
7.240399671546498386e-06
7.253112448895987542e-06
7.266340732505619533e-06
7.279097410162484670e-06
7.292373473485458792e-06
7.305173520209606386e-06
7.317993863596277673e-06
7.330834957500268499e-06
7.343188969352134848e-06
7.356068941377771251e-06
7.368457654513773518e-06
7.381376604234166078e-06
7.393800233049767148e-06
7.406240647502809010e-06
7.418697514769312479e-06
7.431171469252748542e-06
7.443138143460292868e-06
7.455644282752408930e-06
7.467639390643394615e-06
7.480178716716876439e-06
7.492203392598194623e-06
7.504242402213780475e-06
7.516295791199661776e-06
7.528364268243745774e-06
7.539906834879225731e-06
7.552004237367363997e-06
7.563572328040604521e-06
7.575700520632965204e-06
7.587296252410841190e-06
7.598905700502062819e-06
7.610529019959115461e-06
7.622167231946613403e-06
7.633262475519610429e-06
7.644929809046119556e-06
7.656613507268055082e-06
7.667750376873485861e-06
7.678900747826517527e-06
7.690065963148864087e-06
7.701246195898530034e-06
7.712442824710497556e-06
7.723656063269542635e-06
7.734887353840296090e-06
7.745557663948174882e-06
7.756825016226327318e-06
7.767528947138299130e-06
7.778836084534602292e-06
7.789577422467490586e-06
7.800338139390077365e-06
7.811118692628562921e-06
7.821920667560435249e-06
7.832147992320003508e-06
7.842993321903284337e-06
7.853261947893522326e-06
7.864155089458022959e-06
7.874469379618947879e-06
7.884807392509170996e-06
7.895169815123752896e-06
7.905558346259621157e-06
7.915973657677074669e-06
7.926417633756372414e-06
7.936890849136990140e-06
7.946774752511256997e-06
7.957308719827397030e-06
7.967251616205869421e-06
7.977224531064522507e-06
7.987858689375445411e-06
7.997898515250485347e-06
8.007973052394045974e-06
8.017447276336320852e-06
8.027592479754772794e-06
8.037775922737625987e-06
8.047357206517949854e-06
8.057619736653443739e-06
8.067278524903049200e-06
8.077625845062450904e-06
8.087367953395888762e-06
8.097152409886727246e-06
8.106981381792020445e-06
8.116855666797231710e-06
8.126117264349900791e-06
8.136085045262073453e-06
8.146103265031015076e-06
8.155505967592338012e-06
8.165626684403486717e-06
8.175130359422741856e-06
8.184686019187467835e-06
8.194294585314827528e-06
8.203958125925060952e-06
8.213677567399191662e-06
8.223455051365389493e-06
8.233291472098649687e-06
8.242501957264783844e-06
8.252459283659748854e-06
8.262480836517767976e-06
8.271873506714123929e-06
8.281328906445991066e-06
8.290847950820911269e-06
8.301133504247320503e-06
8.310787244335980710e-06
8.320509752364546051e-06
8.329594279068498649e-06
8.339456036726411776e-06
8.349390519455095628e-06
8.359399926476388171e-06
8.368767976405574739e-06
8.378209308633659402e-06
8.388446431180539560e-06
8.398040391092578564e-06
8.407711386263250637e-06
8.417461565124616018e-06
8.427291766055250866e-06
8.437204036214872045e-06
8.447199235247392139e-06
8.457279520597525566e-06
8.467445609191832828e-06
8.476956450426320681e-06
8.487296727142846730e-06
8.496979759928132198e-06
8.507499926706099598e-06
8.517360764564882404e-06
8.527311041206593243e-06
8.538110544128381147e-06
8.548246948505942313e-06
8.558477499294043356e-06
8.568802955294720712e-06
8.578457524707413734e-06
8.588974849345605518e-06
8.599591648617475149e-06
8.610308643495678254e-06
8.620349857560748714e-06
8.631269093826425762e-06
8.641509965724702562e-06
8.651851059485250500e-06
8.663081922643837762e-06
8.673630031747446906e-06
8.684282427970303249e-06
8.695039809633409186e-06
8.705903767318997428e-06
8.716875066198602441e-06
8.727955206281108686e-06
8.739144924149678997e-06
8.749636954534184774e-06
8.761046873446079469e-06
8.772570093186544095e-06
8.783390419100838977e-06
8.795140263252826545e-06
8.806183907527012706e-06
8.817339569172287473e-06
8.829435387168071929e-06
8.840820293012699506e-06
8.852319690217165689e-06
8.863934898735834590e-06
8.875666436060093814e-06
8.887515623339277838e-06
8.899482920007216686e-06
8.911569578038720327e-06
8.922926263157591987e-06
8.935250952572690604e-06
8.947697155263237360e-06
8.959407707198321159e-06
8.972096787125589075e-06
8.984046004565234713e-06
8.996114002384958592e-06
9.009171667830744395e-06
9.021482563648817391e-06
9.033914677393350883e-06
9.046468210750252022e-06
9.059144281891238134e-06
9.071943047676241776e-06
9.084865492381467866e-06
9.097911824139742089e-06
9.111082952031502734e-06
9.124379038827610297e-06
9.136901458208071658e-06
9.150446360789024023e-06
9.163212463516127451e-06
9.177008015777493591e-06
9.190019574769497414e-06
9.204067560148089053e-06
9.217326135356854425e-06
9.230707034731563176e-06
9.245135278137616672e-06
9.258487092061275776e-06
9.272332952204129258e-06
9.286303003492814271e-06
9.300210474261700995e-06
9.314335380100135316e-06
9.328490662995344109e-06
9.342675097781747155e-06
9.356888342720210515e-06
9.371319789902800813e-06
9.385684048021953750e-06
9.400170797817156466e-06
9.414780526255016134e-06
9.429416359605811973e-06
9.444077633529988935e-06
9.458860405835588285e-06
9.473667400691770048e-06
9.488595186357272771e-06
9.503545828308317825e-06
9.518616518860261702e-06
9.533708622691780305e-06
9.548919950651669789e-06
9.564151147707992251e-06
9.579500648002204144e-06
9.594868363520209453e-06
9.610353403106196738e-06
9.625854935003911737e-06
9.641371281393373995e-06
9.657105184746911538e-06
9.672750630257170013e-06
9.688510662306877070e-06
9.704384535183299744e-06
9.720269225950650899e-06
9.736266461696509744e-06
9.752272441236478975e-06
9.768285240610474394e-06
9.784408598510105191e-06
9.800641622848074188e-06
9.816879071236226452e-06
9.833224676105132330e-06
9.849572308083179086e-06
9.866026512310076418e-06
9.882480371386387509e-06
9.899039133409328649e-06
9.915595074456144296e-06
9.932254201556648833e-06
9.948907978443794950e-06
9.965663104153462179e-06
9.982410314141658913e-06
9.999256973684946215e-06
1.001620299179856516e-05
1.003313699953409470e-05
1.005005767688556439e-05
1.006707392729463671e-05
1.008418554074980585e-05
1.010127958501024414e-05
1.011846692048148322e-05
1.013563372527043839e-05
1.015289172987680762e-05
1.017023983042108074e-05
1.018756385780626542e-05
1.020486149759995502e-05
1.022224597299985002e-05
1.023971610095478056e-05
1.025715616049357883e-05
1.027467960887306036e-05
1.029216982457585378e-05
1.030974111806947028e-05
1.032739316780595428e-05
1.034500726002263921e-05
1.036269972127087950e-05
1.038035104791663592e-05
1.039807833938854408e-05
1.041576131543339355e-05
1.043351781211075205e-05
1.045134676289407822e-05
1.046912727302611529e-05
1.048685694316994245e-05
1.050477659415062639e-05
1.052264303321248625e-05
1.054045439597288932e-05
1.055833095856394782e-05
1.057627214632367695e-05
1.059415352515377545e-05
1.061209702108460811e-05
1.062997738260262941e-05
1.064804213452679277e-05
1.066591618109581124e-05
1.068384739738086834e-05
1.070183480851324249e-05
1.071987785537731197e-05
1.073784872568969103e-05
1.075587288504386742e-05
1.077382157402086305e-05
1.079182119231658742e-05
1.080974203084217460e-05
1.082771139935915812e-05
1.084572824678761989e-05
1.086379213956941073e-05
1.088177166864497480e-05
1.089966516506054736e-05
1.091760149325223000e-05
1.093558032031740583e-05
1.095360061352774561e-05
1.097152946256605713e-05
1.098949751694832144e-05
1.100737108110012128e-05
1.102528169223176621e-05
1.104322922371618268e-05
1.106107771847022412e-05
1.107896105678560052e-05
1.109674240582231607e-05
1.111455655704070430e-05
1.113240257792626595e-05
1.115028031200391789e-05
1.116805133751832978e-05
1.118571414426116140e-05
1.120354354935569272e-05
1.122126295222392237e-05
1.123887016844158991e-05
1.125664353944046010e-05
1.127430300678721706e-05
1.129184724789539261e-05
1.130941539520266251e-05
1.132700751610442464e-05
1.134462293619712909e-05
1.136211912907948077e-05
1.137963717331171609e-05
1.139703365376261034e-05
1.141459464711493275e-05
1.143188831488382926e-05
1.144934616010384831e-05
1.146667899285700578e-05
1.148403081424380133e-05
1.150125560799064898e-05
1.151849828117775826e-05
1.153575924281120505e-05
1.155303808706833264e-05
1.157018705988783405e-05
1.158735299019940019e-05
1.160438729374264861e-05
1.162143778595540528e-05
1.163850510469104540e-05
1.165543832899957463e-05
1.167253882743814555e-05
1.168935318863636004e-05
1.170633526864793836e-05
1.172318134210502967e-05
1.174004364506735867e-05
1.175676862443635446e-05
1.177366351084933054e-05
1.179026646695416114e-05
1.180704007379928378e-05
1.182367506750607789e-05
1.184032676433443407e-05
1.185699519178088493e-05
1.187352452524632632e-05
1.189007066926676381e-05
1.190663467972034707e-05
1.192305847102138086e-05
1.193950040061571456e-05
1.195596062811985291e-05
1.197228063458265488e-05
1.198877948685520916e-05
1.200497797811934926e-05
1.202135683400826335e-05
1.203759551154760603e-05
1.205385505148313871e-05
1.207013669844073897e-05
1.208627780440113211e-05
1.210244178981405565e-05
1.211862912850109548e-05
1.213467663989593439e-05
1.215074845680427726e-05
1.216684597764315756e-05
1.218296978211525825e-05
1.219895487386277728e-05
1.221496734096636766e-05
1.223100867484343496e-05
1.224691164048768291e-05
1.226284474914977845e-05
1.227880871356363840e-05
1.229463565100142030e-05
1.231049477050564013e-05
1.232638760741246173e-05
1.234231516609273373e-05
1.235810755614094732e-05
1.237393612661547636e-05
1.238980249592368074e-05
1.240553459414076246e-05
1.242147968727064492e-05
1.243729193054412684e-05
1.245297224839118454e-05
1.246886942191485497e-05
1.248463646867857039e-05
1.250027221415190582e-05
1.251613024341303277e-05
1.253185906008833322e-05
1.254763677445673344e-05
1.256346366765380323e-05
1.257916398528988336e-05
1.259491557962318350e-05
1.261072087376520452e-05
1.262658058134549385e-05
1.264231621007381659e-05
1.265810812402803448e-05
1.267395884964849798e-05
1.268986874537181682e-05
1.270565796436937724e-05
1.272150884270528175e-05
1.273724003808863900e-05
1.275321930815014282e-05
1.276908067073628491e-05
1.278500883961922764e-05
1.280100640386585610e-05
1.281688759684079069e-05
1.283283995747083277e-05
1.284886440971216400e-05
1.286496318849382820e-05
1.288094901499248282e-05
1.289701168417711455e-05
1.291315183813795570e-05
1.292937211754734656e-05
1.294548270899188356e-05
1.296167552139039024e-05
1.297795135234707579e-05
1.299412035180627589e-05
1.301056720350682146e-05
1.302690928314266878e-05
1.304314616316165577e-05
1.305966687522446023e-05
1.307608463412585724e-05
1.309259475038780517e-05
1.310919925340579351e-05
1.312589925525696304e-05
1.314249898811926741e-05
1.315919667716999682e-05
1.317599346574852137e-05
1.319269237781200697e-05
1.320969190706314662e-05
1.322659560216211158e-05
1.324340288889666274e-05
1.326051632608124704e-05
1.327753490441126660e-05
1.329466180708346494e-05
1.331189692458793556e-05
1.332924365769908644e-05
1.334649792720278628e-05
1.336386556348486176e-05
1.338134632002390199e-05
1.339894317269164820e-05
1.341644985351428060e-05
1.343428094916756481e-05
1.345202378272654356e-05
1.346967854698363381e-05
1.348766157067256765e-05
1.350555854567629545e-05
1.352357766167670623e-05
1.354172111895553367e-05
1.355977847674370893e-05
1.357817258328888486e-05
1.359648231939157750e-05
1.361491997071186946e-05
1.363327299090377742e-05
1.365196927030763858e-05
1.367058190946285051e-05
1.368932632049925491e-05
1.370798675413358038e-05
1.372699710450836938e-05
1.374592428646768011e-05
1.376498672304920217e-05
1.378418397983580521e-05
1.380351891358448191e-05
1.382277073362926973e-05
1.384216108446319920e-05
1.386168905905947866e-05
1.388135714200289130e-05
1.390094234529339183e-05
1.392066761019152220e-05
1.394075656299762967e-05
1.396054034008889082e-05
1.398068983951446232e-05
1.400075724842708480e-05
1.402096745615417926e-05
1.404132131712735126e-05
1.406181931854439715e-05
1.408246266638725769e-05
1.410302205408605947e-05
1.412372721989542027e-05
1.414457757371673887e-05
1.416557431831093369e-05
1.418648603105110010e-05
1.420754398425742455e-05
1.422874853670065434e-05
1.425010028532087580e-05
1.427159885189277531e-05
1.429301054229335177e-05
1.431456890571989192e-05
1.433627471954879746e-05
1.435812840137298992e-05
1.438013039770970245e-05
1.440204140964876297e-05
1.442410023883811529e-05
1.444630644872712417e-05
1.446866061161218418e-05
1.449116302277654304e-05
1.451357102872805424e-05
1.453612584239908717e-05
1.455882802347837960e-05
1.458167698138910736e-05
1.460442766482619325e-05
1.462757002010985638e-05
1.465061272747818490e-05
1.467380114403191952e-05
1.469688664130211376e-05
1.472036531037744071e-05
1.474373943884141128e-05
1.476725744685599461e-05
1.479091922530061780e-05
1.481472435630503399e-05
1.483867307109421310e-05
1.486251051872153637e-05
1.488648971646316955e-05
1.491060926101143118e-05
1.493486976143942273e-05
1.495901336271198903e-05
1.498355378532955972e-05
1.500797515313536698e-05
1.503253419374048246e-05
1.505722999729610058e-05
1.508206271982741138e-05
1.510676975969335156e-05
1.513161068779979944e-05
1.515658508267404316e-05
1.518169238581803950e-05
1.520693157159275906e-05
1.523203694225956519e-05
1.525753806369324875e-05
1.528290240446589064e-05
1.530839466761771918e-05
1.533374542349104063e-05
1.535949049004180117e-05
1.538509086279042868e-05
1.541108602222846600e-05
1.543693319978503120e-05
1.546262885632497652e-05
1.548871810993819739e-05
1.551465247561073231e-05
1.554098016237047419e-05
1.556714938363574618e-05
1.559343476720421719e-05
1.561983498189582764e-05
1.564607009490661340e-05
1.567269612384239238e-05
1.569915312257745663e-05
1.572571909808302329e-05
1.575239355202586209e-05
1.577889121164497601e-05
1.580577812228038356e-05
1.583248429761819994e-05
1.585929307285544843e-05
1.588620278166637720e-05
1.591321305575200769e-05
1.594032211907392730e-05
1.596723938905153501e-05
1.599425175459431687e-05
1.602164992143930282e-05
1.604884985384085795e-05
1.607584836829824412e-05
1.610322942939707228e-05
1.613040470710307543e-05
1.615796249748548534e-05
1.618531036388356492e-05
1.621274201609763723e-05
1.623995777527677414e-05
1.626755289163445839e-05
1.629492823322641431e-05
1.632268253824147510e-05
1.635021266449620625e-05
1.637781741681684701e-05
1.640519203414819919e-05
1.643294289195611012e-05
1.646045935113783071e-05
1.648835164113702430e-05
1.651600529535256155e-05
1.654372506244403856e-05
1.657151040688122038e-05
1.659904832022570100e-05
1.662695995353681656e-05
1.665462003462642512e-05
1.668233936393347021e-05
1.671011623538822148e-05
1.673795020122954060e-05
1.676552250845082285e-05
1.679346583087713412e-05
1.682114351928145780e-05
1.684887224508537220e-05
1.687697119768047320e-05
1.690447742864362599e-05
1.693235186000434543e-05
1.696027335880484412e-05
1.698791564081908806e-05
1.701560122542379163e-05
1.704332861804758821e-05
1.707109755819868826e-05
1.709890655672642769e-05
1.712675545519430338e-05
1.715431221728933373e-05
1.718190538254069842e-05
1.720986612821353374e-05
1.723753015779441245e-05
1.726522783058070021e-05
1.729262351464790206e-05
1.732038607845775430e-05
1.734784343967341139e-05
1.737566850881610273e-05
1.740318528842924885e-05
1.743073018830378038e-05
1.745796179059617658e-05
1.748556110207559564e-05
1.751318779526916608e-05
1.754049643581555287e-05
1.756782975322039331e-05
1.759518686264627396e-05
1.762256810403425907e-05
1.764997265476122735e-05
1.767740090074314502e-05
1.770450164600381154e-05
1.773197532138216640e-05
1.775911930821573600e-05
1.778628460973131622e-05
1.781347070890387547e-05
1.784067820175621761e-05
1.786755005977817937e-05
1.789479908462686264e-05
1.792171076811972130e-05
1.794864240656544136e-05
1.797559369252540510e-05
1.800256553430899331e-05
1.802955768376573054e-05
1.805657110663163591e-05
1.808324084700995134e-05
1.811029643783611866e-05
1.813700738658363329e-05
1.816373954182740001e-05
1.819049296421886404e-05
1.821726891953110201e-05
1.824406760413463521e-05
1.827051839520497662e-05
1.829736442309502412e-05
1.832386176381904053e-05
1.835038306173045322e-05
1.837692998496757643e-05
1.840350301414947441e-05
1.843010354366263873e-05
1.845673203195064845e-05
1.848300995887716002e-05
1.850931556100776304e-05
1.853603303215621028e-05
1.856239946443541655e-05
1.858879848933324620e-05
1.861523036177981284e-05
1.864131100730676436e-05
1.866781276468346278e-05
1.869396416124897008e-05
1.872054182496794928e-05
1.874676988396398018e-05
1.877303803857552903e-05
1.879934817154198259e-05
1.882570166584858601e-05
1.885210064129216325e-05
1.887815074634415690e-05
1.890464466439873106e-05
1.893079122727514565e-05
1.895698850630066150e-05
1.898323812913336314e-05
1.900954191627294098e-05
1.903590148952528487e-05
1.906231942334014922e-05
1.908839285834736926e-05
1.911493271589336472e-05
1.914113018149942217e-05
1.916739260221550267e-05
1.919372199686098982e-05
1.922012040135252897e-05
1.924658976682952141e-05
1.927313305979931696e-05
1.929933868632953729e-05
1.932603532724913277e-05
1.935239698271452380e-05
1.937884012261411194e-05
1.940536618112703778e-05
1.943197849672607957e-05
1.945867933026607753e-05
1.948547086049294755e-05
1.951235534950790835e-05
1.953891300550750898e-05
1.956599094811690170e-05
1.959274519538276168e-05
1.961960161193908528e-05
1.964656249354899029e-05
1.967363054507629579e-05
1.970080843078421762e-05
1.972809897036390857e-05
1.975507234558950012e-05
1.978259510538197337e-05
1.980980399203573772e-05
1.983713445180840392e-05
1.986458901991855177e-05
1.989217064647539335e-05
1.991988244103838648e-05
1.994772641927236413e-05
1.997570601947802637e-05
2.000338151250537590e-05
2.003163969974157131e-05
2.005959701339715283e-05
2.008769909351966568e-05
2.011639553945918611e-05
2.014479701485387040e-05
2.017335135413084646e-05
2.020161139548822449e-05
2.023047993999103688e-05
2.025951059863497091e-05
2.028825134680988770e-05
2.031715819893201432e-05
2.034668982644109123e-05
2.037593745127088752e-05
2.040535907558349495e-05
2.043495774612776459e-05
2.046473640008828352e-05
2.049423505651089080e-05
2.052438070617395479e-05
2.055471501926816244e-05
2.058477366614270792e-05
2.061502428447691384e-05
2.064546918645087032e-05
2.067658226963591539e-05
2.070742570948178569e-05
2.073799885117519063e-05
2.076924956591328134e-05
2.080070907660015763e-05
2.083190267829615930e-05
2.086378611737041468e-05
2.089540617234016909e-05
2.092772448446041477e-05
2.095978211833958587e-05
2.099206210539854701e-05
2.102456659474700174e-05
2.105729883243255936e-05
2.108977280059420937e-05
2.112296600260411930e-05
2.115639360940972636e-05
2.118956699058335610e-05
2.122297806886107801e-05
2.125712350901242829e-05
2.129101780923183849e-05
2.132515649679141013e-05
2.135954240017596504e-05
2.139417731635698665e-05
2.142906386230960996e-05
2.146370129560982491e-05
2.149909659212955373e-05
2.153424379101831512e-05
2.157015623524077708e-05
2.160582233254289476e-05
2.164175026457574867e-05
2.167794231188077309e-05
2.171439998381985127e-05
2.175112531539636783e-05
2.178812073376031240e-05
2.182538775654684396e-05
2.186240898099215093e-05
2.190022318888864918e-05
2.193779237195925529e-05
2.197616137739919027e-05
2.201428530099212028e-05
2.205268854774429109e-05
2.209137207388858814e-05
2.213033853126703118e-05
2.216958815068764156e-05
2.220912348229312332e-05
2.224894516344628573e-05
2.228851843907876708e-05
2.232891574117101683e-05
2.236906427510249517e-05
2.240950136161007006e-05
2.245077113711658144e-05
2.249179057071431289e-05
2.253310187129095327e-05
2.257470592709852269e-05
2.261660383135165805e-05
2.265824510471426762e-05
2.270073160032917611e-05
2.274351484808202973e-05
2.278603869945484983e-05
2.282941524137092508e-05
2.287253067240429841e-05
2.291594118657117756e-05
2.296021098049662009e-05
2.300421551962216008e-05
2.304851701863712142e-05
2.309311556377644106e-05
2.313744153350953136e-05
2.318263364105472524e-05
2.322812349417022768e-05
2.327333535064701048e-05
2.331941884801010643e-05
2.336522067524303330e-05
2.341189766066543144e-05
2.345828907692457300e-05
2.350497421271392542e-05
2.355195209470785448e-05
2.359922309041498923e-05
2.364678586038142854e-05
2.369464088070904044e-05
2.374219280145829810e-05
2.379062807261145095e-05
2.383935317905199985e-05
2.388776761139440707e-05
2.393646692898603165e-05
2.398605334610163860e-05
2.403532021867004747e-05
2.408486954125440120e-05
2.413469903039980083e-05
2.418480813631968459e-05
2.423519481288427348e-05
2.428585915043919601e-05
2.433679855044792680e-05
2.438739327619301618e-05
2.443887844124971882e-05
2.449001119041220126e-05
2.454203529299838201e-05
2.459369944324576353e-05
2.464562603433040233e-05
2.469844405811249876e-05
2.475089029275800851e-05
2.480359293419959568e-05
2.485654977048952307e-05
2.490911940417029233e-05
2.496257754737583239e-05
2.501628416928614059e-05
2.507023684124896017e-05
2.512378456359574107e-05
2.517822009998371859e-05
2.523224176888232744e-05
2.528649564883333849e-05
2.534163686956511453e-05
2.539634972295330340e-05
2.545128756349939077e-05
2.550644724263527335e-05
2.556182611415355380e-05
2.561742092404868050e-05
2.567255855196487699e-05
2.572857535799595225e-05
2.578479984433262802e-05
2.584055171529760317e-05
2.589718050008271106e-05
2.595332613660398375e-05
2.601034679912233089e-05
2.606687362563709390e-05
2.612358511195018372e-05
2.618047760934709788e-05
2.623754867030854074e-05
2.629479435918969957e-05
2.635221103583892450e-05
2.640979598538243211e-05
2.646754549165024201e-05
2.652475114884095120e-05
2.658281656731465104e-05
2.664032688009021474e-05
2.669869455608852682e-05
2.675649502640742785e-05
2.681443445177778039e-05
2.687322743122601097e-05
2.693143529524002542e-05
2.698977088383025901e-05
2.704823112081853779e-05
2.710681106620759797e-05
2.716550879461597815e-05
2.722431918659782261e-05
2.728250383491385053e-05
2.734152698856629483e-05
2.740065231310947837e-05
2.745913334537468880e-05
2.751844926632306728e-05
2.757710874481418941e-05
2.763585064292195837e-05
2.769467136364308068e-05
2.775432233723905599e-05
2.781329239358633568e-05
2.787233012019993782e-05
2.793143178695268997e-05
2.799059427878595248e-05
2.804904652891335021e-05
2.810831734094549258e-05
2.816763807655293204e-05
2.822700593425631031e-05
2.828563928789505269e-05
2.834508751458742848e-05
2.840379001865141138e-05
2.846252056220910837e-05
2.852206345727654858e-05
2.858084297563848894e-05
2.863964085535653211e-05
2.869845455676788245e-05
2.875728013394566207e-05
2.881611561632794661e-05
2.887495660549336082e-05
2.893380206650248741e-05
2.899264728291969337e-05
2.905068089422279412e-05
2.910951613676410145e-05
2.916752978010320998e-05
2.922634493529715363e-05
2.928432854429907243e-05
2.934311434090859132e-05
2.940105827348843664e-05
2.945897689224107570e-05
2.951686936525592844e-05
2.957473245508401342e-05
2.963256513557842366e-05
2.969036486728385607e-05
2.974813062736882956e-05
2.980585974213930750e-05
2.986355177476363452e-05
2.992120356529474803e-05
2.997796446887648875e-05
3.003553128905117787e-05
3.009219948584762608e-05
3.014967624664052542e-05
3.020624760740298371e-05
3.026363073359608399e-05
3.032010177605257292e-05
3.037651970955369428e-05
3.043288451546815880e-05
3.048919556551625741e-05
3.054545283731677755e-05
3.060165578859565532e-05
3.065780500514093786e-05
3.071389962893888509e-05
3.076994060035548008e-05
3.082503860118364120e-05
3.088097028007126364e-05
3.093684867113451735e-05
3.099177970387773795e-05
3.104755256450659107e-05
3.110237416347751241e-05
3.115714075170446750e-05
3.121276209007663773e-05
3.126742622024169458e-05
3.132204046156715065e-05
3.137660498698722334e-05
3.143112285989596062e-05
3.148559468346772653e-05
3.154002373620189381e-05
3.159441042449651543e-05
3.164875882559646720e-05
3.170213915366584004e-05
3.175641334635132012e-05
3.181065548379839270e-05
3.186393060643903945e-05
3.191811460525888520e-05
3.197133214316781694e-05
3.202547007432263984e-05
3.207864277888248866e-05
3.213179646839774622e-05
3.218493522220291185e-05
3.223901844396047785e-05
3.229214027119673910e-05
3.234525778101163420e-05
3.239837555586019759e-05
3.245149678407578854e-05
3.250365722218095103e-05
3.255679593476231061e-05
3.260995225199622173e-05
3.266312947418434641e-05
3.271535330317516208e-05
3.276858457543511873e-05
3.282086721851295782e-05
3.287417185675577938e-05
3.292653285884958352e-05
3.297993122270082228e-05
3.303239138934092471e-05
3.308490669653808483e-05
3.313748531091152542e-05
3.319012973148108384e-05
3.324284865113441058e-05
3.329564551028571214e-05
3.334852833782861242e-05
3.340150102999609773e-05
3.345457152397701776e-05
3.350774408402202757e-05
3.356102669403562605e-05
3.361339900258236935e-05
3.366691628859714734e-05
3.371953088741962390e-05
3.377330843126890463e-05
3.382619133905122246e-05
3.388025600170808716e-05
3.393343395197748305e-05
3.398676909787976615e-05
3.404131307620943575e-05
3.409498357597029309e-05
3.414883037850915720e-05
3.420286222386325936e-05
3.425708474082477071e-05
3.431150576824449586e-05
3.436613281191880717e-05
3.442097281805834690e-05
3.447496347488193717e-05
3.453024894405240069e-05
3.458576849922033729e-05
3.464045376726139638e-05
3.469646317479997455e-05
3.475273041235812124e-05
3.480817575803659970e-05
3.486388838341129712e-05
3.492096749879276899e-05
3.497723987613315157e-05
3.503380118789830054e-05
3.509176130543349595e-05
3.514892763037747635e-05
3.520640778735936911e-05
3.526420735614190709e-05
3.532233548906083312e-05
3.538079940830486208e-05
3.543960631600437909e-05
3.549876484492717714e-05
3.555715723664487935e-05
3.561703746846688843e-05
3.567729233648790020e-05
3.573679498144761296e-05
3.579781782167955491e-05
3.585809737327297955e-05
3.591991890849847313e-05
3.598100605133465842e-05
3.604365747284891681e-05
3.610558283055173199e-05
3.616793814648576309e-05
3.623188845756497719e-05
3.629512779019299583e-05
3.635881813321429885e-05
3.642296819560002545e-05
3.648758420708376928e-05
3.655267480214685068e-05
3.661824506479304425e-05
3.668430423075964700e-05
3.675085810835051581e-05
3.681672690022408254e-05
3.688428951613155596e-05
3.695237013940990702e-05
3.701977481319722996e-05
3.708890664806885139e-05
3.715736988882705676e-05
3.722758109969599862e-05
3.729712970247323420e-05
3.736844792999409996e-05
3.743910948659170024e-05
3.751033737467884447e-05
3.758336215825867980e-05
3.765574158939379338e-05
3.772870387461402562e-05
3.780225747745125380e-05
3.787640630117936801e-05
3.795115804771028464e-05
3.802651701085522771e-05
3.810249111736524962e-05
3.817908418156212006e-05
3.825504415541740582e-05
3.833289140922070107e-05
3.841137674230036983e-05
3.849050329519787533e-05
3.856900339400360050e-05
3.864942781925077836e-05
3.872922785281167942e-05
3.881097091156420268e-05
3.889209137641938373e-05
3.897387624839078956e-05
3.905763138679991457e-05
3.914076480717187278e-05
3.922457784778135261e-05
3.930907390621462996e-05
3.939557449246036284e-05
3.948145495640053920e-05
3.956803095172409858e-05
3.965530675944383435e-05
3.974328652256878209e-05
3.983197321109782245e-05
3.992002816943767952e-05
4.001013527375964663e-05
4.010095923824638918e-05
4.019250323733383426e-05
4.028341067613658467e-05
4.037639921280749970e-05
4.047011686448882698e-05
4.056319112890627174e-05
4.065836929355358485e-05
4.075289994168908037e-05
4.084815992034743085e-05
4.094554064453209512e-05
4.104226763004170171e-05
4.113972637245767955e-05
4.123792148098996756e-05
4.133826251281370878e-05
4.143793498418697318e-05
4.153834495002814420e-05
4.163949388356794572e-05
4.174138076210368969e-05
4.184400761514976360e-05
4.194737295922282126e-05
4.205147878734752479e-05
4.215487289403091790e-05
4.226045124439665817e-05
4.236676840153644446e-05
4.247382315418414978e-05
4.258014450976095784e-05
4.268866712851627701e-05
4.279644264476408557e-05
4.290642720663802453e-05
4.301565157404782302e-05
4.312709149813726196e-05
4.323775633704069903e-05
4.334913529289105436e-05
4.346273980145068215e-05
4.357554553599241292e-05
4.368905710908253321e-05
4.380327228177267033e-05
4.391818714780581969e-05
4.403533887991695396e-05
4.415164805261088049e-05
4.426864636496686357e-05
4.438632961855654830e-05
4.450313040750237344e-05
4.462216462384421356e-05
4.474186983580671938e-05
4.486224176924489491e-05
4.498327549749133548e-05
4.510337241450269045e-05
4.522570607509418647e-05
4.534868390313010486e-05
4.547069102064125806e-05
4.559493383842529315e-05
4.571818211484766881e-05
4.584366477065079346e-05
4.596812672102624809e-05
4.609318270888263777e-05
4.622047092593816625e-05
4.634669959953263588e-05
4.647349985025456465e-05
4.660086442585575282e-05
4.673045499116318255e-05
4.685893017275264230e-05
4.698794496225616540e-05
4.711748991393385305e-05
4.724755850263737047e-05
4.737813988103957143e-05
4.750922527115609441e-05
4.764080586976885654e-05
4.777115097660400157e-05
4.790368760192755649e-05
4.803668976607169868e-05
4.817014856489197758e-05
4.830230695267411352e-05
4.843664169426853102e-05
4.857140240638316482e-05
4.870481175024724089e-05
4.884038637794154997e-05
4.897457439937024011e-05
4.910913281430401566e-05
4.924584235275754714e-05
4.938111384955050820e-05
4.951852744894038862e-05
4.965446582601764779e-05
4.979071681053340439e-05
4.992726957601974886e-05
5.006411158925425580e-05
5.020307202253481408e-05
5.034046381418681444e-05
5.047811010412568678e-05
5.061599772233163496e-05
5.075411511934397783e-05
5.089245090704310815e-05
5.102911081248768063e-05
5.116783670045912030e-05
5.130674450501724004e-05
5.144582004001859609e-05
5.158505198203151452e-05
5.172251059330394896e-05
5.186200931895864914e-05
5.200162612461414356e-05
5.213941337620048115e-05
5.227922333040457652e-05
5.241716555931295949e-05
5.255711989629628585e-05
5.269516729721520753e-05
5.283521716952494884e-05
5.297332298365085406e-05
5.311143425878212546e-05
5.325153511028232674e-05
5.338963224299116264e-05
5.352770244834682904e-05
5.366573140732283165e-05
5.380370998669211144e-05
5.394162386617287129e-05
5.408150038962904405e-05
5.421926222909124869e-05
5.435692919276665421e-05
5.449448828094138609e-05
5.462986680147743218e-05
5.476717288547309451e-05
5.490434190999042032e-05
5.504136234700772185e-05
5.517822596227485080e-05
5.531492093468998406e-05
5.544933404731386878e-05
5.558565998616406511e-05
5.572179269198139495e-05
5.585559324643369402e-05
5.599130475612826481e-05
5.612465363156465831e-05
5.625991076740156438e-05
5.639277654378424326e-05
5.652755118553581451e-05
5.665990500165817516e-05
5.679199108142462984e-05
5.692598517566543355e-05
5.705751969322025378e-05
5.718876725115473541e-05
5.731972264971471089e-05
5.745259506365472160e-05
5.758296086278591491e-05
5.771302122798159301e-05
5.784277362911321730e-05
5.797221371130125979e-05
5.810133868143111069e-05
5.823014591062516531e-05
5.835863381929835521e-05
5.848679993528762183e-05
5.861464347567689514e-05
5.873987804808269563e-05
5.886706642058515471e-05
5.899392987877129593e-05
5.912046955812901575e-05
5.924437314619070144e-05
5.937026045246263231e-05
5.949582740378537747e-05
5.961874259786052705e-05
5.974366880664977843e-05
5.986593465936587775e-05
5.999023295323781545e-05
6.011186392390618303e-05
6.023554877470633617e-05
6.035656092690999192e-05
6.047965144060909261e-05
6.060006654173488651e-05
6.072018902184189487e-05
6.084242763097360516e-05
6.096199117664361742e-05
6.108128223603153620e-05
6.120030999546301187e-05
6.131908116042823179e-05
6.143760670235500951e-05
6.155589406292805111e-05
6.167640552779385095e-05
6.179425515981741329e-05
6.190943137817933194e-05
6.202687089132565392e-05
6.214412476056768763e-05
6.226120656732405626e-05
6.237812708583536324e-05
6.249490030642869387e-05
6.261153872778002472e-05
6.272554042975736206e-05
6.284194341620094463e-05
6.295825257268870497e-05
6.307194951153400741e-05
6.318811049814438568e-05
6.330422434978728538e-05
6.341774989400117662e-05
6.353381045642968585e-05
6.364730211955219031e-05
6.376337574685064552e-05
6.387690027155113782e-05
6.399305702598851375e-05
6.410668663503898696e-05
6.422039275098351480e-05
6.433680561432077963e-05
6.445072685807574345e-05
6.456478127145115270e-05
6.467898865112681932e-05
6.479600909965116189e-05
6.491059091513859836e-05
6.502538559485610220e-05
6.514041610715325353e-05
6.525570266792761183e-05
6.537126602465169695e-05
6.548713089391665517e-05
6.560331747869920210e-05
6.571984863000273518e-05
6.583674666995379635e-05
6.595403326842814540e-05
6.607173078078439478e-05
6.618986290017778390e-05
6.630571990216409554e-05
6.642478551574683551e-05
6.654435506144162492e-05
6.666445505958098398e-05
6.678234439501065005e-05
6.690356800368762915e-05
6.702539489765629887e-05
6.714506335413230578e-05
6.726816236500038511e-05
6.738913751989522593e-05
6.751360987087987389e-05
6.763599389939193153e-05
6.776194019231388595e-05
6.788583358465778001e-05
6.801051862348779097e-05
6.813886425309320812e-05
6.826521282248997557e-05
6.839242677771994008e-05
6.852340520487428715e-05
6.865244042606567310e-05
6.878242035772115862e-05
6.891337148052420730e-05
6.904822416025770495e-05
6.918120638816139026e-05
6.931524025293722409e-05
6.945035092076035337e-05
6.958656571186655991e-05
6.972391201646256425e-05
6.986241516622034779e-05
7.000210261221548932e-05
7.014300138140107919e-05
7.028513703625481623e-05
7.042853745243312768e-05
7.057023124739423647e-05
7.071623089388925920e-05
7.086357481040051972e-05
7.101228996349284988e-05
7.116240412534521539e-05
7.131090136888069162e-05
7.146388140493775459e-05
7.161833920062686022e-05
7.177123209779234824e-05
7.192871642885217650e-05
7.208467125259247397e-05
7.224528737764499312e-05
7.240751447240028238e-05
7.256826196495477462e-05
7.273065216163956850e-05
7.289784902799530553e-05
7.306361509106048429e-05
7.323425943506927695e-05
7.340350601507469202e-05
7.357452601115463398e-05
7.375053094019255826e-05
7.392518412455953338e-05
7.410168757439498997e-05
7.428006641890206262e-05
7.446357278849307705e-05
7.464578789070905654e-05
7.482995234571266426e-05
7.501609374356916951e-05
7.520423245927331381e-05
7.539439744127688714e-05
7.558660933657139805e-05
7.578089539372523842e-05
7.597727746667799179e-05
7.617578233221107965e-05
7.637643110236775441e-05
7.657924771544764148e-05
7.678425569676819071e-05
7.699148028354054027e-05
7.720094225100308555e-05
7.741266587361527644e-05
7.762325870269846299e-05
7.783955910630732450e-05
7.805818567843653783e-05
7.827916337341698171e-05
7.849904717333531492e-05
7.872477762189017967e-05
7.894943218826405099e-05
7.918000055704770511e-05
7.941302548835019333e-05
7.964499913183032873e-05
7.988298469474606285e-05
8.011993281198174740e-05
8.036295822899902457e-05
8.060495769308614628e-05
8.085309952791374928e-05
8.110022381577279256e-05
8.134992794388676599e-05
8.160587819888563037e-05
8.186081640885551009e-05
8.211839212270575432e-05
8.238230489512562461e-05
8.264521762224885410e-05
8.291081468216411393e-05
8.317911415309037963e-05
8.345012916325376430e-05
8.372763717130111993e-05
8.400414230691853189e-05
8.428340755597921890e-05
8.456544398730696276e-05
8.485026466352631322e-05
8.513788251099172865e-05
8.542831013988857948e-05
8.572155485333390695e-05
8.601763439547098326e-05
8.631655315143275801e-05
8.661832469591252120e-05
8.692295721171626813e-05
8.723046082411832925e-05
8.753686383768704746e-05
8.785011005602028078e-05
8.816624871875279666e-05
8.848528463836271565e-05
8.880722516787375878e-05
8.912800755435116499e-05
8.945575265242251329e-05
8.978641823478787751e-05
9.011588248288647626e-05
9.045237452546181218e-05
9.079179372531476797e-05
9.112995945479871948e-05
9.147521266067513545e-05
9.181917238099317007e-05
9.217025633152917032e-05
9.252000582886762319e-05
9.287691428894808169e-05
9.323243945255342579e-05
9.359083727060407514e-05
9.395644095653020748e-05
9.432058533616284515e-05
9.469196249555941432e-05
9.506182283861126998e-05
9.543451962780974244e-05
9.581004063022087339e-05
9.619283979165559842e-05
9.657399612587923635e-05
9.695794288300859515e-05
9.734466363496555225e-05
9.773869717216443216e-05
9.813094424577453072e-05
9.852591925350925991e-05
9.892360266680900994e-05
9.932398018054985510e-05
9.972702812076586379e-05
1.001327276602796430e-04
1.005410554731675889e-04
1.009519875620862556e-04
1.013655030096036717e-04
1.017815717697394718e-04
1.022001709319467558e-04
1.026212714555821529e-04
1.030448467015121641e-04
1.034659878809915005e-04
1.038943952029476971e-04
1.043251828181571123e-04
1.047583211455714689e-04
1.051937718527421828e-04
1.056265041657083624e-04
1.060664528219514550e-04
1.065086074220991820e-04
1.069478542343714895e-04
1.073942779240714203e-04
1.078427858167963876e-04
1.082881864995631521e-04
1.087407121687128560e-04
1.091899943284922384e-04
1.096463600835470049e-04
1.100993400073157092e-04
1.105593642710319682e-04
1.110158500536959243e-04
1.114793365567508465e-04
1.119391324129154441e-04
1.124058764337174761e-04
1.128687740174240926e-04
1.133331265894676348e-04
1.138043506970530592e-04
1.142714789396906183e-04
1.147398988794807366e-04
1.152150991811191151e-04
1.156859520562603132e-04
1.161579198556728391e-04
1.166309414857049081e-04
1.171106157641336066e-04
1.175855879685313454e-04
1.180614305321451792e-04
1.185380804270285175e-04
1.190154735430547694e-04
1.194935459960283264e-04
1.199722303747436102e-04
1.204514638733961455e-04
1.209311761234491698e-04
1.214172148760612866e-04
1.218917791609279319e-04
1.223725353044069074e-04
1.228535067526230159e-04
1.233346193876566784e-04
1.238158108268500989e-04
1.242970100756897597e-04
1.247781509296065172e-04
1.252591623397140063e-04
1.257399762514170647e-04
1.262143278830928095e-04
1.266945104885306014e-04
1.271742885622652818e-04
1.276535939486529616e-04
1.281260507438064273e-04
1.286041801484052441e-04
1.290816336944108488e-04
1.295583447812618855e-04
1.300278236697362646e-04
1.305028213988280018e-04
1.309703987201781591e-04
1.314434221364336325e-04
1.319153771763813005e-04
1.323796291527494170e-04
1.328492255618737188e-04
1.333109396993700302e-04
1.337779309981450217e-04
1.342368644404469109e-04
1.346943052189341467e-04
1.351569340356889538e-04
1.356112426404788623e-04
1.360706883448343824e-04
1.365216475998437757e-04
1.369708384315764026e-04
1.374250918084229717e-04
1.378706219216900163e-04
1.383142350751801104e-04
1.387628461253344943e-04
1.392025128389412080e-04
1.396401282473354246e-04
1.400756506006271677e-04
1.405090377113573719e-04
1.409473551281702696e-04
1.413763916412140030e-04
1.418031859537436116e-04
1.422277066450912701e-04
1.426499225591975023e-04
1.430698087717020980e-04
1.434873348151233837e-04
1.439024775145492292e-04
1.443152214347563308e-04
1.447255334782560174e-04
1.451334070443893319e-04
1.455388221933282466e-04
1.459417667190264479e-04
1.463422240462082784e-04
1.467401921019249650e-04
1.471356582393454153e-04
1.475286235168285422e-04
1.479115251986082367e-04
1.482994570646334667e-04
1.486848846500049722e-04
1.490678207499092941e-04
1.494482621258522972e-04
1.498185417359305775e-04
1.501940110082540742e-04
1.505670307264732289e-04
1.509298507433801258e-04
1.512979931974632087e-04
1.516637316919963675e-04
1.520192650470337007e-04
1.523802557304495945e-04
1.527389282503967141e-04
1.530873974943541566e-04
1.534414954488205979e-04
1.537854097331196445e-04
1.541350720251748196e-04
1.544745788363386817e-04
1.548199615193366675e-04
1.551552220684180173e-04
1.554964947318724429e-04
1.558276854713103665e-04
1.561650363877604736e-04
1.564923564176266325e-04
1.568178122591115469e-04
1.571496479241039728e-04
1.574715570974240296e-04
1.577917603919210400e-04
1.581186028100312817e-04
1.584356165114712790e-04
1.587511227164218751e-04
1.590651739740550066e-04
1.593862099990853089e-04
1.596975901128546717e-04
1.600077304227980252e-04
1.603166929534336220e-04
1.606245599085191517e-04
1.609398699276155375e-04
1.612457773583779366e-04
1.615508030581106749e-04
1.618550365579756150e-04
1.621585443827588166e-04
1.624614158620365676e-04
1.627637265538939661e-04
1.630655637435739561e-04
1.633670049497993964e-04
1.636681414201226884e-04
1.639690500354185998e-04
1.642698210644188560e-04
1.645705364399525222e-04
1.648712834959490206e-04
1.651721477980931782e-04
1.654732236165089830e-04
1.657657487842764546e-04
1.660674855932354295e-04
1.663696946347680331e-04
1.666724698290739809e-04
1.669759003505360217e-04
1.672800833529996980e-04
1.675761184566901588e-04
1.678820547447480987e-04
1.681890138514271517e-04
1.684880440151460509e-04
1.687973081484672635e-04
1.691078814298539561e-04
1.694107202929775449e-04
1.697241519446956255e-04
1.700391613553929170e-04
1.703466475836697787e-04
1.706650744825943475e-04
1.709761178231226887e-04
1.712983289177386526e-04
1.716225863913478774e-04
1.719396588387777996e-04
1.722682532751451309e-04
1.725897953125342377e-04
1.729230940611305048e-04
1.732494721626995577e-04
1.735783961526057796e-04
1.739194172891605009e-04
1.742537233175266154e-04
1.746003567759912801e-04
1.749403970724922931e-04
1.752834172286685613e-04
1.756391198377790265e-04
1.759884089547546866e-04
1.763409470228674970e-04
1.767064992035298574e-04
1.770658207312988811e-04
1.774286438105143499e-04
1.777950636409755879e-04
1.781749482955966620e-04
1.785488234137850444e-04
1.789265361133772578e-04
1.793081707240455624e-04
1.796937999677859451e-04
1.800835153609213815e-04
1.804873496656446462e-04
1.808854889464056755e-04
1.812879366948034283e-04
1.816947845392836210e-04
1.821060933709541104e-04
1.825219516815618128e-04
1.829424177944551848e-04
1.833675792468667616e-04
1.837974925371251554e-04
1.842322365709926613e-04
1.846718747380600835e-04
1.851164902299163749e-04
1.855661412594137173e-04
1.860209040255039899e-04
1.864808306568686912e-04
1.869355532576595462e-04
1.874059806278524653e-04
1.878817789164318006e-04
1.883629968043570976e-04
1.888497070267450598e-04
1.893419515611201439e-04
1.898291490446942040e-04
1.903326174953768322e-04
1.908418038011628346e-04
1.913567536356604174e-04
1.918667259541704303e-04
1.923933197330027819e-04
1.929258374053704019e-04
1.934643177722587186e-04
1.939978559135398109e-04
1.945483691319277778e-04
1.950939520816567015e-04
1.956566756613887614e-04
1.962255940763171780e-04
1.967895769029397017e-04
1.973709440989081167e-04
1.979473642077199662e-04
1.985413229207764856e-04
1.991303154251459085e-04
1.997369946794288022e-04
2.003386813537880249e-04
2.009581941001314714e-04
2.015726854356214700e-04
2.022051360392072492e-04
2.028325177429121402e-04
2.034779910416143096e-04
2.041183402293706773e-04
2.047769057790066688e-04
2.054302832679434610e-04
2.060901702050198648e-04
2.067684385901578134e-04
2.074414103877797975e-04
2.081209038734789453e-04
2.088189384833671555e-04
2.095115380566272276e-04
2.102106590568877400e-04
2.109162988165175754e-04
2.116406568877978996e-04
2.123593516585071006e-04
2.130845312406380631e-04
2.138161810807123015e-04
2.145542876341782410e-04
2.153112925032846540e-04
2.160622932443317771e-04
2.168196731930032263e-04
2.175834059224560557e-04
2.183534631039707680e-04
2.191298088927847126e-04
2.199124051565907903e-04
2.207012075652327288e-04
2.214961817904568555e-04
2.222972754695196887e-04
2.231044425244245043e-04
2.239176224662170706e-04
2.247367719629725607e-04
2.255618224595223799e-04
2.263927231812099406e-04
2.272294027808464793e-04
2.280717989688992790e-04
2.289198291505702598e-04
2.297734330432463462e-04
2.306325187366138954e-04
2.314970229616321036e-04
2.323668446392409723e-04
2.332281718125576542e-04
2.341083204144210855e-04
2.349935269304496499e-04
2.358836885432093644e-04
2.367787135296681189e-04
2.376644291291833667e-04
2.385687779316694236e-04
2.394776565521136854e-04
2.403909581901119926e-04
2.412942434852726316e-04
2.422159532358983619e-04
2.431417090207620732e-04
2.440713873144040747e-04
2.449902800675348618e-04
2.459273361745027914e-04
2.468532029706614942e-04
2.477970790334490148e-04
2.487441742635259885e-04
2.496794387268348563e-04
2.506324676699065801e-04
2.515732201936637024e-04
2.525315558103554347e-04
2.534923387161411453e-04
2.544401510314133245e-04
2.554052633963035186e-04
2.563569186453665467e-04
2.573256648578832462e-04
2.582804608641450783e-04
2.592365270297170509e-04
2.602093424881945041e-04
2.611674583867190191e-04
2.621420902412269108e-04
2.631015024156410599e-04
2.640771820799392195e-04
2.650371241846578678e-04
2.659969905142042465e-04
2.669727561327892257e-04
2.679319635940008220e-04
2.688905036389311058e-04
2.698645398701579406e-04
2.708212007530000809e-04
2.717765744870246779e-04
2.727304484474894286e-04
2.736992659417490062e-04
2.746495906943868153e-04
2.755977885786760838e-04
2.765436400933340478e-04
2.775038725475203094e-04
2.784444779614134819e-04
2.793820948482533860e-04
2.803165174834827862e-04
2.812475271522805803e-04
2.821749210470362191e-04
2.831158400085550804e-04
2.840354406537021941e-04
2.849508050546551157e-04
2.858617071905790387e-04
2.867679519857016415e-04
2.876693267563979264e-04
2.885656332772441879e-04
2.894566631916916689e-04
2.903422183014779342e-04
2.912221007585100944e-04
2.920961131580039529e-04
2.929640638850648229e-04
2.938257645495570189e-04
2.946810287875151571e-04
2.955296658521818181e-04
2.963715020060767079e-04
2.972063474416413754e-04
2.980340449217912485e-04
2.988358600873138775e-04
2.996486838713763182e-04
3.004538649099962213e-04
3.012512320837228380e-04
3.020406362136389021e-04
3.028219391429343111e-04
3.035949826956630369e-04
3.043406442876741592e-04
3.050967163359254533e-04
3.058441527810528316e-04
3.065828085426698961e-04
3.072933478746585367e-04
3.080140661847051865e-04
3.087256835947862284e-04
3.094280953022035129e-04
3.101017400373252205e-04
3.107854169361132929e-04
3.114596323081967829e-04
3.121046557541874472e-04
3.127596636649831226e-04
3.134049928341457172e-04
3.140207888325205498e-04
3.146465603965944405e-04
3.152425878542548321e-04
3.158486239835800588e-04
3.164447607835470353e-04
3.170109145395299372e-04
3.175871435932651338e-04
3.181332585884571367e-04
3.186895296762154157e-04
3.192155897657814848e-04
3.197519156641921560e-04
3.202579621124173031e-04
3.207743991629039178e-04
3.212605061257548292e-04
3.217571629286354704e-04
3.222234675101000312e-04
3.227005058413604812e-04
3.231471977893252568e-04
3.235841304999842699e-04
3.240321148384697650e-04
3.244497925375223546e-04
3.248579401649237877e-04
3.252774677846425200e-04
3.256668319399912983e-04
3.260678366299166924e-04
3.264387769367994765e-04
3.268006275570844521e-04
3.271535137796930553e-04
3.275186161542257895e-04
3.278539328128671714e-04
3.281806188456477596e-04
3.285200070808760929e-04
3.288298569280493451e-04
3.291314727604188967e-04
3.294249819962170715e-04
3.297105353942006390e-04
3.300096362646331343e-04
3.302797368818454187e-04
3.305423132601245130e-04
3.307975304142183768e-04
3.310455347307796471e-04
3.312864952280207271e-04
3.315205650096972561e-04
3.317695099367323677e-04
3.319903327203199890e-04
3.322047738554625182e-04
3.324129942522771630e-04
3.326151744465073419e-04
3.328114812756811144e-04
3.330020971623895106e-04
3.331871916414126254e-04
3.333669492610260459e-04
3.335415416158966332e-04
3.337111535264090240e-04
3.338759588022540878e-04
3.340361448512924850e-04
3.341918857984079979e-04
3.343433690544449569e-04
3.344907688341547110e-04
3.346342722156635252e-04
3.347740538730476553e-04
3.349103001044098052e-04
3.350210788613176122e-04
3.351507632250578486e-04
3.352774441810196923e-04
3.354013060254653136e-04
3.355225170346707100e-04
3.356412607901923051e-04
3.357577007180037533e-04
3.358497486260677558e-04
3.359620864826693668e-04
3.360726433349863883e-04
3.361815834727376940e-04
3.362890813911985550e-04
3.363729024378080048e-04
3.364779701025570526e-04
3.365820796177243436e-04
3.366853882338117772e-04
3.367655786916328537e-04
3.368677321300096923e-04
3.369695445482888993e-04
3.370486240167203519e-04
3.371501772707539936e-04
3.372518412203530879e-04
3.373311305468258583e-04
3.374333963512312880e-04
3.375361733061600471e-04
3.376169268890778070e-04
3.377211199876680500e-04
3.378035017178513105e-04
3.379096146191707230e-04
3.380168913949992745e-04
3.381026496782876312e-04
3.382125777141341337e-04
3.383011653780315805e-04
3.384141945812648811e-04
3.385060558417997455e-04
3.386226148641445824e-04
3.387181709427935085e-04
3.388386705842379295e-04
3.389383018211419721e-04
3.390631138308779539e-04
3.391671897082040345e-04
3.392966607064902226e-04
3.394055132965871809e-04
3.395168681674114891e-04
3.396539062644113706e-04
3.397704961740712656e-04
3.399129642358165657e-04
3.400350615724952370e-04
3.401599918107637058e-04
3.403110755152854191e-04
3.404418701387722083e-04
3.405756724983756965e-04
3.407358473655908854e-04
3.408758127103970591e-04
3.410189123330845205e-04
3.411885924441567484e-04
3.413380897471830506e-04
3.414908284247963844e-04
3.416468288437236097e-04
3.418296422671656494e-04
3.419922752436829901e-04
3.421582384872641296e-04
3.423275436526663053e-04
3.425238419513085991e-04
3.426998971197158287e-04
3.428793213402250265e-04
3.430621235062149559e-04
3.432482942321731217e-04
3.434616183692181185e-04
3.436545543682374996e-04
3.438508381756552753e-04
3.440504581101162351e-04
3.442533999626097834e-04
3.444596471372681737e-04
3.446691768694884321e-04
3.448819536601640287e-04
3.450979641207285579e-04
3.453412349671282052e-04
3.455636344876241817e-04
3.457891524933708418e-04
3.460177541061766507e-04
3.462493910449147903e-04
3.464840322256648839e-04
3.467216252624547436e-04
3.469621173876165300e-04
3.472054524558767000e-04
3.474515812790323721e-04
3.477004442994761110e-04
3.479519764880450354e-04
3.482061224150919993e-04
3.484628155119203212e-04
3.486974458637890576e-04
3.489589889767491970e-04
3.492228633409588884e-04
3.494889883787895778e-04
3.497572895113375572e-04
3.500277012121202035e-04
3.503001262549599410e-04
3.505744897031602193e-04
3.508506897401673149e-04
3.511037888012184241e-04
3.513833807826018270e-04
3.516645513821103929e-04
3.519472062527072656e-04
3.522312525080531997e-04
3.525165902254663044e-04
3.527780321401246979e-04
3.530656225243689224e-04
3.533542008604526248e-04
3.536436797737583897e-04
3.539087030447490454e-04
3.541996061447824531e-04
3.544910800643525728e-04
3.547830195706896408e-04
3.550499199112031696e-04
3.553424179902140833e-04
3.556350454656273898e-04
3.559021882307667026e-04
3.561946998373767960e-04
3.564870040055775576e-04
3.567533613398819704e-04
3.570448604766366047e-04
3.573357857396696380e-04
3.576003119448252954e-04
3.578897244450533863e-04
3.581524446952908812e-04
3.584399023149701389e-04
3.587262347978309928e-04
3.589853720536807032e-04
3.592690229958531655e-04
3.595251793513682000e-04
3.598056894973354083e-04
3.600583913302729424e-04
3.603352978286340812e-04
3.605840842614704703e-04
3.608569113489974093e-04
3.611013141718871929e-04
3.613696021886624900e-04
3.616091660225365795e-04
3.618724562309372055e-04
3.621067261075710478e-04
3.623645768786576925e-04
3.625931149430254509e-04
3.628450884189666332e-04
3.630674607217681486e-04
3.633131183419013106e-04
3.635288972582152158e-04
3.637412186389278167e-04
3.639766098282822861e-04
3.641817279012935361e-04
3.643830807221424281e-04
3.646073193019540998e-04
3.648008783661074186e-04
3.650172072666078263e-04
3.652026079883169906e-04
3.653837917122230105e-04
3.655875708404430114e-04
3.657600818726790682e-04
3.659281026918700464e-04
3.660915769100745918e-04
3.662774442607992943e-04
3.664316021415612375e-04
3.665809713110338591e-04
3.667254984462266589e-04
3.668922602857128609e-04
3.670269198594387338e-04
3.671565311979091656e-04
3.672810540738342868e-04
3.674276772102923780e-04
3.675418566702222107e-04
3.676507724227642241e-04
3.677543863267413522e-04
3.678526389586050482e-04
3.679729150586128600e-04
3.680603711999544240e-04
3.681423643108326540e-04
3.682188535985322073e-04
3.682898200582146908e-04
3.683552276160311184e-04
3.684150730246326484e-04
3.684693131410854481e-04
3.685455435449548297e-04
3.685885629582217487e-04
3.686259491667704378e-04
3.686576843437493027e-04
3.686837767979984502e-04
3.687042109722189417e-04
3.687189993748773162e-04
3.687281305879711252e-04
3.687316398889011609e-04
3.687295074723582295e-04
3.687217687115344994e-04
3.687084205455611920e-04
3.686894960521524319e-04
3.686650066600434018e-04
3.686349866189317435e-04
3.685994504749568693e-04
3.685584465820513993e-04
3.685119878875723330e-04
3.684601365704833625e-04
3.684029009053747567e-04
3.683403459093157720e-04
3.682724969948889828e-04
3.681994114008665421e-04
3.680931306454549587e-04
3.680097059369096565e-04
3.679211771913393496e-04
3.678276289873562183e-04
3.677290999180661329e-04
3.676256657705289895e-04
3.675173678807045624e-04
3.673762133358667546e-04
3.672583947538513786e-04
3.671359302817318979e-04
3.670088754594104169e-04
3.668773107037955820e-04
3.667412966041835062e-04
3.665727961069571174e-04
3.664281139084218887e-04
3.662792273613944762e-04
3.661261944926960210e-04
3.659409612799129660e-04
3.657798913769953232e-04
3.656149345849840008e-04
3.654461592092464917e-04
3.652454872826996408e-04
3.650693379599987288e-04
3.648896414996900882e-04
3.647064688912127640e-04
3.644917271490333050e-04
3.643018759245264678e-04
3.641088290263814835e-04
3.638844546779277690e-04
3.636852637444382749e-04
3.634831313808088498e-04
3.632499475469295959e-04
3.630422124541835298e-04
3.628036043804207939e-04
3.625906296069970544e-04
3.623751794117984729e-04
3.621291095097018049e-04
3.619089638956349449e-04
3.616583783888387615e-04
3.614338985744380904e-04
3.612073805614233026e-04
3.609507045960063960e-04
3.607203896596914783e-04
3.604600956359566748e-04
3.602263386775786608e-04
3.599627794090595571e-04
3.597259304017410317e-04
3.594594534247280639e-04
3.592198565491136236e-04
3.589508041624437989e-04
3.587087979792220427e-04
3.584375049613560652e-04
3.581934206896532293e-04
3.579202154849948263e-04
3.576743765241418259e-04
3.573995789846885871e-04
3.571523008664400636e-04
3.568762221100249825e-04
3.566278117627232156e-04
3.563507537933814618e-04
3.560733105494378269e-04
3.558237625691984454e-04
3.555457742275418579e-04
3.552958169316659158e-04
3.550175608913636342e-04
3.547392807175633639e-04
3.544892082179957834e-04
3.542110548316608053e-04
3.539330538449314578e-04
3.536834531793500930e-04
3.534059477359694510e-04
3.531287863227151359e-04
3.528801761739847119e-04
3.526038517136457899e-04
3.523280214943246089e-04
3.520809082565032138e-04
3.518062288753776067e-04
3.515322074628960867e-04
3.512870273248395884e-04
3.510144432062956357e-04
3.507426390579895478e-04
3.504716704170050996e-04
3.502297041184805051e-04
3.499605095606819695e-04
3.496922531095498924e-04
3.494249849539493818e-04
3.491587249897103759e-04
3.489216472455429442e-04
3.486575100902973047e-04
3.483944880753315869e-04
3.481325944442734480e-04
3.478718700107475033e-04
3.476404419314456200e-04
3.473821107061806344e-04
3.471250033413465622e-04
3.468691538832208111e-04
3.466145667943809324e-04
3.463612732110033540e-04
3.461092743302112058e-04
3.458867033130699482e-04
3.456373465510647930e-04
3.453893365914504406e-04
3.451426685522215008e-04
3.448973652582338571e-04
3.446534189418277842e-04
3.444108497225322634e-04
3.441696470796850454e-04
3.439298284943894464e-04
3.436913807999889534e-04
3.434543188375110620e-04
3.432186268990539959e-04
3.429843173764888674e-04
3.427513719780170992e-04
3.425198007709818636e-04
3.422895830576176647e-04
3.420607266236643288e-04
3.418332084146863794e-04
3.416070340803870151e-04
3.413821782865843267e-04
3.411586446302032638e-04
3.409364056161537457e-04
3.407154629479898457e-04
3.404957870732894763e-04
3.402773777913205202e-04
3.400602037621766128e-04
3.398442628022385831e-04
3.396295219883409895e-04
3.394159775989812880e-04
3.392035945950754310e-04
3.389923679163218484e-04
3.387822609661190316e-04
3.385451722763178775e-04
3.383372519062388391e-04
3.381303988008416508e-04
3.379245731689161638e-04
3.377197663753303265e-04
3.375159370937431892e-04
3.373130760140214670e-04
3.370830387014817011e-04
3.368820162258260665e-04
3.366818654284973360e-04
3.364825746970525689e-04
3.362840996051652694e-04
3.360583202970284021e-04
3.358614047876003184e-04
3.356652346591036369e-04
3.354697640123538395e-04
3.352749795342952442e-04
3.350527190338118918e-04
3.348591969991821719e-04
3.346662539737714948e-04
3.344738754405983307e-04
3.342538929379958558e-04
3.340625321615064178e-04
3.338716270558376629e-04
3.336530375487965902e-04
3.334629641517097777e-04
3.332732698965533815e-04
3.330839076806094081e-04
3.328667298248704810e-04
3.326779514309401360e-04
3.324894286811018408e-04
3.322729770917439871e-04
3.320848537026273219e-04
3.318968779497512376e-04
3.316808937655732112e-04
3.314931360441874500e-04
3.313054520251505460e-04
3.310896498099935885e-04
3.309020065687789383e-04
3.306861851652601438e-04
3.304984667497628962e-04
3.303106615202405501e-04
3.300946052376864262e-04
3.299065567941683163e-04
3.296902012622581033e-04
3.295018010911447020e-04
3.292850394629930023e-04
3.290961827305161243e-04
3.289070694366103519e-04
3.286894975654799846e-04
3.284997775179791454e-04
3.282815493880376499e-04
3.280911273806383453e-04
3.278721498788055412e-04
3.276809348062131302e-04
3.274611195166904636e-04
3.272690252482828347e-04
3.270482885536500801e-04
3.268552329849759575e-04
3.266334955422214620e-04
3.264394021643369712e-04
3.262165894554403998e-04
3.260213865355618195e-04
3.257974301849426383e-04
3.256010511249298259e-04
3.253758872396193195e-04
3.251501071317480958e-04
3.249518409850095770e-04
3.247247678221445457e-04
3.245251825721430462e-04
3.242967662657360978e-04
3.240676539596116547e-04
3.238660098831570291e-04
3.236354892342019384e-04
3.234324170460860497e-04
3.232004517354464083e-04
3.229677625666227078e-04
3.227624771932571151e-04
3.225282995727436590e-04
3.222933620280394630e-04
3.220858241829862396e-04
3.218493670607094383e-04
3.216121551057166106e-04
3.214023094433737945e-04
3.211635592654645205e-04
3.209240305899852355e-04
3.207118754344171234e-04
3.204708021873385821e-04
3.202289680897213811e-04
3.200144850820031326e-04
3.197711123874153990e-04
3.195269672888427091e-04
3.192820708750412385e-04
3.190645258177562862e-04
3.188181174396107257e-04
3.185709539027980672e-04
3.183230589323132070e-04
3.181025246537607688e-04
3.178531645908878964e-04
3.176030766137762648e-04
3.173522869746919143e-04
3.171007867212133043e-04
3.168766877925568016e-04
3.166238085147111080e-04
3.163702668730031969e-04
3.161160561378714446e-04
3.158612059927385632e-04
3.156337745709215676e-04
3.153776597208725351e-04
3.151209259065801448e-04
3.148636050068935664e-04
3.146056933706367588e-04
3.143472239007267122e-04
3.140881938434775841e-04
3.138566674504449550e-04
3.135965763889259246e-04
3.133359915904397846e-04
3.130749121906794283e-04
3.128133740008306324e-04
3.125513770772518521e-04
3.122889579967561176e-04
3.120261174525561145e-04
3.117628927238379828e-04
3.114992851785465967e-04
3.112353329782650076e-04
3.109710384844685972e-04
3.107344046951853594e-04
3.104695008361743570e-04
3.102043367276230662e-04
3.099389159982135857e-04
3.096732790344485973e-04
3.094074301314064996e-04
3.091414104037665538e-04
3.088752247910398537e-04
3.086089150868030285e-04
3.083424868258787866e-04
3.080759824190718683e-04
3.078094079607476830e-04
3.075428064444655184e-04
3.072761844850220299e-04
3.070095856336168107e-04
3.067430170242674671e-04
3.064765227674624273e-04
3.061822554836973525e-04
3.059159763173670407e-04
3.056498318665580734e-04
3.053838672591638434e-04
3.051180910373386393e-04
3.048525487968189031e-04
3.045872456911361535e-04
3.043222325812890172e-04
3.040575178614186164e-04
3.037931487958523314e-04
3.035291347057592157e-04
3.032655224758409027e-04
3.029745490453592698e-04
3.027118135621550857e-04
3.024495470527525888e-04
3.021877969534451707e-04
3.019265738328116128e-04
3.016659254999612340e-04
3.014058628371129342e-04
3.011187092207829718e-04
3.008599313061039587e-04
3.006018467329956258e-04
3.003444668742894690e-04
3.000878403778226033e-04
2.998042883239977925e-04
2.995492460559981960e-04
2.992950289676333457e-04
2.990416860173447633e-04
2.987892286805346204e-04
2.985100482714077449e-04
2.982594768449171679e-04
2.980099004155642786e-04
2.977613299490948582e-04
2.974861825924798365e-04
