0.000000000000000000e+00
6.558232454087595215e+03
1.043860857077788532e+05
5.263520423022565665e+05
1.659453548570708372e+06
4.046721732078436296e+06
8.390733382016783580e+06
1.554243200637691654e+07
2.649710927506263554e+07
4.243205009428734332e+07
6.465785754243706912e+07
9.440067953444638848e+07
1.335527288841413856e+08
1.841925365648134351e+08
2.483986335497539639e+08
3.282495508122543693e+08
4.258238193256060481e+08
5.431999700631003380e+08
6.824565339980287552e+08
8.456720421036825180e+08
1.034925025353353262e+09
1.252294014720332146e+09
1.500257570577722788e+09
1.782894370897876978e+09
2.104683123052958727e+09
2.470102534415132046e+09
2.883631312356560707e+09
3.349748164249408722e+09
3.872931797465839863e+09
4.457660919378018379e+09
5.108414237358107567e+09
5.829670458778271675e+09
6.625908291010676384e+09
7.501606441427483559e+09
8.461243617400856018e+09
9.509298526302961349e+09
1.065024987550595856e+10
1.188857637238201714e+10
1.322875672430329895e+10
1.467526963864196205e+10
1.623259382277017975e+10
1.790520798406011200e+10
1.969797769214334488e+10
2.161731596568914413e+10
2.367002268562621689e+10
2.586289773288323593e+10
2.820274098838890076e+10
3.069635233307192993e+10
3.335053164786096954e+10
3.617207881368474579e+10
3.916779371147193146e+10
4.234447622215122986e+10
4.570892622665134430e+10
4.926794360590096283e+10
5.302832824082875061e+10
5.699688001236342621e+10
6.118039880143367767e+10
6.558568448896819305e+10
7.021953695589567566e+10
7.508875608314480591e+10
8.020014175164428711e+10
8.556049384232278442e+10
9.117686463744338989e+10
9.705731602460658264e+10
1.032101622927472382e+11
1.096437177308001251e+11
1.163662966277001495e+11
1.233862132723822174e+11
1.307117819537810669e+11
1.383513169608316650e+11
1.463131325824687195e+11
1.546055431076272278e+11
1.632368628252420044e+11
1.722154060242478638e+11
1.815494869935796509e+11
1.912474200221722717e+11
2.013175193989605103e+11
2.117680994128792725e+11
2.226074743528634338e+11
2.338439585078477783e+11
2.454858661667671509e+11
2.575415116185564575e+11
2.700193806225805664e+11
2.829286448199243774e+11
2.962786473221029053e+11
3.100787312406309204e+11
3.243382396870235596e+11
3.390665157727959595e+11
3.542729026094625854e+11
3.699667433085388184e+11
3.861573809815392456e+11
4.028541587399791870e+11
4.200664196953733521e+11
4.378035069592369385e+11
4.560747636430845337e+11
4.748895328584313965e+11
4.942571577167922363e+11
5.141869813296822510e+11
5.346883468086163940e+11
5.557705972651093750e+11
5.774430758106762695e+11
5.997151255568320312e+11
6.225962424197047119e+11
6.460965335338734131e+11
6.702262588385307617e+11
6.949956782728685303e+11
7.204150517760797119e+11
7.464946392873564453e+11
7.732447007458907471e+11
8.006754960908751221e+11
8.287972852615018311e+11
8.576203281969632568e+11
8.871548848364516602e+11
9.174112151191595459e+11
9.483995789842789307e+11
9.801302363710025635e+11
1.012613447218521973e+12
1.045859471466030396e+12
1.079878569052719849e+12
1.114680999917782227e+12
1.150277024000410400e+12
1.186676901239796387e+12
1.223891113411758057e+12
1.261931029638616455e+12
1.300808240879317383e+12
1.340534338092806641e+12
1.381120912238031494e+12
1.422579554273937744e+12
1.464921855159470703e+12
1.508159405853578125e+12
1.552303797315204590e+12
1.597366620503297607e+12
1.643359466376802490e+12
1.690293925894666504e+12
1.738181590015834473e+12
1.787034049699253662e+12
1.836862895903869629e+12
1.887679719588629395e+12
1.939496111712478516e+12
1.992323663234363037e+12
2.046173965113229492e+12
2.101058608308024414e+12
2.156989517425332520e+12
2.213979951662295410e+12
2.272043503863694336e+12
2.331193766874307129e+12
2.391444333538916992e+12
2.452808796702304199e+12
2.515300749209247559e+12
2.578933783904528320e+12
2.643721493632927246e+12
2.709677471239224121e+12
2.776815309568200195e+12
2.845148601464635742e+12
2.914690939773310547e+12
2.985455917339006348e+12
3.057457127006501465e+12
3.130708161620578613e+12
3.205222614026017578e+12
3.281014077067597656e+12
3.358096143590100098e+12
3.436482406438306152e+12
3.516186956845826660e+12
3.597225879601592285e+12
3.679615757883369141e+12
3.763373174868917969e+12
3.848514713736003906e+12
3.935056957662392090e+12
4.023016489825841309e+12
4.112409893404118652e+12
4.203253751574984375e+12
4.295564647516204590e+12
4.389359164405541504e+12
4.484653885420758789e+12
4.581465393739618164e+12
4.679810272539885742e+12
4.779705104999322266e+12
4.881166474295692383e+12
4.984210963606760742e+12
5.088855156110287109e+12
5.195115634984039062e+12
5.303008983405776367e+12
5.412552306555407227e+12
5.523764797621406250e+12
5.636666171794393555e+12
5.751276144264985352e+12
5.867614430223800781e+12
5.985700744861463867e+12
6.105554803368583008e+12
6.227196320935786133e+12
6.350645012753685547e+12
6.475920594012902344e+12
6.603042779904055664e+12
6.732031285617765625e+12
6.862905826344644531e+12
6.995686117275318359e+12
7.130391873600399414e+12
7.267042810510509766e+12
7.405658643196269531e+12
7.546259086848293945e+12
7.688863856657203125e+12
7.833492667813613281e+12
7.980165781801357422e+12
8.128905645277089844e+12
8.279735251190686523e+12
8.432677592492011719e+12
8.587755662130940430e+12
8.744992453057342773e+12
8.904410958221082031e+12
9.066034170572037109e+12
9.229885083060070312e+12
9.395986688635056641e+12
9.564361980246867188e+12
9.735033950845367188e+12
9.908025593380427734e+12
1.008335990080192188e+13
1.026105986605971484e+13
1.044114848210367969e+13
1.062364874188368945e+13
1.080858363834960938e+13
1.099597616445130859e+13
1.118584931313866211e+13
1.137822636751262305e+13
1.157313177127847852e+13
1.177059025829260352e+13
1.197062656241137305e+13
1.217326541749116211e+13
1.237853155738834766e+13
1.258644971595929883e+13
1.279704462706039648e+13
1.301034102454800586e+13
1.322636364227851172e+13
1.344513721410828125e+13
1.366668647389369141e+13
1.389103615549111523e+13
1.411821099275693164e+13
1.434823571954750586e+13
1.458113506971922266e+13
1.481693377712845508e+13
1.505565657563156836e+13
1.529732819908494727e+13
1.554197338134495898e+13
1.578961670330874609e+13
1.604028213403648438e+13
1.629399348962912500e+13
1.655077458618759375e+13
1.681064923981284961e+13
1.707364126660583398e+13
1.733977448266748047e+13
1.760907270409874219e+13
1.788155974700055469e+13
1.815725942747386328e+13
1.843619556161960938e+13
1.871839196553875000e+13
1.900387245533220703e+13
1.929266084710092969e+13
1.958478095694586328e+13
1.988025660096795703e+13
2.017911159526814844e+13
2.048136975594737109e+13
2.078705489910658203e+13
2.109619084084671875e+13
2.140880085275858984e+13
2.172490602839247266e+13
2.204452691678851172e+13
2.236768406698683984e+13
2.269439802802760938e+13
2.302468934895096875e+13
2.335857857879703906e+13
2.369608626660597656e+13
2.403723296141792188e+13
2.438203921227301562e+13
2.473052556821140625e+13
2.508271257827323047e+13
2.543862079149862891e+13
2.579827075692775391e+13
2.616168302360073047e+13
2.652887814055771484e+13
2.689987665683885156e+13
2.727469912148427344e+13
2.765336608353412500e+13
2.803589809202855078e+13
2.842231469290548828e+13
2.881263141969407812e+13
2.920686280282124609e+13
2.960502337271390625e+13
3.000712765979900781e+13
3.041319019450348828e+13
3.082322550725424609e+13
3.123724812847823828e+13
3.165527258860237891e+13
3.207731341805360938e+13
3.250338514725884375e+13
3.293350230664503516e+13
3.336767942663909375e+13
3.380593103766796094e+13
3.424827167015854688e+13
3.469471585453781250e+13
3.514527812123266797e+13
3.559997300067004688e+13
3.605881502327687500e+13
3.652181871948008594e+13
3.698899686150192188e+13
3.746035518874591406e+13
3.793589768241088281e+13
3.841562832369565625e+13
3.889955109379908594e+13
3.938766997391999219e+13
3.987998894525720312e+13
4.037651198900956250e+13
4.087724308637590625e+13
4.138218621855505469e+13
4.189134536674585156e+13
4.240472451214713281e+13
4.292232763595771875e+13
4.344415871937645312e+13
4.397022174360214844e+13
4.450052068983367969e+13
4.503505953926985156e+13
4.557384227310949219e+13
4.611687287255145312e+13
4.666415531879454688e+13
4.721569219845200781e+13
4.777148051979445312e+13
4.833151589650694531e+13
4.889579394227447656e+13
4.946431027078211719e+13
5.003706049571488281e+13
5.061404023075777344e+13
5.119524508959584375e+13
5.178067068591410156e+13
5.237031263339759375e+13
5.296416654573134375e+13
5.356222803660038281e+13
5.416449271968971875e+13
5.477095620868439844e+13
5.538161411726943750e+13
5.599646205912986719e+13
5.661549564795073438e+13
5.723871049741703125e+13
5.786610222121379688e+13
5.849766643302607812e+13
5.913339741403350781e+13
5.977328411539411719e+13
6.041731415576056250e+13
6.106547515378549219e+13
6.171775472812157031e+13
6.237414049742147656e+13
6.303462008033781250e+13
6.369918109552328125e+13
6.436781116163049219e+13
6.504049789731214844e+13
6.571722892122086719e+13
6.639799185200932812e+13
6.708277430833016406e+13
6.777156390883604688e+13
6.846434827217959375e+13
6.916111501701350781e+13
6.986185176199044531e+13
7.056654612576301562e+13
7.127518572698389062e+13
7.198775818430573438e+13
7.270424949061340625e+13
7.342463913572050000e+13
7.414890498367281250e+13
7.487702489851612500e+13
7.560897674429626562e+13
7.634473838505909375e+13
7.708428768485028125e+13
7.782760250771573438e+13
7.857466071770118750e+13
7.932544017885251562e+13
8.007991875521545312e+13
8.083807431083584375e+13
8.159988470975945312e+13
8.236532781603210938e+13
8.313438149369957812e+13
8.390702360680771875e+13
8.468323201940231250e+13
8.546298459552912500e+13
8.624625919923400000e+13
8.703303369456271875e+13
8.782328642344265625e+13
8.861699763932745312e+13
8.941414807355235938e+13
9.021471845745254688e+13
9.101868952236329688e+13
9.182604199961979688e+13
9.263675662055726562e+13
9.345081411651092188e+13
9.426819521881598438e+13
9.508888065880768750e+13
9.591285116782125000e+13
9.674008747719190625e+13
9.757057031825482812e+13
9.840428042234529688e+13
9.924119852079846875e+13
1.000813053449496250e+14
1.009245816261339844e+14
1.017710080956866875e+14
1.026205654849430625e+14
1.034732345252382500e+14
1.043289959729649531e+14
1.051878306847456875e+14
1.060497195422603750e+14
1.069146434271889062e+14
1.077825832212112812e+14
1.086535198060074844e+14
1.095274340632573438e+14
1.104043068746408750e+14
1.112841191218380000e+14
1.121668516865286719e+14
1.130524854503928438e+14
1.139410012951104375e+14
1.148323801023613750e+14
1.157266027538256719e+14
1.166236501311831406e+14
1.175235031161138750e+14
1.184261425902977344e+14
1.193315494354146562e+14
1.202397045331445938e+14
1.211505887651675000e+14
1.220641844562219844e+14
1.229804797032812500e+14
1.238994640463772344e+14
1.248211270255417969e+14
1.257454581808068594e+14
1.266724470522043438e+14
1.276020831797660625e+14
1.285343561035240000e+14
1.294692553635099688e+14
1.304067704997559219e+14
1.313468910522937656e+14
1.322896065611553906e+14
1.332349065663726562e+14
1.341827806079775000e+14
1.351332182260017812e+14
1.360862089604774062e+14
1.370417423514363438e+14
1.379998079389103750e+14
1.389603952629314688e+14
1.399234938635314844e+14
1.408890953305645938e+14
1.418571994531739375e+14
1.428278080703248125e+14
1.438009230209825938e+14
1.447765461441126562e+14
1.457546792786804062e+14
1.467353242636510938e+14
1.477184829379901875e+14
1.487041571406630000e+14
1.496923487106349062e+14
1.506830594868712500e+14
1.516762913083374375e+14
1.526720460139987500e+14
1.536703254428206250e+14
1.546711314337683750e+14
1.556744658258073750e+14
1.566803304579030312e+14
1.576887271690205938e+14
1.586996577981255000e+14
1.597131241841831562e+14
1.607291298695655625e+14
1.617476852102716875e+14
1.627688022657071562e+14
1.637924930952775625e+14
1.648187697583886250e+14
1.658476443144460312e+14
1.668791288228552812e+14
1.679132353430221250e+14
1.689499759343520625e+14
1.699893626562509375e+14
1.710314075681243125e+14
1.720761227293777812e+14
1.731235201994170312e+14
1.741736120376476875e+14
1.752264103034753750e+14
1.762819270563057812e+14
1.773401743555445938e+14
1.784011642605972812e+14
1.794649088308696562e+14
1.805314201257673125e+14
1.816007126996772188e+14
1.826728110869118750e+14
1.837477423167651875e+14
1.848255334185308750e+14
1.859062114215028438e+14
1.869898033549750625e+14
1.880763362482410938e+14
1.891658371305950312e+14
1.902583330313305312e+14
1.913538509797416250e+14
1.924524180051220000e+14
1.935540611367656562e+14
1.946588074039662188e+14
1.957666838360177188e+14
1.968777174622138438e+14
1.979919353118485938e+14
1.991093644142157812e+14
2.002300317986091562e+14
2.013539644943225938e+14
2.024811895306500000e+14
2.036117338776853750e+14
2.047456242687239688e+14
2.058828873778610938e+14
2.070235498791920000e+14
2.081676384468122188e+14
2.093151797548171562e+14
2.104662004773019688e+14
2.116207272883621875e+14
2.127787868620931250e+14
2.139404058725902188e+14
2.151056109939487812e+14
2.162744289002642812e+14
2.174468862656319062e+14
2.186230097641471562e+14
2.198028260699053750e+14
2.209863618570019688e+14
2.221736437995323125e+14
2.233646985715916875e+14
2.245595528472755625e+14
2.257582333006792500e+14
2.269607674926776875e+14
2.281671865312639688e+14
2.293775224112108125e+14
2.305918071272906562e+14
2.318100726742763125e+14
2.330323510469403750e+14
2.342586742400554375e+14
2.354890742483941875e+14
2.367235830667291250e+14
2.379622326898330938e+14
2.392050551124785938e+14
2.404520823294383750e+14
2.417033463354849375e+14
2.429588791253909688e+14
2.442187126939290938e+14
2.454828790358719688e+14
2.467514101459923125e+14
2.480243380190626562e+14
2.493016946498555938e+14
2.505835120331438125e+14
2.518698196095240938e+14
2.531606366028889062e+14
2.544559796829549688e+14
2.557558655194389375e+14
2.570603107820575938e+14
2.583693321405275625e+14
2.596829462645653750e+14
2.610011698238878438e+14
2.623240194882115625e+14
2.636515119272532812e+14
2.649836638107295938e+14
2.663204918083572500e+14
2.676620125898528125e+14
2.690082428249330625e+14
2.703591991833145000e+14
2.717148983347139375e+14
2.730753569488481562e+14
2.744405916954335312e+14
2.758106192441869375e+14
2.771854562648249375e+14
2.785651180316660312e+14
2.799496142374354062e+14
2.813389531794600312e+14
2.827331431550666875e+14
2.841321924615825625e+14
2.855361093963346250e+14
2.869449022566496250e+14
2.883585793398546250e+14
2.897771489432765000e+14
2.912006193642423750e+14
2.926289989000790000e+14
2.940622958481135625e+14
2.955005185056728125e+14
2.969436751700838750e+14
2.983917741386734375e+14
2.998448237087686875e+14
3.013028321776966250e+14
3.027658078427840000e+14
3.042337590013578750e+14
3.057066939507451250e+14
3.071846166899526875e+14
3.086675140247063750e+14
3.101553684624119375e+14
3.116481625104750625e+14
3.131458786763016875e+14
3.146484994672975000e+14
3.161560073908681250e+14
3.176683849544195000e+14
3.191856146653571875e+14
3.207076790310870625e+14
3.222345605590148125e+14
3.237662417565463125e+14
3.253027051310871250e+14
3.268439331900431250e+14
3.283899084408200000e+14
3.299406133908235625e+14
3.314960305474596250e+14
3.330561424181337500e+14
3.346209315102518125e+14
3.361903803312195000e+14
3.377644686548293750e+14
3.393431653204208750e+14
3.409264364337199375e+14
3.425142481004527500e+14
3.441065664263455000e+14
3.457033575171243125e+14
3.473045874785151250e+14
3.489102224162442500e+14
3.505202284360375625e+14
3.521345716436215625e+14
3.537532181447220000e+14
3.553761340450652500e+14
3.570032854503772500e+14
3.586346384663841875e+14
3.602701591988121875e+14
3.619098137533873125e+14
3.635535682358358750e+14
3.652013887518836250e+14
3.668532414072570625e+14
3.685090923076820625e+14
3.701689027983959375e+14
3.718326151826804375e+14
3.735001670033283750e+14
3.751714958031325625e+14
3.768465391248858750e+14
3.785252345113811875e+14
3.802075195054111250e+14
3.818933316497688750e+14
3.835826084872469375e+14
3.852752875606383750e+14
3.869713064127360000e+14
3.886706025863326875e+14
3.903731136242210625e+14
3.920787770691941875e+14
3.937875304640446875e+14
3.954993113515656250e+14
3.972140572745498750e+14
3.989317057757899375e+14
4.006521943980790000e+14
4.023754606842097500e+14
4.041014415607287500e+14
4.058300714891974375e+14
4.075612843149308125e+14
4.092950138832439375e+14
4.110311940394521250e+14
4.127697586288703750e+14
4.145106414968136250e+14
4.162537764885971250e+14
4.179990974495358750e+14
4.197465382249450625e+14
4.214960326601398750e+14
4.232475146004351875e+14
4.250009178911462500e+14
4.267561763775881250e+14
4.285132239050757500e+14
4.302719943189245000e+14
4.320324214644493750e+14
4.337944391869652500e+14
4.355579813317874375e+14
4.373229817442310000e+14
4.390893709131086250e+14
4.408570659012223750e+14
4.426259804148724375e+14
4.443960281603582500e+14
4.461671228439800625e+14
4.479391781720376250e+14
4.497121078508303750e+14
4.514858255866586875e+14
4.532602450858220000e+14
4.550352800546203750e+14
4.568108441993536250e+14
4.585868512263216250e+14
4.603632148418238750e+14
4.621398487521607500e+14
4.639166666636315000e+14
4.656935822825364375e+14
4.674705093151753750e+14
4.692473614678477500e+14
4.710240524468538125e+14
4.728004959584932500e+14
4.745766058244578750e+14
4.763522963280078750e+14
4.781274818677954375e+14
4.799020768424727500e+14
4.816759956506920000e+14
4.834491526911054375e+14
4.852214623623648750e+14
4.869928390631229375e+14
4.887631971920315000e+14
4.905324511477429375e+14
4.923005153289093125e+14
4.940673041341828750e+14
4.958327319622156250e+14
4.975967132116599375e+14
4.993591622811677500e+14
5.011199935693915625e+14
5.028791214749835000e+14
5.046364603965954375e+14
5.063919247328797500e+14
5.081454288824887500e+14
5.098968901482859375e+14
5.116462374499819375e+14
5.133934026114986875e+14
5.151383174567580000e+14
5.168809138096821875e+14
5.186211234941930000e+14
5.203588783342124375e+14
5.220941101536626875e+14
5.238267507764655625e+14
5.255567320265431250e+14
5.272839857278173750e+14
5.290084437042103750e+14
5.307300377796440000e+14
5.324486997780403750e+14
5.341643615233212500e+14
5.358769548394088750e+14
5.375864115502253125e+14
5.392926634796922500e+14
5.409956424517318750e+14
5.426952802902662500e+14
5.443915111917801875e+14
5.460842788430110000e+14
5.477735293032583125e+14
5.494592086318221875e+14
5.511412628880028750e+14
5.528196381311003750e+14
5.544942804204143750e+14
5.561651358152451875e+14
5.578321503748926250e+14
5.594952701586567500e+14
5.611544412258376250e+14
5.628096096357353750e+14
5.644607214476496250e+14
5.661077227208808750e+14
5.677505595147285000e+14
5.693891778884931250e+14
5.710235239014745000e+14
5.726535436129725000e+14
5.742791830822873750e+14
5.759003883687190000e+14
5.775171077438765000e+14
5.791292983286057500e+14
5.807369194560610000e+14
5.823399304593972500e+14
5.839382906717693750e+14
5.855319594263323750e+14
5.871208960562402500e+14
5.887050598946482500e+14
5.902844102747108750e+14
5.918589065295831250e+14
5.934285079924198750e+14
5.949931739963755000e+14
5.965528638746047500e+14
5.981075369602627500e+14
5.996571525865038750e+14
6.012016700864831250e+14
6.027410487933552500e+14
6.042752480402746250e+14
6.058042271603965000e+14
6.073279454868753750e+14
6.088463662323957500e+14
6.103594681277617500e+14
6.118672337833073750e+14
6.133696458093657500e+14
6.148666868162712500e+14
6.163583394143576250e+14
6.178445862139582500e+14
6.193254098254073750e+14
6.208007928590382500e+14
6.222707179251852500e+14
6.237351676341820000e+14
6.251941245963621250e+14
6.266475714220593750e+14
6.280954907216077500e+14
6.295378651053407500e+14
6.309746771835925000e+14
6.324059095666967500e+14
6.338315448649870000e+14
6.352515656887972500e+14
6.366659546484612500e+14
6.380747021456782500e+14
6.394778297476096250e+14
6.408753668127825000e+14
6.422673426997232500e+14
6.436537867669590000e+14
6.450347283730168750e+14
6.464101968764230000e+14
6.477802216357050000e+14
6.491448320093891250e+14
6.505040573560026250e+14
6.518579270340723750e+14
6.532064704021250000e+14
6.545497168186875000e+14
6.558876956422867500e+14
6.572204362314492500e+14
6.585479679447025000e+14
6.598703201405731250e+14
6.611875221775875000e+14
6.624996034142731250e+14
6.638065932091566250e+14
6.651085168864588750e+14
6.664053836331773750e+14
6.676971986020036250e+14
6.689839669456287500e+14
6.702656938167448750e+14
6.715423843680432500e+14
6.728140437522150000e+14
6.740806771219522500e+14
6.753422896299458750e+14
6.765988864288880000e+14
6.778504726714696250e+14
6.790970535103823750e+14
6.803386340983177500e+14
6.815752195879675000e+14
6.828068151320226250e+14
6.840334258831750000e+14
6.852550569941160000e+14
6.864717136175371250e+14
6.876834009061298750e+14
6.888901240125857500e+14
6.900918986664496250e+14
6.912887829046800000e+14
6.924808453410888750e+14
6.936681545894881250e+14
6.948507792636897500e+14
6.960287879775057500e+14
6.972022493447476250e+14
6.983712319792278750e+14
6.995358044947580000e+14
7.006960355051500000e+14
7.018519936242160000e+14
7.030037474657680000e+14
7.041513656436173750e+14
7.052949167715767500e+14
7.064344694634573750e+14
7.075700923330715000e+14
7.087018539942315000e+14
7.098298230607483750e+14
7.109540681464348750e+14
7.120746578651023750e+14
7.131916535023290000e+14
7.143050870307547500e+14
7.154149830947860000e+14
7.165213663388283750e+14
7.176242614072885000e+14
7.187236929445726250e+14
7.198196855950861250e+14
7.209122640032358750e+14
7.220014528134276250e+14
7.230872766700672500e+14
7.241697602175615000e+14
7.252489281003161250e+14
7.263248049627370000e+14
7.273974154492307500e+14
7.284667842042028750e+14
7.295329358720598750e+14
7.305958950972082500e+14
7.316556865240532500e+14
7.327123347970016250e+14
7.337658645604591250e+14
7.348163058731756250e+14
7.358637104512750000e+14
7.369081354252243750e+14
7.379496379254911250e+14
7.389882750825426250e+14
7.400241040268466250e+14
7.410571818888697500e+14
7.420875657990801250e+14
7.431153128879443750e+14
7.441404802859303750e+14
7.451631251235053750e+14
7.461833045311365000e+14
7.472010756392912500e+14
7.482164955784372500e+14
7.492296214790412500e+14
7.502405104715711250e+14
7.512492196864941250e+14
7.522558062542775000e+14
7.532603273053885000e+14
7.542628399702947500e+14
7.552633970668986250e+14
7.562620341628438750e+14
7.572587825132091250e+14
7.582536733730725000e+14
7.592467379975133750e+14
7.602380076416105000e+14
7.612275135604420000e+14
7.622152870090872500e+14
7.632013592426241250e+14
7.641857615161322500e+14
7.651685250846896250e+14
7.661496812033756250e+14
7.671292611272682500e+14
7.681072961114467500e+14
7.690838174109891250e+14
7.700588562809750000e+14
7.710324439764827500e+14
7.720046117525906250e+14
7.729753908643778750e+14
7.739448125669230000e+14
7.749129049687328750e+14
7.758796835920283750e+14
7.768451608124578750e+14
7.778093490056698750e+14
7.787722605473133750e+14
7.797339078130375000e+14
7.806943031784900000e+14
7.816534590193206250e+14
7.826113877111772500e+14
7.835681016297090000e+14
7.845236131505647500e+14
7.854779346493930000e+14
7.864310785018423750e+14
7.873830570835620000e+14
7.883338827701998750e+14
7.892835679374055000e+14
7.902321249608272500e+14
7.911795662161137500e+14
7.921259040789138750e+14
7.930711509248765000e+14
7.940153157190726250e+14
7.949583937842657500e+14
7.959003770326411250e+14
7.968412573763843750e+14
7.977810267276812500e+14
7.987196769987172500e+14
7.996572001016781250e+14
8.005935879487497500e+14
8.015288324521171250e+14
8.024629255239662500e+14
8.033958590764828750e+14
8.043276250218527500e+14
8.052582152722610000e+14
8.061876217398938750e+14
8.071158363369362500e+14
8.080428509755743750e+14
8.089686575679938750e+14
8.098932480263801250e+14
8.108166142629186250e+14
8.117387481897956250e+14
8.126596371099493750e+14
8.135792498893317500e+14
8.144975507846480000e+14
8.154145040526025000e+14
8.163300739499005000e+14
8.172442247332471250e+14
8.181569206593468750e+14
8.190681259849048750e+14
8.199778049666258750e+14
8.208859218612150000e+14
8.217924409253771250e+14
8.226973264158173750e+14
8.236005425892401250e+14
8.245020537023510000e+14
8.254018240118542500e+14
8.262998177744552500e+14
8.271959992468588750e+14
8.280903326857697500e+14
8.289827823478930000e+14
8.298733124899337500e+14
8.307618799611001250e+14
8.316484119806137500e+14
8.325328283602001250e+14
8.334150489115840000e+14
8.342949934464908750e+14
8.351725817766460000e+14
8.360477337137738750e+14
8.369203690696006250e+14
8.377904076558506250e+14
8.386577692842492500e+14
8.395223737665218750e+14
8.403841409143936250e+14
8.412429905395891250e+14
8.420988424538345000e+14
8.429516164688538750e+14
8.438012323963732500e+14
8.446476100481175000e+14
8.454906692358116250e+14
8.463303297711808750e+14
8.471665114659505000e+14
8.479991340775357500e+14
8.488281171461126250e+14
8.496533801575470000e+14
8.504748425977045000e+14
8.512924239524520000e+14
8.521060437076551250e+14
8.529156213491795000e+14
8.537210763628918750e+14
8.545223282346577500e+14
8.553192964503431250e+14
8.561119004958142500e+14
8.569000598569371250e+14
8.576836940195775000e+14
8.584627224696020000e+14
8.592370646928756250e+14
8.600066401752653750e+14
8.607713684026371250e+14
8.615311688608563750e+14
8.622859610357895000e+14
8.630356644133022500e+14
8.637801898022358750e+14
8.645194133033281250e+14
8.652532023402921250e+14
8.659814243368411250e+14
8.667039467166880000e+14
8.674206369035460000e+14
8.681313623211277500e+14
8.688359903931465000e+14
8.695343885433152500e+14
8.702264241953470000e+14
8.709119647729547500e+14
8.715908776998517500e+14
8.722630303997505000e+14
8.729282902963646250e+14
8.735865248134063750e+14
8.742376013745896250e+14
8.748813874036270000e+14
8.755177503242312500e+14
8.761465575601157500e+14
8.767676765349933750e+14
8.773809747913201250e+14
8.779863203465223750e+14
8.785835813367696250e+14
8.791726258982312500e+14
8.797533221670767500e+14
8.803255382794756250e+14
8.808891423715968750e+14
8.814440025796105000e+14
8.819899870396853750e+14
8.825269638879912500e+14
8.830548012606976250e+14
8.835733672939736250e+14
8.840825301239887500e+14
8.845821578869125000e+14
8.850721187189140000e+14
8.855522807561630000e+14
8.860225121348290000e+14
8.864826809910808750e+14
8.869326554610887500e+14
8.873723036810213750e+14
8.878014906769958750e+14
8.882200690349166250e+14
8.886278882306358750e+14
8.890247977400052500e+14
8.894106470388772500e+14
8.897852856031037500e+14
8.901485629085363750e+14
8.905003284310273750e+14
8.908404316464285000e+14
8.911687220305921250e+14
8.914850490593697500e+14
8.917892622086140000e+14
8.920812109541762500e+14
8.923607447719086250e+14
8.926277131376632500e+14
8.928819655272918750e+14
8.931233514166470000e+14
8.933517202815798750e+14
8.935669215979428750e+14
8.937688048415881250e+14
8.939572297898442500e+14
8.941320974259481250e+14
8.942933190346131250e+14
8.944408059005523750e+14
8.945744693084801250e+14
8.946942205431097500e+14
8.947999708891545000e+14
8.948916316313282500e+14
8.949691140543441250e+14
8.950323294429161250e+14
8.950811890817573750e+14
8.951156042555820000e+14
8.951354862491026250e+14
8.951407463470340000e+14
8.951312958340885000e+14
8.951070459949802500e+14
8.950679081144228750e+14
8.950137934771297500e+14
8.949446133678140000e+14
8.948602790711900000e+14
8.947606963930527500e+14
8.946457492235243750e+14
8.945153159738095000e+14
8.943692750551120000e+14
8.942075048786363750e+14
8.940298838555870000e+14
8.938362903971678750e+14
8.936266029145833750e+14
8.934006998190373750e+14
8.931584595217345000e+14
8.928997604338790000e+14
8.926244809666751250e+14
8.923324995313267500e+14
8.920236945390385000e+14
8.916979444010142500e+14
8.913551275284586250e+14
8.909951223325758750e+14
8.906178072245697500e+14
8.902230606156450000e+14
8.898107609170055000e+14
8.893808013408913750e+14
8.889331343036852500e+14
8.884677270228050000e+14
8.879845467156686250e+14
8.874835605996950000e+14
8.869647358923017500e+14
8.864280398109068750e+14
8.858734395729292500e+14
8.853009023957862500e+14
8.847103954968965000e+14
8.841018860936780000e+14
8.834753414035492500e+14
8.828307286439277500e+14
8.821680150322323750e+14
8.814871677858806250e+14
8.807881541222912500e+14
8.800709412588822500e+14
8.793354964130713750e+14
8.785817868022772500e+14
8.778097796439180000e+14
8.770194536494855000e+14
8.762108335067670000e+14
8.753839553976228750e+14
8.745388555039143750e+14
8.736755700075023750e+14
8.727941350902477500e+14
8.718945869340112500e+14
8.709769617206540000e+14
8.700412956320362500e+14
8.690876248500196250e+14
8.681159855564643750e+14
8.671264139332321250e+14
8.661189461621827500e+14
8.650936184251781250e+14
8.640504669040782500e+14
8.629895277807445000e+14
8.619108372370378750e+14
8.608144314548187500e+14
8.597003466159485000e+14
8.585686189022876250e+14
8.574192839242323750e+14
8.562523750063195000e+14
8.550679249016215000e+14
8.538659663632101250e+14
8.526465321441580000e+14
8.514096549975370000e+14
8.501553676764190000e+14
8.488837029338765000e+14
8.475946935229815000e+14
8.462883721968063750e+14
8.449647717084230000e+14
8.436239248109037500e+14
8.422658642573203750e+14
8.408906228007456250e+14
8.394982331942508750e+14
8.380887281909090000e+14
8.366621405437921250e+14
8.352185030059717500e+14
8.337578483305207500e+14
8.322802092705106250e+14
8.307856409141042500e+14
8.292742876898246250e+14
8.277463163612851250e+14
8.262018936920988750e+14
8.246411864458796250e+14
8.230643613862408750e+14
8.214715852767956250e+14
8.198630248811576250e+14
8.182388469629398750e+14
8.165992182857561250e+14
8.149443056132195000e+14
8.132742757089437500e+14
8.115892953365420000e+14
8.098895312596275000e+14
8.081751502418137500e+14
8.064463190467143750e+14
8.047032044379427500e+14
8.029459731791120000e+14
8.011747920338356250e+14
7.993898277657270000e+14
7.975912441677473750e+14
7.957791931502486250e+14
7.939538236529302500e+14
7.921152846154921250e+14
7.902637249776342500e+14
7.883992936790561250e+14
7.865221396594571250e+14
7.846324118585373750e+14
7.827302592159961250e+14
7.808158306715335000e+14
7.788892751648491250e+14
7.769507416356427500e+14
7.750003790236137500e+14
7.730383362684622500e+14
7.710647623098872500e+14
7.690798060875893750e+14
7.670836165412678750e+14
7.650763426106222500e+14
7.630581332353526250e+14
7.610291373551582500e+14
7.589895153614310000e+14
7.569394734523277500e+14
7.548792292776980000e+14
7.528090004873906250e+14
7.507290047312548750e+14
7.486394596591401250e+14
7.465405829208947500e+14
7.444325921663685000e+14
7.423157050454101250e+14
7.401901392078690000e+14
7.380561123035940000e+14
7.359138419824343750e+14
7.337635458942390000e+14
7.316054416888573750e+14
7.294397470161381250e+14
7.272666795259307500e+14
7.250864568680843750e+14
7.228992966924476250e+14
7.207054166488700000e+14
7.185050343872005000e+14
7.162983563403171250e+14
7.140855440732131250e+14
7.118667479339108750e+14
7.096421182704322500e+14
7.074118054307998750e+14
7.051759597630358750e+14
7.029347316151618750e+14
7.006882713352010000e+14
6.984367292711747500e+14
6.961802557711056250e+14
6.939190011830157500e+14
6.916531158549275000e+14
6.893827501348630000e+14
6.871080543708442500e+14
6.848291789108933750e+14
6.825462741030331250e+14
6.802594902952855000e+14
6.779689778356722500e+14
6.756748870722160000e+14
6.733773683529391250e+14
6.710765661363333750e+14
6.687726013227712500e+14
6.664655889230953750e+14
6.641556439481475000e+14
6.618428814087702500e+14
6.595274163158062500e+14
6.572093636800971250e+14
6.548888385124857500e+14
6.525659558238141250e+14
6.502408306249247500e+14
6.479135779266600000e+14
6.455843127398620000e+14
6.432531500753732500e+14
6.409202049440358750e+14
6.385855923566922500e+14
6.362494273241847500e+14
6.339118248573560000e+14
6.315728999670477500e+14
6.292327676641025000e+14
6.268915429593627500e+14
6.245493367756457500e+14
6.222062436836691250e+14
6.198623541661256250e+14
6.175177587057076250e+14
6.151725477851081250e+14
6.128268118870196250e+14
6.104806414941346250e+14
6.081341270891462500e+14
6.057873591547463750e+14
6.034404281736285000e+14
6.010934246284846250e+14
5.987464390020080000e+14
5.963995617768907500e+14
5.940528834358260000e+14
5.917064944615058750e+14
5.893604853366235000e+14
5.870149465438713750e+14
5.846699685659420000e+14
5.823256418855283750e+14
5.799820569853227500e+14
5.776392742063373750e+14
5.752972333228603750e+14
5.729558439674997500e+14
5.706150157728627500e+14
5.682746583715575000e+14
5.659346813961917500e+14
5.635949944793727500e+14
5.612555072537086250e+14
5.589161293518066250e+14
5.565767704062747500e+14
5.542373400497205625e+14
5.518977479147518750e+14
5.495579036339761875e+14
5.472177168400013750e+14
5.448770971654347500e+14
5.425359542428845000e+14
5.401941977049582500e+14
5.378517371842631875e+14
5.355084823134075000e+14
5.331643427249986250e+14
5.308192231450946875e+14
5.284730086735546875e+14
5.261255795036879375e+14
5.237768158288036250e+14
5.214265978422115000e+14
5.190748057372206250e+14
5.167213197071402500e+14
5.143660199452800000e+14
5.120087866449489375e+14
5.096494999994565625e+14
5.072880402021121875e+14
5.049242874462252500e+14
5.025581219251048125e+14
5.001894238320605625e+14
4.978180733604015625e+14
4.954439507034373750e+14
4.930669360544772500e+14
4.906869096068304375e+14
4.883037515538063750e+14
4.859173420887143750e+14
4.835275393874575625e+14
4.811341135563138125e+14
4.787368126841546875e+14
4.763353848598518125e+14
4.739295781722768750e+14
4.715191407103016250e+14
4.691038205627973750e+14
4.666833658186360000e+14
4.642575245666889375e+14
4.618260448958279375e+14
4.593886748949245625e+14
4.569451626528506250e+14
4.544952562584775000e+14
4.520387038006768750e+14
4.495752533683203750e+14
4.471046530502796875e+14
4.446266509354265000e+14
4.421409951126321250e+14
4.396474336707685000e+14
4.371457146987071875e+14
4.346355757556645000e+14
4.321167122822363750e+14
4.295888091893630000e+14
4.270515513879847500e+14
4.245046237890425625e+14
4.219477113034766875e+14
4.193804988422275000e+14
4.168026713162355625e+14
4.142139136364413125e+14
4.116139107137854375e+14
4.090023474592081250e+14
4.063789087836501250e+14
4.037432795980516875e+14
4.010951448133535000e+14
3.984341893404957500e+14
3.957600980904192500e+14
3.930725559740643125e+14
3.903712479023714375e+14
3.876558587862810625e+14
3.849260735367338125e+14
3.821815778751348750e+14
3.794220607647490625e+14
3.766472119793059375e+14
3.738567212925350000e+14
3.710502784781660625e+14
3.682275733099286875e+14
3.653882955615521875e+14
3.625321350067663750e+14
3.596587814193008125e+14
3.567679245728851250e+14
3.538592542412488125e+14
3.509324601981215625e+14
3.479872322172328750e+14
3.450232600723125000e+14
3.420402335370897500e+14
3.390378423852945000e+14
3.360157763906562500e+14
3.329737253269044375e+14
3.299113789677688750e+14
3.268284270869790625e+14
3.237245568675583125e+14
3.205994451297050625e+14
3.174527661029113125e+14
3.142841940166690000e+14
3.110934031004703750e+14
3.078800675838075625e+14
3.046438616961725000e+14
3.013844596670573125e+14
2.981015357259540000e+14
2.947947641023548750e+14
2.914638190257517500e+14
2.881083747256368750e+14
2.847281054315021250e+14
2.813226853728398750e+14
2.778917887791419062e+14
2.744350898799004375e+14
2.709522629046076562e+14
2.674429820827553750e+14
2.639069216438358750e+14
2.603437558173411250e+14
2.567531909050806562e+14
2.531350614981332812e+14
2.494892342598952188e+14
2.458155758537626562e+14
2.421139529431319375e+14
2.383842321913992500e+14
2.346262802619607188e+14
2.308399638182128438e+14
2.270251495235515000e+14
2.231817040413731250e+14
2.193094940350739062e+14
2.154083861680501562e+14
2.114782471036979375e+14
2.075189435054136250e+14
2.035303420365933125e+14
1.995123093606333750e+14
1.954647121409300000e+14
1.913874170408793438e+14
1.872802907238776875e+14
1.831431998533212500e+14
1.789760079478999688e+14
1.747785659474785000e+14
1.705507216472151250e+14
1.662923228422681562e+14
1.620032173277959688e+14
1.576832528989569375e+14
1.533322773509092812e+14
1.489501384788114062e+14
1.445366840778215625e+14
1.400917619430981875e+14
1.356152198697995469e+14
1.311069056530840000e+14
1.265666670881098125e+14
1.219943519700353906e+14
1.173898080940189844e+14
1.127528832552189844e+14
1.080834252487937344e+14
1.033812818699015000e+14
9.864630091370064062e+13
9.387833017534948438e+13
8.907726381753079688e+13
8.424318147302506250e+13
7.937620914213718750e+13
7.447647282517203125e+13
6.954409852243460938e+13
6.457921223422976562e+13
5.958193996086240625e+13
5.455240770263746875e+13
4.949074145985985156e+13
4.439706723283446875e+13
3.927151102186622656e+13
3.411419882726006250e+13
2.892525664932085156e+13
2.370481048835353906e+13
1.845298634466298828e+13
1.316991021855416797e+13
7.855708110331957031e+12
2.510506020301267578e+12
-2.865570051232982422e+12
-8.272394103965875000e+12
-1.370982051700814844e+13
-1.917762518713305859e+13
-2.467556439052951562e+13
-3.020339440338639453e+13
-3.576087150189260938e+13
-4.134775196223708594e+13
-4.696379206060867188e+13
-5.260874807319629688e+13
-5.828237627618885156e+13
-6.398443294577523438e+13
-6.971467435814435938e+13
-7.547285678948512500e+13
-8.125873651598640625e+13
-8.707206981383714062e+13
-9.291261295922615625e+13
-9.878012222834243750e+13
-1.046743538973748594e+14
-1.105950642425122812e+14
-1.165420095399436406e+14
-1.225149460658578125e+14
-1.285136074808035156e+14
-1.345376369827685781e+14
-1.405866551541007031e+14
-1.466602825771474375e+14
-1.527581398342564688e+14
-1.588798475077755938e+14
-1.650250261800521562e+14
-1.711932964334340625e+14
-1.773842788502687500e+14
-1.835975940129040938e+14
-1.898328625036875625e+14
-1.960897049049668750e+14
-2.023677417990896875e+14
-2.086665937684035938e+14
-2.149858813952562500e+14
-2.213252252619953125e+14
-2.276842459509685312e+14
-2.340625640445233750e+14
-2.404598001250075625e+14
-2.468755747747687812e+14
-2.533095026221703750e+14
-2.597611744796386250e+14
-2.662301752056156250e+14
-2.727160896585432188e+14
-2.792185026968636875e+14
-2.857369991790190000e+14
-2.922711639634510000e+14
-2.988205819086019375e+14
-3.053848378729136250e+14
-3.119635167148283750e+14
-3.185562032927878750e+14
-3.251624824652345000e+14
-3.317819390906100000e+14
-3.384141580273565625e+14
-3.450587241339160625e+14
-3.517152222687307500e+14
-3.583832372902425625e+14
-3.650623540568933750e+14
-3.717521574271254375e+14
-3.784522322593806250e+14
-3.851621374273600625e+14
-3.918813278658002500e+14
-3.986092325246970625e+14
-4.053452803540459375e+14
-4.120889003038426875e+14
-4.188395213240831875e+14
-4.255965723647624375e+14
-4.323594823758767500e+14
-4.391276803074213125e+14
-4.459005951093921250e+14
-4.526776557317846250e+14
-4.594582911245945625e+14
-4.662419302378176250e+14
-4.730280020214493750e+14
-4.798159354254853750e+14
-4.866051593999215625e+14
-4.933951028947535000e+14
-5.001851948599766875e+14
-5.069748642455868125e+14
-5.137635400015796875e+14
-5.205506984877913125e+14
-5.273360057034191250e+14
-5.341191750575014375e+14
-5.408999199590758125e+14
-5.476779538171807500e+14
-5.544529900408540625e+14
-5.612247420391336875e+14
-5.679929232210577500e+14
-5.747572469956640000e+14
-5.815174267719907500e+14
-5.882731759590758750e+14
-5.950242079659575000e+14
-6.017702362016735000e+14
-6.085109740752620000e+14
-6.152461349957606250e+14
-6.219754323722078750e+14
-6.286985796136418750e+14
-6.354152901291000000e+14
-6.421252773276206250e+14
-6.488282546182417500e+14
-6.555239248794387500e+14
-6.622119488674351250e+14
-6.688919768078918750e+14
-6.755636589264700000e+14
-6.822266454488308750e+14
-6.888805866006352500e+14
-6.955251326075438750e+14
-7.021599336952180000e+14
-7.087846400893186250e+14
-7.153989020155067500e+14
-7.220023696994432500e+14
-7.285946933667893750e+14
-7.351755232432056250e+14
-7.417445095543535000e+14
-7.483013025258936250e+14
-7.548455523834873750e+14
-7.613769093527956250e+14
-7.678950236594792500e+14
-7.743995455291992500e+14
-7.808901251876167500e+14
-7.873664780620477500e+14
-7.938285803864288750e+14
-8.002764735963523750e+14
-8.067101991274095000e+14
-8.131297984151925000e+14
-8.195353128952935000e+14
-8.259267840033036250e+14
-8.323042531748152500e+14
-8.386677618454198750e+14
-8.450173514507096250e+14
-8.513530634262762500e+14
-8.576749392077117500e+14
-8.639830202306075000e+14
-8.702773479305560000e+14
-8.765579637431482500e+14
-8.828249091039770000e+14
-8.890782254486336250e+14
-8.953179542127100000e+14
-9.015441368317980000e+14
-9.077568147414893750e+14
-9.139560263400928750e+14
-9.201417978767826250e+14
-9.263141525634501250e+14
-9.324731136119856250e+14
-9.386187042342811250e+14
-9.447509476422276250e+14
-9.508698670477156250e+14
-9.569754856626366250e+14
-9.630678266988816250e+14
-9.691469133683417500e+14
-9.752127688829080000e+14
-9.812654164544717500e+14
-9.873048792949235000e+14
-9.933311806161548750e+14
-9.993443436300565000e+14
-1.005344391548519875e+15
-1.011331347583436000e+15
-1.017305234946695875e+15
-1.023266076850190500e+15
-1.029213896505811125e+15
-1.035148797464779500e+15
-1.041071204635639875e+15
-1.046981623266267000e+15
-1.052880558604535625e+15
-1.058768515898321250e+15
-1.064646000395498875e+15
-1.070513517343942625e+15
-1.076371571991527875e+15
-1.082220669586129500e+15
-1.088061315375622500e+15
-1.093894014607881875e+15
-1.099719272530782500e+15
-1.105537594392199000e+15
-1.111349485440006875e+15
-1.117155450922080000e+15
-1.122955996086294500e+15
-1.128751626180524750e+15
-1.134542846452645750e+15
-1.140330162150532250e+15
-1.146114078522059500e+15
-1.151895083385302500e+15
-1.157673594839136500e+15
-1.163450013552638000e+15
-1.169224740194882000e+15
-1.174998175434945250e+15
-1.180770719941903000e+15
-1.186542774384831250e+15
-1.192314739432805250e+15
-1.198087015754902000e+15
-1.203860004020196250e+15
-1.209634104897764250e+15
-1.215409719056682000e+15
-1.221187247166025000e+15
-1.226967089894869250e+15
-1.232749647912290000e+15
-1.238535321887364250e+15
-1.244324512489167000e+15
-1.250117620386774250e+15
-1.255915046249261750e+15
-1.261717190745705250e+15
-1.267524510911261000e+15
-1.273337689245404000e+15
-1.279157464613690750e+15
-1.284984575881676250e+15
-1.290819761914916250e+15
-1.296663761578966750e+15
-1.302517313739382750e+15
-1.308381157261720750e+15
-1.314256031011535750e+15
-1.320142673854384000e+15
-1.326041824655820500e+15
-1.331954222281401750e+15
-1.337880605596682250e+15
-1.343821713467219000e+15
-1.349778284758566250e+15
-1.355751058336280500e+15
-1.361740773065918250e+15
-1.367748167813033500e+15
-1.373773981443182250e+15
-1.379818952821921000e+15
-1.385883793086288250e+15
-1.391969102459254750e+15
-1.398075453435274500e+15
-1.404203418508800750e+15
-1.410353570174288500e+15
-1.416526480926192250e+15
-1.422722723258964000e+15
-1.428942869667060000e+15
-1.435187492644932250e+15
-1.441457164687036250e+15
-1.447752458287825250e+15
-1.454073945941753500e+15
-1.460422200143275000e+15
-1.466797793386843750e+15
-1.473201298166913000e+15
-1.479633286977938000e+15
-1.486094332314372500e+15
-1.492585006670669250e+15
-1.499105882541283750e+15
-1.505657532420669250e+15
-1.512240496251019000e+15
-1.518855183765480500e+15
-1.525501972144941000e+15
-1.532181238570287250e+15
-1.538893360222406250e+15
-1.545638714282185250e+15
-1.552417677930510500e+15
-1.559230628348268750e+15
-1.566077942716347250e+15
-1.572959998215633500e+15
-1.579877172027013500e+15
-1.586829841331375000e+15
-1.593818383309603750e+15
-1.600843175142587750e+15
-1.607904594011212750e+15
-1.615003017096366500e+15
-1.622138821578936250e+15
-1.629312384639807500e+15
-1.636524083459868500e+15
-1.643774295220005500e+15
-1.651063403529432000e+15
-1.658391817710668750e+15
-1.665759953514562750e+15
-1.673168226691960500e+15
-1.680617052993709500e+15
-1.688106848170657500e+15
-1.695638027973650000e+15
-1.703211008153535750e+15
-1.710826204461159750e+15
-1.718484032647371000e+15
-1.726184908463015750e+15
-1.733929247658941250e+15
-1.741717465985994250e+15
-1.749549979195022000e+15
-1.757427203036870750e+15
-1.765349553262389250e+15
-1.773317445622423750e+15
-1.781331295867820250e+15
-1.789391519749427250e+15
-1.797498533018091000e+15
-1.805652674740760750e+15
-1.813853977248790000e+15
-1.822102396189635500e+15
-1.830397887210750750e+15
-1.838740405959593750e+15
-1.847129908083619500e+15
-1.855566349230283250e+15
-1.864049685047041000e+15
-1.872579871181347750e+15
-1.881156863280660500e+15
-1.889780616992433750e+15
-1.898451087964124750e+15
-1.907168231843187000e+15
-1.915932004277078000e+15
-1.924742360913252500e+15
-1.933599257399166500e+15
-1.942502649382276250e+15
-1.951452492510036250e+15
-1.960448742429903000e+15
-1.969491354789332000e+15
-1.978580228091783000e+15
-1.987715032264728500e+15
-1.996895380091648250e+15
-2.006120884356018000e+15
-2.015391157841316250e+15
-2.024705813331020250e+15
-2.034064463608607750e+15
-2.043466721457556000e+15
-2.052912199661342250e+15
-2.062400511003445250e+15
-2.071931268267341750e+15
-2.081504084236509750e+15
-2.091118571694426000e+15
-2.100774343424569000e+15
-2.110471012210415000e+15
-2.120208190835443000e+15
-2.129985492083130500e+15
-2.139802528736954000e+15
-2.149658913580391750e+15
-2.159554259396921000e+15
-2.169488191160562500e+15
-2.179460382607504250e+15
-2.189470519664477250e+15
-2.199518288258212500e+15
-2.209603374315441500e+15
-2.219725463762896000e+15
-2.229884242527305000e+15
-2.240079396535401750e+15
-2.250310611713915750e+15
-2.260577573989579500e+15
-2.270879969289123000e+15
-2.281217483539278000e+15
-2.291589802666774500e+15
-2.301996612598345000e+15
-2.312437599260719500e+15
-2.322912448580630000e+15
-2.333420846484807000e+15
-2.343962478899981500e+15
-2.354537031752884500e+15
-2.365144190970247500e+15
-2.375783530905030500e+15
-2.386454179615107500e+15
-2.397155153584582500e+15
-2.407885469297558000e+15
-2.418644143238138000e+15
-2.429430191890426500e+15
-2.440242631738524500e+15
-2.451080479266538000e+15
-2.461942750958568500e+15
-2.472828463298720500e+15
-2.483736632771096500e+15
-2.494666275859801500e+15
-2.505616409048936000e+15
-2.516586048822606000e+15
-2.527574211664913500e+15
-2.538579914059962500e+15
-2.549602172491856000e+15
-2.560640003444696500e+15
-2.571692423402589000e+15
-2.582758448849636000e+15
-2.593837173027021500e+15
-2.604927996204254000e+15
-2.616030395407921500e+15
-2.627143847664611000e+15
-2.638267830000912500e+15
-2.649401819443415000e+15
-2.660545293018705000e+15
-2.671697727753372000e+15
-2.682858600674004500e+15
-2.694027388807190500e+15
-2.705203569179518000e+15
-2.716386618817577500e+15
-2.727576014747955000e+15
-2.738771233997240500e+15
-2.749971753592020500e+15
-2.761177050558885500e+15
-2.772386601924423500e+15
-2.783599884715222000e+15
-2.794816375957870000e+15
-2.806035552678955500e+15
-2.817256832648444500e+15
-2.828479396609808000e+15
-2.839702366049895000e+15
-2.850924862455552000e+15
-2.862146007313629000e+15
-2.873364922110974000e+15
-2.884580728334435000e+15
-2.895792547470860000e+15
-2.906999501007098000e+15
-2.918200710429996500e+15
-2.929395297226405000e+15
-2.940582382883171500e+15
-2.951761088887143000e+15
-2.962930536725169500e+15
-2.974089847884097500e+15
-2.985238143850776500e+15
-2.996374546112055000e+15
-3.007498176154780500e+15
-3.018608155465802000e+15
-3.029703605531967500e+15
-3.040783701907788000e+15
-3.051847836418431000e+15
-3.062895454956724500e+15
-3.073926003415496000e+15
-3.084938927687576000e+15
-3.095933673665794500e+15
-3.106909687242977500e+15
-3.117866414311956500e+15
-3.128803300765559000e+15
-3.139719792496615000e+15
-3.150615335397953000e+15
-3.161489375362403000e+15
-3.172341358282792000e+15
-3.183170730051950500e+15
-3.193976936562706000e+15
-3.204759423707889000e+15
-3.215517637380329500e+15
-3.226251023472853000e+15
-3.236959027878291000e+15
-3.247641096489472500e+15
-3.258296744351290000e+15
-3.268925763116895500e+15
-3.279528013591507000e+15
-3.290103356580337500e+15
-3.300651652888607500e+15
-3.311172763321530000e+15
-3.321666548684323000e+15
-3.332132869782203500e+15
-3.342571587420386000e+15
-3.352982562404088000e+15
-3.363365655538526000e+15
-3.373720727628917000e+15
-3.384047639480475500e+15
-3.394346251898420500e+15
-3.404616425687965000e+15
-3.414858021654327500e+15
-3.425070900602726000e+15
-3.435254923338373000e+15
-3.445409950666488000e+15
-3.455535843392286500e+15
-3.465632453549780000e+15
-3.475699598088167000e+15
-3.485737085185440000e+15
-3.495744723019589500e+15
-3.505722319768612500e+15
-3.515669683610500000e+15
-3.525586622723243500e+15
-3.535472945284838000e+15
-3.545328459473275000e+15
-3.555152973466548500e+15
-3.564946295442651000e+15
-3.574708233579575500e+15
-3.584438596055314500e+15
-3.594137191047861500e+15
-3.603803826735209000e+15
-3.613438311295350000e+15
-3.623040452906279000e+15
-3.632610059745985000e+15
-3.642146939992465500e+15
-3.651650901823710000e+15
-3.661121881963068500e+15
-3.670560331315305500e+15
-3.679966829330544000e+15
-3.689341955458903000e+15
-3.698686289150505000e+15
-3.708000409855471000e+15
-3.717284897023921000e+15
-3.726540330105978000e+15
-3.735767288551761000e+15
-3.744966351811392500e+15
-3.754138099334992500e+15
-3.763283110572683500e+15
-3.772401964974585500e+15
-3.781495241990821000e+15
-3.790563521071508000e+15
-3.799607381666771000e+15
-3.808627403226730000e+15
-3.817624165201505000e+15
-3.826598247041219000e+15
-3.835550228195991000e+15
-3.844480666037131000e+15
-3.853390029620701000e+15
-3.862278765923949000e+15
-3.871147321924123500e+15
-3.879996144598474500e+15
-3.888825680924251000e+15
-3.897636377878700000e+15
-3.906428682439074500e+15
-3.915203041582619500e+15
-3.923959902286586000e+15
-3.932699711528221500e+15
-3.941422916284778000e+15
-3.950129963533501000e+15
-3.958821300251642000e+15
-3.967497373416448500e+15
-3.976158630005170000e+15
-3.984805516995057000e+15
-3.993438481363355500e+15
-4.002057970087316500e+15
-4.010664430144189000e+15
-4.019258400295017000e+15
-4.027840786436028500e+15
-4.036412586247247500e+15
-4.044974797408695000e+15
-4.053528417600396500e+15
-4.062074444502376000e+15
-4.070613875794653500e+15
-4.079147709157256500e+15
-4.087676942270204000e+15
-4.096202572813522000e+15
-4.104725598467234000e+15
-4.113247016911363500e+15
-4.121767825825931500e+15
-4.130289022890963000e+15
-4.138811605786480500e+15
-4.147336572192509500e+15
-4.155864919789072000e+15
-4.164397646256189500e+15
-4.172935749273887500e+15
-4.181480226522189000e+15
-4.190032017282950500e+15
-4.198591827245363000e+15
-4.207160303700451500e+15
-4.215738093939238500e+15
-4.224325845252750500e+15
-4.232924204932012500e+15
-4.241533820268046000e+15
-4.250155338551877000e+15
-4.258789407074530500e+15
-4.267436673127030000e+15
-4.276097784000400000e+15
-4.284773386985666000e+15
-4.293464129373850500e+15
-4.302170658455980000e+15
-4.310893621523076000e+15
-4.319633665866167000e+15
-4.328391438776275500e+15
-4.337167587544424000e+15
-4.345962759461639000e+15
-4.354777601818944000e+15
-4.363612805384342500e+15
-4.372469234833742500e+15
-4.381347798320034000e+15
-4.390249403996101000e+15
-4.399174960014834500e+15
-4.408125374529122000e+15
-4.417101555691848500e+15
-4.426104411655904000e+15
-4.435134850574174500e+15
-4.444193780599549000e+15
-4.453282109884914500e+15
-4.462400746583159000e+15
-4.471550598847168500e+15
-4.480732574829833500e+15
-4.489947582684038000e+15
-4.499196530562672500e+15
-4.508480326618624000e+15
-4.517799879004779000e+15
-4.527156095874026000e+15
-4.536549885379253000e+15
-4.545982067957298000e+15
-4.555453113180805000e+15
-4.564963402906367000e+15
-4.574513318990580000e+15
-4.584103243290038000e+15
-4.593733557661336000e+15
-4.603404643961066000e+15
-4.613116884045825000e+15
-4.622870659772205000e+15
-4.632666352996804000e+15
-4.642504345576214000e+15
-4.652385019367030000e+15
-4.662308756225845000e+15
-4.672275938009256000e+15
-4.682286946573854000e+15
-4.692342163776236000e+15
-4.702441971472998000e+15
-4.712586751520730000e+15
-4.722776885776030000e+15
-4.733012756095492000e+15
-4.743294721615543000e+15
-4.753623050591951000e+15
-4.763997988560316000e+15
-4.774419781056238000e+15
-4.784888673615321000e+15
-4.795404911773164000e+15
-4.805968741065365000e+15
-4.816580407027529000e+15
-4.827240155195254000e+15
-4.837948231104143000e+15
-4.848704880289795000e+15
-4.859510348287813000e+15
-4.870364880633795000e+15
-4.881268722863344000e+15
-4.892222120512059000e+15
-4.903225319115543000e+15
-4.914278564209396000e+15
-4.925382101329217000e+15
-4.936536176010609000e+15
-4.947741033789172000e+15
-4.958996850197829000e+15
-4.970303520758791000e+15
-4.981660870991592000e+15
-4.993068726415763000e+15
-5.004526912550836000e+15
-5.016035254916348000e+15
-5.027593579031829000e+15
-5.039201710416811000e+15
-5.050859474590830000e+15
-5.062566697073416000e+15
-5.074323203384105000e+15
-5.086128819042428000e+15
-5.097983369567918000e+15
-5.109886680480109000e+15
-5.121838577298530000e+15
-5.133838885542720000e+15
-5.145887430732209000e+15
-5.157984038386528000e+15
-5.170128534025213000e+15
-5.182320743167796000e+15
-5.194560422903651000e+15
-5.206847056601514000e+15
-5.219180059199964000e+15
-5.231558845637576000e+15
-5.243982830852930000e+15
-5.256451429784605000e+15
-5.268964057371175000e+15
-5.281520128551221000e+15
-5.294119058263317000e+15
-5.306760261446043000e+15
-5.319443153037978000e+15
-5.332167147977698000e+15
-5.344931661203780000e+15
-5.357736107654803000e+15
-5.370579902269342000e+15
-5.383462459985979000e+15
-5.396383195743291000e+15
-5.409341524479852000e+15
-5.422336861134242000e+15
-5.435368620645038000e+15
-5.448436185725099000e+15
-5.461538810184394000e+15
-5.474675715607176000e+15
-5.487846123577695000e+15
-5.501049255680203000e+15
-5.514284333498953000e+15
-5.527550578618192000e+15
-5.540847212622175000e+15
-5.554173457095150000e+15
-5.567528533621370000e+15
-5.580911663785087000e+15
-5.594322069170551000e+15
-5.607758971362013000e+15
-5.621221591943725000e+15
-5.634709152499936000e+15
-5.648220874614900000e+15
-5.661755979872869000e+15
-5.675313689858090000e+15
-5.688893226154817000e+15
-5.702493810347300000e+15
-5.716114647555669000e+15
-5.729754877043561000e+15
-5.743413621610495000e+15
-5.757090004055983000e+15
-5.770783147179543000e+15
-5.784492173780694000e+15
-5.798216206658947000e+15
-5.811954368613821000e+15
-5.825705782444830000e+15
-5.839469570951493000e+15
-5.853244856933326000e+15
-5.867030763189842000e+15
-5.880826412520559000e+15
-5.894630927724994000e+15
-5.908443431602660000e+15
-5.922263046953077000e+15
-5.936088896575760000e+15
-5.949920103270223000e+15
-5.963755789835982000e+15
-5.977595079072556000e+15
-5.991437063234492000e+15
-6.005280712396463000e+15
-6.019124966088178000e+15
-6.032968763839340000e+15
-6.046811045179658000e+15
-6.060650749638839000e+15
-6.074486816746586000e+15
-6.088318186032608000e+15
-6.102143797026609000e+15
-6.115962589258301000e+15
-6.129773502257384000e+15
-6.143575475553569000e+15
-6.157367448676558000e+15
-6.171148361156063000e+15
-6.184917152521784000e+15
-6.198672762303432000e+15
-6.212414130030714000e+15
-6.226140195233333000e+15
-6.239849897440996000e+15
-6.253542176183412000e+15
-6.267216029119222000e+15
-6.280870686422821000e+15
-6.294505436397537000e+15
-6.308119567346698000e+15
-6.321712367573638000e+15
-6.335283125381686000e+15
-6.348831129074166000e+15
-6.362355666954417000e+15
-6.375856027325761000e+15
-6.389331498491533000e+15
-6.402781368755060000e+15
-6.416204926419674000e+15
-6.429601459788703000e+15
-6.442970257165477000e+15
-6.456310606853324000e+15
-6.469621797155578000e+15
-6.482903116375567000e+15
-6.496153852816619000e+15
-6.509373294782066000e+15
-6.522560730575237000e+15
-6.535715473835421000e+15
-6.548836939545752000e+15
-6.561924568025318000e+15
-6.574977799593209000e+15
-6.587996074568519000e+15
-6.600978833270338000e+15
-6.613925516017754000e+15
-6.626835563129862000e+15
-6.639708414925749000e+15
-6.652543511724510000e+15
-6.665340293845231000e+15
-6.678098201607010000e+15
-6.690816675328929000e+15
-6.703495155330086000e+15
-6.716133081929567000e+15
-6.728729895446467000e+15
-6.741285036199875000e+15
-6.753797944508881000e+15
-6.766268060692577000e+15
-6.778694825070054000e+15
-6.791077738143713000e+15
-6.803416541149195000e+15
-6.815711035505459000e+15
-6.827961022631448000e+15
-6.840166303946123000e+15
-6.852326680868436000e+15
-6.864441954817336000e+15
-6.876511927211781000e+15
-6.888536399470716000e+15
-6.900515173013104000e+15
-6.912448049257892000e+15
-6.924334829624035000e+15
-6.936175315530482000e+15
-6.947969308396194000e+15
-6.959716609640115000e+15
-6.971417020681204000e+15
-6.983070342938413000e+15
-6.994676377830691000e+15
-7.006234926776996000e+15
-7.017745791196278000e+15
-7.029208839389352000e+15
-7.040624207184463000e+15
-7.051992097291719000e+15
-7.063312712421224000e+15
-7.074586255283089000e+15
-7.085812928587420000e+15
-7.096992935044320000e+15
-7.108126477363901000e+15
-7.119213758256265000e+15
-7.130254980431522000e+15
-7.141250346599777000e+15
-7.152200059471140000e+15
-7.163104321755714000e+15
-7.173963336163608000e+15
-7.184777305404924000e+15
-7.195546432189777000e+15
-7.206270919228269000e+15
-7.216950969230507000e+15
-7.227586784906597000e+15
-7.238178568966648000e+15
-7.248726591547127000e+15
-7.259231392489951000e+15
-7.269693579063394000e+15
-7.280113758535734000e+15
-7.290492538175246000e+15
-7.300830525250211000e+15
-7.311128327028900000e+15
-7.321386550779595000e+15
-7.331605803770568000e+15
-7.341786693270099000e+15
-7.351929826546464000e+15
-7.362035810867939000e+15
-7.372105253502801000e+15
-7.382138761719328000e+15
-7.392136942785792000e+15
-7.402100403970475000e+15
-7.412029752541653000e+15
-7.421925595767598000e+15
-7.431788540916593000e+15
-7.441619195256910000e+15
-7.451418195824695000e+15
-7.461186298727553000e+15
-7.470924289840958000e+15
-7.480632955040382000e+15
-7.490313080201297000e+15
-7.499965451199180000e+15
-7.509590853909498000e+15
-7.519190074207727000e+15
-7.528763897969340000e+15
-7.538313111069810000e+15
-7.547838499384609000e+15
-7.557340848789213000e+15
-7.566820945159090000e+15
-7.576279574369717000e+15
-7.585717522296563000e+15
-7.595135574815104000e+15
-7.604534517800814000e+15
-7.613915137129162000e+15
-7.623278218675623000e+15
-7.632624548315670000e+15
-7.641954932631285000e+15
-7.651270261030480000e+15
-7.660571443627775000e+15
-7.669859390537693000e+15
-7.679135011874754000e+15
-7.688399217753481000e+15
-7.697652918288389000e+15
-7.706897023594009000e+15
-7.716132443784854000e+15
-7.725360088975449000e+15
-7.734580869280314000e+15
-7.743795694813972000e+15
-7.753005475690941000e+15
-7.762211122025745000e+15
-7.771413543932900000e+15
-7.780613651526935000e+15
-7.789812354922368000e+15
-7.799010564233716000e+15
-7.808209189575505000e+15
-7.817409141062254000e+15
-7.826611318654533000e+15
-7.835816581697089000e+15
-7.845025779380726000e+15
-7.854239760896234000e+15
-7.863459375434418000e+15
-7.872685472186074000e+15
-7.881918900341996000e+15
-7.891160509092987000e+15
-7.900411147629842000e+15
-7.909671665143360000e+15
-7.918942910824338000e+15
-7.928225733863576000e+15
-7.937520983451868000e+15
-7.946829508780017000e+15
-7.956152159038812000e+15
-7.965489783419063000e+15
-7.974843231111561000e+15
-7.984213351307102000e+15
-7.993600993196487000e+15
-8.003007005970514000e+15
-8.012432234818302000e+15
-8.021877508922260000e+15
-8.031343653463116000e+15
-8.040831493621598000e+15
-8.050341854578436000e+15
-8.059875561514364000e+15
-8.069433439610103000e+15
-8.079016314046392000e+15
-8.088625010003952000e+15
-8.098260352663517000e+15
-8.107923167205816000e+15
-8.117614278811579000e+15
-8.127334512661532000e+15
-8.137084693936408000e+15
-8.146865647816934000e+15
-8.156678199483841000e+15
-8.166523174117860000e+15
-8.176401396899715000e+15
-8.186313693010140000e+15
-8.196260887629864000e+15
-8.206243711361579000e+15
-8.216262516495829000e+15
-8.226317560745126000e+15
-8.236409101821974000e+15
-8.246537397438886000e+15
-8.256702705308370000e+15
-8.266905283142932000e+15
-8.277145388655082000e+15
-8.287423279557329000e+15
-8.297739213562183000e+15
-8.308093448382151000e+15
-8.318486241729742000e+15
-8.328917851317463000e+15
-8.339388534857827000e+15
-8.349898550063337000e+15
-8.360448154646505000e+15
-8.371037606319842000e+15
-8.381667162795852000e+15
-8.392337081787046000e+15
-8.403047621005932000e+15
-8.413799017208063000e+15
-8.424591423321177000e+15
-8.435424971316054000e+15
-8.446299793163468000e+15
-8.457216020834207000e+15
-8.468173786299049000e+15
-8.479173221528769000e+15
-8.490214458494155000e+15
-8.501297629165980000e+15
-8.512422865515030000e+15
-8.523590299512082000e+15
-8.534800063127917000e+15
-8.546052288333316000e+15
-8.557347107099059000e+15
-8.568684651395923000e+15
-8.580065053194691000e+15
-8.591488444466146000e+15
-8.602954957181061000e+15
-8.614464723310223000e+15
-8.626017874824409000e+15
-8.637614453785033000e+15
-8.649254142616040000e+15
-8.660936533832010000e+15
-8.672661219947519000e+15
-8.684427793477147000e+15
-8.696235846935475000e+15
-8.708084972837076000e+15
-8.719974763696532000e+15
-8.731904812028422000e+15
-8.743874710347323000e+15
-8.755884051167816000e+15
-8.767932427004479000e+15
-8.780019430371886000e+15
-8.792144653784623000e+15
-8.804307689757260000e+15
-8.816508130804383000e+15
-8.828745569440571000e+15
-8.841019598180395000e+15
-8.853329809538440000e+15
-8.865675796029282000e+15
-8.878057073564911000e+15
-8.890472851646959000e+15
-8.902922263174469000e+15
-8.915404441046477000e+15
-8.927918518162032000e+15
-8.940463627420177000e+15
-8.953038901719947000e+15
-8.965643473960392000e+15
-8.978276477040546000e+15
-8.990937043859457000e+15
-9.003624307316166000e+15
-9.016337400309716000e+15
-9.029075455739146000e+15
-9.041837606503504000e+15
-9.054622985501820000e+15
-9.067430725633150000e+15
-9.080259959796532000e+15
-9.093109820891004000e+15
-9.105979441815610000e+15
-9.118867955469392000e+15
-9.131774529462478000e+15
-9.144698470249316000e+15
-9.157639118995444000e+15
-9.170595816866388000e+15
-9.183567905027690000e+15
-9.196554724644884000e+15
-9.209555616883498000e+15
-9.222569922909072000e+15
-9.235596983887134000e+15
-9.248636140983224000e+15
-9.261686735362878000e+15
-9.274748108191624000e+15
-9.287819600634998000e+15
-9.300900553858534000e+15
-9.313990309027764000e+15
-9.327088207308226000e+15
-9.340193589865458000e+15
-9.353305797864984000e+15
-9.366424172472344000e+15
-9.379548054853070000e+15
-9.392676684418262000e+15
-9.405808893561254000e+15
-9.418943412920948000e+15
-9.432078973136246000e+15
-9.445214304846050000e+15
-9.458348138689264000e+15
-9.471479205304780000e+15
-9.484606235331504000e+15
-9.497727959408338000e+15
-9.510843108174182000e+15
-9.523950412267936000e+15
-9.537048602328504000e+15
-9.550136408994778000e+15
-9.563212562905674000e+15
-9.576275794700076000e+15
-9.589324835016898000e+15
-9.602358414495038000e+15
-9.615375263773392000e+15
-9.628374113490866000e+15
-9.641353694286358000e+15
-9.654312819302242000e+15
-9.667250631694776000e+15
-9.680166357123686000e+15
-9.693059221248696000e+15
-9.705928449729544000e+15
-9.718773268225956000e+15
-9.731592902397652000e+15
-9.744386577904372000e+15
-9.757153520405834000e+15
-9.769892955561772000e+15
-9.782604109031914000e+15
-9.795286206475990000e+15
-9.807938473553722000e+15
-9.820560135924844000e+15
-9.833150419249078000e+15
-9.845708549186162000e+15
-9.858233751395818000e+15
-9.870725251537774000e+15
-9.883182275271760000e+15
-9.895604048257504000e+15
-9.907989764921900000e+15
-9.920338494760514000e+15
-9.932649276036076000e+15
-9.944921147011310000e+15
-9.957153145948948000e+15
-9.969344311111726000e+15
-9.981493680762364000e+15
-9.993600293163600000e+15
-1.000566318657815800e+16
-1.001768139926877000e+16
-1.002965396949816600e+16
-1.004157993552907600e+16
-1.005345833562423000e+16
-1.006528820804635800e+16
-1.007706859105818400e+16
-1.008879852292244600e+16
-1.010047704190187200e+16
-1.011210318625918600e+16
-1.012367599425712400e+16
-1.013519450415841200e+16
-1.014665788346559800e+16
-1.015806581664047000e+16
-1.016941811738464400e+16
-1.018071459939971600e+16
-1.019195507638730400e+16
-1.020313936204901600e+16
-1.021426727008645400e+16
-1.022533861420123000e+16
-1.023635320809494800e+16
-1.024731086546922400e+16
-1.025821140002565800e+16
-1.026905462546586000e+16
-1.027984035549143800e+16
-1.029056840380400400e+16
-1.030123858410515800e+16
-1.031185071009651400e+16
-1.032240459547968000e+16
-1.033290005395625800e+16
-1.034333689922786400e+16
-1.035371494499610200e+16
-1.036403400032399400e+16
-1.037429385572023000e+16
-1.038449429705491400e+16
-1.039463511019813800e+16
-1.040471608102001600e+16
-1.041473699539064800e+16
-1.042469763918013000e+16
-1.043459779825857000e+16
-1.044443725849606800e+16
-1.045421580576272800e+16
-1.046393322592865000e+16
-1.047358930486394000e+16
-1.048318382843870000e+16
-1.049271658252303000e+16
-1.050218735298703000e+16
-1.051159592570080800e+16
-1.052094208653446400e+16
-1.053022562135809800e+16
-1.053944631604181600e+16
-1.054860395645572000e+16
-1.055769845763467600e+16
-1.056673025127260800e+16
-1.057569989822821400e+16
-1.058460795936017400e+16
-1.059345499552718400e+16
-1.060224156758794000e+16
-1.061096823640112400e+16
-1.061963556282543200e+16
-1.062824410771954800e+16
-1.063679443194217200e+16
-1.064528709635198800e+16
-1.065372266180769000e+16
-1.066210168916796800e+16
-1.067042473929151200e+16
-1.067869237303701200e+16
-1.068690515126316000e+16
-1.069506363482865000e+16
-1.070316838459216400e+16
-1.071121996141240000e+16
-1.071921892614804800e+16
-1.072716581800955200e+16
-1.073506108961438400e+16
-1.074290517193178000e+16
-1.075069849593095600e+16
-1.075844149258114800e+16
-1.076613459285158600e+16
-1.077377822771149200e+16
-1.078137282813010000e+16
-1.078891882507663400e+16
-1.079641664952032800e+16
-1.080386673243040400e+16
-1.081126950477609400e+16
-1.081862539752662600e+16
-1.082593484165122800e+16
-1.083319826811912400e+16
-1.084041610789955200e+16
-1.084758879196173600e+16
-1.085471675127489800e+16
-1.086180041680827600e+16
-1.086884021953109200e+16
-1.087583671706465800e+16
-1.088279097363859800e+16
-1.088970418013462000e+16
-1.089657752743442400e+16
-1.090341220641972200e+16
-1.091020940797222200e+16
-1.091697032297362200e+16
-1.092369614230563400e+16
-1.093038805684995800e+16
-1.093704725748830800e+16
-1.094367493510238400e+16
-1.095027228057389600e+16
-1.095684048478454400e+16
-1.096338073861604000e+16
-1.096989423295008400e+16
-1.097638215866838600e+16
-1.098284570665265800e+16
-1.098928606778459200e+16
-1.099570443294590400e+16
-1.100210199301829600e+16
-1.100847988306446000e+16
-1.101483901487102000e+16
-1.102118024440558600e+16
-1.102750442763576200e+16
-1.103381242052916400e+16
-1.104010507905340000e+16
-1.104638325917607200e+16
-1.105264781686480000e+16
-1.105889960808718200e+16
-1.106513948881083600e+16
-1.107136831500336800e+16
-1.107758694263238800e+16
-1.108379622766549600e+16
-1.108999702607031600e+16
-1.109619019381444400e+16
-1.110237658686550000e+16
-1.110855706119108400e+16
-1.111473247275881000e+16
-1.112090367753628400e+16
-1.112707153149112200e+16
-1.113323687846079000e+16
-1.113940051376222000e+16
-1.114556322058220800e+16
-1.115172578210754200e+16
-1.115788898152502600e+16
-1.116405360202145000e+16
-1.117022042678360600e+16
-1.117639023899829400e+16
-1.118256382185230200e+16
-1.118874195853242800e+16
-1.119492543222546400e+16
-1.120111502611821000e+16
-1.120731152339745400e+16
-1.121351570724999600e+16
-1.121972836086262000e+16
-1.122595026742213400e+16
-1.123218221011532800e+16
-1.123842497212898800e+16
-1.124467933664991600e+16
-1.125094608686490800e+16
-1.125722601134568400e+16
-1.126351992020366600e+16
-1.126982862893522000e+16
-1.127615295303668800e+16
-1.128249370800443600e+16
-1.128885170933481800e+16
-1.129522777252418000e+16
-1.130162271306889000e+16
-1.130803734646529200e+16
-1.131447248820975000e+16
-1.132092895379861600e+16
-1.132740755872824200e+16
-1.133390911849498600e+16
-1.134043444859520400e+16
-1.134698436452524800e+16
-1.135355968178147800e+16
-1.136016121586024800e+16
-1.136678978225790800e+16
-1.137344619647081600e+16
-1.138013127399533000e+16
-1.138684574790063000e+16
-1.139359002154720400e+16
-1.140036441586836600e+16
-1.140716925179742800e+16
-1.141400485026771000e+16
-1.142087153221252600e+16
-1.142776961856518400e+16
-1.143469943025900200e+16
-1.144166128822729600e+16
-1.144865551340338200e+16
-1.145568242672056600e+16
-1.146274234911217600e+16
-1.146983560151151600e+16
-1.147696250485190200e+16
-1.148412338006664800e+16
-1.149131854808907200e+16
-1.149854832985248800e+16
-1.150581304629020800e+16
-1.151311301833554600e+16
-1.152044856692182200e+16
-1.152781992058743200e+16
-1.153522693829113000e+16
-1.154266938659675400e+16
-1.155014703206813800e+16
-1.155765964126912600e+16
-1.156520698076356000e+16
-1.157278881711526800e+16
-1.158040491688809400e+16
-1.158805504664587400e+16
-1.159573897295245000e+16
-1.160345646237166000e+16
-1.161120728146734000e+16
-1.161899119680332800e+16
-1.162680797494346600e+16
-1.163465738245158400e+16
-1.164253918589153200e+16
-1.165045315182714600e+16
-1.165839904682225600e+16
-1.166637663744070600e+16
-1.167438569024633600e+16
-1.168242597022238800e+16
-1.169049723602974000e+16
-1.169859924474867200e+16
-1.170673175345946000e+16
-1.171489451924239200e+16
-1.172308729917775200e+16
-1.173130985034581000e+16
-1.173956192982685800e+16
-1.174784329470117000e+16
-1.175615370204903200e+16
-1.176449290895072200e+16
-1.177286067248652800e+16
-1.178125674973672200e+16
-1.178968089778159400e+16
-1.179813287370141600e+16
-1.180661243457647800e+16
-1.181511933748706000e+16
-1.182365333951343600e+16
-1.183221419773589600e+16
-1.184080166923471800e+16
-1.184941540067308200e+16
-1.185805459704577000e+16
-1.186671835293045800e+16
-1.187540576290482400e+16
-1.188411592154654800e+16
-1.189284792343331400e+16
-1.190160086314278800e+16
-1.191037383525266400e+16
-1.191916593434060800e+16
-1.192797625498430600e+16
-1.193680389176143200e+16
-1.194564793924967000e+16
-1.195450749202669400e+16
-1.196338164467019000e+16
-1.197226949175782200e+16
-1.198117012786728600e+16
-1.199008264757625000e+16
-1.199900614546239800e+16
-1.200793971610340400e+16
-1.201688245407694800e+16
-1.202583344464243800e+16
-1.203479173578617800e+16
-1.204375636617620200e+16
-1.205272637448053600e+16
-1.206170079936722000e+16
-1.207067867950428800e+16
-1.207965905355976600e+16
-1.208864096020169000e+16
-1.209762343809808800e+16
-1.210660552591699800e+16
-1.211558626232645000e+16
-1.212456468599447800e+16
-1.213353983558911200e+16
-1.214251074977838800e+16
-1.215147646723033200e+16
-1.216043602661298000e+16
-1.216938846659437200e+16
-1.217833282584252600e+16
-1.218726814302548400e+16
-1.219619345681127800e+16
-1.220510781666592600e+16
-1.221401031524739600e+16
-1.222290005601165000e+16
-1.223177614241463200e+16
-1.224063767791231000e+16
-1.224948376596064200e+16
-1.225831351001557200e+16
-1.226712601353306800e+16
-1.227592037996908000e+16
-1.228469571277956600e+16
-1.229345111542048200e+16
-1.230218569134779000e+16
-1.231089854401743800e+16
-1.231958877688538800e+16
-1.232825549340758800e+16
-1.233689779704000600e+16
-1.234551479123859600e+16
-1.235410557945930600e+16
-1.236266926515810000e+16
-1.237120495179093400e+16
-1.237971172462401400e+16
-1.238818859616455600e+16
-1.239663456073002600e+16
-1.240504861263788800e+16
-1.241342974620561600e+16
-1.242177695575067200e+16
-1.243008923559052400e+16
-1.243836558004263800e+16
-1.244660498342447600e+16
-1.245480644005351600e+16
-1.246296894424721400e+16
-1.247109149032304600e+16
-1.247917307259847200e+16
-1.248721268539096000e+16
-1.249520932301797400e+16
-1.250316197979698800e+16
-1.251106965004546800e+16
-1.251893132808087200e+16
-1.252674600822067600e+16
-1.253451268478234400e+16
-1.254223040894736000e+16
-1.254989845935329200e+16
-1.255751617150172200e+16
-1.256508288089423400e+16
-1.257259792303241600e+16
-1.258006063341785200e+16
-1.258747034755212200e+16
-1.259482640093681200e+16
-1.260212812907351000e+16
-1.260937486746379600e+16
-1.261656595160925600e+16
-1.262370071701147800e+16
-1.263077849917204200e+16
-1.263779863359253600e+16
-1.264476045577453600e+16
-1.265166330121963600e+16
-1.265850650542942000e+16
-1.266528940390546400e+16
-1.267201133214936000e+16
-1.267867162566269200e+16
-1.268526968318100400e+16
-1.269180515637570200e+16
-1.269827776015215200e+16
-1.270468720941571600e+16
-1.271103321907176200e+16
-1.271731550402566000e+16
-1.272353377918276800e+16
-1.272968775944845600e+16
-1.273577715972808800e+16
-1.274180169492703200e+16
-1.274776107995065600e+16
-1.275365502970432400e+16
-1.275948325909339600e+16
-1.276524548302324400e+16
-1.277094141639923200e+16
-1.277657077412672400e+16
-1.278213327111109600e+16
-1.278762862225770000e+16
-1.279305654247190800e+16
-1.279841674665908800e+16
-1.280370900051198600e+16
-1.280893327287288600e+16
-1.281408958337145600e+16
-1.281917795163735600e+16
-1.282419839730026600e+16
-1.282915093998984600e+16
-1.283403559933575800e+16
-1.283885239496767400e+16
-1.284360134651525800e+16
-1.284828247360818000e+16
-1.285289579587610600e+16
-1.285744133294870200e+16
-1.286191910445563400e+16
-1.286632913002657000e+16
-1.287067142929117200e+16
-1.287494602187911600e+16
-1.287915292742006400e+16
-1.288329216554368000e+16
-1.288736375587963600e+16
-1.289136771805759400e+16
-1.289530416515693200e+16
-1.289917358405585200e+16
-1.290297655508226800e+16
-1.290671365856408600e+16
-1.291038547482922400e+16
-1.291399258420559800e+16
-1.291753556702110200e+16
-1.292101500360366800e+16
-1.292443147428119400e+16
-1.292778555938159800e+16
-1.293107783923279000e+16
-1.293430889416268400e+16
-1.293747930449918800e+16
-1.294058965057021800e+16
-1.294364051270367800e+16
-1.294663247122748800e+16
-1.294956610646956200e+16
-1.295244199875780000e+16
-1.295526072842012200e+16
-1.295802287578444000e+16
-1.296072902691544000e+16
-1.296337979082493600e+16
-1.296597578226152000e+16
-1.296851761597377000e+16
-1.297100590671028400e+16
-1.297344126921965200e+16
-1.297582431825045200e+16
-1.297815566855128800e+16
-1.298043593487073200e+16
-1.298266573195738800e+16
-1.298484567455984000e+16
-1.298697637742667400e+16
-1.298905845530647800e+16
-1.299109252294784800e+16
-1.299307919509936200e+16
-1.299501908650962000e+16
-1.299691281192720800e+16
-1.299876098610070800e+16
-1.300056422377871800e+16
-1.300232313970982000e+16
-1.300403840353915800e+16
-1.300571090449806600e+16
-1.300734158671443200e+16
-1.300893139431613800e+16
-1.301048127143107400e+16
-1.301199216218713200e+16
-1.301346501071218800e+16
-1.301490076113413800e+16
-1.301630035758085800e+16
-1.301766474418024400e+16
-1.301899486506017800e+16
-1.302029166434855000e+16
-1.302155608617324200e+16
-1.302278907466214600e+16
-1.302399157394313800e+16
-1.302516452814411800e+16
-1.302630888139296800e+16
-1.302742557781756600e+16
-1.302851556154580800e+16
-1.302957977670558000e+16
-1.303061920870722800e+16
-1.303163500809096200e+16
-1.303262836667944200e+16
-1.303360047629533800e+16
-1.303455252876131800e+16
-1.303548571590005400e+16
-1.303640122953420800e+16
-1.303730026148645000e+16
-1.303818400357944200e+16
-1.303905364763585800e+16
-1.303991038547836200e+16
-1.304075540892962800e+16
-1.304158990981231600e+16
-1.304241507994909600e+16
-1.304323211116263200e+16
-1.304404219527560000e+16
-1.304484652411066200e+16
-1.304564628949048400e+16
-1.304644268323773600e+16
-1.304723689717508400e+16
-1.304803002144283400e+16
-1.304882273945183200e+16
-1.304961563293056400e+16
-1.305040928360750800e+16
-1.305120427321115000e+16
-1.305200118346997600e+16
-1.305280059611246400e+16
-1.305360309286710600e+16
-1.305440925546237800e+16
-1.305521966562676600e+16
-1.305603490508875200e+16
-1.305685555557682400e+16
-1.305768219881946000e+16
-1.305851541654514800e+16
-1.305935579048236800e+16
-1.306020390235960800e+16
-1.306106033390534800e+16
-1.306192566684806800e+16
-1.306280048291625800e+16
-1.306368536383839800e+16
-1.306458092675387600e+16
-1.306548793044567600e+16
-1.306640716910769400e+16
-1.306733943693381400e+16
-1.306828552811792800e+16
-1.306924623685392400e+16
-1.307022235733569600e+16
-1.307121468375713400e+16
-1.307222401031212400e+16
-1.307325113119455400e+16
-1.307429684059832000e+16
-1.307536193271731000e+16
-1.307644720174541400e+16
-1.307755344187651800e+16
-1.307868144730451600e+16
-1.307983201222329400e+16
-1.308100593082674600e+16
-1.308220399730876600e+16
-1.308342700586323200e+16
-1.308467575068404000e+16
-1.308595102596507800e+16
-1.308725362590024600e+16
-1.308858434468342000e+16
-1.308994397650849800e+16
-1.309133331556936600e+16
-1.309275315605991600e+16
-1.309420429217403600e+16
-1.309568751810561800e+16
-1.309720362804855400e+16
-1.309875341619672400e+16
-1.310033767674402800e+16
-1.310195720388435600e+16
-1.310361279181159200e+16
-1.310530523471962800e+16
-1.310703532680235200e+16
-1.310880386225365800e+16
-1.311061163526743400e+16
-1.311245944003757000e+16
-1.311434807075795400e+16
