0.000000000000000000e+00
5.207943369462316696e+03
8.280795878997695399e+04
4.172021153157788212e+05
1.314702494423045777e+06
3.205438075150845572e+06
6.646434504529340193e+06
1.231117813453516364e+07
2.098591283692537993e+07
3.360576083945491910e+07
5.120751180013250560e+07
7.475749560243429244e+07
1.057536313345241696e+08
1.458426463179583848e+08
1.966712678742931783e+08
2.598862233250848949e+08
3.371342399918897748e+08
4.300620451962640285e+08
5.403163662597639561e+08
6.695439305039458275e+08
8.193914652503659725e+08
9.915056978205804825e+08
1.187847336189121008e+09
1.411633010942418814e+09
1.666393333319880962e+09
1.955658914560913801e+09
2.282960365904923916e+09
2.651828298591318607e+09
3.065793323859503746e+09
3.528386052948886871e+09
4.043137097098874092e+09
4.613577067548871994e+09
5.243236575538288116e+09
5.935646232306529045e+09
6.694336649092998505e+09
7.522838437137107849e+09
8.424682207678261757e+09
9.403398571955863953e+09
1.046251814120932770e+10
1.160557152667805290e+10
1.283608933960145187e+10
1.415760219121892548e+10
1.557393795069363976e+10
1.709011351888375664e+10
1.871144305457120514e+10
2.044324071653789520e+10
2.229082066356574631e+10
2.425949705443670273e+10
2.635458404793265152e+10
2.858139580283553696e+10
3.094524647792726898e+10
3.345145023198977661e+10
3.610532122380496979e+10
3.891217361215478516e+10
4.187732155582112122e+10
4.500607921358592224e+10
4.830376074423107910e+10
5.177568030653855133e+10
5.542715205929023743e+10
5.926349016126804352e+10
6.329000877125392151e+10
6.751202204802976990e+10
7.193502888068287659e+10
7.656526707952180481e+10
8.140915918516058350e+10
8.647312773821307373e+10
9.176359527929330444e+10
9.728698434901524353e+10
1.030497174879927521e+11
1.090582172368398438e+11
1.153189061361704712e+11
1.218382067265986176e+11
1.286225415487381592e+11
1.356783331432031708e+11
1.430120040506074524e+11
1.506299768115651245e+11
1.585386739666899414e+11
1.667445180565960388e+11
1.752539316218973389e+11
1.840733372032077026e+11
1.932091573411411743e+11
2.026678145763116455e+11
2.124558489981813049e+11
2.225802708916049194e+11
2.330482080902855835e+11
2.438667884279260559e+11
2.550431397382295227e+11
2.665843898548989868e+11
2.784976666116372681e+11
2.907900978421474609e+11
3.034688113801325684e+11
3.165409350592955322e+11
3.300135967133393555e+11
3.438939241759670410e+11
3.581890452808815308e+11
3.729060878617859497e+11
3.880521797523829956e+11
4.036344487863759766e+11
4.196600227974677734e+11
4.361360296193612061e+11
4.530695970857593994e+11
4.704678530303653564e+11
4.883380326751469116e+11
5.066878007951301880e+11
5.255249295536064453e+11
5.448571911138666382e+11
5.646923576392017822e+11
5.850382012929036865e+11
6.059024942382624512e+11
6.272930086385698242e+11
6.492175166571165771e+11
6.716837904571940918e+11
6.946996022020931396e+11
7.182727240551052246e+11
7.424109281795209961e+11
7.671219867386319580e+11
7.924136718957288818e+11
8.182937558141030273e+11
8.447700106570455322e+11
8.718502085878474121e+11
8.995421217697996826e+11
9.278535223661936035e+11
9.567923535806390381e+11
9.863672427780208740e+11
1.016586988363543213e+12
1.047460388742409058e+12
1.078996242319822998e+12
1.111203347500988770e+12
1.144090502691109131e+12
1.177666506295389160e+12
1.211940156719031494e+12
1.246920252367240967e+12
1.282615591645220703e+12
1.319034972958174805e+12
1.356187194711306396e+12
1.394081055309820312e+12
1.432725353158918701e+12
1.472128886663807129e+12
1.512300454229688477e+12
1.553248854261766113e+12
1.594982885165244873e+12
1.637511345345327881e+12
1.680843311389689453e+12
1.724988972615887207e+12
1.769958796523948730e+12
1.815763250613900635e+12
1.862412802385771973e+12
1.909917919339590820e+12
1.958289068975383545e+12
2.007536718793178711e+12
2.057671336293003174e+12
2.108703388974885986e+12
2.160643344338854004e+12
2.213501669884936035e+12
2.267288833113158203e+12
2.322015301523549805e+12
2.377691542616136230e+12
2.434328023890947754e+12
2.491935212848011719e+12
2.550523576987354004e+12
2.610103583809004395e+12
2.670685700812989746e+12
2.732280816410078125e+12
2.794901502653997559e+12
2.858560752509217285e+12
2.923271558940204590e+12
2.989046914911428223e+12
3.055899813387358887e+12
3.123843247332460938e+12
3.192890209711206543e+12
3.263053693488061035e+12
3.334346691627496094e+12
3.406782197093978027e+12
3.480373202851976562e+12
3.555132701865958496e+12
3.631073687100394043e+12
3.708209151519749512e+12
3.786552088088495605e+12
3.866115489771101562e+12
3.946912349532032227e+12
4.028955660335758789e+12
4.112258415146749023e+12
4.196834059728423828e+12
4.282697851040009766e+12
4.369865498839689453e+12
4.458352712885639648e+12
4.548175202936044922e+12
4.639348678749083008e+12
4.731888850082930664e+12
4.825811426695774414e+12
4.921132118345789062e+12
5.017866634791158203e+12
5.116030685790059570e+12
5.215639981100676758e+12
5.316710230481185547e+12
5.419257143689769531e+12
5.523296430484604492e+12
5.628843800623875977e+12
5.735914963865761719e+12
5.844525629968439453e+12
5.954691508690093750e+12
6.066428309788900391e+12
6.179752207277111328e+12
6.294681232183245117e+12
6.411233879789887695e+12
6.529428645379628906e+12
6.649284024235056641e+12
6.770818511638761719e+12
6.894050602873324219e+12
7.018998793221340820e+12
7.145681577965393555e+12
7.274117452388072266e+12
7.404324911771965820e+12
7.536322451399662109e+12
7.670128566553748047e+12
7.805761752516811523e+12
7.943240504571439453e+12
8.082583318000222656e+12
8.223808688085750000e+12
8.366935110110603516e+12
8.511981079357375977e+12
8.658965091108655273e+12
8.807905898662714844e+12
8.958823287380587891e+12
9.111737300638986328e+12
9.266667981814623047e+12
9.423635374284222656e+12
9.582659521424501953e+12
9.743760466612169922e+12
9.906958253223947266e+12
1.007227292463655078e+13
1.023972452422669336e+13
1.040933309537109570e+13
1.058111868144647656e+13
1.075510132582954297e+13
1.093130107189702148e+13
1.110973796302561914e+13
1.129043204259206055e+13
1.147340335397306055e+13
1.165867194054533008e+13
1.184625784568559180e+13
1.203618111277055859e+13
1.222846164330877148e+13
1.242311877133603516e+13
1.262017168901999023e+13
1.281963958852826172e+13
1.302154166202849219e+13
1.322589710168831055e+13
1.343272509967534375e+13
1.364204484815723242e+13
1.385387553930160156e+13
1.406823636527608984e+13
1.428514651824832812e+13
1.450462519038595117e+13
1.472669157385658789e+13
1.495136486082787305e+13
1.517866424346743750e+13
1.540860891394291992e+13
1.564121806442194727e+13
1.587651088707215234e+13
1.611450657406117188e+13
1.635522431755663281e+13
1.659868284128582227e+13
1.684489899521461914e+13
1.709388916086855469e+13
1.734566971977314844e+13
1.760025705345393750e+13
1.785766754343645703e+13
1.811791757124621875e+13
1.838102351840877344e+13
1.864700176644962500e+13
1.891586869689432031e+13
1.918764069126838672e+13
1.946233413109734766e+13
1.973996539790673828e+13
2.002055087322208594e+13
2.030410693856891016e+13
2.059064997547275000e+13
2.088019636545914062e+13
2.117276249005359766e+13
2.146836473078165625e+13
2.176701946916884375e+13
2.206874222850659766e+13
2.237354509914999219e+13
2.268143931321998438e+13
2.299243610283754297e+13
2.330654670012365625e+13
2.362378233719929297e+13
2.394415424618541406e+13
2.426767365920300391e+13
2.459435180837301953e+13
2.492419992581644141e+13
2.525722924365425000e+13
2.559345099400740625e+13
2.593287640899687891e+13
2.627551672074365625e+13
2.662138316136868750e+13
2.697048696299296484e+13
2.732283935773745703e+13
2.767845157772311719e+13
2.803733485507094141e+13
2.839950042190188672e+13
2.876495797645398828e+13
2.913371108143347656e+13
2.950576176566364844e+13
2.988111205796777344e+13
3.025976398716917188e+13
3.064171958209113672e+13
3.102698087155692188e+13
3.141554988438984766e+13
3.180742864941319922e+13
3.220261919545026172e+13
3.260112355132433594e+13
3.300294374585871094e+13
3.340808180787666406e+13
3.381653976620150000e+13
3.422831964965650000e+13
3.464342348706496875e+13
3.506185330725019141e+13
3.548361113903544531e+13
3.590869901124403906e+13
3.633711895269925000e+13
3.676887183133596094e+13
3.720395387153534375e+13
3.764236013679016406e+13
3.808408569059315625e+13
3.852912559643710938e+13
3.897747491781476562e+13
3.942912871821888281e+13
3.988408206114222656e+13
4.034233001007753906e+13
4.080386762851759375e+13
4.126868997995515625e+13
4.173679212788296875e+13
4.220816913579378906e+13
4.268281606718038281e+13
4.316072798553548438e+13
4.364189995435189062e+13
4.412632703712235938e+13
4.461400429733961719e+13
4.510492679849642969e+13
4.559908960408556250e+13
4.609648662012333594e+13
4.659710712272023438e+13
4.710093923051035156e+13
4.760797106212770312e+13
4.811819073620638281e+13
4.863158637138046094e+13
4.914814608628396094e+13
4.966785799955097656e+13
5.019071022981553906e+13
5.071669089571174219e+13
5.124578811587362500e+13
5.177799000893525000e+13
5.231328469353068750e+13
5.285166028829398438e+13
5.339310491185919531e+13
5.393760668286040625e+13
5.448515371993168750e+13
5.503573414170704688e+13
5.558933606682058594e+13
5.614594761390635156e+13
5.670555554932260156e+13
5.726814123032428906e+13
5.783368466189056250e+13
5.840216584900053125e+13
5.897356479663341406e+13
5.954786150976831250e+13
6.012503599338436719e+13
6.070506825246074219e+13
6.128793829197656250e+13
6.187362611691100000e+13
6.246211173224317969e+13
6.305337514295227344e+13
6.364739635401740625e+13
6.424415537041773438e+13
6.484363219713236719e+13
6.544580683914049219e+13
6.605065930142127344e+13
6.665816958895379688e+13
6.726831770671725000e+13
6.788108365969076562e+13
6.849644791221824219e+13
6.911439276610257031e+13
6.973490098251139844e+13
7.035795532261231250e+13
7.098353854757300000e+13
7.161163341856110938e+13
7.224222269674421875e+13
7.287528914329001562e+13
7.351081551936609375e+13
7.414878458614012500e+13
7.478917910477973438e+13
7.543198183645256250e+13
7.607717554232621875e+13
7.672474298356840625e+13
7.737466692134665625e+13
7.802693011682870312e+13
7.868151533118217188e+13
7.933840532557462500e+13
7.999758286117378125e+13
8.065903069914723438e+13
8.132273169102318750e+13
8.198866904977182812e+13
8.265682607872398438e+13
8.332718608121043750e+13
8.399973236056195312e+13
8.467444822010932812e+13
8.535131696318332812e+13
8.603032189311473438e+13
8.671144631323434375e+13
8.739467352687293750e+13
8.807998683736128125e+13
8.876736954803018750e+13
8.945680496221037500e+13
9.014827638323268750e+13
9.084176711442785938e+13
9.153726045912673438e+13
9.223473972066006250e+13
9.293418820235856250e+13
9.363558920755312500e+13
9.433892603957443750e+13
9.504418332327126562e+13
9.575135096956392188e+13
9.646042021089071875e+13
9.717138227968984375e+13
9.788422840839964062e+13
9.859894982945837500e+13
9.931553777530425000e+13
1.000339834783756094e+14
1.007542781711106562e+14
1.014764130859477188e+14
1.022003794553250312e+14
1.029261685116808906e+14
1.036537714874535000e+14
1.043831796150812344e+14
1.051143841270022344e+14
1.058473762556548750e+14
1.065821472334773906e+14
1.073186882929080312e+14
1.080569906663850781e+14
1.087970455863467969e+14
1.095388461243357812e+14
1.102823927083117188e+14
1.110276876053387344e+14
1.117747330824807969e+14
1.125235314068019844e+14
1.132740848453663594e+14
1.140263956652379375e+14
1.147804661334807656e+14
1.155362985171588906e+14
1.162938950833363750e+14
1.170532580990772656e+14
1.178143898314455938e+14
1.185772925475053906e+14
1.193419685143207500e+14
1.201084199989555938e+14
1.208766492684741250e+14
1.216466585899403438e+14
1.224184502304182188e+14
1.231920264569718750e+14
1.239673895366652812e+14
1.247445432636130781e+14
1.255234975401316875e+14
1.263042637955881719e+14
1.270868534593494219e+14
1.278712779607825469e+14
1.286575487292545469e+14
1.294456771941323281e+14
1.302356747847829531e+14
1.310275529305734062e+14
1.318213230608706875e+14
1.326169966050417812e+14
1.334145849924537188e+14
1.342140996524734375e+14
1.350155520144680469e+14
1.358189535078043750e+14
1.366243155618495938e+14
1.374316496059706406e+14
1.382409670695344375e+14
1.390522793819080625e+14
1.398655979724585156e+14
1.406809364418872188e+14
1.414983170762333125e+14
1.423177643328704062e+14
1.431393026691720938e+14
1.439629565425119688e+14
1.447887504102636875e+14
1.456167087298007188e+14
1.464468559584968125e+14
1.472792165537254375e+14
1.481138149728602500e+14
1.489506756732748438e+14
1.497898231123428750e+14
1.506312817474378125e+14
1.514750760359333438e+14
1.523212304352030000e+14
1.531697694026204375e+14
1.540207173955592812e+14
1.548740988713930625e+14
1.557299382874954062e+14
1.565882601012398750e+14
1.574490887208052812e+14
1.583124483575909375e+14
1.591783631738013750e+14
1.600468573316409688e+14
1.609179549933144375e+14
1.617916803210262188e+14
1.626680574769806875e+14
1.635471106233825000e+14
1.644288639224360625e+14
1.653133415363459688e+14
1.662005676273166250e+14
1.670905663575526250e+14
1.679833618892584375e+14
1.688789783846385938e+14
1.697774400058974688e+14
1.706787709152397500e+14
1.715829952748699062e+14
1.724901372469923125e+14
1.734002209938115938e+14
1.743132706775322188e+14
1.752293111532283125e+14
1.761483700474523125e+14
1.770704756796263438e+14
1.779956563691723750e+14
1.789239404355125938e+14
1.798553561980690312e+14
1.807899319762636875e+14
1.817276960895187500e+14
1.826686768572561250e+14
1.836129025988980625e+14
1.845604016338665312e+14
1.855112022815836250e+14
1.864653328614714062e+14
1.874228216929520000e+14
1.883836970954473125e+14
1.893479873883795938e+14
1.903157208911709062e+14
1.912869259232431250e+14
1.922616308040185625e+14
1.932398638529191562e+14
1.942216512848740000e+14
1.952070108968401562e+14
1.961959583812816562e+14
1.971885094306625625e+14
1.981846797374469062e+14
1.991844849940988125e+14
2.001879408930822188e+14
2.011950631268613125e+14
2.022058673878999688e+14
2.032203693686623750e+14
2.042385847616125312e+14
2.052605292592145938e+14
2.062862185539324062e+14
2.073156683382301875e+14
2.083488943045719062e+14
2.093859121454216562e+14
2.104267375532435312e+14
2.114713862205014062e+14
2.125198738396595625e+14
2.135722161031818750e+14
2.146284271596326875e+14
2.156885149819766875e+14
2.167524859992789375e+14
2.178203466406043438e+14
2.188921033350179062e+14
2.199677625115846875e+14
2.210473305993694688e+14
2.221308140274373750e+14
2.232182192248533125e+14
2.243095526206822500e+14
2.254048206439892188e+14
2.265040297238391562e+14
2.276071862892969688e+14
2.287142967694277500e+14
2.298253675932963438e+14
2.309404051899678438e+14
2.320594159885071875e+14
2.331824064179792500e+14
2.343093829074490625e+14
2.354403518859816875e+14
2.365753163458708750e+14
2.377142655323261875e+14
2.388571852537860312e+14
2.400040613186886875e+14
2.411548795354725938e+14
2.423096257125763125e+14
2.434682856584380000e+14
2.446308451814961875e+14
2.457972900901891875e+14
2.469676061929554688e+14
2.481417792982333438e+14
2.493197952144613125e+14
2.505016397500776562e+14
2.516872987135209375e+14
2.528767579132292500e+14
2.540700031576412500e+14
2.552670202551953125e+14
2.564677950143297188e+14
2.576723132434828750e+14
2.588805607510932500e+14
2.600925207787213750e+14
2.613081663004164688e+14
2.625274677233499375e+14
2.637503954546930000e+14
2.649769199016172812e+14
2.662070114712941250e+14
2.674406405708947500e+14
2.686777776075906875e+14
2.699183929885532188e+14
2.711624571209538438e+14
2.724099404119639062e+14
2.736608132687548125e+14
2.749150460984978438e+14
2.761726093083645625e+14
2.774334733055260625e+14
2.786976084971540000e+14
2.799649852904197812e+14
2.812355740924945938e+14
2.825093453105499375e+14
2.837862693517571250e+14
2.850663126541298750e+14
2.863494257790503750e+14
2.876355553187432500e+14
2.889246478654329375e+14
2.902166500113440000e+14
2.915115083487010625e+14
2.928091694697284375e+14
2.941095799666508750e+14
2.954126864316927500e+14
2.967184354570786250e+14
2.980267736350330625e+14
2.993376475577805625e+14
3.006510038175456250e+14
3.019667890065528750e+14
3.032849497170266875e+14
3.046054325411916875e+14
3.059281840712724375e+14
3.072531508994933750e+14
3.085802796180790000e+14
3.099095168192540000e+14
3.112408085591101250e+14
3.125740987492089375e+14
3.139093307649793125e+14
3.152464479818500000e+14
3.165853937752501250e+14
3.179261115206083750e+14
3.192685445933534375e+14
3.206126363689145625e+14
3.219583302227203750e+14
3.233055695301998750e+14
3.246542976667818125e+14
3.260044580078951250e+14
3.273559939289686875e+14
3.287088488054314375e+14
3.300629660127119375e+14
3.314182889262394375e+14
3.327747609214426250e+14
3.341323253737503750e+14
3.354909256585916250e+14
3.368505051513951875e+14
3.382110044548223125e+14
3.395723530804635625e+14
3.409344777671421250e+14
3.422973052536806250e+14
3.436607622789024375e+14
3.450247755816305000e+14
3.463892719006875000e+14
3.477541779748967500e+14
3.491194205430810000e+14
3.504849263440635000e+14
3.518506221166670625e+14
3.532164345997147500e+14
3.545822905320294375e+14
3.559481166524343125e+14
3.573138396997521250e+14
3.586793864128061250e+14
3.600446835304191875e+14
3.614096577914141875e+14
3.627742359346143125e+14
3.641383446988424375e+14
3.655019111279270000e+14
3.668648634857183125e+14
3.682271303410720000e+14
3.695886402628435625e+14
3.709493218198888125e+14
3.723091035810636250e+14
3.736679141152231875e+14
3.750256819912235625e+14
3.763823357779200000e+14
3.777378040441686250e+14
3.790920153588247500e+14
3.804448982907443750e+14
3.817963814087828750e+14
3.831463932817960000e+14
3.844948624786393125e+14
3.858417175681686250e+14
3.871868871192396875e+14
3.885302997007078750e+14
3.898718838814290000e+14
3.912115682302587500e+14
3.925492839834143125e+14
3.938849730465595000e+14
3.952185799927194375e+14
3.965500493949193750e+14
3.978793258261845625e+14
3.992063538595405625e+14
4.005310780680122500e+14
4.018534430246251250e+14
4.031733933024042500e+14
4.044908734743751250e+14
4.058058281135628125e+14
4.071182017929928125e+14
4.084279390856901250e+14
4.097349845646802500e+14
4.110392828029881250e+14
4.123407783736394375e+14
4.136394158496592500e+14
4.149351398040726875e+14
4.162278948099051875e+14
4.175176254401820000e+14
4.188042784505077500e+14
4.200878093268040000e+14
4.213681757375720000e+14
4.226453353513126250e+14
4.239192458365270625e+14
4.251898648617164375e+14
4.264571500953815625e+14
4.277210592060237500e+14
4.289815498621437500e+14
4.302385797322429375e+14
4.314921064848222500e+14
4.327420877883826875e+14
4.339884813114252500e+14
4.352312447224512500e+14
4.364703356899614375e+14
4.377057118824571250e+14
4.389373309684392500e+14
4.401651506164088125e+14
4.413891284948669375e+14
4.426092222723146250e+14
4.438253915921751250e+14
4.450376039975595625e+14
4.462458290065013750e+14
4.474500361370338750e+14
4.486501949071903750e+14
4.498462748350044375e+14
4.510382454385090625e+14
4.522260762357378125e+14
4.534097367447238750e+14
4.545891964835007500e+14
4.557644249701017500e+14
4.569353917225603125e+14
4.581020662589095000e+14
4.592644180971829375e+14
4.604224167554136875e+14
4.615760317516353750e+14
4.627252326038813125e+14
4.638699888301846250e+14
4.650102699485788125e+14
4.661460454770973125e+14
4.672772884099230625e+14
4.684039856458390625e+14
4.695261275597775625e+14
4.706437045266709375e+14
4.717567069214520000e+14
4.728651251190531875e+14
4.739689494944068125e+14
4.750681704224456250e+14
4.761627782781018125e+14
4.772527634363081875e+14
4.783381162719970000e+14
4.794188271601010625e+14
4.804948864755525625e+14
4.815662845932842500e+14
4.826330118882282500e+14
4.836950587353175000e+14
4.847524155094845000e+14
4.858050725856613125e+14
4.868530203387807500e+14
4.878962491437752500e+14
4.889347557826073125e+14
4.899685626653583750e+14
4.909976986091403125e+14
4.920221924310642500e+14
4.930420729482421250e+14
4.940573689777856250e+14
4.950681093368057500e+14
4.960743228424146250e+14
4.970760383117233750e+14
4.980732845618439375e+14
4.990660904098876250e+14
5.000544846729661250e+14
5.010384961681908750e+14
5.020181537126736875e+14
5.029934861235256250e+14
5.039645222178587500e+14
5.049312908127846250e+14
5.058938207254143750e+14
5.068521407728599375e+14
5.078062797722327500e+14
5.087562632251133125e+14
5.097021033709582500e+14
5.106438091336928125e+14
5.115813894372423750e+14
5.125148532055324375e+14
5.134442093624885000e+14
5.143694668320357500e+14
5.152906345380998125e+14
5.162077214046059375e+14
5.171207363554796250e+14
5.180296883146463125e+14
5.189345862060315625e+14
5.198354389535603750e+14
5.207322554811586250e+14
5.216250447127512500e+14
5.225138155722641250e+14
5.233985769836226250e+14
5.242793378707517500e+14
5.251561071575772500e+14
5.260288937680245000e+14
5.268977151731560000e+14
5.277626230325830000e+14
5.286236775530537500e+14
5.294809389413165625e+14
5.303344674041197500e+14
5.311843231482118125e+14
5.320305663803406875e+14
5.328732573072551250e+14
5.337124561357030000e+14
5.345482230724330000e+14
5.353806183241932500e+14
5.362097020977322500e+14
5.370355345997980000e+14
5.378581760371391250e+14
5.386776866165037500e+14
5.394941265446402500e+14
5.403075560282970625e+14
5.411180352742222500e+14
5.419256244891643125e+14
5.427303838798715000e+14
5.435323672082222500e+14
5.443316024566150625e+14
5.451281111625785000e+14
5.459219148636409375e+14
5.467130350973310625e+14
5.475014934011776250e+14
5.482873113127087500e+14
5.490705103694533125e+14
5.498511121089398750e+14
5.506291380686968750e+14
5.514046097862529375e+14
5.521775487991365000e+14
5.529479766448762500e+14
5.537159148610008125e+14
5.544813849850383750e+14
5.552444085545179375e+14
5.560050071069680000e+14
5.567632021799168125e+14
5.575190153108931250e+14
5.582724680374255000e+14
5.590235865443191250e+14
5.597724156054855000e+14
5.605190046421128125e+14
5.612634030753890000e+14
5.620056603265025000e+14
5.627458258166415625e+14
5.634839489669938750e+14
5.642200791987480000e+14
5.649542659330918750e+14
5.656865585912136250e+14
5.664170065943017500e+14
5.671456593635441250e+14
5.678725663201286250e+14
5.685977768852440000e+14
5.693213404800778750e+14
5.700433065258187500e+14
5.707637244436548750e+14
5.714826436547738750e+14
5.722001135803643750e+14
5.729161836416143750e+14
5.736308989438397500e+14
5.743442873288675000e+14
5.750563723226526250e+14
5.757671774511495000e+14
5.764767262403132500e+14
5.771850422160985000e+14
5.778921489044597500e+14
5.785980698313525000e+14
5.793028285227306250e+14
5.800064485045496250e+14
5.807089533027640000e+14
5.814103664433285000e+14
5.821107114521976250e+14
5.828100118553267500e+14
5.835082911786700000e+14
5.842055729481827500e+14
5.849018806898193750e+14
5.855972379295347500e+14
5.862916681932837500e+14
5.869851950070208750e+14
5.876778395615603750e+14
5.883696137071522500e+14
5.890605269589057500e+14
5.897505888319306250e+14
5.904398088413361250e+14
5.911281965022316250e+14
5.918157613297262500e+14
5.925025128389297500e+14
5.931884605449511250e+14
5.938736139629002500e+14
5.945579826078860000e+14
5.952415759950178750e+14
5.959244036394053750e+14
5.966064750561580000e+14
5.972877997603846250e+14
5.979683872671952500e+14
5.986482470916990000e+14
5.993273887490050000e+14
6.000058217542227500e+14
6.006835556224620000e+14
6.013605965682286250e+14
6.020369376036177500e+14
6.027125684401210000e+14
6.033874787892297500e+14
6.040616583624361250e+14
6.047350968712317500e+14
6.054077840271082500e+14
6.060797095415576250e+14
6.067508631260711250e+14
6.074212344921411250e+14
6.080908133512587500e+14
6.087595894149161250e+14
6.094275523946047500e+14
6.100946920018165000e+14
6.107609979480430000e+14
6.114264599447760000e+14
6.120910677035075000e+14
6.127548109357287500e+14
6.134176793529317500e+14
6.140796626666082500e+14
6.147407473787588750e+14
6.154009071534193750e+14
6.160601124451351250e+14
6.167183337084505000e+14
6.173755413979106250e+14
6.180317059680607500e+14
6.186867978734450000e+14
6.193407875686090000e+14
6.199936455080970000e+14
6.206453421464546250e+14
6.212958479382260000e+14
6.219451333379568750e+14
6.225931688001913750e+14
6.232399247794747500e+14
6.238853717303517500e+14
6.245294801073673750e+14
6.251722203650667500e+14
6.258135629579942500e+14
6.264534783406950000e+14
6.270919369677140000e+14
6.277289023262752500e+14
6.283643100343187500e+14
6.289980887424633750e+14
6.296301671013282500e+14
6.302604737615326250e+14
6.308889373736958750e+14
6.315154865884363750e+14
6.321400500563738750e+14
6.327625564281271250e+14
6.333829343543152500e+14
6.340011124855575000e+14
6.346170194724728750e+14
6.352305839656803750e+14
6.358417346157993750e+14
6.364504000734485000e+14
6.370565089892472500e+14
6.376599900138148750e+14
6.382607717977698750e+14
6.388587829917317500e+14
6.394539522463195000e+14
6.400462094076647500e+14
6.406354891039490000e+14
6.412217271588661250e+14
6.418048593961098750e+14
6.423848216393743750e+14
6.429615497123536250e+14
6.435349794387413750e+14
6.441050466422318750e+14
6.446716871465186250e+14
6.452348367752958750e+14
6.457944313522575000e+14
6.463504067010973750e+14
6.469026986455093750e+14
6.474512430091877500e+14
6.479959756158258750e+14
6.485368322891183750e+14
6.490737488527587500e+14
6.496066611304410000e+14
6.501355049458591250e+14
6.506602161227070000e+14
6.511807228620528750e+14
6.516969228744608750e+14
6.522087062478702500e+14
6.527159630702191250e+14
6.532185834294468750e+14
6.537164574134916250e+14
6.542094751102921250e+14
6.546975266077873750e+14
6.551805019939156250e+14
6.556582913566160000e+14
6.561307847838271250e+14
6.565978723634875000e+14
6.570594441835357500e+14
6.575153903319110000e+14
6.579656008965513750e+14
6.584099659653960000e+14
6.588483756263835000e+14
6.592807199674521250e+14
6.597068890765411250e+14
6.601267730415890000e+14
6.605402624800532500e+14
6.609472501274657500e+14
6.613476292488771250e+14
6.617412931093380000e+14
6.621281349738993750e+14
6.625080481076121250e+14
6.628809257755263750e+14
6.632466612426932500e+14
6.636051477741631250e+14
6.639562786349872500e+14
6.642999470902157500e+14
6.646360464048996250e+14
6.649644698440895000e+14
6.652851106728362500e+14
6.655978621561901250e+14
6.659026175592023750e+14
6.661992701469236250e+14
6.664877131844042500e+14
6.667678399366951250e+14
6.670395436688470000e+14
6.673027146086141250e+14
6.675572308345646250e+14
6.678029673879703750e+14
6.680397993101027500e+14
6.682676016422342500e+14
6.684862494256362500e+14
6.686956177015802500e+14
6.688955815113383750e+14
6.690860158961820000e+14
6.692667958973832500e+14
6.694377965562136250e+14
6.695988929139453750e+14
6.697499600118493750e+14
6.698908728911983750e+14
6.700215065932632500e+14
6.701417361593163750e+14
6.702514366306292500e+14
6.703504830484737500e+14
6.704387504541213750e+14
6.705161138888442500e+14
6.705824582191836250e+14
6.706377076127600000e+14
6.706817960624637500e+14
6.707146575611848750e+14
6.707362261018136250e+14
6.707464356772406250e+14
6.707452202803556250e+14
6.707325139040490000e+14
6.707082505412107500e+14
6.706723641847313750e+14
6.706247888275011250e+14
6.705654584624102500e+14
6.704943070823485000e+14
6.704112686802067500e+14
6.703162772488746250e+14
6.702092667812427500e+14
6.700901712702012500e+14
6.699589247086402500e+14
6.698154610894501250e+14
6.696597144055210000e+14
6.694916126936273750e+14
6.693110601660806250e+14
6.691179550790763750e+14
6.689121956888101250e+14
6.686936802514780000e+14
6.684623070232753750e+14
6.682179742603977500e+14
6.679605802190411250e+14
6.676900231554007500e+14
6.674062013256727500e+14
6.671090129860523750e+14
6.667983563927355000e+14
6.664741298019176250e+14
6.661362314697945000e+14
6.657845596525617500e+14
6.654190126064151250e+14
6.650394885875505000e+14
6.646458858521628750e+14
6.642381026564482500e+14
6.638160372566025000e+14
6.633796011782015000e+14
6.629287590243435000e+14
6.624634886675072500e+14
6.619837679801712500e+14
6.614895748348142500e+14
6.609808871039150000e+14
6.604576826599517500e+14
6.599199393754037500e+14
6.593676351227490000e+14
6.588007477744668750e+14
6.582192552030355000e+14
6.576231352809338750e+14
6.570123658806405000e+14
6.563869248746340000e+14
6.557467901353928750e+14
6.550919395353961250e+14
6.544223509471223750e+14
6.537380022430500000e+14
6.530388712956580000e+14
6.523249359774247500e+14
6.515961827813676250e+14
6.508526326826588750e+14
6.500943152770085000e+14
6.493212601601271250e+14
6.485334969277252500e+14
6.477310551755137500e+14
6.469139644992026250e+14
6.460822544945027500e+14
6.452359547571243750e+14
6.443750948827781250e+14
6.434997044671745000e+14
6.426098131060243750e+14
6.417054503950375000e+14
6.407866459299250000e+14
6.398534293063970000e+14
6.389058301201645000e+14
6.379438779669377500e+14
6.369676024424270000e+14
6.359770331423430000e+14
6.349721996623963750e+14
6.339531314613052500e+14
6.329198574498195000e+14
6.318724064016963750e+14
6.308108070906935000e+14
6.297350882905686250e+14
6.286452787750790000e+14
6.275414073179820000e+14
6.264235026930353750e+14
6.252915936739963750e+14
6.241457090346228750e+14
6.229858775486721250e+14
6.218121279899017500e+14
6.206244891320690000e+14
6.194229897489317500e+14
6.182076586142470000e+14
6.169785245017727500e+14
6.157356161852665000e+14
6.144789624384853750e+14
6.132085920351870000e+14
6.119245337491291250e+14
6.106268347104468750e+14
6.093156154747872500e+14
6.079910149541753750e+14
6.066531720606353750e+14
6.053022257061926250e+14
6.039383148028721250e+14
6.025615782626980000e+14
6.011721549976955000e+14
5.997701839198895000e+14
5.983558039413045000e+14
5.969291539739656250e+14
5.954903729298977500e+14
5.940395997211253750e+14
5.925769732596736250e+14
5.911026324575668750e+14
5.896167162268303750e+14
5.881193634794890000e+14
5.866107131275671250e+14
5.850909040830900000e+14
5.835600752580822500e+14
5.820183628136810000e+14
5.804658919074725000e+14
5.789027849461557500e+14
5.773291643364288750e+14
5.757451524849908750e+14
5.741508717985405000e+14
5.725464446837760000e+14
5.709319935473962500e+14
5.693076407960997500e+14
5.676735088365853750e+14
5.660297200755516250e+14
5.643763969196972500e+14
5.627136617757207500e+14
5.610416370503208750e+14
5.593604451501960000e+14
5.576702084820452500e+14
5.559710494525670625e+14
5.542630904684598125e+14
5.525464539364223750e+14
5.508212622631535000e+14
5.490876482465675000e+14
5.473457862494426250e+14
5.455958610257727500e+14
5.438380573295515625e+14
5.420725599147733125e+14
5.402995535354321250e+14
5.385192229455213125e+14
5.367317528990354375e+14
5.349373281499678750e+14
5.331361334523130625e+14
5.313283535600646875e+14
5.295141732272167500e+14
5.276937772077631875e+14
5.258673502556980625e+14
5.240350771250148750e+14
5.221971425697081250e+14
5.203537313437715625e+14
5.185050282011989375e+14
5.166512178959843750e+14
5.147924851821218125e+14
5.129290045644460625e+14
5.110609095511556875e+14
5.091883234012905625e+14
5.073113693738898125e+14
5.054301707279931875e+14
5.035448507226405000e+14
5.016555326168708125e+14
4.997623396697242500e+14
4.978653951402397500e+14
4.959648222874574375e+14
4.940607443704165000e+14
4.921532846481567500e+14
4.902425663797175000e+14
4.883287128241386250e+14
4.864118472404592500e+14
4.844920928877193750e+14
4.825695730249584375e+14
4.806444109112158125e+14
4.787167298055311875e+14
4.767866529669441250e+14
4.748543000298504375e+14
4.729197761300707500e+14
4.709831827787818125e+14
4.690446214871602500e+14
4.671041937663831250e+14
4.651620011276271875e+14
4.632181450820692500e+14
4.612727271408860000e+14
4.593258488152543750e+14
4.573776116163511875e+14
4.554281170553531250e+14
4.534774666434371875e+14
4.515257618917800000e+14
4.495731043115585000e+14
4.476195954139492500e+14
4.456653367101293750e+14
4.437104297112756875e+14
4.417549759285646250e+14
4.397990768731733750e+14
4.378428340562785000e+14
4.358863447189556875e+14
4.339296890218748750e+14
4.319729428556052500e+14
4.300161821107152500e+14
4.280594826777740625e+14
4.261029204473505625e+14
4.241465713100131250e+14
4.221905111563311875e+14
4.202348158768731875e+14
4.182795613622081875e+14
4.163248235029050625e+14
4.143706781895326250e+14
4.124172013126596250e+14
4.104644687628549375e+14
4.085125564306874375e+14
4.065615402067260625e+14
4.046114959815396250e+14
4.026624996456969375e+14
4.007146270897668125e+14
3.987679542043181875e+14
3.968225328033238750e+14
3.948783183943726875e+14
3.929352424084575625e+14
3.909932362765711875e+14
3.890522314297064375e+14
3.871121592988562500e+14
3.851729513150132500e+14
3.832345389091703750e+14
3.812968535123203750e+14
3.793598265554562500e+14
3.774233894695705625e+14
3.754874736856565000e+14
3.735520106347065625e+14
3.716169317477138750e+14
3.696821684556708750e+14
3.677476521895706875e+14
3.658133143804061250e+14
3.638790864591699375e+14
3.619448998568548750e+14
3.600106860044539375e+14
3.580763716856911250e+14
3.561418650952153750e+14
3.542070697804070000e+14
3.522718892886460625e+14
3.503362271673128750e+14
3.483999869637878125e+14
3.464630722254507500e+14
3.445253864996823125e+14
3.425868333338623750e+14
3.406473162753713125e+14
3.387067388715893125e+14
3.367650046698966875e+14
3.348220172176735000e+14
3.328776800623001875e+14
3.309318967511566875e+14
3.289845708316233750e+14
3.270356058510805625e+14
3.250849053569083125e+14
3.231323728964868750e+14
3.211779120171965625e+14
3.192214081741483750e+14
3.172626744533766875e+14
3.153015058486468125e+14
3.133376973537238125e+14
3.113710439623730625e+14
3.094013406683598125e+14
3.074283824654491875e+14
3.054519643474065625e+14
3.034718813079968750e+14
3.014879283409856875e+14
2.994999004401381875e+14
2.975075925992194375e+14
2.955107998119947500e+14
2.935093170722294375e+14
2.915029393736885000e+14
2.894914617101375000e+14
2.874746790753415000e+14
2.854523864630656250e+14
2.834243788670753125e+14
2.813904512811356250e+14
2.793503893235332812e+14
2.773039411106404375e+14
2.752508453833507188e+14
2.731908408825575312e+14
2.711236663491545625e+14
2.690490605240355312e+14
2.669667621480937188e+14
2.648765099622228438e+14
2.627780427073164375e+14
2.606710991242681250e+14
2.585554179539713750e+14
2.564307379373199062e+14
2.542967978152071250e+14
2.521533363285267188e+14
2.500000922181721562e+14
2.478368042250371250e+14
2.456632110900151875e+14
2.434790515539997500e+14
2.412840643578845625e+14
2.390779882425630625e+14
2.368605622509638438e+14
2.346315266341544062e+14
2.323906219452375312e+14
2.301375887373156250e+14
2.278721675634913750e+14
2.255940989768674062e+14
2.233031235305461250e+14
2.209989817776302812e+14
2.186814142712222812e+14
2.163501615644248438e+14
2.140049642103405000e+14
2.116455627620718438e+14
2.092716977727214062e+14
2.068831097953917812e+14
2.044795393831855312e+14
2.020607270892052812e+14
1.996264134665536250e+14
1.971763390683330312e+14
1.947102444476461562e+14
1.922278701575955625e+14
1.897289550826691250e+14
1.872132314328955938e+14
1.846804297496891875e+14
1.821302805744638125e+14
1.795625144486337500e+14
1.769768619136130312e+14
1.743730535108157500e+14
1.717508197816559688e+14
1.691098912675478125e+14
1.664499985099053750e+14
1.637708720501427812e+14
1.610722424296740625e+14
1.583538401899133438e+14
1.556153958722747812e+14
1.528566400181723125e+14
1.500773031690202188e+14
1.472771158662325312e+14
1.444558086512232500e+14
1.416131120654065938e+14
1.387487566501965938e+14
1.358624981930204375e+14
1.329541934653572812e+14
1.300237244846994531e+14
1.270709732685391562e+14
1.240958218343687031e+14
1.210981521996804062e+14
1.180778463819664062e+14
1.150347863987191094e+14
1.119688542674306406e+14
1.088799320055933906e+14
1.057679016306995469e+14
1.026326451602414219e+14
9.947404461171125000e+13
9.629198200260134375e+13
9.308633935040387500e+13
8.985699867261121875e+13
8.660384198671559375e+13
8.332675131020925000e+13
8.002560866058450000e+13
7.670029605533356250e+13
7.335069251457731250e+13
6.997666506895099219e+13
6.657807775171842188e+13
6.315479459614338281e+13
5.970667963548975000e+13
5.623359690302132812e+13
5.273541043200191406e+13
4.921198425569536719e+13
4.566318240736546875e+13
4.208886892027606250e+13
3.848890782769096875e+13
3.486316316287401953e+13
3.121149895908900781e+13
2.753377924959978125e+13
2.382986806767013672e+13
2.009962944656392188e+13
1.634292741954494531e+13
1.255962601987701758e+13
8.749589280823980469e+12
4.912681235649644531e+12
1.048806128584626831e+12
-2.841970952273276855e+12
-6.759544707859483398e+12
-1.070380983910939062e+13
-1.467466104695841602e+13
-1.867199303234198438e+13
-2.269570049619546875e+13
-2.674567813945432031e+13
-3.082182066305391797e+13
-3.492402276792969922e+13
-3.905217915501705469e+13
-4.320618452525139844e+13
-4.738593357956814844e+13
-5.159132101890271094e+13
-5.582224154419048438e+13
-6.007858985636690625e+13
-6.436026065636737500e+13
-6.866714864512728125e+13
-7.299914852358206250e+13
-7.735615499266709375e+13
-8.173804911574325000e+13
-8.614465740587303125e+13
-9.057579273854432812e+13
-9.503126798924507812e+13
-9.951089603346317188e+13
-1.040144897466866562e+14
-1.085418620044032812e+14
-1.130928256821010781e+14
-1.176671936552679531e+14
-1.222647787993917969e+14
-1.268853939899605625e+14
-1.315288521024621875e+14
-1.361949660123845469e+14
-1.408835485952156250e+14
-1.455944127264432500e+14
-1.503273712815554688e+14
-1.550822371360401562e+14
-1.598588231653851562e+14
-1.646569422450785000e+14
-1.694764072506080312e+14
-1.743170083313092500e+14
-1.791784447319076562e+14
-1.840603929709762500e+14
-1.889625295670879062e+14
-1.938845310388158438e+14
-1.988260739047330312e+14
-2.037868346834123750e+14
-2.087664898934269375e+14
-2.137647160533498125e+14
-2.187811896817539062e+14
-2.238155872972122500e+14
-2.288675854182979375e+14
-2.339368605635838438e+14
-2.390230892516430938e+14
-2.441259480010486250e+14
-2.492451133303735312e+14
-2.543802617581908125e+14
-2.595310698030733750e+14
-2.646972139835943438e+14
-2.698783708183266562e+14
-2.750742152617212188e+14
-2.802844160117400312e+14
-2.855086402022230000e+14
-2.907465549670098750e+14
-2.959978274399406250e+14
-3.012621247548551250e+14
-3.065391140455931250e+14
-3.118284624459946250e+14
-3.171298370898993125e+14
-3.224429051111472500e+14
-3.277673336435781875e+14
-3.331027898210320000e+14
-3.384489407773485000e+14
-3.438054536463676875e+14
-3.491719955619292500e+14
-3.545482336578731875e+14
-3.599338350680393750e+14
-3.653284669262676250e+14
-3.707317963663977500e+14
-3.761434905222696250e+14
-3.815631908358037500e+14
-3.869904359812429375e+14
-3.924247389409106875e+14
-3.978656126971302500e+14
-4.033125702322251875e+14
-4.087651245285190625e+14
-4.142227885683349375e+14
-4.196850753339965625e+14
-4.251514978078271250e+14
-4.306215689721501250e+14
-4.360948018092891250e+14
-4.415707093015675000e+14
-4.470488044313085000e+14
-4.525286001808357500e+14
-4.580096095324725000e+14
-4.634913454685423750e+14
-4.689733209713686875e+14
-4.744550490232748125e+14
-4.799360426065843125e+14
-4.854158147036205000e+14
-4.908939188035548125e+14
-4.963700704229505000e+14
-5.018440255852188750e+14
-5.073155403137707500e+14
-5.127843706320178125e+14
-5.182502725633711875e+14
-5.237130021312418750e+14
-5.291723153590413750e+14
-5.346279682701805625e+14
-5.400797168880708750e+14
-5.455273172361235000e+14
-5.509705253377496875e+14
-5.564090972163605625e+14
-5.618427888953673750e+14
-5.672713563981812500e+14
-5.726945557482136250e+14
-5.781121429688755000e+14
-5.835238740835781250e+14
-5.889295051157328750e+14
-5.943287920887508750e+14
-5.997214822770447500e+14
-6.051072879590340000e+14
-6.104859126641397500e+14
-6.158570599217821250e+14
-6.212204332613826250e+14
-6.265757362123620000e+14
-6.319226723041408750e+14
-6.372609450661403750e+14
-6.425902580277812500e+14
-6.479103147184843750e+14
-6.532208186676708750e+14
-6.585214734047612500e+14
-6.638119824591765000e+14
-6.690920493603377500e+14
-6.743613776376652500e+14
-6.796196708205806250e+14
-6.848666324385042500e+14
-6.901019660208572500e+14
-6.953253750970602500e+14
-7.005365631965342500e+14
-7.057352861916948750e+14
-7.109215093269347500e+14
-7.160952501896421250e+14
-7.212565263672042500e+14
-7.264053554470090000e+14
-7.315417550164443750e+14
-7.366657426628973750e+14
-7.417773359737562500e+14
-7.468765525364083750e+14
-7.519634099382415000e+14
-7.570379257666433750e+14
-7.621001176090017500e+14
-7.671500030527041250e+14
-7.721875996851385000e+14
-7.772129250936918750e+14
-7.822259968657527500e+14
-7.872268325887083750e+14
-7.922154498499466250e+14
-7.971918662368548750e+14
-8.021560993368210000e+14
-8.071081646836705000e+14
-8.120480695969797500e+14
-8.169758193427630000e+14
-8.218914191870338750e+14
-8.267948743958073750e+14
-8.316861902350972500e+14
-8.365653719709173750e+14
-8.414324248692823750e+14
-8.462873541962061250e+14
-8.511301652177028750e+14
-8.559608631997867500e+14
-8.607794534084721250e+14
-8.655859411097727500e+14
-8.703803315697032500e+14
-8.751626300542771250e+14
-8.799328418295092500e+14
-8.846909721614135000e+14
-8.894370263160040000e+14
-8.941710095592948750e+14
-8.988929271573003750e+14
-9.036028522227690000e+14
-9.083011292553861250e+14
-9.129881706015720000e+14
-9.176643886077458750e+14
-9.223301956203281250e+14
-9.269860039857387500e+14
-9.316322260503967500e+14
-9.362692741607231250e+14
-9.408975606631368750e+14
-9.455174979040581250e+14
-9.501294982299068750e+14
-9.547339739871030000e+14
-9.593313375220663750e+14
-9.639220011812167500e+14
-9.685063773109735000e+14
-9.730848782577575000e+14
-9.776579163679881250e+14
-9.822259039880851250e+14
-9.867892534644683750e+14
-9.913483771435578750e+14
-9.959036712392732500e+14
-1.000455467435532375e+15
-1.005004081283752750e+15
-1.009549828335352000e+15
-1.014093024141748250e+15
-1.018633984254359000e+15
-1.023173024224601500e+15
-1.027710459603893750e+15
-1.032246605943653125e+15
-1.036781778795297500e+15
-1.041316293710244500e+15
-1.045850466239912000e+15
-1.050384611935717125e+15
-1.054919046349078125e+15
-1.059454085031411875e+15
-1.063990043534136875e+15
-1.068527237408670375e+15
-1.073065982206430000e+15
-1.077606593478833375e+15
-1.082149386777298250e+15
-1.086694729104978125e+15
-1.091243193271969000e+15
-1.095795403540103250e+15
-1.100351984171212250e+15
-1.104913559427128250e+15
-1.109480753569683625e+15
-1.114054190860709375e+15
-1.118634495562038500e+15
-1.123222291935502250e+15
-1.127818204242933000e+15
-1.132422856746162750e+15
-1.137036873707023250e+15
-1.141660879387346250e+15
-1.146295498048964500e+15
-1.150941353953708750e+15
-1.155599071363412250e+15
-1.160269274539906500e+15
-1.164952587745023000e+15
-1.169649635240594250e+15
-1.174361041288452000e+15
-1.179087403755972000e+15
-1.183829214932703750e+15
-1.188586940713740500e+15
-1.193361046994174750e+15
-1.198151999669100500e+15
-1.202960264633610750e+15
-1.207786307782798000e+15
-1.212630595011756000e+15
-1.217493592215577500e+15
-1.222375765289356500e+15
-1.227277580128184750e+15
-1.232199502627157000e+15
-1.237141998681365250e+15
-1.242105534185903000e+15
-1.247090575035863250e+15
-1.252097587126339500e+15
-1.257127036352424750e+15
-1.262179388609212000e+15
-1.267255109791794500e+15
-1.272354665795265500e+15
-1.277478498558720250e+15
-1.282626954197264000e+15
-1.287800354870004000e+15
-1.292999022736047000e+15
-1.298223279954501250e+15
-1.303473448684474000e+15
-1.308749851085072000e+15
-1.314052809315402500e+15
-1.319382645534573250e+15
-1.324739681901692000e+15
-1.330124240575864750e+15
-1.335536643716200250e+15
-1.340977213481804750e+15
-1.346446272031786500e+15
-1.351944141525251500e+15
-1.357471144121308500e+15
-1.363027601979064500e+15
-1.368613837257626000e+15
-1.374230172116101000e+15
-1.379876928713596750e+15
-1.385554435106967250e+15
-1.391263042944052500e+15
-1.397003109770440250e+15
-1.402774993131717000e+15
-1.408579050573470250e+15
-1.414415639641286500e+15
-1.420285117880753250e+15
-1.426187842837457000e+15
-1.432124172056985250e+15
-1.438094463084925000e+15
-1.444099073466863000e+15
-1.450138360748387000e+15
-1.456212682475083000e+15
-1.462322396192539250e+15
-1.468467859446341500e+15
-1.474649429782077750e+15
-1.480867464745335000e+15
-1.487122321881699750e+15
-1.493414358736759250e+15
-1.499743932856101000e+15
-1.506111338374749500e+15
-1.512516615785481250e+15
-1.518959742170511000e+15
-1.525440694612053000e+15
-1.531959450192321750e+15
-1.538515985993532250e+15
-1.545110279097897750e+15
-1.551742306587634250e+15
-1.558412045544954750e+15
-1.565119473052074500e+15
-1.571864566191208000e+15
-1.578647302044569500e+15
-1.585467657694373500e+15
-1.592325610222834500e+15
-1.599221136712166750e+15
-1.606154214244585250e+15
-1.613124819902304000e+15
-1.620132930767537750e+15
-1.627178523922500750e+15
-1.634261576449407000e+15
-1.641382015225048250e+15
-1.648539566304516250e+15
-1.655733905537481750e+15
-1.662964708773613000e+15
-1.670231651862579750e+15
-1.677534410654052000e+15
-1.684872660997697500e+15
-1.692246078743187000e+15
-1.699654339740188500e+15
-1.707097119838372250e+15
-1.714574094887407750e+15
-1.722084940736963750e+15
-1.729629333236709500e+15
-1.737206948236315000e+15
-1.744817461585448000e+15
-1.752460549133780000e+15
-1.760135886730979000e+15
-1.767843150226714000e+15
-1.775582015470655000e+15
-1.783352158312471000e+15
-1.791153270882424250e+15
-1.798985110433146250e+15
-1.806847450497860750e+15
-1.814740064609792500e+15
-1.822662726302165250e+15
-1.830615209108204500e+15
-1.838597286561132750e+15
-1.846608732194175500e+15
-1.854649319540556000e+15
-1.862718822133499250e+15
-1.870817013506229250e+15
-1.878943667191970250e+15
-1.887098556723946000e+15
-1.895281455635382000e+15
-1.903492137459500500e+15
-1.911730375729527250e+15
-1.919995943978686500e+15
-1.928288615740201750e+15
-1.936608164547297750e+15
-1.944954363933198000e+15
-1.953326885824691750e+15
-1.961724995722821750e+15
-1.970147857522195750e+15
-1.978594635117421500e+15
-1.987064492403106500e+15
-1.995556593273858500e+15
-2.004070101624284500e+15
-2.012604181348992750e+15
-2.021157996342589750e+15
-2.029730710499683750e+15
-2.038321487714882250e+15
-2.046929491882793250e+15
-2.055553886898023500e+15
-2.064193836655181250e+15
-2.072848505048872500e+15
-2.081517055973707250e+15
-2.090198653324292000e+15
-2.098892460995233000e+15
-2.107597642881139250e+15
-2.116313362876618000e+15
-2.125038853962916000e+15
-2.133773625467836750e+15
-2.142517255805823000e+15
-2.151269323391316000e+15
-2.160029406638759000e+15
-2.168797083962596250e+15
-2.177571933777268000e+15
-2.186353534497217750e+15
-2.195141464536887750e+15
-2.203935302310721000e+15
-2.212734626233160500e+15
-2.221539014718648000e+15
-2.230348046181625750e+15
-2.239161299036537750e+15
-2.247978351697824500e+15
-2.256798782579930500e+15
-2.265622170097298000e+15
-2.274448092664368500e+15
-2.283276128695585500e+15
-2.292105856605391000e+15
-2.300936803197806000e+15
-2.309768288835164000e+15
-2.318599582269376000e+15
-2.327429952252353000e+15
-2.336258667536006000e+15
-2.345084996872248000e+15
-2.353908209012988500e+15
-2.362727572710140000e+15
-2.371542356715613000e+15
-2.380351829781319000e+15
-2.389155260659169000e+15
-2.397951918101075000e+15
-2.406741070858948000e+15
-2.415521987684700000e+15
-2.424293937330240000e+15
-2.433056188547482000e+15
-2.441808010088336500e+15
-2.450548670704713500e+15
-2.459277439148526000e+15
-2.467993584171684500e+15
-2.476696417236413000e+15
-2.485385420646184500e+15
-2.494060119414787000e+15
-2.502720038556003500e+15
-2.511364703083623000e+15
-2.519993638011431000e+15
-2.528606368353212000e+15
-2.537202419122753500e+15
-2.545781315333841500e+15
-2.554342582000262500e+15
-2.562885744135802000e+15
-2.571410326754246000e+15
-2.579915854869381000e+15
-2.588401853494993000e+15
-2.596867847644867500e+15
-2.605313362332791000e+15
-2.613737922572551500e+15
-2.622141053377932000e+15
-2.630522279762721000e+15
-2.638881126740703500e+15
-2.647217178182498500e+15
-2.655530253386057000e+15
-2.663820230506163500e+15
-2.672086987697599500e+15
-2.680330403115150000e+15
-2.688550354913599000e+15
-2.696746721247728500e+15
-2.704919380272323500e+15
-2.713068210142166500e+15
-2.721193089012042000e+15
-2.729293895036733000e+15
-2.737370506371024500e+15
-2.745422801169697500e+15
-2.753450657587537500e+15
-2.761453953779328000e+15
-2.769432567899851500e+15
-2.777386378103893500e+15
-2.785315262546235000e+15
-2.793219099381662000e+15
-2.801097766764956500e+15
-2.808951133680147500e+15
-2.816779032428239500e+15
-2.824581286139482000e+15
-2.832357717944124000e+15
-2.840108150972416000e+15
-2.847832408354607000e+15
-2.855530313220945500e+15
-2.863201688701682000e+15
-2.870846357927066000e+15
-2.878464144027346500e+15
-2.886054870132772500e+15
-2.893618359373594500e+15
-2.901154434880060500e+15
-2.908662919782421500e+15
-2.916143637210925500e+15
-2.923596410295823000e+15
-2.931021062167364000e+15
-2.938417415955795500e+15
-2.945785294791369000e+15
-2.953124521804333500e+15
-2.960435026991466000e+15
-2.967717167815653000e+15
-2.974971408606310000e+15
-2.982198213692849500e+15
-2.989398047404689500e+15
-2.996571374071243500e+15
-3.003718658021924000e+15
-3.010840363586148000e+15
-3.017936955093328000e+15
-3.025008896872881000e+15
-3.032056653254220000e+15
-3.039080688566761000e+15
-3.046081467139916500e+15
-3.053059453303103000e+15
-3.060015111385734000e+15
-3.066948905717224000e+15
-3.073861300626990000e+15
-3.080752760444443000e+15
-3.087623749499000500e+15
-3.094474732120076000e+15
-3.101306157472413000e+15
-3.108118414062076500e+15
-3.114911875230458000e+15
-3.121686914318951000e+15
-3.128443904668947500e+15
-3.135183219621842000e+15
-3.141905232519025000e+15
-3.148610316701891500e+15
-3.155298845511833000e+15
-3.161971192290243000e+15
-3.168627730378514000e+15
-3.175268833118040000e+15
-3.181894873850211500e+15
-3.188506225916424000e+15
-3.195103262658068000e+15
-3.201686357416537500e+15
-3.208255883533227000e+15
-3.214812214349525500e+15
-3.221355723206829500e+15
-3.227886783446530000e+15
-3.234405844845041500e+15
-3.240913662918866500e+15
-3.247411069619528000e+15
-3.253898896898546500e+15
-3.260377976707448000e+15
-3.266849140997755500e+15
-3.273313221720990000e+15
-3.279771050828676000e+15
-3.286223460272336000e+15
-3.292671282003494000e+15
-3.299115347973672000e+15
-3.305556490134394500e+15
-3.311995540437182000e+15
-3.318433330833560500e+15
-3.324870693275050000e+15
-3.331308459713176000e+15
-3.337747462099462500e+15
-3.344188532385429000e+15
-3.350632502522601500e+15
-3.357080204462502000e+15
-3.363532416778076000e+15
-3.369989704527961000e+15
-3.376452579392216500e+15
-3.382921553050900000e+15
-3.389397137184073500e+15
-3.395879843471796500e+15
-3.402370183594126500e+15
-3.408868669231124000e+15
-3.415375812062847500e+15
-3.421892123769359000e+15
-3.428418116030715000e+15
-3.434954300526978000e+15
-3.441501188938204000e+15
-3.448059292944455500e+15
-3.454629124225789500e+15
-3.461211194462267000e+15
-3.467806015333948500e+15
-3.474414098520891000e+15
-3.481035955703155500e+15
-3.487672098560800000e+15
-3.494323084448409000e+15
-3.500989653418649000e+15
-3.507672591198714000e+15
-3.514372683515793500e+15
-3.521090716097081000e+15
-3.527827474669769000e+15
-3.534583744961047000e+15
-3.541360312698108000e+15
-3.548157963608142500e+15
-3.554977483418344500e+15
-3.561819657855904000e+15
-3.568685272648013500e+15
-3.575575113521864000e+15
-3.582489966204648500e+15
-3.589430616423556000e+15
-3.596397849905781500e+15
-3.603392452378516000e+15
-3.610415209568950000e+15
-3.617466907204276000e+15
-3.624548331011685500e+15
-3.631660185726601500e+15
-3.638802852117374000e+15
-3.645976629960583500e+15
-3.653181819032807500e+15
-3.660418719110630500e+15
-3.667687629970632000e+15
-3.674988851389389000e+15
-3.682322683143486000e+15
-3.689689425009501000e+15
-3.697089376764016000e+15
-3.704522838183610500e+15
-3.711990109044866500e+15
-3.719491489124362000e+15
-3.727027278198680000e+15
-3.734597776044397500e+15
-3.742203282438097500e+15
-3.749844097156361500e+15
-3.757520519975767500e+15
-3.765232850672896500e+15
-3.772981389024330000e+15
-3.780766423199717000e+15
-3.788588194940985000e+15
-3.796446934383131500e+15
-3.804342871661151500e+15
-3.812276236910043500e+15
-3.820247260264805000e+15
-3.828256171860429500e+15
-3.836303201831916500e+15
-3.844388580314262000e+15
-3.852512537442463000e+15
-3.860675303351516000e+15
-3.868877108176418500e+15
-3.877118182052165500e+15
-3.885398755113757000e+15
-3.893719057496185500e+15
-3.902079319334451500e+15
-3.910479770763550500e+15
-3.918920641918478000e+15
-3.927402162934232500e+15
-3.935924563945810000e+15
-3.944488011553041000e+15
-3.953092418215082500e+15
-3.961737632855927000e+15
-3.970423504399564000e+15
-3.979149881769986500e+15
-3.987916613891186500e+15
-3.996723549687152000e+15
-4.005570538081877500e+15
-4.014457427999351500e+15
-4.023384068363568000e+15
-4.032350308098516000e+15
-4.041355996128187500e+15
-4.050400981376574000e+15
-4.059485112767666500e+15
-4.068608239225456000e+15
-4.077770209673934000e+15
-4.086970873037092000e+15
-4.096210078238921000e+15
-4.105487674203411000e+15
-4.114803509854556000e+15
-4.124157380947411500e+15
-4.133548870561304500e+15
-4.142977508606625500e+15
-4.152442824993767500e+15
-4.161944349633122500e+15
-4.171481612435083000e+15
-4.181054143310039500e+15
-4.190661472168386500e+15
-4.200303128920513000e+15
-4.209978643476814000e+15
-4.219687545747680500e+15
-4.229429365643505000e+15
-4.239203633074677500e+15
-4.249009877951593500e+15
-4.258847630184642000e+15
-4.268716419684216000e+15
-4.278615776360709500e+15
-4.288545230124511500e+15
-4.298504310886017000e+15
-4.308492548555615000e+15
-4.318509443175083000e+15
-4.328554375311721500e+15
-4.338626695664216500e+15
-4.348725754931251000e+15
-4.358850903811512000e+15
-4.369001493003684500e+15
-4.379176873206450000e+15
-4.389376395118498000e+15
-4.399599409438509500e+15
-4.409845266865171500e+15
-4.420113318097168500e+15
-4.430402913833186000e+15
-4.440713404771906500e+15
-4.451044141612017500e+15
-4.461394475052201500e+15
-4.471763755791145000e+15
-4.482151334527533500e+15
-4.492556561960050000e+15
-4.502978788787379500e+15
-4.513417365708209000e+15
-4.523871630886159000e+15
-4.534340872344607000e+15
-4.544824365571867000e+15
-4.555321386056251000e+15
-4.565831209286077000e+15
-4.576353110749657000e+15
-4.586886365935304000e+15
-4.597430250331336000e+15
-4.607984039426063000e+15
-4.618547008707801000e+15
-4.629118433664863000e+15
-4.639697589785568000e+15
-4.650283752558223000e+15
-4.660876197471146000e+15
-4.671474200012650000e+15
-4.682077035671052000e+15
-4.692683979934664000e+15
-4.703294308291799000e+15
-4.713907296230773000e+15
-4.724522219239900000e+15
-4.735138326433313000e+15
-4.745754761428428000e+15
-4.756370641468482000e+15
-4.766985083796705000e+15
-4.777597205656336000e+15
-4.788206124290610000e+15
-4.798810956942759000e+15
-4.809410820856022000e+15
-4.820004833273629000e+15
-4.830592111438820000e+15
-4.841171772594828000e+15
-4.851742933984888000e+15
-4.862304712852235000e+15
-4.872856226440104000e+15
-4.883396591991729000e+15
-4.893924926750348000e+15
-4.904440347959194000e+15
-4.914941972861500000e+15
-4.925428918700505000e+15
-4.935900302719442000e+15
-4.946355288931486000e+15
-4.956793228429569000e+15
-4.967213519076565000e+15
-4.977615558735343000e+15
-4.987998745268779000e+15
-4.998362476539745000e+15
-5.008706150411110000e+15
-5.019029164745750000e+15
-5.029330917406535000e+15
-5.039610806256338000e+15
-5.049868229158031000e+15
-5.060102583974488000e+15
-5.070313268568579000e+15
-5.080499680803177000e+15
-5.090661218541155000e+15
-5.100797279645385000e+15
-5.110907261978740000e+15
-5.120990563404091000e+15
-5.131046581784311000e+15
-5.141074714982271000e+15
-5.151074387385694000e+15
-5.161045129481687000e+15
-5.170986498282212000e+15
-5.180898050799220000e+15
-5.190779344044674000e+15
-5.200629935030531000e+15
-5.210449380768746000e+15
-5.220237238271279000e+15
-5.229993064550087000e+15
-5.239716416617128000e+15
-5.249406851484362000e+15
-5.259063926163744000e+15
-5.268687197667230000e+15
-5.278276223006782000e+15
-5.287830559194354000e+15
-5.297349763241906000e+15
-5.306833392161397000e+15
-5.316281002964780000e+15
-5.325692152664017000e+15
-5.335066398271064000e+15
-5.344403339712010000e+15
-5.353702748569463000e+15
-5.362964439340163000e+15
-5.372188226520847000e+15
-5.381373924608255000e+15
-5.390521348099129000e+15
-5.399630311490204000e+15
-5.408700629278223000e+15
-5.417732115959920000e+15
-5.426724586032038000e+15
-5.435677853991317000e+15
-5.444591734334493000e+15
-5.453466041558307000e+15
-5.462300590159498000e+15
-5.471095194634804000e+15
-5.479849669480965000e+15
-5.488563829194722000e+15
-5.497237488272810000e+15
-5.505870461211971000e+15
-5.514462562508944000e+15
-5.523013667723153000e+15
-5.531523896664770000e+15
-5.539993430206652000e+15
-5.548422449221652000e+15
-5.556811134582631000e+15
-5.565159667162446000e+15
-5.573468227833950000e+15
-5.581736997470003000e+15
-5.589966156943459000e+15
-5.598155887127177000e+15
-5.606306368894012000e+15
-5.614417783116823000e+15
-5.622490310668464000e+15
-5.630524132421795000e+15
-5.638519429249668000e+15
-5.646476382024945000e+15
-5.654395171620481000e+15
-5.662275978909130000e+15
-5.670118984763751000e+15
-5.677924370057201000e+15
-5.685692368489301000e+15
-5.693423425067727000e+15
-5.701118037627120000e+15
-5.708776704002123000e+15
-5.716399922027374000e+15
-5.723988189537521000e+15
-5.731542004367197000e+15
-5.739061864351048000e+15
-5.746548267323713000e+15
-5.754001711119837000e+15
-5.761422693574056000e+15
-5.768811712521017000e+15
-5.776169265795356000e+15
-5.783495851231717000e+15
-5.790791966664739000e+15
-5.798058109929067000e+15
-5.805294778859342000e+15
-5.812502471290200000e+15
-5.819681685056286000e+15
-5.826832917992242000e+15
-5.833956694987424000e+15
-5.841053649150049000e+15
-5.848124440643052000e+15
-5.855169729629363000e+15
-5.862190176271918000e+15
-5.869186440733651000e+15
-5.876159183177492000e+15
-5.883109063766377000e+15
-5.890036742663239000e+15
-5.896942880031010000e+15
-5.903828136032624000e+15
-5.910693170831017000e+15
-5.917538644589117000e+15
-5.924365217469862000e+15
-5.931173549636181000e+15
-5.937964301251011000e+15
-5.944738132477284000e+15
-5.951495703477934000e+15
-5.958237674415891000e+15
-5.964964705454093000e+15
-5.971677474428312000e+15
-5.978376729865691000e+15
-5.985063237966213000e+15
-5.991737764929859000e+15
-5.998401076956616000e+15
-6.005053940246467000e+15
-6.011697120999392000e+15
-6.018331385415376000e+15
-6.024957499694403000e+15
-6.031576230036456000e+15
-6.038188342641520000e+15
-6.044794603709575000e+15
-6.051395779440605000e+15
-6.057992636034596000e+15
-6.064585939691526000e+15
-6.071176456611385000e+15
-6.077764952994154000e+15
-6.084352195039812000e+15
-6.090938948948348000e+15
-6.097525980919743000e+15
-6.104114045413730000e+15
-6.110703849929047000e+15
-6.117296090224182000e+15
-6.123891462057618000e+15
-6.130490661187845000e+15
-6.137094383373352000e+15
-6.143703324372621000e+15
-6.150318179944145000e+15
-6.156939645846404000e+15
-6.163568417837891000e+15
-6.170205191677091000e+15
-6.176850663122492000e+15
-6.183505527932578000e+15
-6.190170481865840000e+15
-6.196846220680761000e+15
-6.203533440135832000e+15
-6.210232835989539000e+15
-6.216945104000366000e+15
-6.223670939926805000e+15
-6.230411039527339000e+15
-6.237166097741222000e+15
-6.243936806230761000e+15
-6.250723855839026000e+15
-6.257527937409090000e+15
-6.264349741784026000e+15
-6.271189959806905000e+15
-6.278049282320797000e+15
-6.284928400168776000e+15
-6.291828004193914000e+15
-6.298748785239280000e+15
-6.305691434147949000e+15
-6.312656641762993000e+15
-6.319645098927481000e+15
-6.326657496484489000e+15
-6.333694525277082000e+15
-6.340756876148338000e+15
-6.347845239941328000e+15
-6.354960307499121000e+15
-6.362102769664791000e+15
-6.369273317281409000e+15
-6.376472560904097000e+15
-6.383700789936175000e+15
-6.390958213493010000e+15
-6.398245040689971000e+15
-6.405561480642427000e+15
-6.412907742465749000e+15
-6.420284035275302000e+15
-6.427690568186458000e+15
-6.435127550314584000e+15
-6.442595190775051000e+15
-6.450093698683224000e+15
-6.457623283154477000e+15
-6.465184153304174000e+15
-6.472776518247688000e+15
-6.480400587100381000e+15
-6.488056568977630000e+15
-6.495744672994802000e+15
-6.503465108267261000e+15
-6.511218083910380000e+15
-6.519003809039526000e+15
-6.526822475285342000e+15
-6.534674204339560000e+15
-6.542559100409185000e+15
-6.550477267701222000e+15
-6.558428810422676000e+15
-6.566413832780557000e+15
-6.574432438981862000e+15
-6.582484733233602000e+15
-6.590570819742779000e+15
-6.598690802716402000e+15
-6.606844786361474000e+15
-6.615032874885001000e+15
-6.623255172493988000e+15
-6.631511783395441000e+15
-6.639802811796362000e+15
-6.648128361903760000e+15
-6.656488537924640000e+15
-6.664883444066004000e+15
-6.673313184534861000e+15
-6.681777863538215000e+15
-6.690277515180507000e+15
-6.698811893155924000e+15
-6.707380681056089000e+15
-6.715983562472621000e+15
-6.724620220997148000e+15
-6.733290340221291000e+15
-6.741993603736668000e+15
-6.750729695134907000e+15
-6.759498298007627000e+15
-6.768299095946452000e+15
-6.777131772543006000e+15
-6.785996011388911000e+15
-6.794891496075786000e+15
-6.803817910195258000e+15
-6.812774937338946000e+15
-6.821762261098474000e+15
-6.830779565065468000e+15
-6.839826532831544000e+15
-6.848902847988328000e+15
-6.858008194127444000e+15
-6.867142182910334000e+15
-6.876304138277736000e+15
-6.885493312240205000e+15
-6.894708956808298000e+15
-6.903950323992573000e+15
-6.913216665803589000e+15
-6.922507234251899000e+15
-6.931821281348065000e+15
-6.941158059102640000e+15
-6.950516819526184000e+15
-6.959896814629255000e+15
-6.969297296422409000e+15
-6.978717516916201000e+15
-6.988156728121193000e+15
-6.997614182047937000e+15
-7.007089130706995000e+15
-7.016580826108923000e+15
-7.026088520264276000e+15
-7.035611465183612000e+15
-7.045148912877491000e+15
-7.054700154994105000e+15
-7.064264641732208000e+15
-7.073841862928182000e+15
-7.083431308418414000e+15
-7.093032468039295000e+15
-7.102644831627212000e+15
-7.112267889018548000e+15
-7.121901130049694000e+15
-7.131544044557035000e+15
-7.141196122376960000e+15
-7.150856853345855000e+15
-7.160525727300109000e+15
-7.170202234076105000e+15
-7.179885863510237000e+15
-7.189576105438883000e+15
-7.199272449698439000e+15
-7.208974386125289000e+15
-7.218681404555817000e+15
-7.228392994826414000e+15
-7.238108646773466000e+15
-7.247827756942104000e+15
-7.257549348712421000e+15
-7.267272352173257000e+15
-7.276995697413448000e+15
-7.286718314521835000e+15
-7.296439133587255000e+15
-7.306157084698543000e+15
-7.315871097944542000e+15
-7.325580103414086000e+15
-7.335283031196016000e+15
-7.344978811379167000e+15
-7.354666374052382000e+15
-7.364344649304492000e+15
-7.374012567224342000e+15
-7.383669057900762000e+15
-7.393313051422598000e+15
-7.402943477878687000e+15
-7.412559267357861000e+15
-7.422159349948964000e+15
-7.431742655740831000e+15
-7.441308195458681000e+15
-7.450855302373244000e+15
-7.460383390391634000e+15
-7.469891873420959000e+15
-7.479380165368331000e+15
-7.488847680140865000e+15
-7.498293831645664000e+15
-7.507718033789846000e+15
-7.517119700480520000e+15
-7.526498245624796000e+15
-7.535853083129786000e+15
-7.545183626902604000e+15
-7.554489290850355000e+15
-7.563769488880157000e+15
-7.573023634899114000e+15
-7.582251142814342000e+15
-7.591451426532953000e+15
-7.600623899962052000e+15
-7.609767977008757000e+15
-7.618883071580176000e+15
-7.627968562476038000e+15
-7.637023688066548000e+15
-7.646047651614530000e+15
-7.655039656382801000e+15
-7.663998905634190000e+15
-7.672924602631519000e+15
-7.681815950637605000e+15
-7.690672152915276000e+15
-7.699492412727351000e+15
-7.708275933336654000e+15
-7.717021918006008000e+15
-7.725729569998235000e+15
-7.734398092576156000e+15
-7.743026689002598000e+15
-7.751614562540377000e+15
-7.760160916452322000e+15
-7.768664954001252000e+15
-7.777125878449989000e+15
-7.785542893061356000e+15
-7.793915201098178000e+15
-7.802242118661810000e+15
-7.810523413207753000e+15
-7.818758965030044000e+15
-7.826948654422712000e+15
-7.835092361679799000e+15
-7.843189967095339000e+15
-7.851241350963361000e+15
-7.859246393577908000e+15
-7.867204975233010000e+15
-7.875116976222705000e+15
-7.882982276841026000e+15
-7.890800757382011000e+15
-7.898572298139691000e+15
-7.906296779408106000e+15
-7.913974081481285000e+15
-7.921604084653271000e+15
-7.929186669218093000e+15
-7.936721715469788000e+15
-7.944209103702391000e+15
-7.951648714209938000e+15
-7.959040423036572000e+15
-7.966384089226865000e+15
-7.973679567575500000e+15
-7.980926712877153000e+15
-7.988125379926508000e+15
-7.995275423518249000e+15
-8.002376698447050000e+15
-8.009429059507597000e+15
-8.016432361494567000e+15
-8.023386459202644000e+15
-8.030291207426509000e+15
-8.037146460960842000e+15
-8.043952074600322000e+15
-8.050707903139633000e+15
-8.057413801373449000e+15
-8.064069624096460000e+15
-8.070675226103344000e+15
-8.077230462188777000e+15
-8.083735187147445000e+15
-8.090189255774027000e+15
-8.096592620548024000e+15
-8.102945624688226000e+15
-8.109248709098239000e+15
-8.115502314681667000e+15
-8.121706882342123000e+15
-8.127862852983214000e+15
-8.133970667508545000e+15
-8.140030766821726000e+15
-8.146043591826363000e+15
-8.152009583426066000e+15
-8.157929182524441000e+15
-8.163802830025100000e+15
-8.169630966831643000e+15
-8.175414033847685000e+15
-8.181152471976827000e+15
-8.186846722122683000e+15
-8.192497225188861000e+15
-8.198104422078963000e+15
-8.203668753696601000e+15
-8.209190660945382000e+15
-8.214670576590214000e+15
-8.220108900841212000e+15
-8.225506025769790000e+15
-8.230862343447360000e+15
-8.236178245945341000e+15
-8.241454125335149000e+15
-8.246690373688191000e+15
-8.251887383075890000e+15
-8.257045545569651000e+15
-8.262165253240898000e+15
-8.267246898161041000e+15
-8.272290872401499000e+15
-8.277297568033679000e+15
-8.282267377129002000e+15
-8.287200691758879000e+15
-8.292097903994727000e+15
-8.296959405907962000e+15
-8.301785589569993000e+15
-8.306576847052240000e+15
-8.311333570426117000e+15
-8.316056244548682000e+15
-8.320745725419580000e+15
-8.325402961824101000e+15
-8.330028902547531000e+15
-8.334624496375163000e+15
-8.339190692092286000e+15
-8.343728438484186000e+15
-8.348238684336155000e+15
-8.352722378433478000e+15
-8.357180469561451000e+15
-8.361613906505358000e+15
-8.366023638050492000e+15
-8.370410612982139000e+15
-8.374775780085590000e+15
-8.379120088146132000e+15
-8.383444485949057000e+15
-8.387749922279655000e+15
-8.392037345923210000e+15
-8.396307705665017000e+15
-8.400561950290362000e+15
-8.404800985008955000e+15
-8.409025540728190000e+15
-8.413236304779878000e+15
-8.417433964495828000e+15
-8.421619207207857000e+15
-8.425792720247777000e+15
-8.429955190947396000e+15
-8.434107306638531000e+15
-8.438249754652991000e+15
-8.442383222322588000e+15
-8.446508396979137000e+15
-8.450625965954451000e+15
-8.454736616580337000e+15
-8.458841036188613000e+15
-8.462939912111085000e+15
-8.467033931679572000e+15
-8.471123782225883000e+15
-8.475210151081829000e+15
-8.479293725579226000e+15
-8.483375193049883000e+15
-8.487455230254414000e+15
-8.491534471668640000e+15
-8.495613541197181000e+15
-8.499693062744652000e+15
-8.503773660215679000e+15
-8.507855957514883000e+15
-8.511940578546879000e+15
-8.516028147216292000e+15
-8.520119287427738000e+15
-8.524214623085839000e+15
-8.528314778095217000e+15
-8.532420376360491000e+15
-8.536532041786280000e+15
-8.540650398277207000e+15
-8.544776069737887000e+15
-8.548909680072947000e+15
-8.553051853187005000e+15
-8.557203212984678000e+15
-8.561364383370590000e+15
-8.565535988249358000e+15
-8.569718647761876000e+15
-8.573912966994118000e+15
-8.578119547268328000e+15
-8.582338989906749000e+15
-8.586571896231632000e+15
-8.590818867565221000e+15
-8.595080505229756000e+15
-8.599357410547488000e+15
-8.603650184840658000e+15
-8.607959429431514000e+15
-8.612285745642303000e+15
-8.616629734795267000e+15
-8.620991998212649000e+15
-8.625373137216702000e+15
-8.629773753129663000e+15
-8.634194447273782000e+15
-8.638635820971306000e+15
-8.643098475544474000e+15
-8.647583012315536000e+15
-8.652090032606736000e+15
-8.656620079337366000e+15
-8.661173461814899000e+15
-8.665750430943857000e+15
-8.670351237628757000e+15
-8.674976132774121000e+15
-8.679625367284472000e+15
-8.684299192064324000e+15
-8.688997858018204000e+15
-8.693721616050626000e+15
-8.698470717066115000e+15
-8.703245411969188000e+15
-8.708045951664368000e+15
-8.712872587056172000e+15
-8.717725569049124000e+15
-8.722605148547741000e+15
-8.727511576456544000e+15
-8.732445103680056000e+15
-8.737405981122791000e+15
-8.742394459689274000e+15
-8.747410790284025000e+15
-8.752455140948828000e+15
-8.757527348274531000e+15
-8.762627165989243000e+15
-8.767754347821073000e+15
-8.772908647498137000e+15
-8.778089818748545000e+15
-8.783297615300405000e+15
-8.788531790881830000e+15
-8.793792099220929000e+15
-8.799078294045818000e+15
-8.804390129084602000e+15
-8.809727358065398000e+15
-8.815089734716312000e+15
-8.820477012765460000e+15
-8.825888945940946000e+15
-8.831325287970887000e+15
-8.836785792583396000e+15
-8.842270213506577000e+15
-8.847778304468544000e+15
-8.853309819197408000e+15
-8.858864521665396000e+15
-8.864442216821177000e+15
-8.870042719857535000e+15
-8.875665845967252000e+15
-8.881311410343120000e+15
-8.886979228177920000e+15
-8.892669114664433000e+15
-8.898380884995448000e+15
-8.904114354363748000e+15
-8.909869337962119000e+15
-8.915645650983342000e+15
-8.921443108620206000e+15
-8.927261526065492000e+15
-8.933100718511988000e+15
-8.938960501152472000e+15
-8.944840689179736000e+15
-8.950741097786563000e+15
-8.956661542165735000e+15
-8.962601837510037000e+15
-8.968561799012256000e+15
-8.974541150104119000e+15
-8.980539247173136000e+15
-8.986555354845767000e+15
-8.992588737748457000e+15
-8.998638660507669000e+15
-9.004704387749859000e+15
-9.010785184101474000e+15
-9.016880314188974000e+15
-9.022989042638816000e+15
-9.029110634077450000e+15
-9.035244353131334000e+15
-9.041389464426924000e+15
-9.047545232590670000e+15
-9.053710922249034000e+15
-9.059885798028462000e+15
-9.066069124555416000e+15
-9.072260166456352000e+15
-9.078458188357718000e+15
-9.084662454885976000e+15
-9.090872230667574000e+15
-9.097086775262980000e+15
-9.103305327968676000e+15
-9.109527123015158000e+15
-9.115751394632914000e+15
-9.121977377052440000e+15
-9.128204304504232000e+15
-9.134431411218774000e+15
-9.140657931426564000e+15
-9.146883099358094000e+15
-9.153106149243856000e+15
-9.159326315314346000e+15
-9.165542831800050000e+15
-9.171754932931468000e+15
-9.177961852939088000e+15
-9.184162826053402000e+15
-9.190357086504906000e+15
-9.196543868524094000e+15
-9.202722406341452000e+15
-9.208891934187478000e+15
-9.215051686292660000e+15
-9.221200915867338000e+15
-9.227338952041198000e+15
-9.233465142923770000e+15
-9.239578836624588000e+15
-9.245679381253182000e+15
-9.251766124919090000e+15
-9.257838415731828000e+15
-9.263895601800940000e+15
-9.269937031235952000e+15
-9.275962052146396000e+15
-9.281970012641806000e+15
-9.287960260831708000e+15
-9.293932144825636000e+15
-9.299885012733122000e+15
-9.305818212663694000e+15
-9.311731092726888000e+15
-9.317623001032232000e+15
-9.323493285689256000e+15
-9.329341294807494000e+15
-9.335166376496476000e+15
-9.340967857424136000e+15
-9.346744978492018000e+15
-9.352496959160074000e+15
-9.358223018888242000e+15
-9.363922377136478000e+15
-9.369594253364732000e+15
-9.375237867032942000e+15
-9.380852437601062000e+15
-9.386437184529038000e+15
-9.391991327276818000e+15
-9.397514085304350000e+15
-9.403004678071582000e+15
-9.408462325038460000e+15
-9.413886245664934000e+15
-9.419275659410946000e+15
-9.424629785736452000e+15
-9.429947844101396000e+15
-9.435229053965722000e+15
-9.440472634789382000e+15
-9.445677806032322000e+15
-9.450843840683056000e+15
-9.455970225844352000e+15
-9.461056502147542000e+15
-9.466102210223954000e+15
-9.471106890704930000e+15
-9.476070084221802000e+15
-9.480991331405894000e+15
-9.485870172888548000e+15
-9.490706149301092000e+15
-9.495498801274862000e+15
-9.500247669441192000e+15
-9.504952294431412000e+15
-9.509612216876854000e+15
-9.514226977408856000e+15
-9.518796116658744000e+15
-9.523319175257856000e+15
-9.527795693837528000e+15
-9.532225213029084000e+15
-9.536607273463862000e+15
-9.540941415773194000e+15
-9.545227229755388000e+15
-9.549464501876630000e+15
-9.553653067770082000e+15
-9.557792763068898000e+15
-9.561883423406250000e+15
-9.565924884415294000e+15
-9.569916981729186000e+15
-9.573859550981092000e+15
-9.577752427804170000e+15
-9.581595447831580000e+15
-9.585388446696486000e+15
-9.589131260032048000e+15
-9.592823723471426000e+15
-9.596465672647778000e+15
-9.600056943194268000e+15
-9.603597370744056000e+15
-9.607086790930302000e+15
-9.610525039386166000e+15
-9.613911951744810000e+15
-9.617247363639394000e+15
-9.620531144028162000e+15
-9.623763295169692000e+15
-9.626943852647642000e+15
-9.630072852045668000e+15
-9.633150328947430000e+15
-9.636176318936596000e+15
-9.639150857596814000e+15
-9.642073980511750000e+15
-9.644945723265060000e+15
-9.647766121440404000e+15
-9.650535210621444000e+15
-9.653253026391838000e+15
-9.655919604335242000e+15
-9.658534980035322000e+15
-9.661099189075726000e+15
-9.663612267040126000e+15
-9.666074249512176000e+15
-9.668485172075532000e+15
-9.670845070313858000e+15
-9.673153979810812000e+15
-9.675412013729620000e+15
-9.677619595551784000e+15
-9.679777226338370000e+15
-9.681885407150442000e+15
-9.683944639049074000e+15
-9.685955423095328000e+15
-9.687918260350272000e+15
-9.689833651874976000e+15
-9.691702098730504000e+15
-9.693524101977926000e+15
-9.695300162678306000e+15
-9.697030781892720000e+15
-9.698716460682222000e+15
-9.700357700107890000e+15
-9.701955001230786000e+15
-9.703508865111980000e+15
-9.705019792812538000e+15
-9.706488285393528000e+15
-9.707914843916016000e+15
-9.709299969441070000e+15
-9.710644155300440000e+15
-9.711947863908606000e+15
-9.713211549950728000e+15
-9.714435668111966000e+15
-9.715620673077484000e+15
-9.716767019532444000e+15
-9.717875162162000000e+15
-9.718945555651324000e+15
-9.719978654685566000e+15
-9.720974913949896000e+15
-9.721934788129474000e+15
-9.722858731909458000e+15
-9.723747199975010000e+15
-9.724600647011294000e+15
-9.725419527703466000e+15
-9.726204296736692000e+15
-9.726955408796138000e+15
-9.727673318566952000e+15
-9.728358480734304000e+15
-9.729011349983356000e+15
-9.729632430037344000e+15
-9.730222420771818000e+15
-9.730782071100416000e+15
-9.731312129936756000e+15
-9.731813346194476000e+15
-9.732286468787206000e+15
-9.732732246628570000e+15
-9.733151428632198000e+15
-9.733544763711724000e+15
-9.733913000780776000e+15
-9.734256888752984000e+15
-9.734577176541978000e+15
-9.734874613061382000e+15
-9.735149947224834000e+15
-9.735403927945956000e+15
-9.735637304138382000e+15
-9.735850824715744000e+15
-9.736045238591664000e+15
-9.736221294679778000e+15
-9.736379741893716000e+15
-9.736521345042706000e+15
-9.736646932518394000e+15
-9.736757348608034000e+15
-9.736853437598858000e+15
-9.736936043778128000e+15
-9.737006011433086000e+15
-9.737064184850980000e+15
-9.737111408319056000e+15
-9.737148526124558000e+15
-9.737176382554740000e+15
-9.737195821896846000e+15
-9.737207688438130000e+15
-9.737212826465826000e+15
-9.737212080267194000e+15
-9.737206294129472000e+15
-9.737196312339914000e+15
-9.737182979185764000e+15
-9.737167138954268000e+15
-9.737149635932676000e+15
-9.737131314408236000e+15
-9.737112946177328000e+15
-9.737095013072872000e+15
-9.737077924436918000e+15
-9.737062089611520000e+15
-9.737047917938726000e+15
-9.737035818760594000e+15
-9.737026201419174000e+15
-9.737019475256522000e+15
-9.737016049614682000e+15
-9.737016333835712000e+15
-9.737020737261664000e+15
-9.737029669234592000e+15
-9.737043539096542000e+15
-9.737062756189574000e+15
-9.737087729855736000e+15
-9.737118869437082000e+15
-9.737156584275664000e+15
-9.737201283713530000e+15
-9.737253377092738000e+15
-9.737313273755340000e+15
-9.737381403926666000e+15
-9.737458281365180000e+15
-9.737544440712606000e+15
-9.737640416610694000e+15
-9.737746743701176000e+15
-9.737863956625784000e+15
-9.737992590026262000e+15
-9.738133178544350000e+15
-9.738286256821774000e+15
-9.738452359500282000e+15
-9.738632021221608000e+15
-9.738825776627486000e+15
-9.739034160359656000e+15
-9.739257707059858000e+15
-9.739496951369824000e+15
-9.739752427931290000e+15
-9.740024671386002000e+15
-9.740314216375690000e+15
-9.740621597542092000e+15
-9.740947349526946000e+15
-9.741292006971986000e+15
-9.741656104518958000e+15
-9.742040176809592000e+15
-9.742444758485628000e+15
-9.742870384188800000e+15
-9.743317588560848000e+15
-9.743786906243508000e+15
-9.744278871878522000e+15
-9.744794020107620000e+15
-9.745332885572540000e+15
-9.745896002915024000e+15
-9.746483906776808000e+15
-9.747097131799628000e+15
-9.747736212625220000e+15
-9.748401683895322000e+15
-9.749094080251672000e+15
-9.749813936336008000e+15
-9.750561786790064000e+15
-9.751338166255580000e+15
