0.000000000000000000e+00
4.300715943899240301e+03
6.831466376049371320e+04
3.439092667930728639e+05
1.083240201408222318e+06
2.640634712715449743e+06
5.475386001196903177e+06
1.014188327256197110e+07
1.728615567855211720e+07
2.768061523243773729e+07
4.217835936908105761e+07
6.157213462591326237e+07
8.709530826064088941e+07
1.201046444644377083e+08
1.619569074284774959e+08
2.140088613439340591e+08
2.776172704019810557e+08
3.541388987937923670e+08
4.449305107105418444e+08
5.513488703434029818e+08
6.747507418835499287e+08
8.164928895221560001e+08
9.781887412795516253e+08
1.162478380492691278e+09
1.372258554327686787e+09
1.610426009950649023e+09
1.879877494527688742e+09
2.183509755224917889e+09
2.524219539208446980e+09
2.904903593644387722e+09
3.328458665698850632e+09
3.797781502537946701e+09
4.315768851327790260e+09
4.885317459234487534e+09
5.509324073424152374e+09
6.190685441062897682e+09
6.932298309316829681e+09
7.737059425352064133e+09
8.607865536334711075e+09
9.547613389430877686e+09
1.055919973180668449e+10
1.164552131062823296e+10
1.280971340086647606e+10
1.405586538871170616e+10
1.538830518815905571e+10
1.681136071320365143e+10
1.832935987784062576e+10
1.994663059606511307e+10
2.166750078187223053e+10
2.349629834925712204e+10
2.543735121221491241e+10
2.749498728474073792e+10
2.967353448082971954e+10
3.197732071447699738e+10
3.441067389967769623e+10
3.697792195042694092e+10
3.968339278071986389e+10
4.253141430455161285e+10
4.552631443591730499e+10
4.867242108881206512e+10
5.197406217723103333e+10
5.543556561516932678e+10
5.906140104987706757e+10
6.285660506162425995e+10
6.682635596393589020e+10
7.097583207033691406e+10
7.531021169435232544e+10
7.983467314950717163e+10
8.455439474932632446e+10
8.947455480733482361e+10
9.460033163705766296e+10
9.993690355201980591e+10
1.054894488657462311e+11
1.112631458917619476e+11
1.172631729435918884e+11
1.234947083347611084e+11
1.299629303787945099e+11
1.366730173892171326e+11
1.436301476795539551e+11
1.508394995633299561e+11
1.583062513540700684e+11
1.660355813652993164e+11
1.740327521877456360e+11
1.823033635209487610e+11
1.908530993416513062e+11
1.996876436265958862e+11
2.088126803525252380e+11
2.182338934961820374e+11
2.279569670343087769e+11
2.379875849436483154e+11
2.483314312009431152e+11
2.589941897829360352e+11
2.699815446663695374e+11
2.812991798279865112e+11
2.929527792445293579e+11
3.049480268927408447e+11
3.172906067493636475e+11
3.299862027911403809e+11
3.430404989948137817e+11
3.564591793371263428e+11
3.702479277948209229e+11
3.844124283446400757e+11
3.989584441939049072e+11
4.138920554722506714e+11
4.292194215398910522e+11
4.449467017570394287e+11
4.610800554839097290e+11
4.776256420807157593e+11
4.945896209076706543e+11
5.119781513249885254e+11
5.297973926928827515e+11
5.480535043715671387e+11
5.667526457212553711e+11
5.859009761021611328e+11
6.055046548744978027e+11
6.255698413984792480e+11
6.461026950343189697e+11
6.671093751422309570e+11
6.885960410824287109e+11
7.105688522151257324e+11
7.330339679005356445e+11
7.559975474988723145e+11
7.794658881643544922e+11
8.034458382272208252e+11
8.279443838117155762e+11
8.529685110420821533e+11
8.785252060425650635e+11
9.046214549374082031e+11
9.312642438508552246e+11
9.584605589071500244e+11
9.862173862305367432e+11
1.014541711945259521e+12
1.043440522175562134e+12
1.072920803045688477e+12
1.102989540679882324e+12
1.133653721202387939e+12
1.164920330737448730e+12
1.196796355409309570e+12
1.229288781342213867e+12
1.262404594660405518e+12
1.296150781488128418e+12
1.330534327949626953e+12
1.365562459289980713e+12
1.401243357237613770e+12
1.437585442641787598e+12
1.474597136351761475e+12
1.512286859216796387e+12
1.550663032086153076e+12
1.589734075809090820e+12
1.629508411234871094e+12
1.669994459212753662e+12
1.711200640591999268e+12
1.753135376221868408e+12
1.795807086951621826e+12
1.839224193630518799e+12
1.883395117107821045e+12
1.928328278232787354e+12
1.974032097854679932e+12
2.020514996822758545e+12
2.067785395986282715e+12
2.115851716194514160e+12
2.164722378296712402e+12
2.214406168181533691e+12
2.264913331895212402e+12
2.316254480523379883e+12
2.368440225151664551e+12
2.421481176865698730e+12
2.475387946751112793e+12
2.530171145893534668e+12
2.585841385378597656e+12
2.642409276291929199e+12
2.699885429719161621e+12
2.758280456745924805e+12
2.817604968457848633e+12
2.877869575940563477e+12
2.939084890279700684e+12
3.001261522560888672e+12
3.064410083869758789e+12
3.128541185291941895e+12
3.193665437913066406e+12
3.259793452818765625e+12
3.326935841094666992e+12
3.395103614491496582e+12
3.464309387420353027e+12
3.534566174957433105e+12
3.605886992178927734e+12
3.678284854161033203e+12
3.751772775979945312e+12
3.826363772711854980e+12
3.902070859432957031e+12
3.978907051219447266e+12
4.056885363147519531e+12
4.136018810293367676e+12
4.216320407733186035e+12
4.297803170543167969e+12
4.380480113799509766e+12
4.464364252578402344e+12
4.549468601956043945e+12
4.635806177008626953e+12
4.723389992812343750e+12
4.812233064443391602e+12
4.902348406977962891e+12
4.993749439793724609e+12
5.086451199474227539e+12
5.180469126904497070e+12
5.275818662969553711e+12
5.372515248554421875e+12
5.470574324544129883e+12
5.570011331823691406e+12
5.670841711278139648e+12
5.773080903792492188e+12
5.876744350251774414e+12
5.981847491541010742e+12
6.088405768545223633e+12
6.196434622149435547e+12
6.305949493238673828e+12
6.416965822697956055e+12
6.529499051412309570e+12
6.643564620266759766e+12
6.759177970146325195e+12
6.876354541936032227e+12
6.995109776520902344e+12
7.115459348435366211e+12
7.237419866811458008e+12
7.361008174430620117e+12
7.486241114074291016e+12
7.613135528523914062e+12
7.741708260560930664e+12
7.871976152966777344e+12
8.003956048522900391e+12
8.137664790010734375e+12
8.273119220211726562e+12
8.410336181907314453e+12
8.549332517878938477e+12
8.690125070908040039e+12
8.832730683776060547e+12
8.977166199264437500e+12
9.123448460154617188e+12
9.271594309228039062e+12
9.421620589266138672e+12
9.573544143050363281e+12
9.727381813362150391e+12
9.883150310707193359e+12
1.004086581648819336e+13
1.020054437983210547e+13
1.036220204986587695e+13
1.052585487571646484e+13
1.069151890651082617e+13
1.085921019137590625e+13
1.102894477943866406e+13
1.120073871982604688e+13
1.137460806166501367e+13
1.155056885408251367e+13
1.172863714620550195e+13
1.190882898716093164e+13
1.209116042607575586e+13
1.227564751207692188e+13
1.246230629429139062e+13
1.265115282184611719e+13
1.284220314386804297e+13
1.303547330948412891e+13
1.323097936782132812e+13
1.342873695779583789e+13
1.362876007748083203e+13
1.383106231473873828e+13
1.403565725743196680e+13
1.424255849342294727e+13
1.445177961057410352e+13
1.466333419674784570e+13
1.487723583980659961e+13
1.509349812761278711e+13
1.531213464802883203e+13
1.553315898891715430e+13
1.575658473814017383e+13
1.598242548356030664e+13
1.621069481303998438e+13
1.644140631444161523e+13
1.667457357562763281e+13
1.691021018446045508e+13
1.714832972880249609e+13
1.738894579651618164e+13
1.763207197546393750e+13
1.787772110321421484e+13
1.812590301615962109e+13
1.837662680039880078e+13
1.862990154203038281e+13
1.888573632715302344e+13
1.914414024186536719e+13
1.940512237226603906e+13
1.966869180445369531e+13
1.993485762452696094e+13
2.020362891858450000e+13
2.047501477272493750e+13
2.074902427304692188e+13
2.102566650564909375e+13
2.130495055663009375e+13
2.158688551208856250e+13
2.187148045812314453e+13
2.215874448083248438e+13
2.244868666631521484e+13
2.274131610066998438e+13
2.303664186999542969e+13
2.333467169653455469e+13
2.363540784710774219e+13
2.393885122467975391e+13
2.424500273221532812e+13
2.455386327267922266e+13
2.486543374903618359e+13
2.517971506425096094e+13
2.549670812128829688e+13
2.581641382311294922e+13
2.613883307268966016e+13
2.646396677298318750e+13
2.679181582695827734e+13
2.712238113757966797e+13
2.745566360781212500e+13
2.779166414062037891e+13
2.813038363896919922e+13
2.847182300582332422e+13
2.881598314414750000e+13
2.916286495690648438e+13
2.951246934706501953e+13
2.986479622416253125e+13
3.021984152403713281e+13
3.057760018910161328e+13
3.093806716176875391e+13
3.130123738445135547e+13
3.166710579956221484e+13
3.203566734951408984e+13
3.240691697671979688e+13
3.278084962359210156e+13
3.315746023254381641e+13
3.353674374598771094e+13
3.391869510633658594e+13
3.430330925600321484e+13
3.469058113740041016e+13
3.508050569294092969e+13
3.547307786503758594e+13
3.586829259610316406e+13
3.626614482855043750e+13
3.666662950479221094e+13
3.706974156724127344e+13
3.747547493740553906e+13
3.788381945317350000e+13
3.829476393152878906e+13
3.870829718945502344e+13
3.912440804393582812e+13
3.954308531195485156e+13
3.996431781049566406e+13
4.038809435654195312e+13
4.081440376707730469e+13
4.124323485908535938e+13
4.167457644954973438e+13
4.210841735545407812e+13
4.254474639378197656e+13
4.298355238151709375e+13
4.342482413564302344e+13
4.386855047314341406e+13
4.431472021100189844e+13
4.476332216620206250e+13
4.521434515572757031e+13
4.566777799656202344e+13
4.612360834028489844e+13
4.658181917685897656e+13
4.704239233084289062e+13
4.750530962679524219e+13
4.797055288927468750e+13
4.843810394283983594e+13
4.890794461204930469e+13
4.938005672146172656e+13
4.985442209563572656e+13
5.033102255912992969e+13
5.080983993650296875e+13
5.129085605231346094e+13
5.177405273112001562e+13
5.225941179748127344e+13
5.274691507595585938e+13
5.323654439110239062e+13
5.372828156747950000e+13
5.422210842964581250e+13
5.471800680215994531e+13
5.521595850958053125e+13
5.571594581900874219e+13
5.621795276771604688e+13
5.672196383551646094e+13
5.722796350222395312e+13
5.773593624765258594e+13
5.824586655161634375e+13
5.875773889392922656e+13
5.927153775440527344e+13
5.978724761285846875e+13
6.030485294910283594e+13
6.082433824295238281e+13
6.134568797422114062e+13
6.186888662272308594e+13
6.239391866827226562e+13
6.292076859068264062e+13
6.344942086976827344e+13
6.397985998534315625e+13
6.451207041722129688e+13
6.504603664521670312e+13
6.558174314914338281e+13
6.611917452700097656e+13
6.665831584953146875e+13
6.719915230566253906e+13
6.774166908432175781e+13
6.828585137443681250e+13
6.883168436493532031e+13
6.937915324474486719e+13
6.992824320279314062e+13
7.047893942800771875e+13
7.103122710931628125e+13
7.158509143564642188e+13
7.214051759592579688e+13
7.269749077908201562e+13
7.325599617404273438e+13
7.381601896973551562e+13
7.437754435508807812e+13
7.494055751902801562e+13
7.550504365048292188e+13
7.607098793838048438e+13
7.663837557164831250e+13
7.720719295348415625e+13
7.777743134416645312e+13
7.834908321824367188e+13
7.892214105026437500e+13
7.949659731477707812e+13
8.007244448633035938e+13
8.064967503947265625e+13
8.122828144875257812e+13
8.180825618871859375e+13
8.238959173391926562e+13
8.297228055890310938e+13
8.355631513821870312e+13
8.414168794641448438e+13
8.472839145803907812e+13
8.531641814764092188e+13
8.590576048976860938e+13
8.649641095897065625e+13
8.708836202979557812e+13
8.768160617679192188e+13
8.827613587450818750e+13
8.887194526058796875e+13
8.946903512505493750e+13
9.006740792102784375e+13
9.066706610162542188e+13
9.126801211996640625e+13
9.187024842916954688e+13
9.247377748235351562e+13
9.307860173263710938e+13
9.368472363313903125e+13
9.429214563697803125e+13
9.490087019727284375e+13
9.551089976714218750e+13
9.612223679970479688e+13
9.673488374807942188e+13
9.734884306538475000e+13
9.796411720473959375e+13
9.858070861926264062e+13
9.919861976207260938e+13
9.981785308628825000e+13
1.004384110450283125e+14
1.010602974718483281e+14
1.016835217220512031e+14
1.023080945313765781e+14
1.029340266355641406e+14
1.035613287703536250e+14
1.041900116714847031e+14
1.048200860746970469e+14
1.054515627157303594e+14
1.060844523303242812e+14
1.067187656542185938e+14
1.073545134231529219e+14
1.079917063728669844e+14
1.086303552391004375e+14
1.092704707575930156e+14
1.099120636640843438e+14
1.105551446943141719e+14
1.111997245840221875e+14
1.118458140689480156e+14
1.124934238848314219e+14
1.131425647674120312e+14
1.137932493791962500e+14
1.144454980897569219e+14
1.150993331954336562e+14
1.157547769925659844e+14
1.164118517774934844e+14
1.170705798465557656e+14
1.177309834960923125e+14
1.183930850224427500e+14
1.190569067219465625e+14
1.197224708909433906e+14
1.203897998257727656e+14
1.210589158227742969e+14
1.217298411782874375e+14
1.224025981886518750e+14
1.230772091502070469e+14
1.237536963592926406e+14
1.244320821122481719e+14
1.251123887054131562e+14
1.257946384351272188e+14
1.264788535977298594e+14
1.271650564400531719e+14
1.278532690108989375e+14
1.285435133095614219e+14
1.292358113353348594e+14
1.299301850875135625e+14
1.306266565653918594e+14
1.313252477682638750e+14
1.320259806954240312e+14
1.327288773461664688e+14
1.334339597197855469e+14
1.341412498155754844e+14
1.348507696328306250e+14
1.355625411708451250e+14
1.362765864289133438e+14
1.369929274063294688e+14
1.377115861023878438e+14
1.384325845163827969e+14
1.391559446476084375e+14
1.398816884953591406e+14
1.406098380589291562e+14
1.413404159116175625e+14
1.420734469227426562e+14
1.428089565356275625e+14
1.435469701935953438e+14
1.442875133399691250e+14
1.450306114180720938e+14
1.457762898712272500e+14
1.465245741427577188e+14
1.472754896759866250e+14
1.480290619142371250e+14
1.487853163008323125e+14
1.495442782790952500e+14
1.503059732923490312e+14
1.510704267839168750e+14
1.518376641971217188e+14
1.526077109752868125e+14
1.533805925617352500e+14
1.541563343997900625e+14
1.549349619327744375e+14
1.557165006040114375e+14
1.565009740572812188e+14
1.572883987381919062e+14
1.580787892928087500e+14
1.588721603671968438e+14
1.596685266074214688e+14
1.604679026595478125e+14
1.612703031696409688e+14
1.620757427837662188e+14
1.628842361479886875e+14
1.636957979083735625e+14
1.645104427109861250e+14
1.653281852018915000e+14
1.661490400271547812e+14
1.669730218328413125e+14
1.678001452650161562e+14
1.686304249697445625e+14
1.694638755930917812e+14
1.703005117811228750e+14
1.711403481799030625e+14
1.719833994354975312e+14
1.728296786248717500e+14
1.736791925485917188e+14
1.745319464381237812e+14
1.753879455249341875e+14
1.762471950404892812e+14
1.771097002162553750e+14
1.779754662836986250e+14
1.788444984742855000e+14
1.797168020194821875e+14
1.805923821507550625e+14
1.814712440995703438e+14
1.823533930973943750e+14
1.832388343756934062e+14
1.841275731659337500e+14
1.850196146995817188e+14
1.859149642081035938e+14
1.868136269229657188e+14
1.877156080756342812e+14
1.886209128975756562e+14
1.895295466202561250e+14
1.904415116245734688e+14
1.913567988891511875e+14
1.922753965420443438e+14
1.931972927113079375e+14
1.941224755249970312e+14
1.950509331111666562e+14
1.959826535978717812e+14
1.969176251131675000e+14
1.978558357851087500e+14
1.987972737417506250e+14
1.997419271111481250e+14
2.006897840213563438e+14
2.016408326004301250e+14
2.025950609764247188e+14
2.035524572773949688e+14
2.045130096313960000e+14
2.054767061664828438e+14
2.064435350107104375e+14
2.074134842921339062e+14
2.083865421388082188e+14
2.093626942887172188e+14
2.103419169195599062e+14
2.113241838189641250e+14
2.123094687745575625e+14
2.132977455739681875e+14
2.142889880048238125e+14
2.152831698547520938e+14
2.162802649113809688e+14
2.172802469623381875e+14
2.182830897952516250e+14
2.192887671977490312e+14
2.202972529574583438e+14
2.213085208620071250e+14
2.223225446990234375e+14
2.233392982561349062e+14
2.243587553209694375e+14
2.253808896811549688e+14
2.264056751243190312e+14
2.274330854380896250e+14
2.284630944100945312e+14
2.294956724143637812e+14
2.305307761705362812e+14
2.315683589846532812e+14
2.326083741627557812e+14
2.336507750108850938e+14
2.346955148350824062e+14
2.357425469413886562e+14
2.367918246358452812e+14
2.378433012244932188e+14
2.388969300133738125e+14
2.399526643085281562e+14
2.410104574159974062e+14
2.420702626418226875e+14
2.431320332920452188e+14
2.441957226727060625e+14
2.452612840898465312e+14
2.463286708495077500e+14
2.473978362577308125e+14
2.484687336205569375e+14
2.495413162440272500e+14
2.506155369779381250e+14
2.516913468471064375e+14
2.527686964201041562e+14
2.538475362655034375e+14
2.549278169518762188e+14
2.560094890477946875e+14
2.570925031218307188e+14
2.581768097425565000e+14
2.592623594785440000e+14
2.603491028983653438e+14
2.614369905705925000e+14
2.625259730637975625e+14
2.636160009465525312e+14
2.647070247874295938e+14
2.657989951550004688e+14
2.668918626178375625e+14
2.679855777445128125e+14
2.690800911035981250e+14
2.701753532636656875e+14
2.712713147932875312e+14
2.723679238683394375e+14
2.734651190939122188e+14
2.745628366824004688e+14
2.756610128461985312e+14
2.767595837977011875e+14
2.778584857493030312e+14
2.789576549133983750e+14
2.800570275023819062e+14
2.811565397286481562e+14
2.822561278045917500e+14
2.833557279426071250e+14
2.844552763550890000e+14
2.855547092544316875e+14
2.866539628530299375e+14
2.877529733632781250e+14
2.888516769975710625e+14
2.899500099683031250e+14
2.910479084878688125e+14
2.921453087686628125e+14
2.932421470230796250e+14
2.943383598843933750e+14
2.954338856693967500e+14
2.965286631157620000e+14
2.976226309611611250e+14
2.987157279432665625e+14
2.998078927997506250e+14
3.008990642682852500e+14
3.019891810865428750e+14
3.030781819921955625e+14
3.041660057229156875e+14
3.052525910163754375e+14
3.063378766102470000e+14
3.074218012422025000e+14
3.085043036499143750e+14
3.095853225710546875e+14
3.106647967432957500e+14
3.117426649043098125e+14
3.128188657917689375e+14
3.138933381433455000e+14
3.149660206967116875e+14
3.160368546214935625e+14
3.171057908151325625e+14
3.181727826070239375e+14
3.192377833265629375e+14
3.203007463031449375e+14
3.213616248661652500e+14
3.224203723450190000e+14
3.234769420691016875e+14
3.245312873678083125e+14
3.255833615705343125e+14
3.266331180066750000e+14
3.276805100056256875e+14
3.287254908967815625e+14
3.297680140095380000e+14
3.308080326732900000e+14
3.318455002174331875e+14
3.328803699713628125e+14
3.339125952644739375e+14
3.349421294261620000e+14
3.359689257858222500e+14
3.369929396828686875e+14
3.380141344967899375e+14
3.390324756170935000e+14
3.400479284332866250e+14
3.410604583348767500e+14
3.420700307113713750e+14
3.430766109522776250e+14
3.440801644471031250e+14
3.450806565853551250e+14
3.460780527565410625e+14
3.470723183501683125e+14
3.480634187557443125e+14
3.490513193627763125e+14
3.500359855607718750e+14
3.510173827392381250e+14
3.519954762876826875e+14
3.529702315956129375e+14
3.539416140525361250e+14
3.549095890479596250e+14
3.558741219713910625e+14
3.568351799701785000e+14
3.577927372230341250e+14
3.587467696665112500e+14
3.596972532371625000e+14
3.606441638715414375e+14
3.615874775062009375e+14
3.625271700776938750e+14
3.634632175225736875e+14
3.643955957773931875e+14
3.653242807787055625e+14
3.662492484630639375e+14
3.671704747670213125e+14
3.680879356271308750e+14
3.690016069799455625e+14
3.699114647620183750e+14
3.708174849099026875e+14
3.717196433601515000e+14
3.726179160493176875e+14
3.735122789139545000e+14
3.744027078906150000e+14
3.752891820656809375e+14
3.761716931248488750e+14
3.770502359036442500e+14
3.779248052375921875e+14
3.787953959622180625e+14
3.796620029130472500e+14
3.805246209256048750e+14
3.813832448354164375e+14
3.822378694780070625e+14
3.830884896889021875e+14
3.839351003036270000e+14
3.847776961577069375e+14
3.856162720866671250e+14
3.864508229260331250e+14
3.872813435113297500e+14
3.881078286780827500e+14
3.889302732618175000e+14
3.897486720980587500e+14
3.905630200223323125e+14
3.913733118701633750e+14
3.921795479243074375e+14
3.929817502564419375e+14
3.937799463854745000e+14
3.945741638303123750e+14
3.953644301098636875e+14
3.961507727430359375e+14
3.969332192487365000e+14
3.977117971458731875e+14
3.984865339533535625e+14
3.992574571900853125e+14
4.000245943749759375e+14
4.007879730269333125e+14
4.015476206648647500e+14
4.023035648076781250e+14
4.030558329742808125e+14
4.038044526835806250e+14
4.045494514544852500e+14
4.052908568059020000e+14
4.060286962567387500e+14
4.067629973259030625e+14
4.074937847144902500e+14
4.082210718523463125e+14
4.089448693515048750e+14
4.096651878239994375e+14
4.103820378818640625e+14
4.110954301371322500e+14
4.118053752018374375e+14
4.125118836880136250e+14
4.132149662076941250e+14
4.139146333729129375e+14
4.146108957957036250e+14
4.153037640880998125e+14
4.159932488621351875e+14
4.166793607298433750e+14
4.173621103032580000e+14
4.180415081944129375e+14
4.187175650153417500e+14
4.193902913780780000e+14
4.200596978946554375e+14
4.207257951771077500e+14
4.213886010127527500e+14
4.220481618900446875e+14
4.227045314727221250e+14
4.233577634245234375e+14
4.240079114091872500e+14
4.246550290904521250e+14
4.252991701320561250e+14
4.259403881977381875e+14
4.265787369512364375e+14
4.272142700562895000e+14
4.278470411766359375e+14
4.284771039760141875e+14
4.291045121181626875e+14
4.297293192668198750e+14
4.303515790857241250e+14
4.309713452386142500e+14
4.315886713892286250e+14
4.322036112013054375e+14
4.328162183385834375e+14
4.334265464648010625e+14
4.340346434827313750e+14
4.346405342512855000e+14
4.352442378684095000e+14
4.358457734320488750e+14
4.364451600401498125e+14
4.370424167906581250e+14
4.376375627815193125e+14
4.382306171106795000e+14
4.388215988760844375e+14
4.394105271756799375e+14
4.399974211074118750e+14
4.405822997692261875e+14
4.411651822590685000e+14
4.417460876748848125e+14
4.423250351146206875e+14
4.429020436762223750e+14
4.434771324576355000e+14
4.440503205568057500e+14
4.446216270716791875e+14
4.451910711002016250e+14
4.457586758660433125e+14
4.463244810957728125e+14
4.468885306416830000e+14
4.474508683560666875e+14
4.480115380912170625e+14
4.485705836994271250e+14
4.491280490329895000e+14
4.496839779441974375e+14
4.502384142853436875e+14
4.507914019087214375e+14
4.513429846666235000e+14
4.518932064113429375e+14
4.524421109951724375e+14
4.529897422704053750e+14
4.535361440893341250e+14
4.540813603042522500e+14
4.546254347674524375e+14
4.551684113312276250e+14
4.557103338478708750e+14
4.562512461696748750e+14
4.567911879593491875e+14
4.573301821212683125e+14
4.578682473702230625e+14
4.584054024210041250e+14
4.589416659884026875e+14
4.594770567872096250e+14
4.600115935322153750e+14
4.605452949382112500e+14
4.610781797199878750e+14
4.616102665923362500e+14
4.621415742700471250e+14
4.626721214679114375e+14
4.632019269007200625e+14
4.637310092832638750e+14
4.642593873303335000e+14
4.647870797567201875e+14
4.653141052772147500e+14
4.658404826066077500e+14
4.663662304596901250e+14
4.668913675512530000e+14
4.674159107869430625e+14
4.679398698358305000e+14
4.684632525578415625e+14
4.689860668129024375e+14
4.695083204609394375e+14
4.700300213618790000e+14
4.705511773756467500e+14
4.710717963621693750e+14
4.715918861813728125e+14
4.721114546931835625e+14
4.726305097575276875e+14
4.731490592343315000e+14
4.736671109835210000e+14
4.741846728650227500e+14
4.747017527387624375e+14
4.752183584646667500e+14
4.757344979026619375e+14
4.762501789126738125e+14
4.767654093546289375e+14
4.772801970884533750e+14
4.777945468450950000e+14
4.783084508395881250e+14
4.788218981579885625e+14
4.793348778863520625e+14
4.798473791107348125e+14
4.803593909171926250e+14
4.808709023917810625e+14
4.813819026205563750e+14
4.818923806895740625e+14
4.824023256848903750e+14
4.829117266925611250e+14
4.834205727986420000e+14
4.839288530891890625e+14
4.844365566502581875e+14
4.849436725679050000e+14
4.854501899281856875e+14
4.859560978171560000e+14
4.864613853208718125e+14
4.869660415253890000e+14
4.874700555167635000e+14
4.879734140642796250e+14
4.884760946701364375e+14
4.889780725197610000e+14
4.894793227985805625e+14
4.899798206920227500e+14
4.904795413855147500e+14
4.909784600644838125e+14
4.914765519143575625e+14
4.919737921205628750e+14
4.924701558685275000e+14
4.929656183436785625e+14
4.934601547314435625e+14
4.939537402172495625e+14
4.944463499865241875e+14
4.949379592246945000e+14
4.954285431171880000e+14
4.959180768494321250e+14
4.964065356068539375e+14
4.968938945748808750e+14
4.973801289389403750e+14
4.978652072929296250e+14
4.983490718646254375e+14
4.988316582902744375e+14
4.993129022061231250e+14
4.997927392484186250e+14
5.002711050534074375e+14
5.007479352573360000e+14
5.012231654964513125e+14
5.016967314069998750e+14
5.021685686252285000e+14
5.026386127873838750e+14
5.031067995297126875e+14
5.035730644884613750e+14
5.040373432998770625e+14
5.044995716002060000e+14
5.049596850256952500e+14
5.054176192125913125e+14
5.058733097971408125e+14
5.063266924155906250e+14
5.067777027041871875e+14
5.072262782214010625e+14
5.076723642145964375e+14
5.081159078533614375e+14
5.085568563072838125e+14
5.089951567459517500e+14
5.094307563389531875e+14
5.098636022558760000e+14
5.102936416663083750e+14
5.107208217398379375e+14
5.111450896460529375e+14
5.115663925545413750e+14
5.119846776348912500e+14
5.123998920566902500e+14
5.128119829895267500e+14
5.132208976029881875e+14
5.136265830666630625e+14
5.140289865501392500e+14
5.144280552230044375e+14
5.148237362548468750e+14
5.152159768152545000e+14
5.156047171728521875e+14
5.159898699924131875e+14
5.163713410377475000e+14
5.167490360726648125e+14
5.171228608609758125e+14
5.174927211664902500e+14
5.178585227530180000e+14
5.182201713843694375e+14
5.185775728243544375e+14
5.189306328367832500e+14
5.192792571854656875e+14
5.196233516342120625e+14
5.199628219468322500e+14
5.202975738871365625e+14
5.206275132189345625e+14
5.209525457060368750e+14
5.212725771122533125e+14
5.215875132013938750e+14
5.218972597372687500e+14
5.222017224836879375e+14
5.225008079538476250e+14
5.227944256584882500e+14
5.230824858577365625e+14
5.233648988117186875e+14
5.236415747805615000e+14
5.239124240243916875e+14
5.241773568033355000e+14
5.244362833775197500e+14
5.246891140070706250e+14
5.249357589521151250e+14
5.251761284727796250e+14
5.254101328291906875e+14
5.256376822814748125e+14
5.258586870897588125e+14
5.260730575141688125e+14
5.262807038148316875e+14
5.264815362518740625e+14
5.266754650854221250e+14
5.268624005756028750e+14
5.270422529825425625e+14
5.272149296065196875e+14
5.273803259084193750e+14
5.275383343892788125e+14
5.276888475501346875e+14
5.278317578920243750e+14
5.279669579159848125e+14
5.280943401230526875e+14
5.282137970142655000e+14
5.283252210906598125e+14
5.284285048532729375e+14
5.285235408031417500e+14
5.286102214413034375e+14
5.286884392687947500e+14
5.287580867866528750e+14
5.288190564959146875e+14
5.288712408976172500e+14
5.289145324927978750e+14
5.289488237824930625e+14
5.289740072677401875e+14
5.289899754495760625e+14
5.289966302213870000e+14
5.289939110459556875e+14
5.289817667784140000e+14
5.289601462738935000e+14
5.289289983875266875e+14
5.288882719744450625e+14
5.288379158897803125e+14
5.287778789886647500e+14
5.287081101262298750e+14
5.286285581576076875e+14
5.285391719379301875e+14
5.284399003223292500e+14
5.283306921659365000e+14
5.282114963238840625e+14
5.280822616513035000e+14
5.279429370033270625e+14
5.277934712350865625e+14
5.276338132017136875e+14
5.274639117583403125e+14
5.272837157600984375e+14
5.270931678166951875e+14
5.268921855561381250e+14
5.266806803610101875e+14
5.264585636138941250e+14
5.262257466973731250e+14
5.259821409940300000e+14
5.257276578864473750e+14
5.254622087572084375e+14
5.251857049888960000e+14
5.248980579640928750e+14
5.245991790653820625e+14
5.242889796753465000e+14
5.239673711765688750e+14
5.236342649516323750e+14
5.232895723831194375e+14
5.229332048536134375e+14
5.225650737456971250e+14
5.221850904419531875e+14
5.217931663249647500e+14
5.213892127773146250e+14
5.209731534598868125e+14
5.205449611467699375e+14
5.201046208903536250e+14
5.196521177430273125e+14
5.191874367571809375e+14
5.187105629852041875e+14
5.182214814794863750e+14
5.177201772924175625e+14
5.172066354763869375e+14
5.166808410837846250e+14
5.161427791670000625e+14
5.155924347784230000e+14
5.150297929704429375e+14
5.144548387954496875e+14
5.138675573058326250e+14
5.132679335539817500e+14
5.126559525922866875e+14
5.120315994731368750e+14
5.113948592489221250e+14
5.107457169720320000e+14
5.100841642993668750e+14
5.094102193058693125e+14
5.087239066709926875e+14
5.080252510741898750e+14
5.073142771949145000e+14
5.065910097126196875e+14
5.058554733067586250e+14
5.051076926567845000e+14
5.043476924421506875e+14
5.035754973423103125e+14
5.027911320367166875e+14
5.019946212048230625e+14
5.011859895260825625e+14
5.003652616799486875e+14
4.995324623458742500e+14
4.986876162033128750e+14
4.978307479317177500e+14
4.969618822105418750e+14
4.960810437192386875e+14
4.951882571372613750e+14
4.942835473840175625e+14
4.933669403387323750e+14
4.924384621205853125e+14
4.914981388487556875e+14
4.905459966424230625e+14
4.895820616207670000e+14
4.886063599029666250e+14
4.876189176082017500e+14
4.866197608556517500e+14
4.856089157644961250e+14
4.845864084539142500e+14
4.835522650430858125e+14
4.825065116511898750e+14
4.814491743974062500e+14
4.803802794009141250e+14
4.792998527808932500e+14
4.782079206565231250e+14
4.771045091469827500e+14
4.759896443714522500e+14
4.748633524491105625e+14
4.737256750981879375e+14
4.725767164331168125e+14
4.714165961673801875e+14
4.702454340144608750e+14
4.690633496878421250e+14
4.678704629010067500e+14
4.666668933674376250e+14
4.654527608006180625e+14
4.642281849140306250e+14
4.629932854211586875e+14
4.617481820354850625e+14
4.604929944704928750e+14
4.592278424396647500e+14
4.579528456564841250e+14
4.566681238344335625e+14
4.553737966869963125e+14
4.540699839276555000e+14
4.527568052698936875e+14
4.514343804271942500e+14
4.501028291130399375e+14
4.487622684793424375e+14
4.474128054317275000e+14
4.460545443142498125e+14
4.446875894709634375e+14
4.433120452459232500e+14
4.419280159831835625e+14
4.405356060267985000e+14
4.391349197208230000e+14
4.377260614093111250e+14
4.363091354363175625e+14
4.348842461458966875e+14
4.334514978821030000e+14
4.320109949889908125e+14
4.305628418106147500e+14
4.291071426910290000e+14
4.276440019742883750e+14
4.261735240044471250e+14
4.246958131255595625e+14
4.232109736816803750e+14
4.217191100168640000e+14
4.202203360552690000e+14
4.187148040414713750e+14
4.172026758001513750e+14
4.156841131559888750e+14
4.141592779336642500e+14
4.126283319578578750e+14
4.110914370532493750e+14
4.095487550445195000e+14
4.080004477563478125e+14
4.064466770134150000e+14
4.048876046404010000e+14
4.033233924619860000e+14
4.017542023028501250e+14
4.001801959876736250e+14
3.986015353411365625e+14
3.970183821879191875e+14
3.954308983527017500e+14
3.938392456601641250e+14
3.922435859349867500e+14
3.906440810018496875e+14
3.890408830943988750e+14
3.874341060821432500e+14
3.858238542435576250e+14
3.842102318571164375e+14
3.825933432012946250e+14
3.809732925545670000e+14
3.793501841954079375e+14
3.777241224022923750e+14
3.760952114536950000e+14
3.744635556280905625e+14
3.728292592039536250e+14
3.711924264597590625e+14
3.695531616739813750e+14
3.679115691250956250e+14
3.662677530915760000e+14
3.646218178518976875e+14
3.629738676845353125e+14
3.613240068679633125e+14
3.596723396806566875e+14
3.580189704010900000e+14
3.563640011394290000e+14
3.547075253326034375e+14
3.530496342492341875e+14
3.513904191579416875e+14
3.497299713273470000e+14
3.480683820260708750e+14
3.464057425227337500e+14
3.447421440859567500e+14
3.430776779843603750e+14
3.414124354865655000e+14
3.397465078611928125e+14
3.380799863768631875e+14
3.364129623021972500e+14
3.347455269058158750e+14
3.330777714563396250e+14
3.314097872223894375e+14
3.297416654725860625e+14
3.280734974755500625e+14
3.264053744999023750e+14
3.247373878142637500e+14
3.230696243471401875e+14
3.214021536665793125e+14
3.197350410005138750e+14
3.180683515768766250e+14
3.164021506236005625e+14
3.147365033686186250e+14
3.130714750398633750e+14
3.114071308652679375e+14
3.097435360727649375e+14
3.080807558902872500e+14
3.064188555457678125e+14
3.047579002671394375e+14
3.030979552823349375e+14
3.014390858192872500e+14
2.997813571059290000e+14
2.981248343701932500e+14
2.964695828400128125e+14
2.948156677433203750e+14
2.931631543080490000e+14
2.915121077621313750e+14
2.898625732544035000e+14
2.882145156173131250e+14
2.865678796042113125e+14
2.849226099684489375e+14
2.832786514633770625e+14
2.816359488423466250e+14
2.799944468587084375e+14
2.783540902658135625e+14
2.767148238170129062e+14
2.750765922656574688e+14
2.734393403650980938e+14
2.718030128686858438e+14
2.701675545297716250e+14
2.685329101017064062e+14
2.668990243378410312e+14
2.652658419915265938e+14
2.636333078161140000e+14
2.620013665649541250e+14
2.603699629913979688e+14
2.587390418487964688e+14
2.571085435227800625e+14
2.554783909280966562e+14
2.538485026117738438e+14
2.522187971208388750e+14
2.505891930023194375e+14
2.489596088032429062e+14
2.473299630706365625e+14
2.457001743515280312e+14
2.440701611929446562e+14
2.424398421419140312e+14
2.408091357454635000e+14
2.391779605506205625e+14
2.375462351044125312e+14
2.359138779538670938e+14
2.342808076460114375e+14
2.326469427278732188e+14
2.310122017464798750e+14
2.293765032488586562e+14
2.277397657820372188e+14
2.261019078930429375e+14
2.244628327175271875e+14
2.228223817456370938e+14
2.211803810561436250e+14
2.195366567278176875e+14
2.178910348394303750e+14
2.162433414697528125e+14
2.145934026975556875e+14
2.129410446016102812e+14
2.112860932606874375e+14
2.096283747535582188e+14
2.079677151589936250e+14
2.063039405557646562e+14
2.046368770226423125e+14
2.029663506383975938e+14
2.012921874818014062e+14
1.996142136316249062e+14
1.979322551666390625e+14
1.962461381656147812e+14
1.945556887073231562e+14
1.928607328705350938e+14
1.911610883087814062e+14
1.894565389746311250e+14
1.877468603954133438e+14
1.860318280984567812e+14
1.843112176110905000e+14
1.825848044606433438e+14
1.808523641744440938e+14
1.791136722798218125e+14
1.773685043041052500e+14
1.756166357746234062e+14
1.738578422187051562e+14
1.720918991636794062e+14
1.703185821368749688e+14
1.685376666656208438e+14
1.667489282772458125e+14
1.649521424990788438e+14
1.631470848584489375e+14
1.613335308826847812e+14
1.595112560991154375e+14
1.576800360350696875e+14
1.558396461661023750e+14
1.539898617606716562e+14
1.521304580354617500e+14
1.502612102071565938e+14
1.483818934924404062e+14
1.464922831079973438e+14
1.445921542705112812e+14
1.426812821966665625e+14
1.407594421031470938e+14
1.388264092066370781e+14
1.368819587238206094e+14
1.349258658713817969e+14
1.329579058660046875e+14
1.309778539243734219e+14
1.289854852631720781e+14
1.269805750990847656e+14
1.249628986487955938e+14
1.229322311289886406e+14
1.208883477563480156e+14
1.188310237475578125e+14
1.167600334655260312e+14
1.146751478580559844e+14
1.125761370191749375e+14
1.104627710429100938e+14
1.083348200232887188e+14
1.061920540543380156e+14
1.040342432300852344e+14
1.018611576445575938e+14
9.967256739178232812e+13
9.746824256578665625e+13
9.524795326059784375e+13
9.301146957024309375e+13
9.075856158874960938e+13
8.848899941014470312e+13
8.620255312845551562e+13
8.389899283770934375e+13
8.157808863193339062e+13
7.923961060515489062e+13
7.688332885140106250e+13
7.450901346469915625e+13
7.211645516633870312e+13
6.970552718665849219e+13
6.727612338325963281e+13
6.482813761374317188e+13
6.236146373571023438e+13
5.987599560676193750e+13
5.737162708449933594e+13
5.484825202652353906e+13
5.230576429043563281e+13
4.974405773383672656e+13
4.716302621432789844e+13
4.456256358951025781e+13
4.194256371698488281e+13
3.930292045435288281e+13
3.664352765921533594e+13
3.396427918917335156e+13
3.126506890182802344e+13
2.854579065478042188e+13
2.580633830563166797e+13
2.304660571198285156e+13
2.026648410906277734e+13
1.746585424261117578e+13
1.464459423599546680e+13
1.180258221258309375e+13
8.939696295741501953e+12
6.055814608838114258e+12
3.150815275240382324e+12
2.245764183157346191e+11
-2.723023838568392578e+12
-5.692107372044557617e+12
-8.682796058745331055e+12
-1.169521177530326562e+13
-1.472947639835092969e+13
-1.778571180452088672e+13
-2.086403987044569531e+13
-2.396458247275792188e+13
-2.708746148809014062e+13
-3.023279879307489062e+13
-3.340071626434475000e+13
-3.659133577853228125e+13
-3.980474354597336719e+13
-4.304088311181724219e+13
-4.629966235491644531e+13
-4.958098915412349219e+13
-5.288477138829096875e+13
-5.621091693627141406e+13
-5.955933367691732812e+13
-6.292992948908130469e+13
-6.632261225161585156e+13
-6.973728984337355469e+13
-7.317387014320692188e+13
-7.663226102996854688e+13
-8.011237038251089062e+13
-8.361410607968659375e+13
-8.713737600034810938e+13
-9.068208802334804688e+13
-9.424815002753896875e+13
-9.783546989177332812e+13
-1.014439554949037344e+14
-1.050735147157827500e+14
-1.087240455752399062e+14
-1.123954066620129688e+14
-1.160874467068167188e+14
-1.198000144403658594e+14
-1.235329585933752500e+14
-1.272861278965596875e+14
-1.310593710806338125e+14
-1.348525368763125000e+14
-1.386654740143104688e+14
-1.424980312253425312e+14
-1.463500572401234688e+14
-1.502214007893680625e+14
-1.541119106037910000e+14
-1.580214354141071250e+14
-1.619498239510311562e+14
-1.658969249452779688e+14
-1.698625871275622500e+14
-1.738466592285987812e+14
-1.778489899791023750e+14
-1.818694281097877500e+14
-1.859077999726555000e+14
-1.899638424048491875e+14
-1.940372698647981875e+14
-1.981277968109317812e+14
-2.022351377016793750e+14
-2.063590069954704688e+14
-2.104991191507341250e+14
-2.146551886258999375e+14
-2.188269298793971250e+14
-2.230140573696551250e+14
-2.272162855551032812e+14
-2.314333288941709688e+14
-2.356649018452874375e+14
-2.399107188668821562e+14
-2.441704944173844062e+14
-2.484439429552236250e+14
-2.527307789388291562e+14
-2.570307168266302500e+14
-2.613434710770563438e+14
-2.656687561485368125e+14
-2.700062877259872500e+14
-2.743557864002680000e+14
-2.787169739887258750e+14
-2.830895723087074375e+14
-2.874733031775595000e+14
-2.918678884126287500e+14
-2.962730498312617500e+14
-3.006885092508053125e+14
-3.051139884886058750e+14
-3.095492093620104375e+14
-3.139938936883656250e+14
-3.184477632850180000e+14
-3.229105399693143125e+14
-3.273819455586012500e+14
-3.318617018702253750e+14
-3.363495307215335625e+14
-3.408451539298725000e+14
-3.453482933125886875e+14
-3.498586706870289375e+14
-3.543760078705399375e+14
-3.589000018299985625e+14
-3.634302501304031875e+14
-3.679663254862820000e+14
-3.725078006121635000e+14
-3.770542482225762500e+14
-3.816052410320487500e+14
-3.861603517551091250e+14
-3.907191531062861250e+14
-3.952812178001078125e+14
-3.998461185511030625e+14
-4.044134280738001250e+14
-4.089827190827275000e+14
-4.135535642924135000e+14
-4.181255364173866875e+14
-4.226982081721753750e+14
-4.272711522713081250e+14
-4.318439414293134375e+14
-4.364161483607195000e+14
-4.409873457800550000e+14
-4.455571064018483125e+14
-4.501250386877179375e+14
-4.546908940876425625e+14
-4.592544597986913750e+14
-4.638155230179328125e+14
-4.683738709424360000e+14
-4.729292907692700625e+14
-4.774815696955033125e+14
-4.820304949182050625e+14
-4.865758536344438750e+14
-4.911174330412888125e+14
-4.956550203358088125e+14
-5.001884027150726875e+14
-5.047173673761491250e+14
-5.092417015161073125e+14
-5.137611923320157500e+14
-5.182756270209436875e+14
-5.227847927799599375e+14
-5.272884768061330625e+14
-5.317864662965321875e+14
-5.362785484482261875e+14
-5.407645029576858125e+14
-5.452440795189892500e+14
-5.497170203256166875e+14
-5.541830675710481250e+14
-5.586419634487638750e+14
-5.630934501522442500e+14
-5.675372698749687500e+14
-5.719731648104181250e+14
-5.764008771520722500e+14
-5.808201490934112500e+14
-5.852307228279152500e+14
-5.896323405490646250e+14
-5.940247444503391250e+14
-5.984076767252192500e+14
-6.027808795671847500e+14
-6.071440951697161250e+14
-6.114970657262933750e+14
-6.158395334303965000e+14
-6.201712404755058750e+14
-6.244919290551015000e+14
-6.288013855480021250e+14
-6.330995730743811250e+14
-6.373864989397507500e+14
-6.416621704496222500e+14
-6.459265949095082500e+14
-6.501797796249206250e+14
-6.544217319013708750e+14
-6.586524590443716250e+14
-6.628719683594343750e+14
-6.670802671520713750e+14
-6.712773627277943750e+14
-6.754632623921156250e+14
-6.796379734505467500e+14
-6.838015032086001250e+14
-6.879538589717871250e+14
-6.920950480456203750e+14
-6.962250777356115000e+14
-7.003439553472725000e+14
-7.044516881861153750e+14
-7.085482835576521250e+14
-7.126337467228981250e+14
-7.167080747648830000e+14
-7.207712627221393750e+14
-7.248233056331997500e+14
-7.288641985365977500e+14
-7.328939364708660000e+14
-7.369125144745370000e+14
-7.409199275861440000e+14
-7.449161708442196250e+14
-7.489012392872968750e+14
-7.528751279539087500e+14
-7.568378318825878750e+14
-7.607893461118670000e+14
-7.647296656802793750e+14
-7.686587856263573750e+14
-7.725767009886345000e+14
-7.764834068056430000e+14
-7.803788981159161250e+14
-7.842631699579866250e+14
-7.881362173703875000e+14
-7.919980953353440000e+14
-7.958490986098538750e+14
-7.996895818946071250e+14
-8.035198998902935000e+14
-8.073404072976032500e+14
-8.111514588172266250e+14
-8.149534091498535000e+14
-8.187466129961740000e+14
-8.225314250568778750e+14
-8.263082000326558750e+14
-8.300772926241975000e+14
-8.338390575321932500e+14
-8.375938494573326250e+14
-8.413420231003063750e+14
-8.450839331618040000e+14
-8.488199343425157500e+14
-8.525503813431322500e+14
-8.562756288643426250e+14
-8.599960316068375000e+14
-8.637119442713070000e+14
-8.674237057308678750e+14
-8.711315915483440000e+14
-8.748358614589868750e+14
-8.785367751980465000e+14
-8.822345925007743750e+14
-8.859295731024217500e+14
-8.896219767382386250e+14
-8.933120631434765000e+14
-8.970000920533860000e+14
-9.006863232032180000e+14
-9.043710163282236250e+14
-9.080544311636538750e+14
-9.117368274447590000e+14
-9.154184649067908750e+14
-9.190996032849992500e+14
-9.227805023146358750e+14
-9.264614217309515000e+14
-9.301426212691966250e+14
-9.338243606646226250e+14
-9.375068996524801250e+14
-9.411905457767478750e+14
-9.448757978163157500e+14
-9.485632023588012500e+14
-9.522533059918212500e+14
-9.559466553029941250e+14
-9.596437968799373750e+14
-9.633452773102678750e+14
-9.670516431816038750e+14
-9.707634410815621250e+14
-9.744812175977607500e+14
-9.782055193178171250e+14
-9.819368928293490000e+14
-9.856758847199732500e+14
-9.894230415773081250e+14
-9.931789099889706250e+14
-9.969440365425785000e+14
-1.000718967825749750e+15
-1.004504250426100750e+15
-1.008300430931250000e+15
-1.012108055928814625e+15
-1.015927646572183250e+15
-1.019759622277826875e+15
-1.023604377027988625e+15
-1.027462304804909750e+15
-1.031333799590833250e+15
-1.035219255368001625e+15
-1.039119066118656375e+15
-1.043033625825040500e+15
-1.046963328469395750e+15
-1.050908568033964875e+15
-1.054869738500990125e+15
-1.058847233852714000e+15
-1.062841448071377875e+15
-1.066852775139225125e+15
-1.070881609038497375e+15
-1.074928343751437375e+15
-1.078993373260287250e+15
-1.083077091547289125e+15
-1.087179892594685625e+15
-1.091302170384718750e+15
-1.095444300275596375e+15
-1.099606583129387375e+15
-1.103789301184126125e+15
-1.107992736677846625e+15
-1.112217171848583750e+15
-1.116462888934371625e+15
-1.120730170173243750e+15
-1.125019297803235750e+15
-1.129330554062381000e+15
-1.133664221188714250e+15
-1.138020581420269750e+15
-1.142399916995081750e+15
-1.146802510151184250e+15
-1.151228643126612250e+15
-1.155678598159399500e+15
-1.160152657487580500e+15
-1.164651103349189750e+15
-1.169174217982261000e+15
-1.173722283624829000e+15
-1.178295582514928000e+15
-1.182894402263441750e+15
-1.187519051972650500e+15
-1.192169846117684500e+15
-1.196847099173673250e+15
-1.201551125615746500e+15
-1.206282239919035250e+15
-1.211040756558668250e+15
-1.215826990009775750e+15
-1.220641254747487250e+15
-1.225483865246933000e+15
-1.230355135983243250e+15
-1.235255381431547500e+15
-1.240184916066975000e+15
-1.245144054364656750e+15
-1.250133110799721750e+15
-1.255152399847300750e+15
-1.260202235982523000e+15
-1.265282933680518500e+15
-1.270394807416417000e+15
-1.275538171665348750e+15
-1.280713286350010250e+15
-1.285920193183367000e+15
-1.291158879325951250e+15
-1.296429331938294750e+15
-1.301731538180930000e+15
-1.307065485214389750e+15
-1.312431160199205000e+15
-1.317828550295909250e+15
-1.323257642665033500e+15
-1.328718424467110750e+15
-1.334210882862673250e+15
-1.339735005012253000e+15
-1.345290778076382000e+15
-1.350878189215592500e+15
-1.356497225590417000e+15
-1.362147874361387500e+15
-1.367830122689036500e+15
-1.373543957733895750e+15
-1.379289366656497750e+15
-1.385066336617374500e+15
-1.390874809718463750e+15
-1.396714547827324250e+15
-1.402585267752919250e+15
-1.408486686304212750e+15
-1.414418520290169250e+15
-1.420380486519751750e+15
-1.426372301801924000e+15
-1.432393682945651000e+15
-1.438444346759894750e+15
-1.444524010053620500e+15
-1.450632389635792000e+15
-1.456769202315372750e+15
-1.462934164901326500e+15
-1.469126994202617500e+15
-1.475347407028208500e+15
-1.481595120187064750e+15
-1.487869850488149500e+15
-1.494171314740426250e+15
-1.500499229752859000e+15
-1.506853312334412000e+15
-1.513233297516411500e+15
-1.519638993219636000e+15
-1.526070225587225250e+15
-1.532526820762320500e+15
-1.539008604888063000e+15
-1.545515404107592750e+15
-1.552047044564050500e+15
-1.558603352400577500e+15
-1.565184153760314250e+15
-1.571789274786401500e+15
-1.578418541621979750e+15
-1.585071780410190500e+15
-1.591748817294173500e+15
-1.598449478417070000e+15
-1.605173589922020500e+15
-1.611920977952166250e+15
-1.618691468650648000e+15
-1.625484888160605750e+15
-1.632301062625180750e+15
-1.639139818187513500e+15
-1.646000887631942750e+15
-1.652883630307597250e+15
-1.659787312204803750e+15
-1.666711199313887250e+15
-1.673654557625176500e+15
-1.680616653128996750e+15
-1.687596751815674250e+15
-1.694594119675536250e+15
-1.701608022698908500e+15
-1.708637726876118000e+15
-1.715682498197491250e+15
-1.722741602653354750e+15
-1.729814306234034750e+15
-1.736899874929857750e+15
-1.743997574731150000e+15
-1.751106671628238750e+15
-1.758226431611450500e+15
-1.765356120671110750e+15
-1.772495004797547000e+15
-1.779642349981085000e+15
-1.786797485403520000e+15
-1.793959993012520250e+15
-1.801129517947223000e+15
-1.808305705346763000e+15
-1.815488200350278750e+15
-1.822676648096906500e+15
-1.829870693725782000e+15
-1.837069982376043000e+15
-1.844274159186825250e+15
-1.851482869297265750e+15
-1.858695757846501500e+15
-1.865912469973668500e+15
-1.873132650817903750e+15
-1.880355945518343750e+15
-1.887581999214124250e+15
-1.894810457044383500e+15
-1.902040964148257750e+15
-1.909273165664883000e+15
-1.916506706733396000e+15
-1.923741232492933500e+15
-1.930976342185883250e+15
-1.938211451467635000e+15
-1.945445930096830500e+15
-1.952679147832110750e+15
-1.959910474432117500e+15
-1.967139279655492500e+15
-1.974364933260875000e+15
-1.981586805006908000e+15
-1.988804264652231750e+15
-1.996016681955488750e+15
-2.003223426675319250e+15
-2.010423868570365000e+15
-2.017617377399266750e+15
-2.024803322920666500e+15
-2.031981074893204250e+15
-2.039150003075523000e+15
-2.046309477226263500e+15
-2.053458867104065750e+15
-2.060597542467572000e+15
-2.067724873075423750e+15
-2.074840264300040500e+15
-2.081943263968956000e+15
-2.089033455523483250e+15
-2.096110422404934000e+15
-2.103173748054621750e+15
-2.110223015913859250e+15
-2.117257809423957750e+15
-2.124277712026230500e+15
-2.131282307161989750e+15
-2.138271178272548500e+15
-2.145243908799219000e+15
-2.152200082183314250e+15
-2.159139281866145750e+15
-2.166061091289027500e+15
-2.172965093893270000e+15
-2.179850873120187750e+15
-2.186718012411092500e+15
-2.193566095207296250e+15
-2.200394704950112750e+15
-2.207203425080853500e+15
-2.213991890828822750e+15
-2.220759944575289250e+15
-2.227507480489513500e+15
-2.234234392740754750e+15
-2.240940575498273750e+15
-2.247625922931331250e+15
-2.254290329209186000e+15
-2.260933688501098500e+15
-2.267555894976329000e+15
-2.274156842804138500e+15
-2.280736426153785500e+15
-2.287294539194531500e+15
-2.293831076095635500e+15
-2.300345931026359000e+15
-2.306838998155960000e+15
-2.313310171653701000e+15
-2.319759345688841500e+15
-2.326186414430640000e+15
-2.332591272048358500e+15
-2.338973812711256000e+15
-2.345333920936080000e+15
-2.351671442629527000e+15
-2.357986214045780000e+15
-2.364278071439020500e+15
-2.370546851063433500e+15
-2.376792389173202000e+15
-2.383014522022507500e+15
-2.389213085865534500e+15
-2.395387916956464500e+15
-2.401538851549482500e+15
-2.407665725898770500e+15
-2.413768376258512000e+15
-2.419846638882890000e+15
-2.425900350026087500e+15
-2.431929345942285500e+15
-2.437933462885671000e+15
-2.443912537110425000e+15
-2.449866404870730000e+15
-2.455794902420769500e+15
-2.461697866014727000e+15
-2.467575225087610500e+15
-2.473427281797727500e+15
-2.479254431484210000e+15
-2.485057069486190000e+15
-2.490835591142800500e+15
-2.496590391793174500e+15
-2.502321866776442500e+15
-2.508030411431739000e+15
-2.513716421098194500e+15
-2.519380291114942500e+15
-2.525022416821115000e+15
-2.530643193555845500e+15
-2.536243016658264500e+15
-2.541822281467505500e+15
-2.547381383322700500e+15
-2.552920717562982000e+15
-2.558440679527483000e+15
-2.563941664555334500e+15
-2.569424067985670000e+15
-2.574888285157621500e+15
-2.580334699254352500e+15
-2.585763644835152000e+15
-2.591175444303340500e+15
-2.596570420062236000e+15
-2.601948894515160500e+15
-2.607311190065433500e+15
-2.612657629116373500e+15
-2.617988534071302500e+15
-2.623304227333538500e+15
-2.628605031306403000e+15
-2.633891268393215500e+15
-2.639163260997295500e+15
-2.644421331521963500e+15
-2.649665802370538500e+15
-2.654896995946341500e+15
-2.660115234652692000e+15
-2.665320840892910500e+15
-2.670514137070316000e+15
-2.675695445588229000e+15
-2.680865088849969000e+15
-2.686023455864066000e+15
-2.691171202059886000e+15
-2.696309049472007000e+15
-2.701437720135002500e+15
-2.706557936083451000e+15
-2.711670419351928500e+15
-2.716775891975009500e+15
-2.721875075987272500e+15
-2.726968693423291500e+15
-2.732057466317644500e+15
-2.737142116704906500e+15
-2.742223366619655000e+15
-2.747301938096465500e+15
-2.752378553169914500e+15
-2.757453933874577500e+15
-2.762528802245031000e+15
-2.767603880315853000e+15
-2.772679890121616500e+15
-2.777757553696900000e+15
-2.782837593076279500e+15
-2.787920680767185500e+15
-2.793007291168465000e+15
-2.798097849151823000e+15
-2.803192779588958000e+15
-2.808292507351576000e+15
-2.813397457311379000e+15
-2.818508054340067500e+15
-2.823624723309345500e+15
-2.828747889090914000e+15
-2.833877976556478000e+15
-2.839015410577737500e+15
-2.844160616026396000e+15
-2.849314017774156000e+15
-2.854476040692720000e+15
-2.859647109653789500e+15
-2.864827649529068500e+15
-2.870018085190258500e+15
-2.875218841509062000e+15
-2.880430343357181500e+15
-2.885653015606319500e+15
-2.890887328333595500e+15
-2.896133932437799000e+15
-2.901393524023135500e+15
-2.906666799193810500e+15
-2.911954454054030500e+15
-2.917257184708002000e+15
-2.922575687259929500e+15
-2.927910657814020000e+15
-2.933262792474479500e+15
-2.938632787345514500e+15
-2.944021338531330000e+15
-2.949429142136133000e+15
-2.954856894264127500e+15
-2.960305291019522000e+15
-2.965775028506520000e+15
-2.971266802829329500e+15
-2.976781310092157000e+15
-2.982319246399206000e+15
-2.987881307854683500e+15
-2.993468190562797000e+15
-2.999080515460306000e+15
-3.004718602814196500e+15
-3.010382697724005500e+15
-3.016073045289273500e+15
-3.021789890609540000e+15
-3.027533478784346000e+15
-3.033304054913228000e+15
-3.039101864095728000e+15
-3.044927151431383000e+15
-3.050780162019735000e+15
-3.056661140960322000e+15
-3.062570333352683500e+15
-3.068507984296359500e+15
-3.074474338890889500e+15
-3.080469642235811000e+15
-3.086494139430666500e+15
-3.092548075574994000e+15
-3.098631695768332500e+15
-3.104745245110222000e+15
-3.110888968700201000e+15
-3.117063106697547500e+15
-3.123267879500484500e+15
-3.129503502566972500e+15
-3.135770191354970500e+15
-3.142068161322441500e+15
-3.148397627927346000e+15
-3.154758806627642000e+15
-3.161151912881292000e+15
-3.167577162146255500e+15
-3.174034769880494500e+15
-3.180524951541968500e+15
-3.187047922588638500e+15
-3.193603898478464000e+15
-3.200193094669407000e+15
-3.206815726619426000e+15
-3.213472009786484000e+15
-3.220162159628540500e+15
-3.226886391603556000e+15
-3.233644921169491000e+15
-3.240437963784305500e+15
-3.247265676000842000e+15
-3.254127978751468000e+15
-3.261024734063431500e+15
-3.267955803963981000e+15
-3.274921050480364500e+15
-3.281920335639832000e+15
-3.288953521469630000e+15
-3.296020469997009000e+15
-3.303121043249215000e+15
-3.310255103253499000e+15
-3.317422512037108000e+15
-3.324623131627291000e+15
-3.331856824051296000e+15
-3.339123451336372500e+15
-3.346422875509766500e+15
-3.353754958598730000e+15
-3.361119562630509500e+15
-3.368516549632353000e+15
-3.375945781631510500e+15
-3.383407120655229000e+15
-3.390900385881572000e+15
-3.398425225091860000e+15
-3.405981243218225500e+15
-3.413568045192802000e+15
-3.421185235947724000e+15
-3.428832420415128000e+15
-3.436509203527144000e+15
-3.444215190215907000e+15
-3.451949985413552000e+15
-3.459713194052211500e+15
-3.467504421064021000e+15
-3.475323271381113000e+15
-3.483169349935622000e+15
-3.491042261659682000e+15
-3.498941611485426000e+15
-3.506867004344989000e+15
-3.514818045170505000e+15
-3.522794338894107000e+15
-3.530795490447928000e+15
-3.538821104764105000e+15
-3.546870758785897000e+15
-3.554943917501076500e+15
-3.563040017908543000e+15
-3.571158497007194000e+15
-3.579298791795931000e+15
-3.587460339273653000e+15
-3.595642576439257000e+15
-3.603844940291645500e+15
-3.612066867829715000e+15
-3.620307796052366000e+15
-3.628567161958498000e+15
-3.636844402547010500e+15
-3.645138954816801000e+15
-3.653450255766771000e+15
-3.661777742395817500e+15
-3.670120851702841500e+15
-3.678479020686742000e+15
-3.686851686346418000e+15
-3.695238285680768000e+15
-3.703638255688692000e+15
-3.712051023451733500e+15
-3.720475976382004500e+15
-3.728912491974263500e+15
-3.737359947723267500e+15
-3.745817721123772500e+15
-3.754285189670539500e+15
-3.762761730858320500e+15
-3.771246722181877500e+15
-3.779739541135963000e+15
-3.788239565215339500e+15
-3.796746171914760000e+15
-3.805258738728984500e+15
-3.813776643152767500e+15
-3.822299262680869500e+15
-3.830825974808044500e+15
-3.839356157029051500e+15
-3.847889186838649000e+15
-3.856424441731591000e+15
-3.864961299202637500e+15
-3.873499136746544000e+15
-3.882037309056295500e+15
-3.890575079617781000e+15
-3.899111689115117000e+15
-3.907646378232418000e+15
-3.916178387653802000e+15
-3.924706958063384500e+15
-3.933231330145281500e+15
-3.941750744583609500e+15
-3.950264442062482000e+15
-3.958771663266018500e+15
-3.967271648878333500e+15
-3.975763639583544500e+15
-3.984246876065764500e+15
-3.992720599009113500e+15
-4.001184049097703500e+15
-4.009636467015654000e+15
-4.018077093447080000e+15
-4.026505169076096000e+15
-4.034919934586820000e+15
-4.043320630663368000e+15
-4.051706536553045000e+15
-4.060077085755922000e+15
-4.068431750335255500e+15
-4.076770002354304500e+15
-4.085091313876328500e+15
-4.093395156964586500e+15
-4.101681003682336000e+15
-4.109948326092839000e+15
-4.118196596259349500e+15
-4.126425286245130500e+15
-4.134633868113439000e+15
-4.142821813927534500e+15
-4.150988595750675000e+15
-4.159133685646119500e+15
-4.167256555677126500e+15
-4.175356677906957000e+15
-4.183433524398867500e+15
-4.191486567216117000e+15
-4.199515278421965000e+15
-4.207519130079670000e+15
-4.215497621893727000e+15
-4.223450364133567500e+15
-4.231376994709863500e+15
-4.239277151533279500e+15
-4.247150472514487500e+15
-4.254996595564157000e+15
-4.262815158592952500e+15
-4.270605799511546500e+15
-4.278368156230606000e+15
-4.286101866660801500e+15
-4.293806568712800000e+15
-4.301481900297272000e+15
-4.309127499324883500e+15
-4.316743003706307000e+15
-4.324328051352207000e+15
-4.331882280173256000e+15
-4.339405328080122500e+15
-4.346896832983472000e+15
-4.354356432793976000e+15
-4.361783765422303500e+15
-4.369178499931083000e+15
-4.376540429990796000e+15
-4.383869380423880500e+15
-4.391165176052775500e+15
-4.398427641699923500e+15
-4.405656602187766500e+15
-4.412851882338739500e+15
-4.420013306975288000e+15
-4.427140700919848000e+15
-4.434233888994861500e+15
-4.441292696022768500e+15
-4.448316946826011500e+15
-4.455306466227026500e+15
-4.462261079048258000e+15
-4.469180610112142000e+15
-4.476064884241121500e+15
-4.482913726257638000e+15
-4.489726960984128000e+15
-4.496504413243034000e+15
-4.503245907856796000e+15
-4.509951327029435000e+15
-4.516620782491297000e+15
-4.523254443354309000e+15
-4.529852478730392000e+15
-4.536415057731480000e+15
-4.542942349469495000e+15
-4.549434523056364000e+15
-4.555891747604014000e+15
-4.562314192224369000e+15
-4.568702026029359000e+15
-4.575055418130907000e+15
-4.581374537640942000e+15
-4.587659553671388000e+15
-4.593910635334174000e+15
-4.600127951741223000e+15
-4.606311672004463000e+15
-4.612461965235822000e+15
-4.618579000547223000e+15
-4.624662947050596000e+15
-4.630713973857864000e+15
-4.636732292724710000e+15
-4.642718285981837000e+15
-4.648672378603700000e+15
-4.654594995564754000e+15
-4.660486561839460000e+15
-4.666347502402274000e+15
-4.672178242227649000e+15
-4.677979206290048000e+15
-4.683750819563922000e+15
-4.689493507023732000e+15
-4.695207693643931000e+15
-4.700893804398981000e+15
-4.706552264263333000e+15
-4.712183498211448000e+15
-4.717787931217780000e+15
-4.723365988256789000e+15
-4.728918094302931000e+15
-4.734444674330661000e+15
-4.739946153314437000e+15
-4.745422956228715000e+15
-4.750875533251412000e+15
-4.756304435374276000e+15
-4.761710238792515000e+15
-4.767093519701335000e+15
-4.772454854295947000e+15
-4.777794818771556000e+15
-4.783113989323370000e+15
-4.788412942146598000e+15
-4.793692253436445000e+15
-4.798952499388121000e+15
-4.804194256196834000e+15
-4.809418100057790000e+15
-4.814624607166196000e+15
-4.819814353717261000e+15
-4.824987915906192000e+15
-4.830145869928199000e+15
-4.835288791978487000e+15
-4.840417258252263000e+15
-4.845531844944736000e+15
-4.850633128251115000e+15
-4.855721699488360000e+15
-4.860798210460447000e+15
-4.865863328093110000e+15
-4.870917719312077000e+15
-4.875962051043081000e+15
-4.880996990211855000e+15
-4.886023203744125000e+15
-4.891041358565628000e+15
-4.896052121602090000e+15
-4.901056159779245000e+15
-4.906054140022824000e+15
-4.911046729258558000e+15
-4.916034594412177000e+15
-4.921018402409415000e+15
-4.925998820175997000e+15
-4.930976514637661000e+15
-4.935952152720136000e+15
-4.940926401349152000e+15
-4.945899927450440000e+15
-4.950873397949732000e+15
-4.955847467537794000e+15
-4.960822741965530000e+15
-4.965799814748879000e+15
-4.970779279403780000e+15
-4.975761729446173000e+15
-4.980747758391999000e+15
-4.985737959757191000e+15
-4.990732927057694000e+15
-4.995733253809442000e+15
-5.000739533528380000e+15
-5.005752359730443000e+15
-5.010772325931573000e+15
-5.015800025647706000e+15
-5.020836052394784000e+15
-5.025880999688742000e+15
-5.030935461045524000e+15
-5.036000029981068000e+15
-5.041075300011311000e+15
-5.046161864652193000e+15
-5.051260317419654000e+15
-5.056371253038073000e+15
-5.061495271065594000e+15
-5.066632972268796000e+15
-5.071784957414266000e+15
-5.076951827268586000e+15
-5.082134182598341000e+15
-5.087332624170109000e+15
-5.092547752750478000e+15
-5.097780169106027000e+15
-5.103030474003344000e+15
-5.108299268209008000e+15
-5.113587152489605000e+15
-5.118894727611715000e+15
-5.124222594341923000e+15
-5.129571353446810000e+15
-5.134941605692963000e+15
-5.140333951846963000e+15
-5.145748992675391000e+15
-5.151187328944833000e+15
-5.156649561421872000e+15
-5.162136219664817000e+15
-5.167647548398893000e+15
-5.173183721141048000e+15
-5.178744911408234000e+15
-5.184331292717402000e+15
-5.189943038585503000e+15
-5.195580322529484000e+15
-5.201243318066300000e+15
-5.206932198712898000e+15
-5.212647137986229000e+15
-5.218388309403247000e+15
-5.224155886480900000e+15
-5.229950042736138000e+15
-5.235770951685913000e+15
-5.241618786847172000e+15
-5.247493721736871000e+15
-5.253395929871959000e+15
-5.259325584769383000e+15
-5.265282859946096000e+15
-5.271267928919050000e+15
-5.277280950784580000e+15
-5.283322026956571000e+15
-5.289391244428294000e+15
-5.295488690193018000e+15
-5.301614451244016000e+15
-5.307768614574560000e+15
-5.313951267177916000e+15
-5.320162496047361000e+15
-5.326402388176159000e+15
-5.332671030557586000e+15
-5.338968510184911000e+15
-5.345294914051405000e+15
-5.351650329150339000e+15
-5.358034842474984000e+15
-5.364448541018608000e+15
-5.370891511774485000e+15
-5.377363841735887000e+15
-5.383865617896081000e+15
-5.390396927248340000e+15
-5.396957856785935000e+15
-5.403548435681385000e+15
-5.410168461824205000e+15
-5.416817675283158000e+15
-5.423495816127008000e+15
-5.430202624424519000e+15
-5.436937840244456000e+15
-5.443701203655581000e+15
-5.450492454726659000e+15
-5.457311333526450000e+15
-5.464157580123723000e+15
-5.471030934587239000e+15
-5.477931136985762000e+15
-5.484857927388055000e+15
-5.491811045862884000e+15
-5.498790232479009000e+15
-5.505795227305197000e+15
-5.512825770410212000e+15
-5.519881601862815000e+15
-5.526962461731770000e+15
-5.534068090085843000e+15
-5.541198159568508000e+15
-5.548352073122094000e+15
-5.555529166263637000e+15
-5.562728774510176000e+15
-5.569950233378750000e+15
-5.577192878386398000e+15
-5.584456045050158000e+15
-5.591739068887070000e+15
-5.599041285414171000e+15
-5.606362030148499000e+15
-5.613700638607097000e+15
-5.621056446307000000e+15
-5.628428788765246000e+15
-5.635817001498877000e+15
-5.643220420024927000e+15
-5.650638379860439000e+15
-5.658070216522451000e+15
-5.665515265527998000e+15
-5.672972862394124000e+15
-5.680442342637865000e+15
-5.687923082677242000e+15
-5.695414622534220000e+15
-5.702916543131745000e+15
-5.710428425392759000e+15
-5.717949850240211000e+15
-5.725480398597049000e+15
-5.733019651386214000e+15
-5.740567189530656000e+15
-5.748122593953316000e+15
-5.755685445577146000e+15
-5.763255325325090000e+15
-5.770831814120091000e+15
-5.778414492885097000e+15
-5.786002942543056000e+15
-5.793596744016909000e+15
-5.801195478229608000e+15
-5.808798726104096000e+15
-5.816406068563316000e+15
-5.824017086530218000e+15
-5.831631360927748000e+15
-5.839248387256778000e+15
-5.846867319329902000e+15
-5.854487225537635000e+15
-5.862107174270498000e+15
-5.869726233919010000e+15
-5.877343472873690000e+15
-5.884957959525056000e+15
-5.892568762263630000e+15
-5.900174949479926000e+15
-5.907775589564468000e+15
-5.915369750907772000e+15
-5.922956501900359000e+15
-5.930534910932746000e+15
-5.938104046395455000e+15
-5.945662976679000000e+15
-5.953210770173904000e+15
-5.960746495270687000e+15
-5.968269220359864000e+15
-5.975778013831957000e+15
-5.983271944077484000e+15
-5.990750155881002000e+15
-5.998212099603219000e+15
-6.005657301998877000e+15
-6.013085289822719000e+15
-6.020495589829496000e+15
-6.027887728773949000e+15
-6.035261233410821000e+15
-6.042615630494859000e+15
-6.049950446780804000e+15
-6.057265209023405000e+15
-6.064559443977404000e+15
-6.071832678397546000e+15
-6.079084439038575000e+15
-6.086314252655238000e+15
-6.093521646002274000e+15
-6.100706145834433000e+15
-6.107867278906459000e+15
-6.115004571973092000e+15
-6.122117551789082000e+15
-6.129205745109170000e+15
-6.136268643463628000e+15
-6.143305597484835000e+15
-6.150315922580697000e+15
-6.157298934159112000e+15
-6.164253947627992000e+15
-6.171180278395241000e+15
-6.178077241868757000e+15
-6.184944153456452000e+15
-6.191780328566226000e+15
-6.198585082605986000e+15
-6.205357730983634000e+15
-6.212097589107080000e+15
-6.218803972384222000e+15
-6.225476196222970000e+15
-6.232113576031224000e+15
-6.238715427216892000e+15
-6.245281065187879000e+15
-6.251809805352086000e+15
-6.258300963117421000e+15
-6.264753853891787000e+15
-6.271167893410213000e+15
-6.277542898716226000e+15
-6.283878787180474000e+15
-6.290175476173605000e+15
-6.296432883066271000e+15
-6.302650925229123000e+15
-6.308829520032805000e+15
-6.314968584847974000e+15
-6.321068037045271000e+15
-6.327127793995353000e+15
-6.333147773068866000e+15
-6.339127891636462000e+15
-6.345068067068787000e+15
-6.350968216736493000e+15
-6.356828258010228000e+15
-6.362648108260643000e+15
-6.368427684858388000e+15
-6.374166905174112000e+15
-6.379865686578463000e+15
-6.385523946442093000e+15
-6.391141598616906000e+15
-6.396718542879831000e+15
-6.402254675489052000e+15
-6.407749892702755000e+15
-6.413204090779124000e+15
-6.418617165976347000e+15
-6.423989014552602000e+15
-6.429319532766079000e+15
-6.434608616874960000e+15
-6.439856163137433000e+15
-6.445062067811678000e+15
-6.450226227155885000e+15
-6.455348537428232000e+15
-6.460428894886912000e+15
-6.465467195790101000e+15
-6.470463336395991000e+15
-6.475417212962764000e+15
-6.480328721748603000e+15
-6.485197759011695000e+15
-6.490024221010225000e+15
-6.494808081952428000e+15
-6.499549627846761000e+15
-6.504249222651728000e+15
-6.508907230325832000e+15
-6.513524014827585000e+15
-6.518099940115491000e+15
-6.522635370148055000e+15
-6.527130668883785000e+15
-6.531586200281182000e+15
-6.536002328298760000e+15
-6.540379416895021000e+15
-6.544717830028472000e+15
-6.549017931657617000e+15
-6.553280085740965000e+15
-6.557504656237020000e+15
-6.561692007104290000e+15
-6.565842502301282000e+15
-6.569956505786499000e+15
-6.574034381518449000e+15
-6.578076493455638000e+15
-6.582083205240923000e+15
-6.586054879254561000e+15
-6.589991877561161000e+15
-6.593894562225330000e+15
-6.597763295311677000e+15
-6.601598438884811000e+15
-6.605400355009338000e+15
-6.609169405749868000e+15
-6.612905953171007000e+15
-6.616610359337365000e+15
-6.620282986313549000e+15
-6.623924196164170000e+15
-6.627534350953832000e+15
-6.631113812747146000e+15
-6.634662943608717000e+15
-6.638182105603157000e+15
-6.641671660795075000e+15
-6.645131971249073000e+15
-6.648563399029764000e+15
-6.651966306201755000e+15
-6.655341127746469000e+15
-6.658688590312582000e+15
-6.662009493465589000e+15
-6.665304636770978000e+15
-6.668574819794245000e+15
-6.671820842100883000e+15
-6.675043503256380000e+15
-6.678243602826232000e+15
-6.681421940375927000e+15
-6.684579315470961000e+15
-6.687716527676825000e+15
-6.690834376559012000e+15
-6.693933661683012000e+15
-6.697015182614319000e+15
-6.700079738918423000e+15
-6.703128130160818000e+15
-6.706161155906998000e+15
-6.709179615722452000e+15
-6.712184309172672000e+15
-6.715176035823154000e+15
-6.718155558054653000e+15
-6.721123489508998000e+15
-6.724080406643286000e+15
-6.727026885914605000e+15
-6.729963503780054000e+15
-6.732890836696728000e+15
-6.735809461121718000e+15
-6.738719953512121000e+15
-6.741622890325029000e+15
-6.744518848017538000e+15
-6.747408403046742000e+15
-6.750292131869736000e+15
-6.753170610943614000e+15
-6.756044416725469000e+15
-6.758914125672395000e+15
-6.761780314241489000e+15
-6.764643558889846000e+15
-6.767504436074555000e+15
-6.770363522252716000e+15
-6.773221393881419000e+15
-6.776078619655838000e+15
-6.778935737223445000e+15
-6.781793276469793000e+15
-6.784651767280427000e+15
-6.787511739540902000e+15
-6.790373723136769000e+15
-6.793238247953575000e+15
-6.796105843876873000e+15
-6.798977040792211000e+15
-6.801852368585143000e+15
-6.804732357141216000e+15
-6.807617536345982000e+15
-6.810508436084990000e+15
-6.813405586243794000e+15
-6.816309516707939000e+15
-6.819220757362979000e+15
-6.822139838094466000e+15
-6.825067288787945000e+15
-6.828003639328971000e+15
-6.830949419603092000e+15
-6.833905150072423000e+15
-6.836871313505324000e+15
-6.839848383246722000e+15
-6.842836832641539000e+15
-6.845837135034704000e+15
-6.848849763771139000e+15
-6.851875192195769000e+15
-6.854913893653521000e+15
-6.857966341489316000e+15
-6.861033009048082000e+15
-6.864114369674744000e+15
-6.867210896714226000e+15
-6.870323063511453000e+15
-6.873451343411351000e+15
-6.876596209758840000e+15
-6.879758135898851000e+15
-6.882937595176308000e+15
-6.886135060936133000e+15
-6.889351006523252000e+15
-6.892585905282590000e+15
-6.895840186582517000e+15
-6.899114103885164000e+15
-6.902407866676113000e+15
-6.905721684440936000e+15
-6.909055766665216000e+15
-6.912410322834534000e+15
-6.915785562434460000e+15
-6.919181694950578000e+15
-6.922598929868462000e+15
-6.926037476673691000e+15
-6.929497544851845000e+15
-6.932979343888501000e+15
-6.936483083269236000e+15
-6.940008972479628000e+15
-6.943557221005255000e+15
-6.947128038331695000e+15
-6.950721633944530000e+15
-6.954338217329330000e+15
-6.957977997971678000e+15
-6.961641185357152000e+15
-6.965327913537193000e+15
-6.969038014826693000e+15
-6.972771246106413000e+15
-6.976527364257105000e+15
-6.980306126159534000e+15
-6.984107288694454000e+15
-6.987930608742621000e+15
-6.991775843184795000e+15
-6.995642748901732000e+15
-6.999531082774191000e+15
-7.003440601682929000e+15
-7.007371062508704000e+15
-7.011322222132271000e+15
-7.015293837434392000e+15
-7.019285665295820000e+15
-7.023297462597315000e+15
-7.027328986219636000e+15
-7.031379993043538000e+15
-7.035450239949779000e+15
-7.039539483819119000e+15
-7.043647497074208000e+15
-7.047774114305284000e+15
-7.051919185644478000e+15
-7.056082561223922000e+15
-7.060264091175748000e+15
-7.064463625632090000e+15
-7.068681014725073000e+15
-7.072916108586836000e+15
-7.077168757349506000e+15
-7.081438811145218000e+15
-7.085726120106103000e+15
-7.090030534364292000e+15
-7.094351904051916000e+15
-7.098690079301109000e+15
-7.103044910244000000e+15
-7.107416247012723000e+15
-7.111803939739411000e+15
-7.116207838556192000e+15
-7.120627793595200000e+15
-7.125063654988566000e+15
-7.129515193296699000e+15
-7.133981860793103000e+15
-7.138463030179564000e+15
-7.142958074157861000e+15
-7.147466365429780000e+15
-7.151987276697104000e+15
-7.156520180661613000e+15
-7.161064450025089000e+15
-7.165619457489316000e+15
-7.170184575756078000e+15
-7.174759177527156000e+15
-7.179342635504333000e+15
-7.183934322389391000e+15
-7.188533610884115000e+15
-7.193139873690282000e+15
-7.197752483509680000e+15
-7.202370813044092000e+15
-7.206994234995297000e+15
-7.211622122065079000e+15
-7.216253846955222000e+15
-7.220888779357369000e+15
-7.225526276922619000e+15
-7.230165694291928000e+15
-7.234806386106255000e+15
-7.239447707006563000e+15
-7.244089011633810000e+15
-7.248729654628951000e+15
-7.253368990632950000e+15
-7.258006374286761000e+15
-7.262641160231348000e+15
-7.267272703107666000e+15
-7.271900357556680000e+15
-7.276523478219341000e+15
-7.281141419736613000e+15
-7.285753536749453000e+15
-7.290359183898823000e+15
-7.294957715825682000e+15
-7.299548487170984000e+15
-7.304130852575692000e+15
-7.308704166680764000e+15
-7.313267806538783000e+15
-7.317821238848818000e+15
-7.322363952721565000e+15
-7.326895437267711000e+15
-7.331415181597957000e+15
-7.335922674822995000e+15
-7.340417406053514000e+15
-7.344898864400212000e+15
-7.349366538973777000e+15
-7.353819918884908000e+15
-7.358258493244294000e+15
-7.362681751162633000e+15
-7.367089181750614000e+15
-7.371480274118932000e+15
-7.375854517378279000e+15
-7.380211400639350000e+15
-7.384550413012842000e+15
-7.388871043609440000e+15
-7.393172781539843000e+15
-7.397455115914744000e+15
-7.401717513432593000e+15
-7.405959351142874000e+15
-7.410179983682826000e+15
-7.414378765689692000e+15
-7.418555051800712000e+15
-7.422708196653130000e+15
-7.426837554884180000e+15
-7.430942481131108000e+15
-7.435022330031153000e+15
-7.439076456221559000e+15
-7.443104214339564000e+15
-7.447104959022410000e+15
-7.451078044907336000e+15
-7.455022826631588000e+15
-7.458938658832398000e+15
-7.462824896147016000e+15
-7.466680893212680000e+15
-7.470506004666629000e+15
-7.474299585146105000e+15
-7.478060989288349000e+15
-7.481789621382758000e+15
-7.485485084327352000e+15
-7.489147030672306000e+15
-7.492775112967792000e+15
-7.496368983763989000e+15
-7.499928295611075000e+15
-7.503452701059218000e+15
-7.506941852658599000e+15
-7.510395402959389000e+15
-7.513813004511767000e+15
-7.517194309865906000e+15
-7.520538971571984000e+15
-7.523846642180171000e+15
-7.527116974240647000e+15
-7.530349620303585000e+15
-7.533544232919161000e+15
-7.536700464637553000e+15
-7.539817968008929000e+15
-7.542896395583472000e+15
-7.545935399911354000e+15
-7.548934674934046000e+15
-7.551894080158207000e+15
-7.554813516481794000e+15
-7.557692884802755000e+15
-7.560532086019052000e+15
-7.563331021028637000e+15
-7.566089590729462000e+15
-7.568807696019485000e+15
-7.571485237796657000e+15
-7.574122116958938000e+15
-7.576718234404277000e+15
-7.579273491030635000e+15
-7.581787787735960000e+15
-7.584261025418212000e+15
-7.586693104975339000e+15
-7.589083927305302000e+15
-7.591433393306054000e+15
-7.593741403875548000e+15
-7.596007859911740000e+15
-7.598232662312584000e+15
-7.600415735024594000e+15
-7.602557094188508000e+15
-7.604656778993630000e+15
-7.606714828629254000e+15
-7.608731282284684000e+15
-7.610706179149219000e+15
-7.612639558412156000e+15
-7.614531459262796000e+15
-7.616381920890437000e+15
-7.618190982484380000e+15
-7.619958683233923000e+15
-7.621685062328368000e+15
-7.623370158957010000e+15
-7.625014012309153000e+15
-7.626616661574091000e+15
-7.628178145941128000e+15
-7.629698504599564000e+15
-7.631177776738693000e+15
-7.632616001547819000e+15
-7.634013218216241000e+15
-7.635369533982884000e+15
-7.636685328285186000e+15
-7.637961048610212000e+15
-7.639197142445019000e+15
-7.640394057276679000e+15
-7.641552240592255000e+15
-7.642672139878805000e+15
-7.643754202623399000e+15
-7.644798876313096000e+15
-7.645806608434963000e+15
-7.646777846476063000e+15
-7.647713037923461000e+15
-7.648612630264219000e+15
-7.649477070985403000e+15
-7.650306807574072000e+15
-7.651102287517296000e+15
-7.651863958302138000e+15
-7.652592267415656000e+15
-7.653287662344921000e+15
-7.653950590576992000e+15
-7.654581485021735000e+15
-7.655180720280196000e+15
-7.655748656376228000e+15
-7.656285653333674000e+15
-7.656792071176386000e+15
-7.657268269928215000e+15
-7.657714609613004000e+15
-7.658131450254604000e+15
-7.658519151876863000e+15
-7.658878074503630000e+15
-7.659208578158753000e+15
-7.659511022866082000e+15
-7.659785768649463000e+15
-7.660033175532746000e+15
-7.660253603539776000e+15
-7.660447412694407000e+15
-7.660614963020485000e+15
-7.660756614541858000e+15
-7.660872727282374000e+15
-7.660963661265882000e+15
-7.661029821820936000e+15
-7.661071795494898000e+15
-7.661090214139843000e+15
-7.661085709607837000e+15
-7.661058913750951000e+15
-7.661010458421258000e+15
-7.660940975470823000e+15
-7.660851096751719000e+15
-7.660741454116014000e+15
-7.660612679415780000e+15
-7.660465404503086000e+15
-7.660300261230004000e+15
-7.660117881448600000e+15
-7.659918897010950000e+15
-7.659703939769114000e+15
-7.659473641575171000e+15
-7.659228634281190000e+15
-7.658969549739237000e+15
-7.658697019801383000e+15
-7.658411676319699000e+15
-7.658114154539460000e+15
-7.657805103278750000e+15
-7.657485174748859000e+15
-7.657155021161074000e+15
-7.656815294726686000e+15
-7.656466647656990000e+15
-7.656109732163263000e+15
-7.655745200456804000e+15
-7.655373704748899000e+15
-7.654995897250837000e+15
-7.654612430173909000e+15
-7.654223955729404000e+15
-7.653831126128610000e+15
-7.653434593582818000e+15
-7.653035010303315000e+15
-7.652633028501391000e+15
-7.652229300388339000e+15
-7.651824478175443000e+15
-7.651419214073996000e+15
-7.651014160295285000e+15
-7.650609912472245000e+15
-7.650206839924382000e+15
-7.649805255392847000e+15
-7.649405471618794000e+15
-7.649007801343369000e+15
-7.648612557307727000e+15
-7.648220052253018000e+15
-7.647830598920393000e+15
-7.647444510051002000e+15
-7.647062098385998000e+15
-7.646683676666531000e+15
-7.646309557633754000e+15
-7.645940054028812000e+15
-7.645575478592864000e+15
-7.645216144067057000e+15
-7.644862363192544000e+15
-7.644514448710475000e+15
-7.644172713361997000e+15
-7.643837469888266000e+15
-7.643509031030434000e+15
-7.643187723439853000e+15
-7.642873929408698000e+15
-7.642568045139348000e+15
-7.642270466834175000e+15
-7.641981590695561000e+15
-7.641701812925879000e+15
-7.641431529727510000e+15
-7.641171137302830000e+15
-7.640921031854215000e+15
-7.640681609584045000e+15
-7.640453266694695000e+15
-7.640236399388542000e+15
-7.640031403867964000e+15
-7.639838676335340000e+15
-7.639658612993044000e+15
-7.639491610043453000e+15
-7.639338063688947000e+15
-7.639198370131905000e+15
-7.639072925574699000e+15
-7.638962126219709000e+15
-7.638866368269312000e+15
-7.638786047925886000e+15
-7.638721561391806000e+15
-7.638673304869453000e+15
-7.638641674561198000e+15
-7.638627066669425000e+15
-7.638629877396508000e+15
-7.638650502944824000e+15
-7.638689339516752000e+15
-7.638746783314664000e+15
-7.638823230540946000e+15
-7.638919077397968000e+15
-7.639034720088113000e+15
-7.639170554813752000e+15
-7.639326977777264000e+15
-7.639504385181030000e+15
-7.639703173227425000e+15
-7.639923738118825000e+15
-7.640166476057608000e+15
