0.000000000000000000e+00
0.000000000000000000e+00
9.091594606563662704e-09
2.757969284001439724e-09
1.142927115339234806e-09
5.658147995455376793e-10
3.143907886271009789e-10
1.895594531561121977e-10
1.214700678019942181e-10
8.161159582325485180e-11
5.694331411448871747e-11
4.098278295230487018e-11
3.026184047725671441e-11
2.283639292148745171e-11
1.756014941292253957e-11
1.372374207458791363e-11
1.087990470510889890e-11
8.735369551119638547e-12
7.092515270569754180e-12
5.816732769139661217e-12
4.813546839071708609e-12
4.016406192310782749e-12
3.376491846517049546e-12
2.858224097577197534e-12
2.434559773606890069e-12
2.085720093093341758e-12
1.796583716111629616e-12
1.555141572103286879e-12
1.352514758074690334e-12
1.181262081135757943e-12
1.035937362474053487e-12
9.118965083281052789e-13
8.055582488301565392e-13
7.140232857396802911e-13
6.348852380512160260e-13
5.661832262818793926e-13
5.063452163991340440e-13
4.540351456218947575e-13
4.081751506737546242e-13
3.678358854018226758e-13
3.322173492467314457e-13
3.007164436171802814e-13
2.727769252904460816e-13
2.479282761284624690e-13
2.257548929622784826e-13
2.059495849129204479e-13
1.882168767208741580e-13
1.722910185663256894e-13
1.579682894935517278e-13
1.450497272829446439e-13
1.333938841455043288e-13
1.228477229385865488e-13
1.132961597010818133e-13
1.046220291389258467e-13
9.673835964222013075e-14
8.955446590737812284e-14
8.300402697949176264e-14
7.702188503404148531e-14
7.155589939111193566e-14
6.654412477009119250e-14
6.194722771053239851e-14
5.772956462124586066e-14
5.384645144732046560e-14
5.027854892820435290e-14
4.698519615627948332e-14
4.395201484703407860e-14
4.114546498748527958e-14
3.855490047256345727e-14
3.615529556364781473e-14
3.393295512654073446e-14
3.187010542678730000e-14
2.995823480770094378e-14
2.817996579539852959e-14
2.652658948577757969e-14
2.498791332292830808e-14
2.355469284131959276e-14
2.221853278276572548e-14
2.097005777914366645e-14
1.980588930153634901e-14
1.871785920979457762e-14
1.770018837606389063e-14
1.674759755338763050e-14
1.585661530627488219e-14
1.502004519788579603e-14
1.423649331953004846e-14
1.350089802531172874e-14
1.280985689022461239e-14
1.216024252576114201e-14
1.154917763887687041e-14
1.097499189333583100e-14
1.043417866224682073e-14
9.925388298784663983e-15
9.444715889907529839e-15
8.992003684229063104e-15
8.564588367286447167e-15
8.161589871254647951e-15
7.780676043181358462e-15
7.420446957263013824e-15
7.080271258227595150e-15
6.757581504232223152e-15
6.453184243046811655e-15
6.164117898667563492e-15
5.890626617420320562e-15
5.631198134482332924e-15
5.385524177223174146e-15
5.152259731259842298e-15
4.931169426037968312e-15
4.720582741405823676e-15
4.521146353112776087e-15
4.331443819827099178e-15
4.151053356094621481e-15
3.979570418545417819e-15
3.816371777250225538e-15
3.661072367810105280e-15
3.513159541426201116e-15
3.372334887155244534e-15
3.238106082083680225e-15
3.110183655494814301e-15
2.988163609540975414e-15
2.871794404943639503e-15
2.760745860729231402e-15
2.654767407180028175e-15
2.553537665241957150e-15
2.456866176026487822e-15
2.364491433121388524e-15
2.276194296315217330e-15
2.191768278344980500e-15
2.111042504699834507e-15
2.033785116466612677e-15
1.959869790133781809e-15
1.889087680336618505e-15
1.821328466837169717e-15
1.756424044435555737e-15
1.694236657801320712e-15
1.634636068161582725e-15
1.577517734461490273e-15
1.522727287627755718e-15
1.470173608984062846e-15
1.419752239468642263e-15
1.371364231988019697e-15
1.324915826515553855e-15
1.280318146361993601e-15
1.237486914106745859e-15
1.196327368027149729e-15
1.156793690297833582e-15
1.118784616019179857e-15
1.082246548800529513e-15
1.047114505236927220e-15
1.013326740636550241e-15
9.808119904761754670e-16
9.495276984544072015e-16
9.194207661540046199e-16
8.904290610070424045e-16
8.625167279323841865e-16
8.356379772634775857e-16
8.097384615909261594e-16
7.847879426942626719e-16
7.607468283327962821e-16
7.375574750303187439e-16
7.152145224858838410e-16
6.936545013474869560e-16
6.728737790182192515e-16
6.528133723402971172e-16
6.334623522881714342e-16
6.147836289774275540e-16
5.967589734855876743e-16
5.793541945517470184e-16
5.625450204246662579e-16
5.463082504713799054e-16
5.306217024322826230e-16
5.154715976979443119e-16
5.008298648700868557e-16
4.866771030190939255e-16
4.729947449800405904e-16
4.597650173896353855e-16
4.469709028395462230e-16
4.345961040233291739e-16
4.226250097619239852e-16
4.110426627998986208e-16
3.998286768549927345e-16
3.889815503403552001e-16
3.784819217105956563e-16
3.683114953391240953e-16
3.584696066547437312e-16
3.489334205314712286e-16
3.396921326538964229e-16
3.307457565723066505e-16
3.220735031153179016e-16
3.136707972946360686e-16
3.055281499384898967e-16
2.976316759151531094e-16
2.899775882755108356e-16
2.825528907619841661e-16
2.753542545299094055e-16
2.683695035972869822e-16
2.615957218215071270e-16
2.550257053586756859e-16
2.486442667271228013e-16
2.424573786461372697e-16
2.364464762007115464e-16
2.306136316613759256e-16
2.249528906099394217e-16
2.194510482387737647e-16
2.141103517434432968e-16
2.089218849202592838e-16
2.038842524416376990e-16
1.989890557598390356e-16
1.942283420324092118e-16
1.896078800509291811e-16
1.851132604488930093e-16
1.807437825917285131e-16
1.764986420512391994e-16
1.723707764845723377e-16
1.683534952039036092e-16
1.644493644940081291e-16
1.606518888133113261e-16
1.569577729090631787e-16
1.533638358012469000e-16
1.498670063700024373e-16
1.464643191311925817e-16
1.431529101913250609e-16
1.399300133734891001e-16
1.367929565063879889e-16
1.337391578689464822e-16
1.307636492441613175e-16
1.278690103962835124e-16
1.250480056690231173e-16
1.223031988283556568e-16
1.196276773014317366e-16
1.170194550371255207e-16
1.144810619279270394e-16
1.120060334108914446e-16
1.095947243328219215e-16
1.072452868265150092e-16
1.049559329808069019e-16
1.027228899054911657e-16
1.005465946381808710e-16
9.842344952173021150e-17
9.635392426247278699e-17
9.433649590263200079e-17
9.236781170082850727e-17
9.044838361799702352e-17
8.857682675985251878e-17
8.674822519579322181e-17
8.496672844333557442e-17
8.322752916897272863e-17
8.152948954936896030e-17
7.987318070516310687e-17
7.825580448326161125e-17
7.667794601416689723e-17
7.513692711142113043e-17
7.363334450636094755e-17
7.216463346920856200e-17
7.072987865781211440e-17
6.932819175292415910e-17
6.796018498271131466e-17
6.662350130431114707e-17
6.531875871791042868e-17
6.404369658635768195e-17
6.279755149232575840e-17
6.157958208623314467e-17
6.039041205628082121e-17
5.922795768163176079e-17
5.809154080113224508e-17
5.698050258983102944e-17
5.589546746196547449e-17
5.483451117923531568e-17
5.379703037606030919e-17
5.278243866001775153e-17
5.179135717860257505e-17
5.082083219459271965e-17
4.987269043916810414e-17
4.894521811568721695e-17
4.803790698938929430e-17
4.715136950070221137e-17
4.628289572302606213e-17
4.543314112231760630e-17
4.460271057437281027e-17
4.379007191741198317e-17
4.299376608008900289e-17
4.221544892116732120e-17
4.145366939754155796e-17
4.070803183376443148e-17
3.997815115889697311e-17
3.926365259025346925e-17
3.856417132756040885e-17
3.787935225715372298e-17
3.720884966585334462e-17
3.655232696416808256e-17
3.590945641849759557e-17
3.527991889201094916e-17
3.466340359389383396e-17
3.405874945798347337e-17
3.346739006151399272e-17
3.288816801233362206e-17
3.231997950956482812e-17
3.176421116442108755e-17
3.121896002825549495e-17
3.068558227883115977e-17
3.016223190267713407e-17
2.964946477775645683e-17
2.914704092362524262e-17
2.865397605693882265e-17
2.817155277789707979e-17
2.769805758850576905e-17
2.723402371508277959e-17
2.677923944097427314e-17
2.633349833458295645e-17
2.589659910293148638e-17
2.546766068790398414e-17
2.504719397180534408e-17
2.463501182217985177e-17
2.423093171342791900e-17
2.383477560099555145e-17
2.344572755622453841e-17
2.306427658523449001e-17
2.269025698673602912e-17
2.232350708347085875e-17
2.196325853149603307e-17
2.160998317903066858e-17
2.126353042917691754e-17
2.092375330334343812e-17
2.058992749613068019e-17
2.026250812583471336e-17
1.994135817304484533e-17
1.962578414677227155e-17
1.931622883800363695e-17
1.901256443405914432e-17
1.871466613743911471e-17
1.842187904658850269e-17
1.813463004508427873e-17
1.785228233547236720e-17
1.757576894972149398e-17
1.730394421319733190e-17
1.703671771506162151e-17
1.677449694170449443e-17
1.651717778153883762e-17
1.626465852369118362e-17
1.601636122501729109e-17
1.577220563521648104e-17
1.553304808659907648e-17
1.529785508960508137e-17
1.506655193401015974e-17
1.483951681581378651e-17
1.461666252714290802e-17
1.439790383204177946e-17
1.418228565364374430e-17
1.397104918598048789e-17
1.376324769400733730e-17
1.355923881231332642e-17
1.335852971982379541e-17
1.316147137998336872e-17
1.296758350858038134e-17
1.277721052666874518e-17
1.258988427713446388e-17
1.240594276579913664e-17
1.222531856375137823e-17
1.204756106393650875e-17
1.187261858776645539e-17
1.170081668431507850e-17
1.153209329326394494e-17
1.136601979034824950e-17
1.120291278800924458e-17
1.104235413345787787e-17
1.088429861898668668e-17
1.072940609068716563e-17
1.057656544065899874e-17
1.042643470439955778e-17
1.027896116860284793e-17
1.013375617499729081e-17
9.991113560957096654e-18
9.850653899327244925e-18
9.712665617368457110e-18
9.576778237740887350e-18
9.443274887212489900e-18
9.311793767453312937e-18
9.182300116989783292e-18
9.055069246701414002e-18
8.930057964308671328e-18
8.806921057463960451e-18
8.685626637621244980e-18
8.566440052895913830e-18
8.449027829520738562e-18
8.333650486488640876e-18
8.219982130919964910e-18
8.108278551357566584e-18
7.998221214949138471e-18
7.890061276529014905e-18
7.783487350291127734e-18
7.678473059225991671e-18
7.575262730688826151e-18
7.473822720656180386e-18
7.373590587010499474e-18
7.275074249089671231e-18
7.178241871106785999e-18
7.082805461978100165e-18
6.988742204008598998e-18
6.896281372760220211e-18
6.805144282691943270e-18
6.715556120406130879e-18
6.627244221154269506e-18
6.540187975825425884e-18
6.454606548722735237e-18
6.370235951742342736e-18
6.287291467790429407e-18
6.205514725648359159e-18
6.124887094213677018e-18
6.045618140461707859e-18
5.967457592425137648e-18
5.890611332263142014e-18
5.814834333812359606e-18
5.740109739476497151e-18
5.666638005465777133e-18
5.594181674034675365e-18
5.522724848086312203e-18
5.452462725208849045e-18
5.383165118939556319e-18
5.314817033295878055e-18
5.247608569011421102e-18
5.181316527975935841e-18
5.116127723392839482e-18
5.051823488251967204e-18
4.988390229490245198e-18
4.926009919895239125e-18
4.864470437413072658e-18
4.803758949264324400e-18
4.744052735677219156e-18
4.685145970803359350e-18
4.627026536129473045e-18
4.569867162235890940e-18
4.513468082235990015e-18
4.457817848894452377e-18
4.403084781272286918e-18
4.349074945080215705e-18
4.295777524185582591e-18
4.243356559634353571e-18
4.191623733661016309e-18
4.140568823673499870e-18
4.090351721737511428e-18
4.040789520276790408e-18
3.991872555106587911e-18
3.943756694028544306e-18
3.896264242542443292e-18
3.849386061996096676e-18
3.803274116471559401e-18
3.757755736166698274e-18
3.712822277188179225e-18
3.668465238134500251e-18
3.624831543050383877e-18
3.581754927574723523e-18
3.539379894212029632e-18
3.497543290309785523e-18
3.456237377057179183e-18
3.415454541547793481e-18
3.375334541112507753e-18
3.335574225735380854e-18
3.296604262306459397e-18
3.257979687001225855e-18
3.219981656548089617e-18
3.182458664496008903e-18
3.145403996842577108e-18
3.108949561100766300e-18
3.072947953829485481e-18
3.037392815968295779e-18
3.002412859750688132e-18
2.967730829908300200e-18
2.933742144774125248e-18
2.900039432742834672e-18
2.866750672360640775e-18
2.833999431677263474e-18
2.801776769443169687e-18
2.769819638975138877e-18
2.738377967036524514e-18
2.707318212488698469e-18
2.676635133091732711e-18
2.646323568023598747e-18
2.616500315551727521e-18
2.587036458819913533e-18
2.558046958802942505e-18
2.529286292720632001e-18
2.500988449113053058e-18
2.473028933545874661e-18
2.445519105612926189e-18
2.418221652060693917e-18
2.391363063329398907e-18
2.364823076334031378e-18
2.338709585600422444e-18
2.312793144024950957e-18
2.287293038604419194e-18
2.262093056514368912e-18
2.237297757603743955e-18
2.212685234804244855e-18
2.188467852733487321e-18
2.164533277109803840e-18
2.140982857856478362e-18
2.117601918073747005e-18
2.094596168184871933e-18
2.071856989534649145e-18
2.049482641500104704e-18
2.027265382784840085e-18
2.005404525594603484e-18
1.983795012255943633e-18
1.962532125861997006e-18
1.941414780573096758e-18
1.920636134778909579e-18
1.900094544921463529e-18
1.879786958078240140e-18
1.859805084671211774e-18
1.839955779355044883e-18
1.820424829847393619e-18
1.801207171402797448e-18
1.782114242343570963e-18
1.763327583359807524e-18
1.744661598575194711e-18
1.726295050218957976e-18
1.708223199015496089e-18
1.690264808879884672e-18
1.672594592490087785e-18
1.655121068756351242e-18
1.637841766854353067e-18
1.620754251063166359e-18
1.603941070212076653e-18
1.587313610169923537e-18
1.570869555735781962e-18
1.554606624350839346e-18
1.538604958479021647e-18
1.522696929325363433e-18
1.507044522602261227e-18
1.491563205847201926e-18
1.476250869380359348e-18
1.461184763237473203e-18
1.446282315120483479e-18
1.431541518952111895e-18
1.416960396465583870e-18
1.402536996772056184e-18
1.388269395935519173e-18
1.374231537147592343e-18
1.360344582894306682e-18
1.346606703254124984e-18
1.333090261099931990e-18
1.319644593547002780e-18
1.306415742923360559e-18
1.293327824642837774e-18
1.280379145189082688e-18
1.267568034057509698e-18
1.254963801439170658e-18
1.242422387797019556e-18
1.230083597144010464e-18
1.217874903535636377e-18
1.205863674546516807e-18
1.193910056052428603e-18
1.182149880926183474e-18
1.170445333109374290e-18
1.158930305773076824e-18
1.147601908085741193e-18
1.136325324707884763e-18
1.125231616249568842e-18
1.114187913747646037e-18
1.103323422277208741e-18
1.092571302154968329e-18
1.081993904765197993e-18
1.071462161425501537e-18
1.061101675209143927e-18
1.050847537101594145e-18
1.040698516119354299e-18
1.030653397389960458e-18
1.020710981915416625e-18
1.010930664639142316e-18
1.001189695908875958e-18
9.916076619036013957e-19
9.821228575843626314e-19
9.727341708057511241e-19
9.634989933928065325e-19
9.542988556950234385e-19
9.452492674482104074e-19
9.362906936928728024e-19
9.274221024802159022e-19
9.186424750901730171e-19
9.100069063840569734e-19
9.014018162125206448e-19
8.929380459011496416e-19
8.845585370815091896e-19
8.762623441004583426e-19
8.680485333036980340e-19
8.599700151037847837e-19
8.519178480282638335e-19
8.439984372929985347e-19
8.361570725815079342e-19
8.283928868619166106e-19
8.207050239922450864e-19
8.130926385669589526e-19
8.056062246110724075e-19
7.981419544030629713e-19
7.908013317015422463e-19
7.835322323406230049e-19
7.763338708884042772e-19
7.692551010252345858e-19
7.621955665486386281e-19
7.552534437064938886e-19
7.483297207276669523e-19
7.415212776571764598e-19
7.347784242905486622e-19
7.281004485794583711e-19
7.215340137219247326e-19
7.149833793613323745e-19
7.085422848228256117e-19
7.021626934396248828e-19
6.958439432204880367e-19
6.895853802301952641e-19
6.833863584795584688e-19
6.772462398170992633e-19
6.712093298423077577e-19
6.651848409787948740e-19
6.592617420124311979e-19
6.533944961423158235e-19
6.475825098159903749e-19
6.418251966119221553e-19
6.361651919516194925e-19
6.305152149675525241e-19
6.249608553615819991e-19
6.194159610427122521e-19
6.139650287643812795e-19
6.085648599982522800e-19
6.032149220640941623e-19
5.979559981684714591e-19
5.927046855110377933e-19
5.875428299120353110e-19
5.823880949019764725e-19
5.773212924854779407e-19
5.723011481628964162e-19
5.673271777816445199e-19
5.623989028685058339e-19
5.575551094697963479e-19
5.527165651184607038e-19
5.479610823538114187e-19
5.432104287160039058e-19
5.385414459165302901e-19
5.339149274182380628e-19
5.293304380516296854e-19
5.247875476885715305e-19
5.203231651198809010e-19
5.158619699703953764e-19
5.114779860913351965e-19
5.070968316981684032e-19
5.027916182709607031e-19
4.985250785796941455e-19
4.942968211820914734e-19
4.901064591148456491e-19
4.859891353577130322e-19
4.818732024082164676e-19
4.777940318760315670e-19
4.737861298127698630e-19
4.698138284944238996e-19
4.658767715221422787e-19
4.619746065309353152e-19
4.581069851384490558e-19
4.542735628944614260e-19
4.504739992310912589e-19
4.467413736283549315e-19
4.430083184915134164e-19
4.393411378761559286e-19
4.356732804497447308e-19
4.320702547657054897e-19
4.284987336777329900e-19
4.249584068495620581e-19
4.214489674005582826e-19
4.180019523525201835e-19
4.145531902510257533e-19
4.111658777708799250e-19
4.077766115514556259e-19
4.044478389020053159e-19
4.011478157680341964e-19
3.978762623699417211e-19
3.946329020062013028e-19
3.914174610153659049e-19
3.882296687385941151e-19
3.850692574826903459e-19
3.819657849215735067e-19
3.788591688829028618e-19
3.758086223797952127e-19
3.727840706141127052e-19
3.697561355512602517e-19
3.667829974612569752e-19
3.638351121117852272e-19
3.609408590414445361e-19
3.580425904175874897e-19
3.551688588261744436e-19
3.523475552286842673e-19
3.495220356484930505e-19
3.467481601759411584e-19
3.439699419280240278e-19
3.412425983714381129e-19
3.385381114924289860e-19
3.358562655086131422e-19
3.331968469404333258e-19
3.305864975197828351e-19
3.279711485333076209e-19
3.253776011676033141e-19
3.228320454477860100e-19
3.202813392323065518e-19
3.177779229674928839e-19
3.152952071483737019e-19
3.128329989009224363e-19
3.103911073828362974e-19
3.079693437595217107e-19
3.055675211803970487e-19
3.031854547555043784e-19
3.008480384715364163e-19
2.985047961343787612e-19
2.961807678095363423e-19
2.939004322898990204e-19
2.916386814180924814e-19
2.893953444913482977e-19
2.871460085735872965e-19
2.849391299403800249e-19
2.827501627539637105e-19
2.806027837962337146e-19
2.784490173843746787e-19
2.763126772163271883e-19
2.741936045744274228e-19
2.721149578539108352e-19
2.700530081209756189e-19
2.679845457905743765e-19
2.659556651982138195e-19
2.639430317431264972e-19
2.619464988239353620e-19
2.599659213348254871e-19
2.580011556484246194e-19
2.560520595989017476e-19
2.541184924652800753e-19
2.522003149549620384e-19
2.503193335491313707e-19
2.484314034524404732e-19
2.465801603234481547e-19
2.447219404485945216e-19
2.428999070642117490e-19
2.410922254883938623e-19
2.392775294250051460e-19
2.374982853828888986e-19
2.357330140290451824e-19
2.339815917732013330e-19
2.322646805722770333e-19
2.305404789272711268e-19
2.288297637185126772e-19
2.271324162101357858e-19
2.254686606611234767e-19
2.237975882786279660e-19
2.221596601312221960e-19
2.205344224776130563e-19
2.189018534675057943e-19
2.173017713416171666e-19
2.157140498133267877e-19
2.141385813136523569e-19
2.125752593319239449e-19
2.110239784041010134e-19
2.094846341012325802e-19
2.079571230180590601e-19
2.064604258956750716e-19
2.049561746373497989e-19
2.034634530730908373e-19
2.020009455723032281e-19
2.005308876110447037e-19
1.990906520977611723e-19
1.976613606022056469e-19
1.962245256577711359e-19
1.948169378809634393e-19
1.934200150600943610e-19
1.920336661762522804e-19
1.906578010886660461e-19
1.892923305251984413e-19
1.879371660729547238e-19
1.865922201690034467e-19
1.852750496536938922e-19
1.839501904482626186e-19
1.826352926977299811e-19
1.813476442719114259e-19
1.800523281451450123e-19
1.787839177469715458e-19
1.775249607877505472e-19
1.762583595847818115e-19
1.750181591090510465e-19
1.737871755721428056e-19
1.725653318169847393e-19
1.713525514166895398e-19
1.701487586668011477e-19
1.689538785776326077e-19
1.677678368666942272e-19
1.665905599512107607e-19
1.654219749407268496e-19
1.642781819257162722e-19
1.631266831085598954e-19
1.619996715759465346e-19
1.608649775692517022e-19
1.597544708195906603e-19
1.586363054752696251e-19
1.575420319581296499e-19
1.564557354825493348e-19
1.553618174603119365e-19
1.542959934251146807e-19
1.532317536259508922e-19
1.521752474435818069e-19
1.511294566813331633e-19
1.500897283487946264e-19
1.490590380732827426e-19
1.480373020290101036e-19
1.470244372337160425e-19
1.460173912913893992e-19
1.450205602800674119e-19
1.440309005611774374e-19
1.430483540585645311e-19
1.420743192502677163e-19
1.411087176267434600e-19
1.401500297239443329e-19
1.391996344844829584e-19
1.382560279667505446e-19
1.373205762301096435e-19
1.363917906541807845e-19
1.354710245610638636e-19
1.345568044535777780e-19
1.336504710606443403e-19
1.327505658133692661e-19
1.318584169897054113e-19
1.309725807571948576e-19
1.300943730831819786e-19
1.292237243028093699e-19
1.283578593513187320e-19
1.275007886729974801e-19
1.266497448959064972e-19
1.258046803191382901e-19
1.249668748019971189e-19
1.241349415982393554e-19
1.233101488000408981e-19
1.224924315891420645e-19
1.216804239420650479e-19
1.208740809909166314e-19
1.200746476861633651e-19
1.192807782235343485e-19
1.184937061758195494e-19
1.177120990440082937e-19
1.169371791497009329e-19
1.161676271324259805e-19
1.154046541874559655e-19
1.146469539286811741e-19
1.138957265483060943e-19
1.131496784729033738e-19
1.124099990132898574e-19
1.116754072494936704e-19
1.109458638038296677e-19
1.102225418388535951e-19
1.095053855691158210e-19
1.087931389137045510e-19
1.080857640514506980e-19
1.073844130949885009e-19
1.066878481431033467e-19
1.059972109565693601e-19
1.053112756012102049e-19
1.046300060621917126e-19
1.039545287368071302e-19
1.032847920153273866e-19
1.026195934605033866e-19
1.019588984731994741e-19
1.013038134197771578e-19
1.006531530652605000e-19
1.000080139239506842e-19
9.936722208636515073e-20
9.873074459549962715e-20
9.809966334292815817e-20
9.747282110666465427e-20
9.685129019209530944e-20
9.623392436478761437e-20
9.562178644761422590e-20
9.501374106164561069e-20
9.440975742712362813e-20
9.381088429191794435e-20
9.321707661248595727e-20
9.262615089478540806e-20
9.204022130559259651e-20
9.145924389763412088e-20
9.088212023304825239e-20
9.030882155658153476e-20
8.974036470779074985e-20
8.917566659074277157e-20
8.861573515925687593e-20
8.805846619525209153e-20
8.750692596971815721e-20
8.695901556747736147e-20
8.641470811676229551e-20
8.587397697058826120e-20
8.533780391328386606e-20
8.480514548011666818e-20
8.427697494363806613e-20
8.375225847768142058e-20
8.323196093327134652e-20
8.271505801020679078e-20
8.220152479840659872e-20
8.169133659432427259e-20
8.118544159913237626e-20
8.068380253286539809e-20
8.018541839233296642e-20
7.969026542425691068e-20
7.919832007121504951e-20
7.871051026920425877e-20
7.822585312915485368e-20
7.774526864424598927e-20
7.726778286178297559e-20
7.679337331420500992e-20
7.632294820197844726e-20
7.585554675090687155e-20
7.539206942542209098e-20
7.493156413420379243e-20
7.447400944611991253e-20
7.401938410463773185e-20
7.356857327751572904e-20
7.312154416740019633e-20
7.267646757772177001e-20
7.223512368077786147e-20
7.179748044113478513e-20
7.136173280052725583e-20
7.092963803938693395e-20
7.050116486390639150e-20
7.007540710980850254e-20
6.965234542739684661e-20
6.923196062275174034e-20
6.881509749475937699e-20
6.840086585545268377e-20
6.799010342584149427e-20
6.758107519847944022e-20
6.717632096919831679e-20
6.677326445486107659e-20
6.637358208340225778e-20
6.597640699936395705e-20
6.558255606509019001e-20
6.519117004979846505e-20
6.480223161066779353e-20
6.441572354272484016e-20
6.403244913850783762e-20
6.365156410749737557e-20
6.327386508966860794e-20
6.289851516943063260e-20
6.252549792296404968e-20
6.215560011047174709e-20
6.178719605143475561e-20
6.142266870565942028e-20
6.105960327123354350e-20
6.069957319928059258e-20
6.034176667366187810e-20
5.998695114432302479e-20
5.963354222921365883e-20
5.928386354067557425e-20
5.893556130208346872e-20
5.859016998138599510e-20
5.824689853860804127e-20
5.790573235083349832e-20
5.756741705561618764e-20
5.723117174934039579e-20
5.689698219778158039e-20
5.656558493197975004e-20
5.623620902120373030e-20
5.590884060896295490e-20
5.558420725662401163e-20
5.526080961786108739e-20
5.494084888787274123e-20
5.462209699682686043e-20
5.430600796760143496e-20
5.399183350589451351e-20
5.367956058029020134e-20
5.336989632615925249e-20
5.306210190017636062e-20
5.275616461486424908e-20
5.245278307523276170e-20
5.215122773874842559e-20
5.185148625227267005e-20
5.155354635705215881e-20
5.125809546612014838e-20
5.096441619462283201e-20
5.067249660615898260e-20
5.038301587593973231e-20
5.009526558094007559e-20
4.980923409816086934e-20
4.952559248657250884e-20
4.924364114415258943e-20
4.896336875262185753e-20
4.868476407930500433e-20
4.840848753302627948e-20
4.813385104479478879e-20
4.786084367582047511e-20
4.759011799456508512e-20
4.732033369344468476e-20
4.705280427238599279e-20
4.678751114941029198e-20
4.652313035656390349e-20
4.626095969430769508e-20
4.600098097683945023e-20
4.574188632639890448e-20
4.548495807660949424e-20
4.522953867114168414e-20
4.497561815567788686e-20
4.472382129157241740e-20
4.447349855359861350e-20
4.422464024613503412e-20
4.397723674558396344e-20
4.373190306279709609e-20
4.348800017681082498e-20
4.324551871365881812e-20
4.300444936873581653e-20
4.276539759004449242e-20
4.252773464771911160e-20
4.229206129553824345e-20
4.205714648655188319e-20
4.182419853383564247e-20
4.159259879060151529e-20
4.136233849241304610e-20
4.113400679980509224e-20
4.090699250367804981e-20
4.068128706583104131e-20
4.045688201055957984e-20
4.023435742967049849e-20
4.001311184513472829e-20
3.979313699964958016e-20
3.957442469611807860e-20
3.935754612985399644e-20
3.914190935954513811e-20
3.892750639895736347e-20
3.871490188999014799e-20
3.850294058944517398e-20
3.829275761344162085e-20
3.808433857317548758e-20
3.787654178818539038e-20
3.767048927859826111e-20
3.746560761199661755e-20
3.726188931620436389e-20
3.705932697289816712e-20
3.685846608310610921e-20
3.665874219561857134e-20
3.646014808201068850e-20
3.626322305253057556e-20
3.606686490265387561e-20
3.587215744629643181e-20
3.567908740293730420e-20
3.548656535507149289e-20
3.529566275217202453e-20
3.510583258032454754e-20
3.491706807356975583e-20
3.472936251415364157e-20
3.454323712561252886e-20
3.435815335841403496e-20
3.417410466598837681e-20
3.399108454823039008e-20
3.380960643497994281e-20
3.362862217163047388e-20
3.344916320314944681e-20
3.327121733196295298e-20
3.309374840979663807e-20
3.291777625549894239e-20
3.274278076289695934e-20
3.256875584513464191e-20
3.239619977339306383e-20
3.222409601088346890e-20
3.205344534174934675e-20
3.188373756007286342e-20
3.171546356585803719e-20
3.154762218258644078e-20
3.138119928964793626e-20
3.121569243637271086e-20
3.105158528632575620e-20
3.088789173321500763e-20
3.072558302708976136e-20
3.056416432475751331e-20
3.040363014641578633e-20
3.024397505036125870e-20
3.008567207918104556e-20
2.992823385282765595e-20
2.977165506703335072e-20
2.961593045427113360e-20
2.946152614526228699e-20
2.930796208202286874e-20
2.915476526128374386e-20
2.900333418969364893e-20
2.885226019733294212e-20
2.870246881296623356e-20
2.855348893173909515e-20
2.840531561714093518e-20
2.825794396657149193e-20
2.811136911107955726e-20
2.796604043047556410e-20
2.782149556407133189e-20
2.767772976536126489e-20
2.753473832029662213e-20
2.739296412254961848e-20
2.725195166478337568e-20
2.711169635137543969e-20
2.697219361801214328e-20
2.683343893144939357e-20
2.669586723465291902e-20
2.655903140280285978e-20
2.642292701637858987e-20
2.628754968583242109e-20
2.615289505136161803e-20
2.601939028169198886e-20
2.588659644150303617e-20
2.575450928021647999e-20
2.562312457595133242e-20
2.549243813530661658e-20
2.536286952459340666e-20
2.523398781031577839e-20
2.510578890399238378e-20
2.497826874462083864e-20
2.485184094137352830e-20
2.472566469676207904e-20
2.460056982531919835e-20
2.447613475121126480e-20
2.435276723114630643e-20
2.422963857983579415e-20
2.410756680446407853e-20
2.398613643263762345e-20
2.386534368067979860e-20
2.374518479011747834e-20
2.362565602749273692e-20
2.350715513845222678e-20
2.338927411976338603e-20
2.327200933105049031e-20
2.315535715607890475e-20
2.303970976507659403e-20
2.292427065739717894e-20
2.280982641850248812e-20
2.269597778308579093e-20
2.258272127146721704e-20
2.247005342692139312e-20
2.235835822814670536e-20
2.224724211086241118e-20
2.213670170434898451e-20
2.202673366004216539e-20
2.191733465136965622e-20
2.180888199563517796e-20
2.170060982545610236e-20
2.159327479493129383e-20
2.148649305939115324e-20
2.138063671369787158e-20
2.127495066755975263e-20
2.117018104864643997e-20
2.106557807529513656e-20
2.096188267183479051e-20
2.085908785793540170e-20
2.075645174453847367e-20
2.065470755242218638e-20
2.055311858522946847e-20
2.045241297229812890e-20
2.035222154875160770e-20
2.025254136766316512e-20
2.015372936992175366e-20
2.005506165956718040e-20
1.995725384525390370e-20
1.985994320293453295e-20
1.976312689571838276e-20
1.966715577992745876e-20
1.957131848249470360e-20
1.947631835866631486e-20
1.938179898469606814e-20
1.928775762941974517e-20
1.919419157919317999e-20
1.910109813776619479e-20
1.900881985190038942e-20
1.891700646133282000e-20
1.882531247837307656e-20
1.873442218276260324e-20
1.864432944987653670e-20
1.855434951245337002e-20
1.846515967292461296e-20
1.837607986126190431e-20
1.828778276768823924e-20
1.819992770892569100e-20
1.811284578944649735e-20
1.802586622789256517e-20
1.793965262156310355e-20
1.785353876657856129e-20
1.776818376405217867e-20
1.768325390207067775e-20
1.759907364470220607e-20
1.751498584046496673e-20
1.743164072564725399e-20
1.734838561014576342e-20
1.726586634661023931e-20
1.718375601633874492e-20
1.710205234471121085e-20
1.702107225440090600e-20
1.694017405764789094e-20
1.685999282186217272e-20
1.678020715946980115e-20
1.670081487970150471e-20
1.662181380548808145e-20
1.654351457025155780e-20
1.646528838148742255e-20
1.638775765643791522e-20
1.631060748810275342e-20
1.623352715145161449e-20
1.615744044672831054e-20
1.608141941879331141e-20
1.600577063759981415e-20
1.593079658626670505e-20
1.585618867521095343e-20
1.578194489704946136e-20
1.570806325682665735e-20
1.563454177192818753e-20
1.556137847199530810e-20
1.548886990465828111e-20
1.541671363950071241e-20
1.534461122329036945e-20
1.527315478996292910e-20
1.520204492474771692e-20
1.513157334144056145e-20
1.506114999549183908e-20
1.499135926313880875e-20
1.492161499865180882e-20
1.485249774100957509e-20
1.478371400629311619e-20
1.471554983404367086e-20
1.464742679161524447e-20
1.457963188975161143e-20
1.451244837658412161e-20
1.444558760026315049e-20
1.437904782028099335e-20
1.431282730672926179e-20
1.424692434022642364e-20
1.418133721184599586e-20
1.411634369926179125e-20
1.405138225072355253e-20
1.398700923700934424e-20
1.392294352516312796e-20
1.385918346847729378e-20
1.379572743020793401e-20
1.373284784848383948e-20
1.366999408723381624e-20
1.360771178726053466e-20
1.354572529678216054e-20
1.348403303855452761e-20
1.342263344482990667e-20
1.336152495729284950e-20
1.330070602699655955e-20
1.324044216638051682e-20
1.318019688012094589e-20
1.312050189732828325e-20
1.306108866416797834e-20
1.300195568787721071e-20
1.294310148462372416e-20
1.288452457944588817e-20
1.282648460511648390e-20
1.276845706953564078e-20
1.271096189169023351e-20
1.265373654258955578e-20
1.259677960067982599e-20
1.254008965286406910e-20
1.248366529444569587e-20
1.242750512907247937e-20
1.237186226567283886e-20
1.231647920642612253e-20
1.226110171013620628e-20
1.220623498538753422e-20
1.215162399979607820e-20
1.209726741542638273e-20
1.204341358429437646e-20
1.198956102873833111e-20
1.193620701335340417e-20
1.188285324153367826e-20
1.182999384022181842e-20
1.177737942496461786e-20
1.172500872125679880e-20
1.167288046207989085e-20
1.162099338785292423e-20
1.156958891751603382e-20
1.151817970023478322e-20
1.146724908300081821e-20
1.141655317332803858e-20
1.136609075700285334e-20
1.131586062690475412e-20
1.126586158295986267e-20
1.121609243209476717e-20
1.116678863285956022e-20
1.111747497661471343e-20
1.106862284604204581e-20
1.101999443957883647e-20
1.097158860705208812e-20
1.092340420496590027e-20
1.087544009645799737e-20
1.082769515125655641e-20
1.078039904976192114e-20
1.073308834916631032e-20
1.068622283519240811e-20
1.063957060769543313e-20
1.059313057698286265e-20
1.054690165964889829e-20
1.050088277853377172e-20
1.045507286268336333e-20
1.040947084730909922e-20
1.036430012098639882e-20
1.031911004392413713e-20
1.027434777667225354e-20
1.022978783944540316e-20
1.018542920561670155e-20
1.014127085444139892e-20
1.009731177101907316e-20
1.005355094625609076e-20
1.001020635625119236e-20
9.966838372851509465e-21
9.923883296438565063e-21
9.881121169038460669e-21
9.838551017676201696e-21
9.796171874917224567e-21
9.753982778831995705e-21
9.711982772960876862e-21
9.670170906279252238e-21
9.628759258810181786e-21
9.587320190027335532e-21
9.546278172264395271e-21
9.505419257620062047e-21
9.464532084534389104e-21
9.424037269372816332e-21
9.383722819327348738e-21
9.343796367134532040e-21
9.303839315798228311e-21
9.264059942512783372e-21
9.224664006571479710e-21
9.185442731304220086e-21
9.146189848835671273e-21
9.107315911750682908e-21
9.068614039507859519e-21
9.030083377311374053e-21
8.991723075160286429e-21
8.953734609242150052e-21
8.915711887722813287e-21
8.877857007000561343e-21
8.840369638759640740e-21
8.803047250382415007e-21
8.765889026766140720e-21
8.728695452760585583e-21
8.691863726443503167e-21
8.655391261498940979e-21
8.618881636425207097e-21
8.582532168246384452e-21
8.546537820848322417e-21
8.510505722220038687e-21
8.474826017557954412e-21
8.439108179104034020e-21
8.403740033727746650e-21
8.368526234742351274e-21
8.333466026172276216e-21
8.298558656222779591e-21
8.263994518563587377e-21
8.229390020300775526e-21
8.194936132200046353e-21
8.160821566228338139e-21
8.126855022805819325e-21
8.092847452501903992e-21
8.059175351375049353e-21
8.025649119488632660e-21
7.992268047634064425e-21
7.959031430496130874e-21
7.925938566629013115e-21
7.893173779266012685e-21
7.860365788783145607e-21
7.827883406687389294e-21
7.795357537625243993e-21
7.763154831860301399e-21
7.731090682103301781e-21
7.699164419211904756e-21
7.667375377692766215e-21
7.635722895679208064e-21
7.604206314909048965e-21
7.572824980702594569e-21
7.541757385326238873e-21
7.510644071764244066e-21
7.479842163869611517e-21
7.448994302281543608e-21
7.418455534734373766e-21
7.388047133259662151e-21
7.357768473249745794e-21
7.327618933476050953e-21
7.297597896068595499e-21
7.267704746495610172e-21
7.237938873543310296e-21
7.208473166772629546e-21
7.178959524428785987e-21
7.149743841553345084e-21
7.120652027950922895e-21
7.091511994405010762e-21
7.062666648872178503e-21
7.033943411720873489e-21
7.005341702875552288e-21
6.976860945372018817e-21
6.948669608048013561e-21
6.920428548583572215e-21
6.892306729795987367e-21
6.864471176601369740e-21
6.836585667161660550e-21
6.808984344600301703e-21
6.781499068728300248e-21
6.753963615533038599e-21
6.726709267120726060e-21
6.699569329565156120e-21
6.672543263950507512e-21
6.645794324598524233e-21
6.618993930260656752e-21
6.592305809909607366e-21
6.565891829431007645e-21
6.539426214839448641e-21
6.513232772005565692e-21
6.486987581796288815e-21
6.461012612811311309e-21
6.435145885747963689e-21
6.409386894423135055e-21
6.383735135326407238e-21
6.358190107604232833e-21
6.332751313044205013e-21
6.307576099359146735e-21
6.282347840772857376e-21
6.257224337978228706e-21
6.232361612585541011e-21
6.207601786942804966e-21
6.182788755031138181e-21
6.158233735695409870e-21
6.133780187986293179e-21
6.109427641359435309e-21
6.085175627734140568e-21
6.061023681478896558e-21
6.036971339397004177e-21
6.013018140712297154e-21
5.989315790764983827e-21
5.965559079928749911e-21
5.942051458778372699e-21
5.918489427332283733e-21
5.895174741893388103e-21
5.871955647581757264e-21
5.848682075976415621e-21
5.825653264066116275e-21
5.802718729158696333e-21
5.779878038238307631e-21
5.757278728324154459e-21
5.734624023705649969e-21
5.712061878876900997e-21
5.689591869719607456e-21
5.667359904283438789e-21
5.645072496967947168e-21
5.623021487051107573e-21
5.601060133340897621e-21
5.579043311982592835e-21
5.557260445817472469e-21
5.535566013493592851e-21
5.513959612205725909e-21
5.492440841220054956e-21
5.471009301862216616e-21
5.449806930993672034e-21
5.428548274943888232e-21
5.407375668086568555e-21
5.386429881082933171e-21
5.365427814859391780e-21
5.344651019882132094e-21
5.323817953321550968e-21
5.303208622598620017e-21
5.282682264576771752e-21
5.262238504452081955e-21
5.241876969332149496e-21
5.221597288225153132e-21
5.201399092028991829e-21
5.181282013520485254e-21
5.161245687344647248e-21
5.141426341123846745e-21
5.121550058531517059e-21
5.101889292093819550e-21
5.082171618881878746e-21
5.062668010360762466e-21
5.043242268401658282e-21
5.023759668740031536e-21
5.004488980055785060e-21
4.985295115463030654e-21
4.966177731391597174e-21
4.947136486005945915e-21
4.928171039195349122e-21
4.909281052564124168e-21
4.890598036348215020e-21
4.871857605357566694e-21
4.853191630755892901e-21
4.834730562408352105e-21
4.816212154593237884e-21
4.797897291631253417e-21
4.779654868908250782e-21
4.761484564932026719e-21
4.743257030223903212e-21
4.725230352552892699e-21
4.707274837616747804e-21
4.689390170317573864e-21
4.671576037132504734e-21
4.653959433034680683e-21
4.636285092688552079e-21
4.618680356391559806e-21
4.601144916828615486e-21
4.583804417669771659e-21
4.566406319208756356e-21
4.549201883315026955e-21
4.532064862650833917e-21
4.514870350788819037e-21
4.497867604913662176e-21
4.480931388355282743e-21
4.464061409103289570e-21
4.447257376594228362e-21
4.430519001703541694e-21
4.413845996737574141e-21
4.397238075425633085e-21
4.380694952912093156e-21
4.364338006552121876e-21
4.347923310409467399e-21
4.331693585286733258e-21
4.315406197135387731e-21
4.299302584638256253e-21
4.283141397089391976e-21
4.267162799502551243e-21
4.251246143127579421e-21
4.235391158608807552e-21
4.219597577912916199e-21
4.203865134321652267e-21
4.188193562424594732e-21
4.172582598111960234e-21
4.157031978567455326e-21
4.141541442261173098e-21
4.126110728942528174e-21
4.110856209593511239e-21
4.095544060866583282e-21
4.080406982515735979e-21
4.065212376551674477e-21
4.050191726348929497e-21
4.035113651256661387e-21
4.020208426204093447e-21
4.005360390768538585e-21
3.990569298824183894e-21
3.975834905441004554e-21
3.961156966878248018e-21
3.946535240577955813e-21
3.931969485158528232e-21
3.917459460408324373e-21
3.903004927279302059e-21
3.888717795473933482e-21
3.874373241962679205e-21
3.860083470790969320e-21
3.845959524610068360e-21
3.831778327586840638e-21
3.817761915325961874e-21
3.803798782422671559e-21
3.789778572118844551e-21
3.775921602015869520e-21
3.762117232046230315e-21
3.748365238283356067e-21
3.734665397876787006e-21
3.721017489046379368e-21
3.707421291076532872e-21
3.693876584310468601e-21
3.680383150144523436e-21
3.667048372207124276e-21
3.653656555182676525e-21
3.640315362096764814e-21
3.627131353045256941e-21
3.613890491728153822e-21
3.600805842805997581e-21
3.587664467129023425e-21
3.574678339745231013e-21
3.561741026010071307e-21
3.548852320125855071e-21
3.535907140894683278e-21
3.523115304944343935e-21
3.510371464454137319e-21
3.497675417516262924e-21
3.485026963181646666e-21
3.472529447776633321e-21
3.459975316134177910e-21
3.447468180786702814e-21
3.435007844566086512e-21
3.422696608665581937e-21
3.410329022777759521e-21
3.398109628879890402e-21
3.385834019083231192e-21
3.373705699895513294e-21
3.361521299241342773e-21
3.349483294700649076e-21
3.337490037076298257e-21
3.325541339835176520e-21
3.313637017321940476e-21
3.301776884754377983e-21
3.289960758218804728e-21
3.278188454665489006e-21
3.266459791904094197e-21
3.254774588599159592e-21
3.243132664265597787e-21
3.231533839264223288e-21
3.220076119823526694e-21
3.208562711389294204e-21
3.197189561891507306e-21
3.185760864595393757e-21
3.174471585994740777e-21
3.163126900981834563e-21
3.151920800749038417e-21
3.140755911047248017e-21
3.129535827724057718e-21
3.118453090420596107e-21
3.107411055377386360e-21
3.096409554995388125e-21
3.085448422454518841e-21
3.074527491709593861e-21
3.063646597486289142e-21
3.052805575277129524e-21
3.042098592901044435e-21
3.031336589735506808e-21
3.020613970351273822e-21
3.010024203482482871e-21
2.999379635627631598e-21
2.988773970064398072e-21
2.978299982913072463e-21
2.967864119917450538e-21
2.957373749699119828e-21
2.947013897536779245e-21
2.936691704017559507e-21
2.926315224064692327e-21
2.916068114660924931e-21
2.905858204793677078e-21
2.895685343066019770e-21
2.885549378776485964e-21
2.875450161915486535e-21
2.865387543161743547e-21
2.855361373878756244e-21
2.845461503944841381e-21
2.835507569290547180e-21
2.825589642949734774e-21
2.815796915480246717e-21
2.805950349532841830e-21
2.796228255735794639e-21
2.786452474444074753e-21
2.776800443889269166e-21
2.767094876756949292e-21
2.757512344209153744e-21
2.747964242757842493e-21
2.738362831293823712e-21
2.728883390276829530e-21
2.719437965409913726e-21
2.710026419850601888e-21
2.700648617377759587e-21
2.691304422388430015e-21
2.681993699894686670e-21
2.672716315520507105e-21
2.663472135498658711e-21
2.654346728163416104e-21
2.645168349950992324e-21
2.636022779041837273e-21
2.626994963416738718e-21
2.617914407484329600e-21
2.608950934875102822e-21
2.599934875683009405e-21
2.591035232680698858e-21
2.582083156653676592e-21
2.573246834468909688e-21
2.564441882118520504e-21
2.555584727062302794e-21
2.546842341514682002e-21
2.538130952249000916e-21
2.529450436066692007e-21
2.520800670321863437e-21
2.512181532918518496e-21
2.503592902307788960e-21
2.495034657485187629e-21
2.486506677987872156e-21
2.478090502392022619e-21
2.469622498486084474e-21
2.461184402326315958e-21
2.452776095587310520e-21
2.444478339188761331e-21
2.436129064935581370e-21
2.427889721179711401e-21
2.419599014723915236e-21
2.411417623300118676e-21
2.403264941111202447e-21
2.395061128768695925e-21
2.386965716671562594e-21
2.378898675815635503e-21
2.370859894724124010e-21
2.362770292819289886e-21
2.354787886600594137e-21
2.346833408114603174e-21
2.338906747849425537e-21
2.331007796777808220e-21
2.323136446354733018e-21
2.315370439644429841e-21
2.307553782319089968e-21
2.299764403422915356e-21
2.292002196314096285e-21
2.284344171294510691e-21
2.276635807405919793e-21
2.268954298730863140e-21
2.261376111654835780e-21
2.253747818841275656e-21
2.246222279123849238e-21
2.238722819534381251e-21
2.231173487158168087e-21
2.223726062769111041e-21
2.216304415235244113e-21
2.208908444526142936e-21
2.201462910667582891e-21
2.194118171756610739e-21
2.186798811681619677e-21
2.179504732153775200e-21
2.172235835313854952e-21
2.164992023730141492e-21
2.157773200396329724e-21
2.150579268729441856e-21
2.143483875433392811e-21
2.136339266637331017e-21
2.129219262782065844e-21
2.122123768955564218e-21
2.115125746950224839e-21
2.108078819701867980e-21
2.101128836713720903e-21
2.094130103308773257e-21
2.087227790203468651e-21
2.080276881135135253e-21
2.073421871976729065e-21
2.066590294836494905e-21
2.059710352954719894e-21
2.052925537271971284e-21
2.046163884851081163e-21
2.039425307041369682e-21
2.032709715575105217e-21
2.025946143156799233e-21
2.019276425169411123e-21
2.012629430526989250e-21
2.006005072476787759e-21
1.999473490598330740e-21
1.992893984782974631e-21
1.986336858004903193e-21
1.979802024994012382e-21
1.973289400846803432e-21
1.966868320723226142e-21
1.960399701189396900e-21
1.953953038450658907e-21
1.947597190544240344e-21
1.941194032898685670e-21
1.934881208182886659e-21
1.928521226477394932e-21
1.922251099024960049e-21
1.916002120515085166e-21
1.909706213584042277e-21
1.903499449106447738e-21
1.897313594175559358e-21
1.891148569821598942e-21
1.884936920484040506e-21
1.878813475723892259e-21
1.872710626204967346e-21
1.866628294295917476e-21
1.860566402695639056e-21
1.854524874431696339e-21
1.848503632858756227e-21
1.842502601657026838e-21
1.836587861952640439e-21
1.830626873300282402e-21
1.824685868425431108e-21
1.818764772293582081e-21
1.812929067759083872e-21
1.807047416454413300e-21
1.801185451112542547e-21
1.795408210319853817e-21
1.789585248331716887e-21
1.783846569988864486e-21
1.778126991338349672e-21
1.772361916481478784e-21
1.766680469542907842e-21
1.760953675692313047e-21
1.755310076050869858e-21
1.749685221816476862e-21
1.744079043188497678e-21
1.738491470659658315e-21
1.732858923105741183e-21
1.727308498464701793e-21
1.721776472744879118e-21
1.716262777600054687e-21
1.710767344970525584e-21
1.705290107081757804e-21
1.699893656093460465e-21
1.694452464846469672e-21
1.689029267108705733e-21
1.683623996231652909e-21
1.678236585845339659e-21
1.672928930187780561e-21
1.667576904089446422e-21
1.662242541418019446e-21
1.656987322322660192e-21
1.651687953435265564e-21
1.646467324103432807e-21
1.641202691623338445e-21
1.636016397282055071e-21
1.630786245968561804e-21
1.625634033960676771e-21
1.620498701405317864e-21
1.615319730453739732e-21
1.610218105545892261e-21
1.605133174476484934e-21
1.600064876011001545e-21
1.595013149168442214e-21
1.589977933220146392e-21
1.584899513235399255e-21
1.579897270164632332e-21
1.574911356938101938e-21
1.569941713826072275e-21
1.565047408906226013e-21
1.560109997005859894e-21
1.555188677867027787e-21
1.550283392738129705e-21
1.545394083109580388e-21
1.540520690712691548e-21
1.535721505600078084e-21
1.530879645156812257e-21
1.526053528927866406e-21
1.521301062754583647e-21
1.516506135635808297e-21
1.511784490141303492e-21
1.507020526142552706e-21
1.502329477664136164e-21
1.497596252643021508e-21
1.492935579348046432e-21
1.488289948268102115e-21
1.483602352862083840e-21
1.478986767954777246e-21
1.474386062280494609e-21
1.469800182068980391e-21
1.465172618923274336e-21
1.460616352668815323e-21
1.456074751540942053e-21
1.451547762641792969e-21
1.447035333288840338e-21
1.442537411013909423e-21
1.438053943562198962e-21
1.433584878891308051e-21
1.429130165170268287e-21
1.424689750778581180e-21
1.420318819539743416e-21
1.415906729640499020e-21
1.411508785788837978e-21
1.407124937195539432e-21
1.402809889898755105e-21
1.398453961434165241e-21
1.394111977413157688e-21
1.389838288923107481e-21
1.385523926193717450e-21
1.381277524535274963e-21
1.376990586091725921e-21
1.372771276328065175e-21
1.368511566750155077e-21
1.364319155514595515e-21
1.360086480953389063e-21
1.355920776435223222e-21
1.351768296151802466e-21
1.347575756529352512e-21
1.343449698444486198e-21
1.339336723657964597e-21
1.335236785670823501e-21
1.331149838170617497e-21
1.327075835030582442e-21
1.323014730308799085e-21
1.318914038422368381e-21
1.314878706038746071e-21
1.310908349989027825e-21
1.306898383188975203e-21
1.302901087841326089e-21
1.298916419095932737e-21
1.294944332281763212e-21
1.290984782906100358e-21
1.287037726653742279e-21
1.283154556673017274e-21
1.279232244519063719e-21
1.275322293893390004e-21
1.271475769621990422e-21
1.267590302353223460e-21
1.263717066581386714e-21
1.259906801426923869e-21
1.256057791368533848e-21
1.252271450498691732e-21
1.248446496283754751e-21
1.244683911651506099e-21
1.240882844754082319e-21
1.237143849643156331e-21
1.233416533962367219e-21
1.229650931882511973e-21
1.225946958399916767e-21
1.222254541842200675e-21
1.218573641790172126e-21
1.214854714919324657e-21
1.211196832026960417e-21
1.207550345060179136e-21
1.203915214234650045e-21
1.200291399922784675e-21
1.196678862653046790e-21
1.193077563109261390e-21
1.189487462129928967e-21
1.185908520707544666e-21
1.182340699987917060e-21
1.178783961269494071e-21
1.175238266002690216e-21
1.171703575789216481e-21
1.168228014816063807e-21
1.164715118881520860e-21
1.161213113972430587e-21
1.157721962288230249e-21
1.154289385263838383e-21
1.150819727042742829e-21
1.147360809792789000e-21
1.143960055645872170e-21
1.140522409452574468e-21
1.137142654108992740e-21
1.133726132318106657e-21
1.130367230733920345e-21
1.126971687832167035e-21
1.123633496092910294e-21
1.120305556736880294e-21
1.116941163008848344e-21
1.113633719977076029e-21
1.110336423573039339e-21
1.107002858692834622e-21
1.103725847573917568e-21
1.100458878556329314e-21
1.097201917151775982e-21
1.093908933591539738e-21
1.090671980057166755e-21
1.087444931222576464e-21
1.084227753131484548e-21
1.081020411958973727e-21
1.077822874010924829e-21
1.074635105723448217e-21
1.071457073662321441e-21
1.068288744522424806e-21
1.065130085127184663e-21
1.061981062428016502e-21
1.058886601114312296e-21
1.055756660283120647e-21
1.052636258004426541e-21
1.049525361735347091e-21
1.046423939058249552e-21
1.043376453243059149e-21
1.040293789299187264e-21
1.037220502676590793e-21
1.034200782634492768e-21
1.031146064018731480e-21
1.028144666992872191e-21
1.025108390605130275e-21
1.022081333610375200e-21
1.019107233255587997e-21
1.016142110125234707e-21
1.013142344694729358e-21
1.010195174338668682e-21
1.007213479535682216e-21
1.004284140421437022e-21
1.001363627301960748e-21
9.984087657863505667e-22
9.955059035727304741e-22
9.926117780413566371e-22
9.897263597231993827e-22
9.868068262507329742e-22
9.839388217328243608e-22
9.810794364695547792e-22
9.782286414384426669e-22
9.753864077272862632e-22
9.725527065336922831e-22
9.697275091646079766e-22
9.669107870358561968e-22
9.641025116716723495e-22
9.613026547042420948e-22
9.585111878732443145e-22
9.557280830253923876e-22
9.529533121139809196e-22
9.501868471984328478e-22
9.474286604438497445e-22
9.446787241205617435e-22
9.419784326358129226e-22
9.392448305545543930e-22
9.365193965545779529e-22
9.338021033220509751e-22
9.311340115471233620e-22
9.284328353138144902e-22
9.257806408311437423e-22
9.230954744090950401e-22
9.204183141384693794e-22
9.177898082762968451e-22
9.151284983339762686e-22
9.125156261775584261e-22
9.098700613753544188e-22
9.072727189553446336e-22
9.046427948927317100e-22
9.020608790191641260e-22
8.994865975964444625e-22
8.968799003324087228e-22
8.943208923205624225e-22
8.917694429251529639e-22
8.891857425271070572e-22
8.866494151204139741e-22
8.841205713443318879e-22
8.815991864566581033e-22
8.790852358075057280e-22
8.765393068948678626e-22
8.740402298769325875e-22
8.715485135012558457e-22
8.690641334839588727e-22
8.665870656315625574e-22
8.641172858406118480e-22
8.616547700972980892e-22
8.591994944770862494e-22
8.567514351443430887e-22
8.543105683519651379e-22
8.518768704410119444e-22
8.494503178403380018e-22
8.470308870662269357e-22
8.446569342628446071e-22
8.422516008131302370e-22
8.398533194489272314e-22
8.374620670320559684e-22
8.350778205099677340e-22
8.327385572146135385e-22
8.303681783798219556e-22
8.280047369787537383e-22
8.256859852989056547e-22
8.233362759788255236e-22
8.209934363860805123e-22
8.186949954278051096e-22
8.163657538047691636e-22
8.140807181512514883e-22
8.117649860337061870e-22
8.094932682772506681e-22
8.071909578503728623e-22
8.049324712256812472e-22
8.026805312865528649e-22
8.003981536975807973e-22
7.981593161147752035e-22
7.958901436646072280e-22
7.936643232547228664e-22
7.914449435870666238e-22
7.892319837766240686e-22
7.869888936380169683e-22
7.847887828537038918e-22
7.825950295532457652e-22
7.804076131559875303e-22
7.781902693732423650e-22
7.760155363027057017e-22
7.738470786696769953e-22
7.716848761928952729e-22
7.695289086650553654e-22
7.673791559525066992e-22
7.652355979949512406e-22
7.630982148051446386e-22
7.609669864685971789e-22
7.588418931432775594e-22
7.567229150593163836e-22
7.546100325187127567e-22
7.525032258950410713e-22
7.504024756331586372e-22
7.483430281786142556e-22
7.462542636811811078e-22
7.441714974715274331e-22
7.420947102762695783e-22
7.400238828918715769e-22
7.379939208883909208e-22
7.359348880439043115e-22
7.338817579801177633e-22
7.318692337182328879e-22
7.298277852439368100e-22
7.277921831358079870e-22
7.257969293329307435e-22
7.237728970833736012e-22
7.217890426753202136e-22
7.197765065746817159e-22
7.178039787617821452e-22
7.158028656302838355e-22
7.138415921368739895e-22
7.118518293203429710e-22
7.099017383905385677e-22
7.079232537561742193e-22
7.059842741496826413e-22
7.040507910605523951e-22
7.020890570698307140e-22
7.001665795577662642e-22
6.982495462092344797e-22
6.963044039215622832e-22
6.943982715380463376e-22
6.924975315258891651e-22
6.906021667960304638e-22
6.886788811632225026e-22
6.867942797586927654e-22
6.849150025822379462e-22
6.830410327882198656e-22
6.811723535911381647e-22
6.793089482653887183e-22
6.774508001450241152e-22
6.755978926235148925e-22
6.737502091535128377e-22
6.718750226807573595e-22
6.700704484731205342e-22
6.682383384618130325e-22
6.664113868997102521e-22
6.645895775318404587e-22
6.627728941610088759e-22
6.609613206475679464e-22
6.591548409091881583e-22
6.573534389206295280e-22
6.555570987135139315e-22
6.537978973418051790e-22
6.520115720634759447e-22
6.502302611450237489e-22
6.484539488428562082e-22
6.467144694799331981e-22
6.449480470231545309e-22
6.431865764284673352e-22
6.414300421735196779e-22
6.397100381414598381e-22
6.379632704086360502e-22
6.362528827911532499e-22
6.345158207113773478e-22
6.327836184594080632e-22
6.310875725508974644e-22
6.293649853099448400e-22
6.276784062442316420e-22
6.259653742098717925e-22
6.242882029496098826e-22
6.226156843071872269e-22
6.209168446598318619e-22
6.192536461813678426e-22
6.175642141956973271e-22
6.159102778741667238e-22
6.142609220726922601e-22
6.125854634346505178e-22
6.109452836769868621e-22
6.093096418126727692e-22
6.076480270130419149e-22
6.060214759816227006e-22
6.043994206635788062e-22
6.027818471418248570e-22
6.011687415478869654e-22
5.995298779130565803e-22
5.979257232869416311e-22
5.963259951408601359e-22
5.947306797992569547e-22
5.931397636342433374e-22
5.915532330654104435e-22
5.899710745596436141e-22
5.883932746309381478e-22
5.868198198402145140e-22
5.852506967951364795e-22
5.836858921499279200e-22
5.821253926051916995e-22
5.805691849077289269e-22
5.790172558503586815e-22
5.774695922717394324e-22
5.759261810561903632e-22
5.743870091335136372e-22
5.728813324377120675e-22
5.713505457437137319e-22
5.698239595291199494e-22
5.683015609035543667e-22
5.667833370212481962e-22
5.652982736585658408e-22
5.637883072019798482e-22
5.622824773415165195e-22
5.608096092547001397e-22
5.593119612926745601e-22
5.578184121728562820e-22
5.563576275844692972e-22
5.548721856145999348e-22
5.533908051217011293e-22
5.519419934080354804e-22
5.504686460863926487e-22
5.490277379039805273e-22
5.475623749384183716e-22
5.461293221238302699e-22
5.446718950338614664e-22
5.432466497543956571e-22
5.417971103916479341e-22
5.403796251427864185e-22
5.389379256884519218e-22
5.375281532913375371e-22
5.361221940300102956e-22
5.346921398525792615e-22
5.332938233975855384e-22
5.318992854120388753e-22
5.304807710993416502e-22
5.290938065915405641e-22
5.277105862417455025e-22
5.263310987296231232e-22
5.249277919659058143e-22
5.235557866712724875e-22
5.221874803694323208e-22
5.208228618939600115e-22
5.194619201164610730e-22
5.180773537360532808e-22
5.167237818976518409e-22
5.153738534853386886e-22
5.140275575217074487e-22
5.126848830666615606e-22
5.113458192172718082e-22
5.100103551076359191e-22
5.086784799087360945e-22
5.073501828282997368e-22
5.060254531106589542e-22
5.047042800366119467e-22
5.033866529232838276e-22
5.020725611239888552e-22
5.007619940280930416e-22
4.994549410608772304e-22
4.981513916834007401e-22
4.968778426125637645e-22
4.955812209416020337e-22
4.942880715654683995e-22
4.929983840866904801e-22
4.917121481429019858e-22
4.904293534067105929e-22
4.891762104373253723e-22
4.879002199219689719e-22
4.866276399473940445e-22
4.853845394422395313e-22
4.841187029844696964e-22
4.828562467089690039e-22
4.816230988690080854e-22
4.803673260168116877e-22
4.791149032932015794e-22
4.778916192235631349e-22
4.766458204334058807e-22
4.754290478345191217e-22
4.741898337193354273e-22
4.729539203459372188e-22
4.717468654445906568e-22
4.705174782467819697e-22
4.693168384226328788e-22
4.680939387951252204e-22
4.668996759828862416e-22
4.657085647458120647e-22
4.644953019668724248e-22
4.633105112219344851e-22
4.621036407243773048e-22
4.609251330383321838e-22
4.597497304395479302e-22
4.585523552989857679e-22
4.573831801771718868e-22
4.562170826410126845e-22
4.550291191489136119e-22
4.538691940618098142e-22
4.527123193330014763e-22
4.515584859800534647e-22
4.503829278533719801e-22
4.492351944956478592e-22
4.480904756470679232e-22
4.469487624441652480e-22
4.458100460528726816e-22
4.446743176684138523e-22
4.435170742823405991e-22
4.423873391011506123e-22
4.412605655906564043e-22
4.401367450624168938e-22
4.390158688567409582e-22
4.378979283425809809e-22
4.367829149174259282e-22
4.356708200071964013e-22
4.345616350661389357e-22
4.334553515767208652e-22
4.323519610495262200e-22
4.312514550231514367e-22
4.301538250641016329e-22
4.290590627666878218e-22
4.279671597529236572e-22
4.269019596089307468e-22
4.258157080719079286e-22
4.247322909424706204e-22
4.236516999521798035e-22
4.225739268597919914e-22
4.214989634511597825e-22
4.204504024598419666e-22
4.193809923697979497e-22
4.183143675738848985e-22
4.172505199651032263e-22
4.162128768727882205e-22
4.151545182727339443e-22
4.140989127883108687e-22
4.130460524181011341e-22
4.120192005340071208e-22
4.109717657015909827e-22
4.099502420795379975e-22
4.089082014494279532e-22
4.078688664954534870e-22
4.068552976540267600e-22
4.058213101930470830e-22
4.048129927121222394e-22
4.037843219168594561e-22
4.027812254218150027e-22
4.017578406654965116e-22
4.007599349796403181e-22
3.997418058345368257e-22
3.987490609776612535e-22
3.977361572136362615e-22
3.967485434005851425e-22
3.957408349836564716e-22
3.947583226229033241e-22
3.937557797138165815e-22
3.927783394060545812e-22
3.918034045931427860e-22
3.908085348956106305e-22
3.898386284789725145e-22
3.888712059623173923e-22
3.878839436728270219e-22
3.869215063190823544e-22
3.859615314799851493e-22
3.850040121011516555e-22
3.840267789407633550e-22
3.830741877865364264e-22
3.821240309828602110e-22
3.811763015662702737e-22
3.802309925957726470e-22
3.792661259949594822e-22
3.783256751462562184e-22
3.773876239727157576e-22
3.764519656226278185e-22
3.755186932663489228e-22
3.745878000962221326e-22
3.736592793264981043e-22
3.727331241932556720e-22
3.718093279543235126e-22
3.708878838892012938e-22
3.699687852989820911e-22
3.690520255062740533e-22
3.681375978551235249e-22
3.672254957109373697e-22
3.663157124604061870e-22
3.654082415114280930e-22
3.645030762930324077e-22
3.636002102553031533e-22
3.626996368693041523e-22
3.618013496270033722e-22
3.609053420411979293e-22
3.600116076454392798e-22
3.591412945733647803e-22
3.582520510329117983e-22
3.573650614843775283e-22
3.564803195433911914e-22
3.555978188459676665e-22
3.547385273597549092e-22
3.538604543157811972e-22
3.529846036214483048e-22
3.521109689933918740e-22
3.512603756458930269e-22
3.503911188620383267e-22
3.495240594898952645e-22
3.486591913255760190e-22
3.478171980426478758e-22
3.469566585444316676e-22
3.461189113345019284e-22
3.452626762220182796e-22
3.444086017416557622e-22
3.435771963274572057e-22
3.427273900258459001e-22
3.419001711340653066e-22
3.410546091133657520e-22
3.402111776301066651e-22
3.393902117305344112e-22
3.385509888908626093e-22
3.377341509024955058e-22
3.368991131843554901e-22
3.360863799511007916e-22
3.352756733649317830e-22
3.344468524928098259e-22
3.336402162737876928e-22
3.328155224366062394e-22
3.320129337920877361e-22
3.311923439819301351e-22
3.303937802630027195e-22
3.295972037165136017e-22
3.287827103170938101e-22
3.279901250610149049e-22
3.271995103455471145e-22
3.263910626102479971e-22
3.256044058666555139e-22
3.248197031885281815e-22
3.240369491419934172e-22
3.232364731357329609e-22
3.224576331696010212e-22
3.216807255660807968e-22
3.209057449593035577e-22
3.201131526128143035e-22
3.193420427432232849e-22
3.185728438046715084e-22
3.178055504983416174e-22
3.170401575419885627e-22
3.162766596698822384e-22
3.154957138629750037e-22
3.147360227924028093e-22
3.139782110397163888e-22
3.132222734048369019e-22
3.124682047039122670e-22
3.117159997692606444e-22
3.109656534493137294e-22
3.102171606085602825e-22
3.094705161274903161e-22
3.087257149025391415e-22
3.079827518460313684e-22
3.072416218861258912e-22
3.065023199667603122e-22
3.057648410475961164e-22
3.050291801039637522e-22
3.042953321268080415e-22
3.035632921226338252e-22
3.028330551134517489e-22
3.021233815641505596e-22
3.013967045009371249e-22
3.006718156559424419e-22
2.999487101125017092e-22
2.992273829691884818e-22
2.985078293397619150e-22
2.977900443531140550e-22
2.970925717310862458e-22
2.963782787546635648e-22
2.956657399615488971e-22
2.949549505404844430e-22
2.942643317647007616e-22
2.935569962445033397e-22
2.928513958145646064e-22
2.921475257226527999e-22
2.914636858023153896e-22
2.907632319703601800e-22
2.900644943698737132e-22
2.893856824107167819e-22
2.886903331740901324e-22
2.879966861921012220e-22
2.873228610086841522e-22
2.866325747511881266e-22
2.859620414634684094e-22
2.852750976864308445e-22
2.845898331743402193e-22
2.839242189228205910e-22
2.832422696735353115e-22
2.825799026064782995e-22
2.819012506541894427e-22
2.812421131031350373e-22
2.805667405918698503e-22
2.799108149966251620e-22
2.792387041794938526e-22
2.785859730873898708e-22
2.779171063258387922e-22
2.772675523909928331e-22
2.766019121540628409e-22
2.759555181366470137e-22
2.753106832346259471e-22
2.746498357657523113e-22
2.740081351775060628e-22
2.733679810496515931e-22
2.727118876778289628e-22
2.720748424937937472e-22
2.714219067005655130e-22
2.707879536369613172e-22
2.701555261790928797e-22
2.695246202172394510e-22
2.688779204308608490e-22
2.682500733644849219e-22
2.676237354823990387e-22
2.669816758776558455e-22
2.663583722079638590e-22
2.657365655229340672e-22
2.651162517996604456e-22
2.644974270274307014e-22
2.638629998485445536e-22
2.632471687227964464e-22
2.626328145324853282e-22
2.620199333153987686e-22
2.614085211213124521e-22
2.607985740119491293e-22
2.601900880609383681e-22
2.595661649145081556e-22
2.589606168857927107e-22
2.583565182520848731e-22
2.577538651343733736e-22
2.571526536653528448e-22
2.565528799893846069e-22
2.559545402624568414e-22
2.553576306521456125e-22
2.547621473375755107e-22
2.541680865093806740e-22
2.535754443696659494e-22
2.529842171319682895e-22
2.523944010212177734e-22
2.518059922736997085e-22
2.512189871370160274e-22
2.506333818700472019e-22
2.500491727429141099e-22
2.494663560369406077e-22
2.488849280446153498e-22
2.483212694235676018e-22
2.477425814708000228e-22
2.471652712285497477e-22
2.465893350334641457e-22
2.460147692331691394e-22
2.454415701862328578e-22
2.448697342621285382e-22
2.443154591315915808e-22
2.437463126621945415e-22
2.431785185410218665e-22
2.426120731806785959e-22
2.420469730044937110e-22
2.414992865406236247e-22
2.409368403609334621e-22
2.403757287506604727e-22
2.398159481755485771e-22
2.392734647751577201e-22
2.387163102296354671e-22
2.381604762304386498e-22
2.376218526603653864e-22
2.370686239589271509e-22
2.365167054082175411e-22
2.359819110889588131e-22
2.354325772886332289e-22
2.348845433357496214e-22
2.343535479603908115e-22
2.338080783931344228e-22
2.332795906173926517e-22
2.327366719929195476e-22
2.321950362628800697e-22
2.316702975673715638e-22
2.311311927154551245e-22
2.306089287060330583e-22
2.300723414874079821e-22
2.295525391546790330e-22
2.290184564027079048e-22
2.285011028142815296e-22
2.279695114400032719e-22
2.274545937399813540e-22
2.269254807315977709e-22
2.264129861400676532e-22
2.258863385624333129e-22
2.253762543749648743e-22
2.248673585498233439e-22
2.243443729562275286e-22
2.238378686666312681e-22
2.233173165455417271e-22
2.228131912733652792e-22
2.223102388584770044e-22
2.217933012546046360e-22
2.212927092652101530e-22
2.207932809488566419e-22
2.202799297438203306e-22
2.197828434246727140e-22
2.192869116752338806e-22
2.187771189973946995e-22
2.182835109788989736e-22
2.177910485068969293e-22
2.172997286067149122e-22
2.167946298820392199e-22
2.163056096377536185e-22
2.158177230475609593e-22
2.153309671715747444e-22
2.148305139792050833e-22
2.143460339649701767e-22
2.138626758513224276e-22
2.133804367327070615e-22
2.128993137120554321e-22
2.124045944413082609e-22
2.119257179516916811e-22
2.114479488745643989e-22
2.109712843466302616e-22
2.104957215129408665e-22
2.100212575268684766e-22
2.095478895500785855e-22
2.090756147525029981e-22
2.086044303123128410e-22
2.081198292811588485e-22
2.076508397151823105e-22
2.071829320463012089e-22
2.067161034854783785e-22
2.062503512517823460e-22
2.057856725723606227e-22
2.053220646824136789e-22
2.048595248251683779e-22
2.043980502518522328e-22
2.039376382216671457e-22
2.034782860017634529e-22
2.030199908672143227e-22
2.025627501009896592e-22
2.021065609939308294e-22
2.016656126542008249e-22
2.012114967835960131e-22
2.007584245342119814e-22
2.003063932280216542e-22
1.998554001947426063e-22
1.994054427718120249e-22
1.989565183043615541e-22
1.985086241451926801e-22
1.980617576547514344e-22
1.976299116625914515e-22
1.971850710151327315e-22
1.967412502050407847e-22
1.962984466229979904e-22
1.958566576672090220e-22
1.954158807433764201e-22
1.949899797118185657e-22
1.945511977412413986e-22
1.941134201055781690e-22
1.936766442401871652e-22
1.932546488506476901e-22
1.928198476675753976e-22
1.923860406457486055e-22
1.919532252498010305e-22
1.915350956833210313e-22
1.911042349306979708e-22
1.906743582818157596e-22
1.902590969885031056e-22
1.898311601242291558e-22
1.894041999059239736e-22
1.889917849949494119e-22
1.885667498298168385e-22
1.881426839166301017e-22
1.877330936850914607e-22
1.873109382197007304e-22
1.869032122652448081e-22
1.864829576064877119e-22
1.860636600294283214e-22
1.856587230349688261e-22
1.852413118664052985e-22
1.848382155716584672e-22
1.844226813071839381e-22
1.840214163909144312e-22
1.836077495801426784e-22
1.832083067742497813e-22
1.827964980204708756e-22
1.823988681096491102e-22
1.819889080694877931e-22
1.815930818908901856e-22
1.811849612739663394e-22
1.807909297168700625e-22
1.803846392854618845e-22
1.799923932909360395e-22
1.795879238596453316e-22
1.791974544202214336e-22
1.787947968556414308e-22
1.784060950149859866e-22
1.780182637384615038e-22
1.776182970879608331e-22
1.772322201083295851e-22
1.768470071263341956e-22
1.764497112408770370e-22
1.760662393666256219e-22
1.756707194018397462e-22
1.752889798799735753e-22
1.749080935228263022e-22
1.745152110818653167e-22
1.741360440736263223e-22
1.737577238110884559e-22
1.733802481788657266e-22
1.729908453882393090e-22
1.726150719620262099e-22
1.722401368193313228e-22
1.718660378685799404e-22
1.714800801980133359e-22
1.711076665028468285e-22
1.707360827241381950e-22
1.703653267938241669e-22
1.699827800995080412e-22
1.696136926644083652e-22
1.692454268726322205e-22
1.688779806793321637e-22
1.685113520453987627e-22
1.681330169282875556e-22
1.677680361204349760e-22
1.674038667535944551e-22
1.670405068115088524e-22
1.666779542835693722e-22
1.663162071647976720e-22
1.659552634558284888e-22
1.655951211628917955e-22
1.652234057198621060e-22
1.648648788217944148e-22
1.645071473571995573e-22
1.641502093545915172e-22
1.637940628479922684e-22
1.634387058769143780e-22
1.630841364863440321e-22
1.627303527267237321e-22
1.623773526539352508e-22
1.620251343292827279e-22
1.616736958194756498e-22
1.613230351966118980e-22
1.609731505381610344e-22
1.606240399269474442e-22
1.602757014511336205e-22
1.599281332042035665e-22
1.595813332849461971e-22
1.592352997974386239e-22
1.588900308510298860e-22
1.585455245603245166e-22
1.582017790451659217e-22
1.578587924306203697e-22
1.575165628469605111e-22
1.571870436352802765e-22
1.568463047806817620e-22
1.565063174117726468e-22
1.561670796794168100e-22
1.558285897396043203e-22
1.554908457534355437e-22
1.551538458871053446e-22
1.548294199961294493e-22
1.544938853729149591e-22
1.541590894309319956e-22
1.538250303565234200e-22
1.534917063410482570e-22
1.531591155808660841e-22
1.528389833534629341e-22
1.525078363907508375e-22
1.521774173342301349e-22
1.518477244000372738e-22
1.515304137884436996e-22
1.512021505723383497e-22
1.508746081881413101e-22
1.505477848715228291e-22
1.502332682534550990e-22
1.499078607301238909e-22
1.495831670419126097e-22
1.492591854437858090e-22
1.489474355008568431e-22
1.486248559238990526e-22
1.483029832618166246e-22
1.479932863580287268e-22
1.476728055026112561e-22
1.473530264292849611e-22
1.470453675386166827e-22
1.467269701412942731e-22
1.464206560638280797e-22
1.461036336553946028e-22
1.457873045778291072e-22
1.454830037749201322e-22
1.451680396934768950e-22
1.448650673753594256e-22
1.445514616939248359e-22
1.442385410068974884e-22
1.439375575623315811e-22
1.436259854183387971e-22
1.433263143529090082e-22
1.430160842454522816e-22
1.427177191904880166e-22
1.424088246484793157e-22
1.421117592700866985e-22
1.418041938576324569e-22
1.415084218564816591e-22
1.412021791726681778e-22
1.409076942837823472e-22
1.406027679624627005e-22
1.403095639550079940e-22
1.400059476645902529e-22
1.397140183416677978e-22
1.394117057849048513e-22
1.391210449833434819e-22
1.388200298971242223e-22
1.385306314872752151e-22
1.382418540240801763e-22
1.379427655279498364e-22
1.376552413532673790e-22
1.373574348466921821e-22
1.370711579136638848e-22
1.367854944550769255e-22
1.364895915458410010e-22
1.362051663486379526e-22
1.359213501968136915e-22
1.356273372550609115e-22
1.353447504571404017e-22
1.350627683114870715e-22
1.347706318174421457e-22
1.344898701903418457e-22
1.342097088580214848e-22
1.339194354009934236e-22
1.336404858233507649e-22
1.333621322183018643e-22
1.330737084956975742e-22
1.327965579522789552e-22
1.325199990942491908e-22
1.322440305094813692e-22
1.319580474913368109e-22
1.316832705049250633e-22
1.314090795506598664e-22
1.311354732316053391e-22
1.308624501545796594e-22
1.305794817226528299e-22
1.303076361012702898e-22
1.300363695375902777e-22
1.297656806533940741e-22
1.294955680741608059e-22
1.292155786310600284e-22
1.289466295537110998e-22
1.286782526529369897e-22
1.284104465689556674e-22
1.281432099456277471e-22
1.278765414304453685e-22
1.276104396745214760e-22
1.273345559771442922e-22
1.270695985211826557e-22
1.268052037729338066e-22
1.265413703979420455e-22
1.262780970653184048e-22
1.260153824477298577e-22
1.257532252213885511e-22
1.254916240660413433e-22
1.252305776649593186e-22
1.249700847049269259e-22
1.247101438762317755e-22
1.244507538726540357e-22
1.241919133914559478e-22
1.239336211333715053e-22
1.236758758025961092e-22
1.234186761067762003e-22
1.231620207569988444e-22
1.229059084677816232e-22
1.226503379570623834e-22
1.223953079461889399e-22
1.221408171599090607e-22
1.218868643263601689e-22
1.216334481770593047e-22
1.213805674468932037e-22
1.211282208741080470e-22
1.208764072002996102e-22
1.206251251704032720e-22
1.203743735326839752e-22
1.201241510387265173e-22
1.198744564434255117e-22
1.196252885049757489e-22
1.193766459848620868e-22
1.191384138327170919e-22
1.188908044536601266e-22
1.186437168217874144e-22
1.183971497115950783e-22
1.181511019008210897e-22
1.179055721704357714e-22
1.176605593046320399e-22
1.174258508413028766e-22
1.171818542490474020e-22
1.169383709175774226e-22
1.166953996438299302e-22
1.164529392279171618e-22
1.162207083617486056e-22
1.159792523748671406e-22
1.157383036892435867e-22
1.154978611175472820e-22
1.152579234755764954e-22
1.150281412134970766e-22
1.147891963113407467e-22
1.145507528288596116e-22
1.143128095942250054e-22
1.140849628949793113e-22
1.138480031685687142e-22
1.136115402166543379e-22
1.133851299539744491e-22
1.131496436618622695e-22
1.129146506981014088e-22
1.126801499121561999e-22
1.124556437180527664e-22
1.122221105285687063e-22
1.119890661067072090e-22
1.117659729864765328e-22
1.115338894373741578e-22
1.113022912723525112e-22
1.110806013543848513e-22
1.108499573910487814e-22
1.106197954546693129e-22
1.103994989448551062e-22
1.101702845912548151e-22
1.099509072541480460e-22
1.097226361147226656e-22
1.094948414727244636e-22
1.092768414134261708e-22
1.090499834525328644e-22
1.088328919205778995e-22
1.086069663288330472e-22
1.083907791139881355e-22
1.081657816018255947e-22
1.079412529701736362e-22
1.077264208159182352e-22
1.075028138488037778e-22
1.072888755594682206e-22
1.070661860228258527e-22
1.068531374645264450e-22
1.066313611462281125e-22
1.064191982065831384e-22
1.061983309163107920e-22
1.059870495043153705e-22
1.057670870734342001e-22
1.055566831193358590e-22
1.053376214007686805e-22
1.051280908559437651e-22
1.049099257240459595e-22
1.047012645608768757e-22
1.044839919113122807e-22
1.042761961230655137e-22
1.040688252821132669e-22
1.038528774733878352e-22
1.036463660577189089e-22
1.034313005844269020e-22
1.032256446388999230e-22
1.030204087612850766e-22
1.028066530601665292e-22
1.026022667796599900e-22
1.023893833971340219e-22
1.021858428094433049e-22
1.019827174731778868e-22
1.017711289872871192e-22
1.015688435463059326e-22
1.013669705008823112e-22
1.011566680904862685e-22
1.009556291875420250e-22
1.007549998463581426e-22
1.005459747580961997e-22
1.003461738509272174e-22
1.001467796936011741e-22
9.993902324130851228e-23
9.974045185349067875e-23
9.954228442528900699e-23
9.933578798941863488e-23
9.913843770979730259e-23
9.894148862106896687e-23
9.874493981190681757e-23
9.854010613024648498e-23
9.834436705586206519e-23
9.814902552066189421e-23
9.795408062265591365e-23
9.775089469818345284e-23
9.755675219685619128e-23
9.736300362035786788e-23
9.716964807592818255e-23
9.697668467308730604e-23
9.677553465315854720e-23
9.658336458954640223e-23
9.639158398969766993e-23
9.620019197223058870e-23
9.600918765801143583e-23
9.581005069204986993e-23
9.561983077467432435e-23
9.542999591676908169e-23
9.524054524816879462e-23
9.505147790092415777e-23
9.486279300929546601e-23
9.467448970974640783e-23
9.447812857997127431e-23
9.429059736378843135e-23
9.410344514271460609e-23
9.391667106200404537e-23
9.373027426908295693e-23
9.354425391354346741e-23
9.335860914713734517e-23
9.317333912376985245e-23
9.298844299949370337e-23
9.280391993250291605e-23
9.261976908312667655e-23
9.243598961382333211e-23
9.224427862107774278e-23
9.206125065719504629e-23
9.187859155442727546e-23
9.169630048372772254e-23
9.151437661814866602e-23
9.133281913283538731e-23
9.115162720502028160e-23
9.097080001401694502e-23
9.079033674121423848e-23
9.061023657007039841e-23
9.043049868610725332e-23
9.025112227690427580e-23
9.007210653209285788e-23
8.989345064335041002e-23
8.971515380439467177e-23
8.953721521097782246e-23
8.935963406088086243e-23
8.919052294633440054e-23
8.901364335349945246e-23
8.883711882784461505e-23
8.866094857517156869e-23
8.848513180328230902e-23
8.830966772197356327e-23
8.813455554303117147e-23
8.795979448022440876e-23
8.778538374930044884e-23
8.761132256797874508e-23
8.743761015594556450e-23
8.726424573484827485e-23
8.709921195743373188e-23
8.692653047855157615e-23
8.675419468522157051e-23
8.658220380684480801e-23
8.641055707475625799e-23
8.623925372221928828e-23
8.606829298442029319e-23
8.590558291662902234e-23
8.573529453409063691e-23
8.556534650104409250e-23
8.539573806027837541e-23
8.522646845647870890e-23
8.506539299394141300e-23
8.489678830644724688e-23
8.472852021883295233e-23
8.456058798328056186e-23
8.439299085384200213e-23
8.423353182293775585e-23
8.406659226341394867e-23
8.389998560068582624e-23
8.373371109619794040e-23
8.357553020606933134e-23
8.340990746707216671e-23
