0.000000000000000000e+00
0.000000000000000000e+00
3.554441761176771994e-13
7.150605108974705235e-14
2.501171526096423983e-14
1.119704227556409451e-14
5.804897000264871749e-15
3.318686660360529652e-15
2.036040429311768725e-15
1.320311538792906411e-15
8.941555564523514307e-16
6.255805164484132167e-16
4.514502477243984109e-16
3.347782827128826472e-16
2.539269177254499182e-16
1.962131136052007537e-16
1.539781356384579471e-16
1.224255852294605376e-16
9.844313623672109753e-17
7.994601026461343226e-17
6.549882375637275773e-17
5.408989585216955199e-17
4.500351074434408601e-17
3.773857640797519106e-17
3.189677920666164215e-17
2.716340265909776104e-17
2.329577189403536248e-17
2.010846686140773586e-17
1.745995802113644020e-17
1.524183036470951330e-17
1.337051665785366663e-17
1.178110448981462990e-17
1.042274340788262474e-17
9.255249241129272312e-18
8.246588916662793860e-18
7.371009788697249466e-18
6.607639412983140318e-18
5.939430192778891502e-18
5.352357465376466607e-18
4.834805362054893610e-18
4.377092429040917143e-18
3.971102310467407557e-18
3.610058671476040803e-18
3.288402387213428765e-18
3.001315536659236892e-18
2.744578391410214637e-18
2.514510464244664405e-18
2.307909099495574036e-18
2.121990334125614615e-18
1.954334433516911977e-18
1.802837038017575717e-18
1.665666114727462823e-18
1.541224436521752237e-18
1.428117136057014423e-18
1.325123779760088438e-18
1.231174422616239771e-18
1.145329101590829411e-18
1.066760293284330956e-18
9.947379025673637026e-19
9.286164087709103184e-19
8.678238535484890464e-19
8.118523911962638040e-19
7.602518188107221320e-19
7.126259604326671469e-19
6.686196595638823995e-19
6.279127705661794428e-19
5.902166110379679970e-19
5.552707290163472723e-19
5.228399838644370574e-19
4.927119141866401074e-19
4.646943807953605465e-19
4.386134536578021878e-19
4.143115273478580639e-19
3.916456366899083398e-19
3.704859571404202780e-19
3.507144660652245326e-19
3.322237505300989879e-19
3.149159435686372504e-19
2.987017763295419688e-19
2.834997315598659692e-19
2.692352885170207903e-19
2.558402476846748632e-19
2.432522217147140706e-19
2.314143087124110141e-19
2.202742280264903735e-19
2.097838180481617251e-19
1.998986835462715441e-19
1.905778733261554954e-19
1.817835875342113606e-19
1.734809102219756242e-19
1.656375668139917055e-19
1.582237024239739824e-19
1.512116809332404585e-19
1.445759011036711007e-19
1.382926299944000198e-19
1.323398503612123147e-19
1.266971223579515248e-19
1.213454565800727369e-19
1.162671990379208331e-19
1.114459254007395806e-19
1.068663451266096915e-19
1.025142131015746045e-19
9.837626612313259563e-20
9.444018907084909881e-20
9.069448317383585393e-20
8.712839001758065116e-20
8.373183981717058996e-20
8.049540281803208383e-20
7.741024496023614821e-20
7.446808614241902809e-20
7.166116217674406138e-20
6.898218899016492721e-20
6.642432994120967267e-20
6.398116512305543484e-20
6.164666333608951972e-20
5.941515572083920576e-20
5.728131163160290593e-20
5.524011600709930889e-20
5.328684866157061240e-20
5.141706465136556037e-20
4.962657654108135780e-20
4.791143758348347467e-20
4.626793430241243449e-20
4.469259217492385345e-20
4.318213206091156628e-20
4.173345029755788767e-20
4.034360896155796429e-20
3.900982628362666117e-20
3.772946797851296662e-20
3.650003869214791573e-20
3.531917426529721826e-20
3.418463414910200266e-20
3.309429452114679162e-20
3.204614155782144720e-20
3.103826535438189056e-20
3.006885392765768168e-20
2.913618786318047693e-20
2.823863499504106605e-20
2.737464564976737352e-20
2.654274793166828527e-20
2.574154353020422045e-20
2.496970354944797513e-20
2.422596938881008754e-20
2.350916079974541202e-20
2.281815576687443402e-20
2.215188295907449305e-20
2.150931953482495054e-20
2.088948886936977325e-20
2.029145852410967926e-20
1.971433813595124520e-20
1.915727755918239200e-20
1.861946488227841640e-20
1.810012474571631091e-20
1.759851653824550169e-20
1.711393283048192381e-20
1.664569772029815520e-20
1.619316543669924693e-20
1.575571881771598574e-20
1.533276804019332665e-20
1.492374924213951147e-20
1.452812336425373690e-20
1.414537490230138187e-20
1.377501334318172962e-20
1.341657854834913294e-20
1.306963086639734764e-20
1.273374770640092282e-20
1.240852300700058558e-20
1.209356657480686121e-20
1.178850357286946731e-20
1.149297387440668098e-20
1.120663157651300370e-20
1.092914438826043616e-20
1.066019316156561477e-20
1.039947131970375322e-20
1.014668441818147709e-20
9.901549596439247847e-21
9.663795176025327223e-21
9.433160149392284555e-21
9.209393801994852377e-21
8.992255235120993771e-21
8.781513022709302056e-21
8.576944766334261499e-21
8.378337887364400269e-21
8.185492178122543426e-21
7.998215569464407530e-21
7.816322663957987338e-21
7.639634577878755523e-21
7.467978698079122973e-21
7.301188522405630825e-21
7.139103422144760354e-21
6.981568486724228282e-21
6.828434293959936900e-21
6.679556759531898721e-21
6.534796917896345670e-21
6.394020777806620451e-21
6.257099113575304730e-21
6.123907328241210368e-21
5.994325255961267923e-21
5.868237032636561049e-21
5.745530909865914756e-21
5.626099133616056956e-21
5.509837769217638903e-21
5.396647070397516759e-21
5.286432614508860182e-21
5.179103514067855939e-21
5.074571785622119746e-21
4.972752294842926320e-21
4.873562648087047189e-21
4.776923138334365434e-21
4.682756638773014998e-21
4.590988550026814786e-21
4.501546697021957881e-21
4.414361277778503126e-21
4.329364764461539856e-21
4.246491854135164479e-21
4.165679373897313333e-21
4.086866233588206080e-21
4.009993335978919538e-21
3.935003532715458846e-21
3.861841537623804920e-21
3.790453886096648588e-21
3.720788851975405296e-21
3.652796550789305342e-21
3.586429242476647327e-21
3.521640813419154798e-21
3.458386562422720786e-21
3.396623178405251353e-21
3.336308678409679343e-21
3.277402388426531254e-21
3.219864883093927724e-21
3.163657966159237149e-21
3.108744614490204901e-21
3.055088959295110003e-21
3.002656232098934587e-21
2.951412747286706286e-21
2.901325850133100596e-21
2.852363901906511379e-21
2.804496230339718652e-21
2.757693114679531634e-21
2.711925739062131656e-21
2.667166179120301277e-21
2.623387357832683641e-21
2.580562991161659702e-21
2.538667430461217933e-21
2.497675794776494775e-21
2.457563973409487985e-21
2.418308612888430539e-21
2.379887076931297898e-21
2.342277435815409727e-21
2.305458427171216843e-21
2.269409448355922192e-21
2.234110518764252097e-21
2.199542273065135719e-21
2.165685926239647654e-21
2.132523267521296554e-21
2.100036626939668403e-21
2.068208870941548691e-21
2.037023370568396374e-21
2.006463997669611645e-21
1.976515095575763455e-21
1.947161475107399879e-21
1.918388387312705150e-21
1.890181456996051736e-21
1.862526479913535001e-21
1.835409636264606617e-21
1.808817530070792264e-21
1.782737184508183479e-21
1.757156014921818851e-21
1.732061825645929674e-21
1.707442784280624526e-21
1.683287419585542009e-21
1.659584597862712376e-21
1.636323520840104594e-21
1.613493703495889869e-21
1.591084973202053760e-21
1.569087448391201395e-21
1.547491538252773429e-21
1.526287923151294397e-21
1.505467554309374608e-21
1.485021635325355675e-21
1.464941622698639497e-21
1.445219208291873399e-21
1.425846253831995085e-21
1.406814590913092864e-21
1.388116243664191354e-21
1.369743478909988915e-21
1.351688805669497279e-21
1.333944956655666269e-21
1.316504888314912948e-21
1.299361763287790653e-21
1.282508951412940725e-21
1.265940013063178330e-21
1.249648699728473707e-21
1.233628939574427797e-21
1.217874839681083046e-21
1.202380669248755987e-21
1.187140863647742984e-21
1.172150008533968323e-21
1.157402844743378946e-21
1.142894252544663273e-21
1.128619255207137796e-21
1.114573007574926757e-21
1.100750725218835602e-21
1.087147468860271744e-21
1.073758389633955909e-21
1.060578790646965439e-21
1.047604129000723943e-21
1.034830001892265108e-21
1.022252147275677912e-21
1.009866428634602720e-21
9.976688414176374163e-22
9.856554975394242692e-22
9.738226272105124543e-22
9.621665690699060153e-22
9.506837715494355185e-22
9.393707811357623515e-22
9.282242479804766707e-22
9.172409115837584727e-22
9.064176066430916790e-22
8.957512507935067415e-22
8.852388491970826088e-22
8.748774848311338984e-22
8.646642904907096270e-22
8.545963537589093262e-22
8.446708222367144316e-22
8.348849249123543477e-22
8.252359775288685951e-22
8.157213689660166047e-22
8.063385669077424222e-22
7.970851077931521423e-22
7.879586007917643106e-22
7.789567181231565226e-22
7.700771986743537804e-22
7.613178392451518775e-22
7.526764989127646938e-22
7.441510900172800097e-22
7.357395836931043740e-22
7.274399995690674742e-22
7.192504108773588807e-22
7.111689365743155209e-22
7.031937449788084081e-22
6.953230466419030536e-22
6.875550788483616049e-22
6.798880376989718099e-22
6.723201520894044336e-22
6.648496974399669632e-22
6.574749990101318640e-22
6.501944238247201160e-22
6.430063863621178141e-22
6.359093393476116306e-22
6.289017786851238312e-22
6.219822362275956053e-22
6.151492838855975854e-22
6.084015262486746940e-22
6.017376051385911620e-22
5.951561928757509409e-22
5.886559968025852588e-22
5.822357516263557117e-22
5.758942251112333491e-22
5.696302109858159290e-22
5.634425334810415741e-22
5.573300404740056876e-22
5.512915931744383347e-22
5.453260163608009015e-22
5.394321530209485550e-22
5.336088743540178369e-22
5.278550827608647318e-22
5.221697059250626033e-22
5.165517011169814367e-22
5.110000488196691574e-22
5.055137564066361344e-22
5.000918529261183795e-22
4.947333930277332949e-22
4.894374510283388411e-22
4.842031251158281589e-22
4.790295315883304256e-22
4.739158087683238903e-22
4.688611119624162716e-22
4.638646173419000621e-22
4.589255164955643690e-22
4.540430205639710825e-22
4.492163549357712539e-22
4.444447683291151618e-22
4.397275395413618447e-22
4.350639672281798890e-22
4.304533608099395879e-22
4.258950436292778125e-22
4.213883488668853956e-22
4.169326236318919865e-22
4.125272242155505995e-22
4.081715203801839182e-22
4.038648895756957125e-22
3.996067221133598423e-22
3.953964157075343495e-22
3.912333803638678233e-22
3.871170336477775926e-22
3.830468044393839453e-22
3.790221287285853395e-22
3.750424533237102604e-22
3.711072317263793453e-22
3.672159277967014244e-22
3.633680117064317039e-22
3.595629644502311824e-22
3.558002764716035626e-22
3.520794480847673842e-22
3.483999850806509940e-22
3.447614022000048160e-22
3.411632188638332126e-22
3.376049631217757667e-22
3.340861676543846239e-22
3.306063732992632670e-22
3.271651254781453707e-22
3.237619774895210113e-22
3.203964868465664533e-22
3.170682186830817612e-22
3.137767423144441668e-22
3.105216341278120636e-22
3.073024746643806843e-22
3.041188514711310671e-22
3.009703562141366520e-22
2.978565870540090825e-22
2.947771456782969835e-22
2.917316459117503675e-22
2.887197259113401229e-22
2.857410336169295224e-22
2.827952182251717336e-22
2.798819331635605547e-22
2.770008329324443881e-22
2.741515764246214406e-22
2.713338238104406422e-22
2.685472394121607758e-22
2.657914889007411998e-22
2.630662423608716150e-22
2.603711712692163825e-22
2.577059511589452311e-22
2.550702590110471360e-22
2.524637759830772485e-22
2.498861847258825072e-22
2.473371721740303307e-22
2.448164267839283570e-22
2.423236409529332309e-22
2.398585087388060818e-22
2.374207334243732940e-22
2.350100393626950844e-22
2.326261582058014235e-22
2.302688211821345854e-22
2.279377619489022706e-22
2.256327138211038160e-22
2.233534124972072502e-22
2.210995937013192153e-22
2.188709955794270034e-22
2.166673563586977344e-22
2.144884169078540582e-22
2.123339182214996813e-22
2.102036040412760498e-22
2.080972184492226888e-22
2.060145082763872498e-22
2.039552207210804230e-22
2.019191058940048186e-22
1.999059142949653126e-22
1.979153993176590298e-22
1.959473150071261841e-22
1.940014213124578696e-22
1.920774906063311754e-22
1.901753002532469379e-22
1.882946271080770710e-22
1.864352500985245390e-22
1.845969478855772457e-22
1.827795011728113088e-22
1.809826905463368944e-22
1.792062988230656493e-22
1.774501086883963231e-22
1.757139051611348975e-22
1.739974733220082826e-22
1.723006006023397805e-22
1.706230746050735049e-22
1.689646854262168208e-22
1.673252232999928476e-22
1.657044810167079709e-22
1.641022517272930107e-22
1.625183310595136567e-22
1.609525150235012476e-22
1.594046052765653562e-22
1.578744157488601750e-22
1.563617650568663918e-22
1.548664712942528614e-22
1.533883541490788765e-22
1.519272328758114242e-22
1.504829284367866982e-22
1.490552615813211679e-22
1.476440547976501346e-22
1.462491304066940647e-22
1.448703126005283180e-22
1.435074255191484946e-22
1.421602952779396041e-22
1.408287479717352066e-22
1.395126116957554649e-22
1.382117146525876568e-22
1.369258870679701691e-22
1.356549594246053470e-22
1.343987642142005578e-22
1.331571342510179014e-22
1.319299043127210554e-22
1.307169091432806910e-22
1.295179855857270528e-22
1.283329708842870306e-22
1.271617044295357912e-22
1.260040260643248902e-22
1.248597778342809690e-22
1.237288022447894787e-22
1.226109440185493527e-22
1.215060483858433925e-22
1.204139627905938744e-22
1.193345352168442502e-22
1.182676158515641318e-22
1.172130554496839863e-22
1.161707069641039219e-22
1.151404239334822155e-22
1.141220620907097710e-22
1.131154777697007717e-22
1.121205294942712954e-22
1.111370764012098106e-22
1.101649802775666616e-22
1.092041053629640597e-22
1.082543183908474245e-22
1.073154865815406041e-22
1.063874791634929399e-22
1.054701658624393117e-22
1.045634184060858861e-22
1.036671090329820967e-22
1.027811119724529618e-22
1.019053019708652660e-22
1.010395557689340821e-22
1.001837506239599575e-22
9.933776577123917913e-23
9.850148097217824524e-23
9.767477794872024628e-23
9.685753895321083697e-23
9.604964818691934387e-23
9.525099037617875056e-23
9.446145218291425472e-23
9.368092079302436950e-23
9.290928415344672492e-23
9.214642624555185972e-23
9.139223210928906668e-23
9.064658765605093637e-23
8.990938099658705445e-23
8.918050108752875651e-23
8.845983903726354059e-23
8.774728676055151373e-23
8.704273827964783327e-23
8.634608839295656605e-23
8.565723396040872295e-23
8.497607258501419460e-23
8.430250392706085030e-23
8.363642832261121698e-23
8.297774809864587624e-23
8.232636627105125613e-23
8.168218779897270221e-23
8.104511828578052527e-23
8.041506525096801921e-23
7.979193686661434658e-23
7.917564219805005626e-23
7.856608721826944261e-23
7.796317903336635932e-23
7.736682557647506933e-23
7.677693687242195127e-23
7.619342372650981693e-23
7.561619895260186925e-23
7.504517610177666048e-23
7.448027067573026680e-23
7.392139889405660382e-23
7.336847886953358554e-23
7.282142939322212397e-23
7.228017111625626311e-23
7.174462530661980588e-23
7.121471504169030538e-23
7.069036401739217007e-23
7.017149764890150310e-23
6.965804195317260100e-23
6.914992461848157795e-23
6.864707389877492871e-23
6.814941864500461099e-23
6.765688414656341337e-23
6.716939651696962510e-23
6.668688263260612445e-23
6.620927122422981945e-23
6.573649176837310540e-23
6.526847549958523111e-23
6.480515436490301327e-23
6.434646201213362947e-23
6.389233275283039864e-23
6.344270254431162325e-23
6.299750797897577743e-23
6.255668724208380687e-23
6.212017907532300905e-23
6.168792383105527782e-23
6.125986235853439578e-23
6.083593706856309325e-23
6.041609084448390761e-23
6.000026803617782929e-23
5.958841345968744695e-23
5.918047256080896808e-23
5.877638805280731914e-23
5.837610345289342729e-23
5.797956286626782906e-23
5.758671197491851799e-23
5.719749701596864113e-23
5.681186574999215695e-23
5.642976644718122594e-23
5.605114886516122639e-23
5.567596322770392390e-23
5.530416119651384687e-23
5.493569484491336116e-23
5.457051767989736881e-23
5.420858358077300524e-23
5.384984778716220611e-23
5.349426588805658231e-23
5.314179477669708331e-23
5.279239167383545208e-23
5.244601506451858711e-23
5.210262375408021507e-23
5.176217693219768641e-23
5.142463069396710268e-23
5.108994171123470319e-23
5.075806711468119880e-23
5.042896540835933321e-23
5.010259549984483382e-23
4.977891764804270248e-23
4.945789248725696378e-23
4.913948195690030847e-23
4.882364832119385914e-23
4.851035510550737180e-23
4.819956614850418553e-23
4.789124648352054496e-23
4.758536144715423880e-23
4.728187753049882214e-23
4.698076147204972037e-23
4.668198116111762312e-23
4.638550469302594593e-23
4.609130128747278610e-23
4.579934034185705021e-23
4.550959225125416002e-23
4.522202732662514648e-23
4.493661684799519446e-23
4.465333228047015161e-23
4.437214610562770080e-23
4.409303094272557701e-23
4.381596040655013768e-23
4.354090822514380566e-23
4.326784910254269106e-23
4.299675783218906474e-23
4.272761013462910498e-23
4.246038180759974268e-23
4.219504957971070965e-23
4.193159022449377153e-23
4.166998141042469226e-23
4.141020083048583621e-23
4.115222704820017989e-23
4.089603864228966543e-23
4.064161503783424820e-23
4.038893566685522472e-23
4.013798038523186952e-23
3.988872745735878839e-23
3.964115563756904475e-23
3.939524375726597818e-23
3.915097151818931589e-23
3.890831865984059485e-23
3.866726577542153234e-23
3.842779347678287543e-23
3.818988319547056297e-23
3.795351638132185475e-23
3.771867527154969632e-23
3.748534210416459441e-23
3.725349988238854863e-23
3.702313159353524090e-23
3.679422098623568011e-23
3.656675176797873744e-23
3.634070837973253032e-23
3.611607521388603248e-23
3.589283736975014892e-23
3.567097988306761860e-23
3.545048857415558679e-23
3.523134949548840603e-23
3.501354943413682972e-23
3.479707506852897912e-23
3.458191373081568824e-23
3.436805263361075377e-23
3.415547961266927680e-23
3.394418237407071761e-23
3.373414925511658873e-23
3.352536843139764906e-23
3.331782870326728605e-23
3.311151870736105332e-23
3.290642767754858933e-23
3.270254468246163173e-23
3.249985936840715822e-23
3.229836121557076175e-23
3.209804026972429748e-23
3.189888640980049070e-23
3.170089006171878156e-23
3.150404146354659019e-23
3.130833168676210839e-23
3.111375272001325622e-23
3.092029730898960808e-23
3.072795793680760887e-23
3.053672755462197253e-23
3.034659884224936855e-23
3.015756494124330992e-23
2.996961871977426942e-23
2.978275349518637930e-23
2.959696232244727896e-23
2.941223869349550159e-23
2.922857582389940327e-23
2.904596737268143786e-23
2.886440671568776394e-23
2.868388766608243980e-23
2.850440375349513764e-23
2.832594893300622611e-23
2.814851688175622981e-23
2.797210170299270118e-23
2.779669721523175955e-23
2.762229785086129753e-23
2.744889856406902829e-23
2.727649487187553740e-23
2.710508197355409670e-23
2.693465542138794175e-23
2.676521042991462635e-23
2.659674258676120393e-23
2.642924715528343521e-23
2.626271974779407238e-23
2.609715565449041391e-23
2.593255051828578673e-23
2.576889965163422294e-23
2.560619872322756123e-23
2.544444307908494643e-23
2.528362841403772624e-23
2.512375009782761176e-23
2.496480384207397309e-23
2.480678503641325482e-23
2.464968941514021007e-23
2.449351239853654752e-23
2.433824985759143503e-23
2.418389778704694422e-23
2.403045259900491554e-23
2.387791037419257544e-23
2.372626750428922509e-23
2.357552004456012509e-23
2.342566436001941887e-23
2.327669648412986204e-23
2.312861275872380029e-23
2.298140919432414058e-23
2.283508210406652272e-23
2.268962747456820415e-23
2.254504159833751430e-23
2.240132044177885014e-23
2.225846027129382543e-23
2.211645704085996051e-23
2.197530699011617471e-23
2.183500605525030960e-23
2.169555046544343438e-23
2.155693613813231320e-23
2.141915951887392879e-23
2.128221767467497318e-23
2.114610814694484831e-23
2.101082813954271206e-23
2.087637509152208669e-23
2.074274609501980565e-23
2.060993848267270753e-23
2.047794925108830612e-23
2.034677564216131818e-23
2.021641456049074620e-23
2.008686315294920135e-23
1.995811823961627284e-23
1.983017687978133540e-23
1.970303581238104614e-23
1.957669201245299716e-23
1.945114214474634880e-23
1.932638311057608091e-23
1.920241149978467782e-23
1.907922414305020917e-23
1.895681757252317198e-23
1.883518880320425762e-23
1.871433556346431587e-23
1.859425602587428062e-23
1.847494801913181936e-23
1.835640956237027687e-23
1.823863833549705434e-23
1.812163221134813338e-23
1.800538873477000264e-23
1.788990564585510371e-23
1.777518035429575483e-23
1.766121046727491888e-23
1.754799327568720983e-23
1.743552626025617571e-23
1.732380659575002536e-23
1.721283165518322587e-23
1.710259850604893000e-23
1.699310441598211272e-23
1.688434635352958317e-23
1.677632148319536861e-23
1.666902668286487752e-23
1.656245892914816668e-23
1.645661452680257226e-23
1.635148990095243729e-23
1.624708121471833480e-23
1.614338484949880113e-23
1.604039693248565956e-23
1.593811380655822747e-23
1.583653156233410272e-23
1.573564651203588928e-23
1.563545471757643285e-23
1.553595245946018788e-23
1.543713577283822548e-23
1.533900091397267429e-23
1.524154389825414868e-23
1.514476095934400583e-23
1.504864809700635250e-23
1.495320152645395842e-23
1.485841723045319682e-23
1.476429140974931141e-23
1.467082003656014176e-23
1.457799954842938730e-23
1.448582711781868130e-23
1.439430034082627473e-23
1.430341654587253147e-23
1.421317323534324749e-23
1.412356764976876089e-23
1.403459720762479832e-23
1.394625906857655269e-23
1.385855056935962333e-23
1.377146879798155831e-23
1.368501101849602157e-23
1.359917425356849481e-23
1.351395570087721913e-23
1.342935232140879997e-23
1.334536125249051111e-23
1.326197939918984538e-23
1.317920384400669549e-23
1.309703143946738483e-23
1.301545922084888608e-23
1.293448399336880914e-23
1.285410256362823995e-23
1.277431079104456694e-23
1.269510456239709880e-23
1.261647957930431717e-23
1.253843175671443234e-23
1.246095682467417242e-23
1.238405072979190861e-23
1.230770923609159978e-23
1.223192832085850204e-23
1.215670378318323259e-23
1.208203163210857907e-23
1.200790770079402655e-23
1.193432803305316673e-23
1.186128849696654483e-23
1.178878517011094192e-23
1.171681396227432588e-23
1.164537098934557612e-23
1.157445219366823810e-23
1.150405373204811011e-23
1.143417158962693672e-23
1.136480207600799578e-23
1.129594180770982769e-23
1.122758770374161302e-23
1.115973650078764709e-23
1.109238511862440263e-23
1.102553029915327898e-23
1.095916896487745643e-23
1.089329786125331721e-23
1.082791391717724243e-23
1.076301388886890050e-23
1.069859471319286238e-23
1.063465315521185533e-23
1.057118616142482846e-23
1.050819050893876375e-23
1.044566315871828051e-23
1.038360090302446069e-23
1.032200071334786277e-23
1.026085940169638532e-23
1.020017395467394855e-23
1.013994120004987749e-23
1.008015802225487277e-23
1.002082066953063419e-23
9.961925460617662959e-24
9.903468581167003117e-24
9.845446409991625047e-24
9.787855192531417212e-24
9.730691366767288036e-24
9.673951238518844408e-24
9.617631305498635223e-24
9.561727932788183239e-24
9.506237676823166854e-24
9.451156963859505514e-24
9.396482406496703184e-24
9.342210489589225515e-24
9.288337885309707409e-24
9.234861137468277371e-24
9.181776973781066933e-24
9.129081995863295055e-24
9.076772988791567679e-24
9.024846612293766724e-24
8.973299680437164293e-24
8.922128776706075135e-24
8.871330641110040332e-24
8.820901895249426949e-24
8.770839340167827547e-24
8.721139662953508849e-24
8.671799729711067606e-24
8.622816290055973148e-24
8.574186272207145665e-24
8.525906486906119256e-24
8.477973924209990420e-24
8.430385457176703275e-24
8.383138136135065388e-24
8.336228896235224452e-24
8.289654847869582233e-24
8.243412986675954905e-24
8.197500479077828572e-24
8.151914379693975964e-24
8.106651913366852054e-24
8.061710193458050076e-24
8.017086434666280172e-24
7.972777475958905733e-24
7.928780266546222628e-24
7.885091653882096282e-24
7.841708662539080481e-24
7.798628215320156538e-24
7.755847411128995448e-24
7.713363245862035367e-24
7.671172889352711349e-24
7.629273411952524353e-24
7.587662052307706619e-24
7.546335950667852018e-24
7.505292417035432079e-24
7.464528658363488183e-24
7.424042051628683634e-24
7.383829872928303791e-24
7.343889563105885804e-24
7.304218463139692263e-24
7.264814079140384502e-24
7.225673817235783700e-24
7.186795214123474028e-24
7.148175582819311190e-24
7.109812369371430552e-24
7.071702924514484758e-24
7.033844764106898536e-24
6.996235308542461483e-24
6.958872140296336965e-24
6.921752746210913443e-24
6.884874774312959856e-24
6.848235777909306253e-24
6.811833468541245397e-24
6.775665461882782549e-24
6.739729533017625838e-24
6.704023360045085404e-24
6.668544777640114677e-24
6.633291525403711913e-24
6.598261496704740191e-24
6.563452491694113815e-24
6.528862460591569230e-24
6.494489259336613818e-24
6.460330790379503205e-24
6.426384451447726879e-24
6.392647699045237480e-24
6.359117911193138265e-24
6.325792626618117961e-24
6.292669304100907480e-24
6.259745562812890632e-24
6.227018942382986262e-24
6.194487138824377936e-24
6.162147768178409230e-24
6.129998601653026172e-24
6.098037330947860138e-24
6.066261800875519592e-24
6.034669773628265948e-24
6.003259164310207686e-24
5.972027806837080966e-24
5.940973684250931251e-24
5.910094697225707019e-24
5.879388894509237882e-24
5.848854243050118590e-24
5.818488896082273115e-24
5.788291078552987251e-24
5.758259194532327382e-24
5.728391561312625079e-24
5.698686631342473209e-24
5.669142769498003075e-24
5.639758475988093796e-24
5.610532162379958241e-24
5.581462375361363469e-24
5.552547570812426765e-24
5.523786339598792039e-24
5.495177183632674542e-24
5.466718737951180507e-24
5.438409546954122707e-24
5.410248286089794781e-24
5.382233542901736380e-24
5.354364032214738584e-24
5.326638380352295671e-24
5.299055343130181816e-24
5.271613584561793118e-24
5.244311811633786772e-24
5.217148300679756530e-24
5.190121379495672549e-24
5.163229296260197760e-24
5.136470438142252447e-24
5.109843111965569606e-24
5.083345761368168767e-24
5.056976749271823427e-24
5.030734573706810248e-24
5.004617651192292051e-24
4.978624531273312217e-24
4.952753683484219640e-24
4.927003707742163830e-24
4.901373122972169287e-24
4.875860577773127837e-24
4.850464640299779881e-24
4.825184006309367366e-24
4.800017290695186073e-24
4.774963234897904452e-24
4.750020498399265923e-24
4.725187878123159888e-24
4.700464129900299584e-24
4.675848144438254830e-24
4.651338727964205641e-24
4.626934808217283634e-24
4.602635228548861785e-24
4.578438952386893496e-24
4.554344859097625539e-24
4.530351947077204374e-24
4.506459130804484451e-24
4.482665441720327717e-24
4.458969828642779795e-24
4.435371355412493426e-24
4.411869001566153418e-24
4.388461861556226444e-24
4.365148947179694395e-24
4.341929382456995218e-24
4.318802208523192854e-24
4.295766577564981221e-24
4.272821559512409551e-24
4.249966304208261006e-24
4.227199763738930847e-24
4.204520974073888432e-24
4.181928891613746838e-24
4.159422584629666810e-24
4.137001041154560938e-24
4.114663362390730660e-24
4.092408567650090313e-24
4.070235787627120407e-24
4.048144071563474491e-24
4.026132580121350302e-24
4.004200391604171002e-24
3.982346694228505818e-24
3.960570594215436666e-24
3.938871305823931270e-24
3.917247961987932342e-24
3.895699802905450761e-24
3.874225986702295125e-24
3.852825778141683950e-24
3.831498361072539494e-24
3.810243110313658054e-24
3.789059665396841968e-24
3.767947845435116966e-24
3.746907378215291140e-24
3.725938083631844902e-24
3.705039689363314499e-24
3.684212014599674255e-24
3.663454786988569891e-24
3.642767824756877048e-24
3.622150854942350163e-24
3.601603695467697632e-24
3.581126072882015746e-24
3.560717804671735520e-24
3.540378616159614357e-24
3.520108324278404860e-24
3.499906653882453444e-24
3.479773420187826639e-24
3.459708347649028661e-24
3.439711250592453874e-24
3.419781852967952812e-24
3.399919907076931765e-24
3.380124837574744545e-24
3.360396104907573949e-24
3.340733087493427895e-24
3.321135258363787938e-24
3.301602009549374778e-24
3.282132826521357671e-24
3.262727115304510016e-24
3.243384373799733067e-24
3.224104019968618791e-24
3.204885563332846900e-24
3.185728434555015335e-24
3.166632154351042391e-24
3.147596164553808379e-24
3.128619996570728139e-24
3.109703104185175956e-24
3.090845029131929593e-24
3.072045235411109303e-24
3.053303275117349009e-24
3.034618622257267847e-24
3.015990929292075255e-24
2.997420132035578018e-24
2.978906332093056740e-24
2.960449544429669022e-24
2.942049857691106082e-24
2.923707275652527904e-24
2.905421874845268555e-24
2.887193647698662097e-24
2.869022659477260218e-24
2.850908891040731953e-24
2.832852395274260312e-24
2.814853143100194388e-24
2.796911175565951659e-24
2.779026453764189907e-24
2.761199008111316965e-24
2.743428789513914397e-24
2.725715817957070431e-24
2.708060034484304875e-24
2.690461449244154535e-24
2.672919994137870393e-24
2.655435702327387131e-24
2.638008660104628322e-24
2.620639050357777208e-24
2.603326975893148927e-24
2.586072603247667689e-24
2.568876020039623917e-24
2.551737376869335116e-24
2.534656746174524764e-24
2.517634262778125477e-24
2.500669985327110518e-24
2.483764033829751237e-24
2.466916453284590354e-24
2.450127349343919892e-24
2.433396753587458401e-24
2.416724758493624716e-24
2.400111382843534525e-24
2.383556706140954052e-24
2.367060734826239788e-24
2.350623535779950607e-24
2.334245104026712996e-24
2.317925498370245780e-24
2.301664720104124289e-24
2.285462833000351156e-24
2.269319831096187575e-24
2.253235766068332324e-24
2.237210621116068025e-24
2.221244436761024920e-24
2.205337186034447008e-24
2.189488898493316895e-24
2.173699537100581017e-24
2.157969121261341627e-24
2.142297604717638705e-24
2.126684996870523587e-24
2.111131242397216338e-24
2.095636341399310897e-24
2.080200230440548956e-24
2.064822900775393972e-24
2.049504280728714508e-24
2.034244353130056499e-24
2.019043038710387453e-24
2.003900389814685707e-24
1.988816705093896048e-24
1.973792406242438535e-24
1.958827846319546259e-24
1.943923423077828986e-24
1.929079466372838419e-24
1.914296350685794456e-24
1.899574383889042051e-24
1.884913918186919866e-24
1.870315240269787464e-24
1.855778680651254812e-24
1.841304505580066138e-24
1.826893025216202195e-24
1.812544486090867741e-24
1.798259178696617958e-24
1.784037330817919615e-24
1.769879213584898656e-24
1.755785036758985774e-24
1.741755052988438292e-24
1.727789454279233382e-24
1.713888459890323321e-24
1.700052164704727372e-24
1.686280692119874279e-24
1.672574108535080306e-24
1.658932524198866303e-24
1.645355993458122120e-24
1.631844614518221069e-24
1.618398430360235957e-24
1.605017527404396301e-24
1.591701937711713037e-24
1.578451736570919298e-24
1.565266945565189717e-24
1.552147629087535085e-24
1.539093799046718223e-24
1.526105509526990114e-24
1.513182762775893386e-24
1.500325602975205324e-24
1.487534023477390765e-24
1.474808059113429330e-24
1.462147694698406584e-24
1.449553002345827216e-24
1.437024188290050019e-24
1.424561541341519246e-24
1.412165297097208120e-24
1.399835726708249405e-24
1.387573049022579555e-24
1.375377518100249035e-24
1.363249336453381082e-24
1.351188741777615002e-24
1.339195921285192761e-24
1.327271096510222729e-24
1.315414439562104350e-24
1.303626156823760903e-24
1.291906405959676440e-24
1.280255378530279406e-24
1.268673218398378887e-24
1.257160102779971764e-24
1.245716162041059554e-24
1.234341559667997366e-24
1.223036413274000951e-24
1.211800827711937460e-24
1.200634681346368324e-24
1.189537843657813423e-24
1.178510144744002259e-24
1.167551450866264066e-24
1.156661589431331208e-24
1.145840423755521005e-24
1.135087778682500308e-24
1.124403514710304382e-24
1.113787454648785284e-24
1.103239456283859895e-24
1.092759340360106494e-24
1.082346961927842161e-24
1.072002139892931585e-24
1.061724727075096543e-24
1.051514540623283068e-24
1.041371431080741947e-24
1.031295213794901755e-24
1.021285737249853354e-24
1.011342815333746428e-24
1.001466299420732516e-24
9.916560268452401155e-25
9.819118714565500430e-25
9.722336733232485951e-25
9.626213033641468244e-25
9.530745996626758206e-25
9.435934304928317340e-25
9.341776318278819498e-25
9.248270693251679689e-25
9.155415769044069328e-25
9.063210180985307484e-25
8.971652248376434716e-25
8.880740581844805070e-25
8.790473485466504030e-25
8.700849547077306490e-25
8.611867053314822706e-25
8.523524571283131457e-25
8.435820372500529966e-25
8.348753003888909606e-25
8.262320721481718069e-25
8.176521799371105826e-25
8.091353219493532611e-25
8.006812002985441528e-25
7.922894912234247126e-25
7.839598997575099131e-25
7.756921056564629927e-25
7.674858169094092979e-25
7.593407166309359304e-25
7.512565157598689964e-25
7.432329009708114633e-25
7.352695859161825140e-25
7.273662605561934882e-25
7.195226413466597304e-25
7.117384215410941958e-25
7.040133203745172677e-25
6.963470342346644177e-25
6.887392850080969627e-25
6.811897722066460068e-25
6.736982204555785437e-25
6.662643322814811415e-25
6.588877865863134397e-25
6.515680496566465378e-25
6.443045676920115813e-25
6.370967703280247573e-25
6.299441152199336733e-25
6.228460437774362666e-25
6.158020248879954579e-25
6.088115112965915665e-25
6.018739827740914081e-25
5.949889033822059958e-25
5.881557634381855647e-25
5.813740379713237345e-25
5.746432276453292033e-25
5.679628180396850407e-25
5.613323200462561971e-25
5.547512296438993586e-25
5.482190675103692027e-25
5.417353397739812495e-25
5.352995766792052166e-25
5.289112943904443545e-25
5.225700101778349911e-25
5.162751391396116061e-25
5.100260988758889784e-25
5.038222955176820544e-25
4.976631596471308682e-25
4.915481106110764884e-25
4.854765915677293426e-25
4.794480348348636798e-25
4.734618960208758958e-25
4.675176199668712525e-25
4.616146742388167785e-25
4.557525160090290741e-25
4.499306245755840554e-25
4.441484690776406669e-25
4.384055402494070002e-25
4.327013189411358953e-25
4.270353070841548117e-25
4.214069968832873646e-25
4.158159012297377036e-25
4.102615234711451514e-25
4.047433574663563632e-25
3.992607703150732664e-25
3.938131215863032946e-25
3.883997643851528833e-25
3.830200736636148356e-25
3.776734181021822444e-25
3.723591875770427505e-25
3.670767658571835891e-25
3.618255574852818212e-25
3.566049610608519972e-25
3.514143953855440284e-25
3.462532734464226318e-25
3.411210279980593646e-25
3.360170860724355124e-25
3.309408939223883182e-25
3.258918923455393922e-25
3.208695408810217462e-25
3.158732937180223655e-25
3.109026232377356545e-25
3.059569967052396030e-25
3.010358722160077130e-25
2.961385963822015275e-25
2.912645083705064313e-25
2.864129449066925499e-25
2.815832617118324771e-25
2.767748122141960196e-25
2.719869683853930735e-25
2.672190999205610730e-25
2.624705946132569709e-25
2.577408380949997710e-25
2.530292334752536340e-25
2.483351819631523338e-25
2.436581016484240209e-25
2.389974088945329736e-25
2.343525364252589960e-25
2.297229153634980843e-25
2.251079926965172502e-25
2.205072139956695649e-25
2.159200401240206035e-25
2.113459306925662608e-25
2.067843617451335147e-25
2.022348146767125119e-25
1.976967866416500419e-25
1.931697737573871006e-25
1.886532857962040130e-25
1.841468316748918330e-25
1.796499334645413754e-25
1.751621125242836511e-25
1.706829029265295965e-25
1.662118382192758762e-25
1.617484641416183166e-25
1.572923261074818027e-25
1.528429812454267742e-25
1.483999865472536960e-25
1.439629102933835933e-25
1.395313207486401047e-25
1.351047970188577077e-25
1.306829184116421433e-25
1.262652745820461329e-25
1.218514555915723906e-25
1.174410625695411913e-25
1.130337017873500637e-25
1.086289900874121188e-25
1.042265449495043181e-25
9.982599280881538486e-26
9.542696095051379180e-26
9.102908515969411386e-26
8.663200231487198569e-26
8.223535733084930754e-26
7.783879641257686968e-26
7.344197336707399859e-26
6.904454352790558866e-26
6.464616938787985261e-26
6.024651516991192649e-26
5.584525184311333779e-26
5.144205232192847588e-26
4.703659582394529513e-26
4.262856376444966301e-26
3.821764341474145863e-26
3.380352447126615036e-26
2.938593940471920065e-26
2.496477165911145829e-26
2.053994426188050249e-26
1.611138016062179057e-26
1.167900395192023171e-26
7.242740469978025812e-27
2.802515839931453767e-27
-1.641743251866095826e-27
-6.090109182017415700e-27
-1.054265344005796232e-26
-1.499944693482868547e-26
-1.946055935823046844e-26
-2.392606018001994799e-26
-2.839601731851362181e-26
-3.287049882960032449e-26
-3.734957088345851129e-26
-4.183330014484568897e-26
-4.632175105709362703e-26
-5.081498892388105061e-26
-5.531307646739260976e-26
-5.981609209349220122e-26
-6.432416867536870063e-26
-6.883745410525969769e-26
-7.335609186351811059e-26
-7.788022631789705800e-26
-8.240999708774509574e-26
-8.694554507825229786e-26
-9.148700612864312542e-26
-9.603451773795396443e-26
-1.005882120240786676e-25
-1.051482231584696424e-25
-1.097146795880161918e-25
-1.142877122077113358e-25
-1.188674458585987422e-25
-1.234540082372348611e-25
-1.280475206355243992e-25
-1.326481075916076883e-25
-1.372558869060725587e-25
-1.418709800265840192e-25
-1.464935013016622523e-25
-1.511234888214808598e-25
-1.557606540433752664e-25
-1.604046381290112504e-25
-1.650550804519140271e-25
-1.697116311874100498e-25
-1.743739382268448625e-25
-1.790416605340836395e-25
-1.837144542450367454e-25
-1.883919868840214424e-25
-1.930739226334520123e-25
-1.977599373256804137e-25
-2.024497029776548373e-25
-2.071429035201648209e-25
-2.118392185605287413e-25
-2.165383399070911640e-25
-2.212399545470721309e-25
-2.259437619777087998e-25
-2.306494563751785140e-25
-2.353567447141644545e-25
-2.400653281002400830e-25
-2.447749284995153582e-25
-2.494852920564273425e-25
-2.541961854861134169e-25
-2.589073681392281560e-25
-2.636186124986231345e-25
-2.683296832113584001e-25
-2.730403583877719695e-25
-2.777504078368080861e-25
-2.824596151290317702e-25
-2.871677550679915893e-25
-2.918746165273780996e-25
-2.965799791370895791e-25
-3.012836370011980294e-25
-3.059853744325322662e-25
-3.106849906233395268e-25
-3.153822744244059514e-25
-3.200770299225296140e-25
-3.247690504212991024e-25
-3.294581447957359142e-25
-3.341441105810347772e-25
-3.388267136071589645e-25
-3.435055181751922322e-25
-3.481800602855367317e-25
-3.528498670816988077e-25
-3.575144856479452774e-25
-3.621734536646360899e-25
-3.668263290611606980e-25
-3.714726597895160125e-25
-3.761120143486899551e-25
-3.807439507872205454e-25
-3.853680480034152306e-25
-3.899838738138798396e-25
-3.945910172473190945e-25
-3.991890556715381192e-25
-4.037775879727858710e-25
-4.083562008575096104e-25
-4.129245029457121839e-25
-4.174820900843922160e-25
-4.220285803045691882e-25
-4.265635784176689082e-25
-4.310867148960886080e-25
-4.355976189845708111e-25
-4.400959456663744398e-25
-4.445813354749999865e-25
-4.490534518883640454e-25
-4.535119433053777874e-25
-4.579564815465550904e-25
-4.623867226686224709e-25
-4.668023466722756995e-25
-4.712030171857406391e-25
-4.755884221764519947e-25
-4.799582326889285791e-25
-4.843121445097020332e-25
-4.886498358874673577e-25
-4.929710102363760279e-25
-4.972753529584520309e-25
-5.015625750378655246e-25
-5.058323688477735516e-25
-5.100844527342516674e-25
-5.143185259394047053e-25
-5.185342956178937657e-25
-5.227313760013857537e-25
-5.269093908254721139e-25
-5.310679448202209453e-25
-5.352066711480077016e-25
-5.393251834426542485e-25
-5.434231242586975156e-25
-5.475001158823801372e-25
-5.515558099772829797e-25
-5.555898374827511412e-25
-5.596018589236958473e-25
-5.635915136469756962e-25
-5.675584710480316184e-25
-5.715023787798491406e-25
-5.754229148445178649e-25
-5.793197350871451110e-25
-5.831925260312290064e-25
-5.870409514516617522e-25
-5.908647063105955666e-25
-5.946634623409085602e-25
-5.984369381741474797e-25
-6.021848900825069425e-25
-6.059071210219289676e-25
-6.096034083154679034e-25
-6.132735609108319409e-25
-6.169173616710674382e-25
-6.205346255032395521e-25
-6.241251406735847302e-25
-6.276887280226882805e-25
-6.312251811403338752e-25
-6.347343266419044714e-25
-6.382159634721258484e-25
-6.416699239604564314e-25
-6.450960121041114310e-25
-6.484940659144532966e-25
-6.518638946174937412e-25
-6.552053418386941530e-25
-6.585182218352098926e-25
-6.618023836912727492e-25
-6.650576467769326795e-25
-6.682838866495328523e-25
-6.714810326861319660e-25
-6.746490695722835480e-25
-6.777879501512546984e-25
-6.808976617254142142e-25
-6.839781593674277001e-25
-6.870294330665925936e-25
-6.900514400013373552e-25
-6.930441726791755116e-25
-6.960075903451106116e-25
-6.989416879533566642e-25
-7.018464270098517570e-25
-7.047218050782027481e-25
-7.075677857760343378e-25
-7.103843691885622441e-25
-7.131715210484389389e-25
-7.159292441297301627e-25
-7.186575060786783963e-25
-7.213563122743104323e-25
-7.240256323122516446e-25
-7.266655001845000199e-25
-7.292760177847559135e-25
-7.318573506798372517e-25
-7.344096256987477027e-25
-7.369330074275031959e-25
-7.394276215975125084e-25
-7.418936320660579894e-25
-7.443311632659403175e-25
-7.467403784241753826e-25
-7.491214007926979625e-25
-7.514743929075345724e-25
-7.537994767907605866e-25
-7.560968142739494188e-25
-7.583665262953913149e-25
-7.606087739855071549e-25
-7.628236772965355035e-25
-7.650113966992396575e-25
-7.671720510360058229e-25
-7.693058001428810404e-25
-7.714127618115385538e-25
-7.734931139619731173e-25
-7.755470665207081873e-25
-7.775748888822947274e-25
-7.795768065462809345e-25
-7.815530859354803502e-25
-7.835039493332232408e-25
-7.854296603442190726e-25
-7.873304379234084489e-25
-7.892065430007433376e-25
-7.910581915449265547e-25
-7.928856416334317828e-25
-7.946891062230399579e-25
-7.964688407716839993e-25
-7.982250551422393953e-25
-7.999580020648864243e-25
-8.016678883948026685e-25
-8.033549642519797106e-25
-8.050194335668773012e-25
-8.066615439227667243e-25
-8.082814962563442078e-25
-8.098795673808738061e-25
-8.114561131682069854e-25
-8.130115637688847310e-25
-8.145463003725948672e-25
-8.160607468522772561e-25
-8.175552778301973445e-25
-8.190303110905040699e-25
-8.204862148347286964e-25
-8.219234006428869762e-25
-8.233422304136825743e-25
-8.247431097371534756e-25
-8.261263943707315566e-25
-8.274924839717925782e-25
-8.288417279894995648e-25
-8.301745203623770878e-25
-8.314912045410849477e-25
-8.327921687001400031e-25
-8.340777501204210385e-25
-8.353483314707228795e-25
-8.366042441427343472e-25
-8.378458829698085572e-25
-8.390736619657651934e-25
-8.402880579312115150e-25
-8.414894948403824872e-25
-8.426784422191532553e-25
-8.438553162161889156e-25
-8.450205789677822929e-25
-8.461746390270258395e-25
-8.473179513006967583e-25
-8.484509167255809736e-25
-8.495739830800915391e-25
-8.506875440294920993e-25
-8.517920404500840989e-25
-8.528878582937168827e-25
-8.539754316635063030e-25
-8.550551392205270311e-25
-8.561274083168249675e-25
-8.571926105186241619e-25
-8.582511664507550165e-25
-8.593034405664143269e-25
-8.603498653353441168e-25
-8.613908899291223039e-25
-8.624270309279961712e-25
-8.634587471287782751e-25
-8.644865467745826430e-25
-8.655108798042016824e-25
-8.665322460303293010e-25
-8.675510866043767026e-25
-8.685678932102010364e-25
-8.695830984187861647e-25
-8.705971858809113704e-25
-8.716105797968123461e-25
-8.726237557770945635e-25
-8.736371295922335254e-25
-8.746511690203334584e-25
-8.756662819125574445e-25
-8.766829281452622973e-25
-8.777015075620493577e-25
-8.787224724530762605e-25
-8.797462147716337591e-25
-8.807731746889522358e-25
-8.818037136949734499e-25
-8.828382417646957384e-25
-8.838771086954488589e-25
-8.849207176455924886e-25
-8.859694113993292532e-25
-8.870235864709451289e-25
-8.880835787352469245e-25
-8.891497779498797396e-25
-8.902225132523261843e-25
-8.913021678816104550e-25
-8.923890642944427109e-25
-8.934835794275748783e-25
-8.945860288456289847e-25
-8.956967833238422371e-25
-8.968161519164993215e-25
-8.979444992606713496e-25
-8.990821278517329536e-25
-9.002293963091869724e-25
-9.013866007245179550e-25
-9.025540590582970854e-25
-9.037318885015438714e-25
-9.049202302455156936e-25
-9.061191641107805651e-25
-9.073288291196769134e-25
-9.085493027399124428e-25
-9.097807219760478341e-25
-9.110231615701692852e-25
-9.122767563650624074e-25
-9.135415786270270534e-25
-9.148177607885193411e-25
-9.161053729828599917e-25
-9.174045455593630951e-25
-9.187153460810753218e-25
-9.200379028128227925e-25
-9.213722809932426891e-25
-9.227186067713392591e-25
-9.240769429919581110e-25
-9.254474136310668193e-25
-9.268300792098936768e-25
-9.282250889752440560e-25
-9.296326386307733213e-25
-9.310530115214992735e-25
-9.324864257579156596e-25
-9.339331599354816206e-25
-9.353934270948923181e-25
-9.368675009885106584e-25
-9.383555895658203022e-25
-9.398579617792261760e-25
-9.413748207675086564e-25
-9.429064309514602140e-25
-9.444529906748821990e-25
-9.460147597284432402e-25
-9.475919316161451634e-25
-9.491847617310396610e-25
-9.507934387384711010e-25
-9.524182135826728274e-25
-9.540592702643546892e-25
-9.557168554737068718e-25
-9.573911484379359283e-25
-9.590823327249339528e-25
-9.607902893219704551e-25
-9.625149065055647813e-25
-9.642560074079349050e-25
-9.660134818612475597e-25
-9.677871542455953998e-25
-9.695769156851618563e-25
-9.713825917112781597e-25
-9.732040749323919480e-25
-9.750411920398420316e-25
-9.768938371771925088e-25
-9.787618380780094604e-25
-9.806450903573689146e-25
-9.825434227274047753e-25
-9.844567319014517490e-25
-9.863848476619936104e-25
-9.883276679942115662e-25
-9.902850236584054488e-25
-9.922568138586452919e-25
-9.942428702167635945e-25
-9.962430668991072644e-25
-9.982571055868257512e-25
-1.000284732043937676e-24
-1.002325624752630340e-24
-1.004379533168040012e-24
-1.006446138934604245e-24
-1.008525195088414584e-24
-1.010616386327530848e-24
-1.012719469106527440e-24
-1.014834131177392989e-24
-1.016960132413191000e-24
-1.019097163487684517e-24
-1.021244987650112753e-24
-1.023403298352185737e-24
-1.025571862198310660e-24
-1.027750375417367053e-24
-1.029938607828724648e-24
-1.032136258484479350e-24
-1.034343100280683233e-24
-1.036558834915605902e-24
-1.038783255145353448e-24
-1.041016148113448856e-24
-1.043257391858196387e-24
-1.045506791225423490e-24
-1.047764225826066605e-24
-1.050029501531204292e-24
-1.052302499495967940e-24
-1.054583026551902422e-24
-1.056870965463123468e-24
-1.059166123997812973e-24
-1.061468386467597612e-24
-1.063777561629542800e-24
-1.066093535376055771e-24
-1.068416117328373593e-24
-1.070745194998520370e-24
-1.073080578885600431e-24
-1.075422158133990317e-24
-1.077769744120893963e-24
-1.080123227581471741e-24
-1.082482420751285868e-24
-1.084847140439230045e-24
-1.087216823084788383e-24
-1.089590913458928161e-24
-1.091968779748444303e-24
-1.094349874940910787e-24
-1.096733574698098459e-24
-1.099119340168205811e-24
-1.101506554496080789e-24
-1.103894686879909054e-24
-1.106283127788146804e-24
-1.108671354435669152e-24
-1.111058764502149514e-24
-1.113444843130464347e-24
-1.115828995210966125e-24
-1.118210713720703407e-24
-1.120589410675783035e-24
-1.122964586779000822e-24
-1.125335661221810801e-24
-1.127702142339209099e-24
-1.130063456330833374e-24
-1.132419170645835800e-24
-1.134768974576351480e-24
-1.137112697348637895e-24
-1.139450082453279490e-24
-1.141780962209351219e-24
-1.144105082670980585e-24
-1.146422279243732550e-24
-1.148732300600806376e-24
-1.151034985437996651e-24
-1.153330084974492996e-24
-1.155617440959842302e-24
-1.157896807397615723e-24
-1.160168029222352541e-24
-1.162430863202042240e-24
-1.164685157473084289e-24
-1.166930671284918745e-24
-1.169167256227360871e-24
-1.171394674427698197e-24
-1.173612780611300944e-24
-1.175821339825233265e-24
-1.178020182085733885e-24
-1.180208935323392416e-24
-1.182387294182282133e-24
-1.184554863705664523e-24
-1.186711344224556080e-24
-1.188856346095626509e-24
-1.190989575248533862e-24
-1.193110647395642634e-24
-1.195219274155196116e-24
-1.197315076645592489e-24
-1.199397772064881137e-24
-1.201466986709254798e-24
-1.203522443522833814e-24
-1.205563774404786928e-24
-1.207590708030962201e-24
-1.209602881658533749e-24
-1.211600029365444860e-24
-1.213581793908654335e-24
-1.215547915058284407e-24
-1.217498040975307548e-24
-1.219431930429425835e-24
-1.221349302272887835e-24
-1.223249986091664973e-24
-1.225133717895706132e-24
-1.227000332041290892e-24
-1.228849568898254828e-24
-1.230681267581348079e-24
-1.232495172629530932e-24
-1.234291127835291317e-24
-1.236068882032570189e-24
-1.237828283474734767e-24
-1.239569085580067462e-24
-1.241291141014932122e-24
-1.242994207603313110e-24
-1.244678142796779429e-24
-1.246342708676502681e-24
-1.247987767162086981e-24
-1.249613084798886172e-24
-1.251218528379623648e-24
-1.252803868876479938e-24
-1.254369018218011549e-24
-1.255913954830187541e-24
-1.257438797112048436e-24
-1.258943565269793131e-24
-1.260428379004496630e-24
-1.261893259582702775e-24
-1.263338327990084245e-24
-1.264763606646570755e-24
-1.266169217693794456e-24
-1.267555184618064335e-24
-1.268921630800542131e-24
-1.270268580769974957e-24
-1.271596159534005574e-24
-1.272904392456292489e-24
-1.274193405876805067e-24
-1.275463226089301617e-24
-1.276713980941159909e-24
-1.277945697770273130e-24
-1.279158505582764444e-24
-1.280352432967836732e-24
-1.281527596539125412e-24
-1.282683956849750687e-24
-1.283821563893435868e-24
-1.284940366113277359e-24
-1.286040415916704755e-24
-1.287121664170965929e-24
-1.288184165515886309e-24
-1.289227872768913079e-24
-1.290252843063584301e-24
-1.291259031076448778e-24
-1.292246496025757907e-24
-1.293215194906475143e-24
-1.294165189162681844e-24
-1.295096437902955612e-24
-1.296009004403282894e-24
-1.296902849689047933e-24
-1.297778039313535789e-24
-1.298634536122447624e-24
-1.299472407610149464e-24
-1.300291618460745105e-24
-1.301092288378900501e-24
-1.301874634871433359e-24
-1.302639028665856548e-24
-1.303385735287380073e-24
-1.304115123449776515e-24
-1.304827456205287963e-24
-1.305523099918304501e-24
-1.306202315167138603e-24
-1.306865466386811352e-24
-1.307512811761379512e-24
-1.308144713653278260e-24
-1.308761427731948316e-24
-1.309363314072632620e-24
-1.309950625997759852e-24
-1.310523721179409934e-24
-1.311082850462324939e-24
-1.311628369492670419e-24
-1.312160526510817345e-24
-1.312679674728697181e-24
-1.313186059862076824e-24
-1.313680034799739196e-24
-1.314161853494707288e-24
-1.314631877150252297e-24
-1.315090359149025681e-24
-1.315537657939147244e-24
-1.315974023929427897e-24
-1.316399813064405617e-24
-1.316815272864955529e-24
-1.317220756762773825e-24
-1.317616509433864445e-24
-1.318002881401142240e-24
-1.318380114377444461e-24
-1.318748556147959981e-24
-1.319108445405143276e-24
-1.319460127213343221e-24
-1.319803837124509582e-24
-1.320139917329722863e-24
-1.320468600571011116e-24
-1.320790226091360009e-24
-1.321105023448402502e-24
-1.321413357046921551e-24
-1.321715595222804855e-24
-1.322012239774025689e-24
-1.322303682453710894e-24
-1.322590419782033455e-24
-1.322872838442620094e-24
-1.323151429657319924e-24
-1.323426574745480093e-24
-1.323698759952078549e-24
-1.323968361181879424e-24
-1.324235859265111243e-24
-1.324501625163726552e-24
-1.324766134465628537e-24
-1.325029752772038143e-24
-1.325292950519779495e-24
-1.325556088123126840e-24
-1.325819630760638340e-24
-1.326083933617049340e-24
-1.326349456624351515e-24
-1.326616549744647341e-24
-1.326885642838636619e-24
-1.327156956220183584e-24
-1.327430790945667317e-24
-1.327707338910217892e-24
-1.327986897606139395e-24
-1.328269655721572703e-24
-1.328555906914067660e-24
-1.328845836487403030e-24
-1.329139734402540551e-24
-1.329437782670366685e-24
-1.329740267705407936e-24
-1.330047368127342133e-24
-1.330359366558505273e-24
-1.330676438231014991e-24
-1.330998862322440190e-24
-1.331326810492367301e-24
-1.331660558408819395e-24
-1.332000273821810831e-24
-1.332346228898402345e-24
-1.332698587800476811e-24
-1.333057645576915533e-24
-1.333423695569022906e-24
-1.333797161484940360e-24
-1.334178357755804618e-24
-1.334567702665835527e-24
-1.334965505268399601e-24
-1.335372178252614839e-24
-1.335788025499772344e-24
-1.336213454278221795e-24
-1.336648762877929273e-24
-1.337094353378592187e-24
-1.337550518474763450e-24
-1.338017655230095773e-24
-1.338496050667308540e-24
-1.338986096707721629e-24
-1.339488074930948223e-24
-1.340002372101148159e-24
-1.340529264523166185e-24
-1.341069133798581418e-24
-1.341622250831051265e-24
-1.342188949899103634e-24
-1.342769285240199767e-24
-1.343363376269813439e-24
-1.343971232103207961e-24
-1.344592969939479956e-24
-1.345228596271778468e-24
-1.345878225957912185e-24
-1.346541862667210600e-24
-1.347219619090465362e-24
-1.347911496175679606e-24
-1.348617604194213302e-24
-1.349337941387538657e-24
-1.350072615580186132e-24
-1.350821622359578238e-24
-1.351585067086218259e-24
-1.352362942557106969e-24
-1.353155351703260909e-24
-1.353962284652194897e-24
-1.354783841813631515e-24
-1.355620010555799571e-24
-1.356470891572444225e-24
-1.357336483068550891e-24
-1.358216896808231551e-24
-1.359112130928082643e-24
-1.360022294454534438e-24
-1.360947382599699079e-24
-1.361887501757026411e-24
-1.362842644045044644e-24
-1.363812913420088469e-24
-1.364798298752133072e-24
-1.365798901595312378e-24
-1.366814707702932403e-24
-1.367845816136352444e-24
-1.368892209474786630e-24
-1.369953984387153954e-24
-1.371031120314992922e-24
-1.372123711512443602e-24
-1.373231734215714220e-24
-1.374355280311877585e-24
-1.375494322960216396e-24
-1.376648921517701221e-24
-1.377818896037141829e-24
-1.379004154203829749e-24
-1.380204484495225732e-24
-1.381419793869542237e-24
-1.382649869473565899e-24
-1.383894617595161851e-24
-1.385153823832596143e-24
-1.386427393955902562e-24
-1.387715112011315889e-24
-1.389016883000144176e-24
-1.390332489699942189e-24
-1.391661836272733383e-24
-1.393004704033752041e-24
-1.394360996557787985e-24
-1.395730493622352014e-24
-1.397113098169424198e-24
-1.398508588467898743e-24
-1.399916866845216273e-24
-1.401337710140329135e-24
-1.402771001261292525e-24
-1.404216422366275801e-24
-1.405673762690613249e-24
-1.407142685368211572e-24
-1.408622979818208292e-24
-1.410114309022930481e-24
-1.411616462713445394e-24
-1.413129103600015060e-24
-1.414652021744962875e-24
-1.416184879507785192e-24
-1.417727467408540888e-24
-1.419279447423745113e-24
-1.420840610600184741e-24
-1.422410618628603614e-24
-1.423989263021017128e-24
-1.425576205369492067e-24
-1.427171237433877160e-24
-1.428774020902200670e-24
-1.430384347944191880e-24
-1.432001880239085622e-24
-1.433626408999425415e-24
-1.435257588791716933e-24
-1.436895204361266221e-24
-1.438538908907154845e-24
-1.440188487962416819e-24
-1.441843594889795399e-24
-1.443504016131053547e-24
-1.445169405181929031e-24
-1.446839549425472200e-24
-1.448514102663355168e-24
-1.450192853369235594e-24
-1.451875455582132226e-24
-1.453561699032606122e-24
-1.455251238076482593e-24
-1.456943863702721358e-24
-1.458639230692664745e-24
-1.460337131343754906e-24
-1.462037221105898419e-24
-1.463739293607710035e-24
-1.465443005175328922e-24
-1.467148130739492183e-24
-1.468854227221325568e-24
-1.470560971277041656e-24
-1.472267901898996319e-24
-1.473974698187495686e-24
-1.475680901331724675e-24
-1.477386193326578681e-24
-1.479090117369025545e-24
-1.480792358480773760e-24
-1.482492462072831655e-24
-1.484190116261171971e-24
-1.485884868889220987e-24
-1.487576411231612397e-24
-1.489264293576238145e-24
-1.490948210517375725e-24
-1.492627715084296825e-24
-1.494302505221580368e-24
-1.495972136770645115e-24
-1.497636311172091575e-24
-1.499294587305286476e-24
-1.500946667502467406e-24
-1.502592100400315638e-24
-1.504230579078793130e-24
-1.505861652392913438e-24
-1.507485017848848437e-24
-1.509100227635782940e-24
-1.510706983518770061e-24
-1.512304841060067570e-24
-1.513893506580035146e-24
-1.515472539218728898e-24
-1.517041649950019174e-24
-1.518600401674118721e-24
-1.520148510146486380e-24
-1.521685542097233978e-24
-1.523211218287676641e-24
-1.524725109237407010e-24
-1.526226940900484485e-24
-1.527716287885422071e-24
-1.529192881361137430e-24
-1.530656300210570532e-24
-1.532106304980532509e-24
-1.533542598803598297e-24
-1.534965067391137062e-24
-1.536373441072072528e-24
-1.537767609939803926e-24
-1.539147307738782571e-24
-1.540512428974077849e-24
-1.541862711013863407e-24
-1.543198052742428898e-24
-1.544518195344141706e-24
-1.545823042143914064e-24
-1.547112338203914938e-24
-1.548385991473536192e-24
-1.549643750848910512e-24
-1.550885529243481430e-24
-1.552111079368367916e-24
-1.553320319196902300e-24
-1.554513005328133302e-24
-1.555689060931868621e-24
-1.556848246472966492e-24
-1.557990485151780570e-24
-1.559115514399464183e-24
-1.560223236004142617e-24
-1.561313386319326121e-24
-1.562385872816781902e-24
-1.563440436380438435e-24
-1.564476990091073444e-24
-1.565495279378070778e-24
-1.566495223058971218e-24
-1.567476571083162880e-24
-1.568439248029006832e-24
-1.569383008484225123e-24
-1.570307782900274983e-24
-1.571213330415119931e-24
-1.572099587285873041e-24
-1.572966317479519726e-24
-1.573813462927422965e-24
-1.574640792414557681e-24
-1.575448253626341252e-24
-1.576235620126906392e-24
-1.577002869718962201e-24
-1.577749903245549546e-24
-1.578476825789791411e-24
-1.579183566321661414e-24
-1.579870234223950857e-24
-1.580536761868896964e-24
-1.581183262942740039e-24
-1.581809673115643297e-24
-1.582416110193160183e-24
-1.583002513348927212e-24
-1.583569004484443610e-24
-1.584115525981355750e-24
-1.584642204120726957e-24
-1.585148984339904474e-24
-1.585635996983562678e-24
-1.586103190486484473e-24
-1.586550699278545261e-24
-1.586978474691036574e-24
-1.587386655124630960e-24
-1.587775194839489388e-24
-1.588144252279483563e-24
-1.588493867142012250e-24
-1.588824283072693021e-24
-1.589135558145185015e-24
-1.589427938543905810e-24
-1.589701484190264932e-24
-1.589956443558293529e-24
-1.590192878325600155e-24
-1.590411039221965373e-24
-1.590610989468312353e-24
-1.590792981957652319e-24
-1.590957081223061174e-24
-1.591103542412072268e-24
-1.591232431077420751e-24
-1.591344004313814407e-24
-1.591438328619654856e-24
-1.591515663052509267e-24
-1.591576075078601781e-24
-1.591619825104613513e-24
-1.591646981522456263e-24
-1.591657829343507869e-24
-1.591652553087348547e-24
-1.591631554036952453e-24
-1.591595039009409315e-24
-1.591543408862223288e-24
-1.591476869620299174e-24
-1.591395821561651618e-24
-1.591300469551996828e-24
-1.591191213420541667e-24
-1.591068256494492928e-24
-1.590931998035299029e-24
-1.590782639752485235e-24
-1.590620580203968979e-24
-1.590446019226483439e-24
-1.590259354457650969e-24
-1.590060783680852133e-24
-1.589850703489593326e-24
-1.589629309439671828e-24
-1.589396996718341877e-24
-1.589153958777806407e-24
-1.588900582776770935e-24
-1.588637026818610717e-24
-1.588363643509265998e-24
-1.588080582112568085e-24
-1.587788193810635101e-24
-1.587486625519378056e-24
-1.587176226895252712e-24
-1.586857142346069210e-24
-1.586529719773875441e-24
-1.586194100753547510e-24
-1.585850631409589687e-24
-1.585499450424803264e-24
-1.585140901834749420e-24
-1.584775121486564403e-24
-1.584402451049378368e-24
-1.584023022975620366e-24
-1.583637176733172016e-24
-1.583245041575296453e-24
-1.582846954208213130e-24
-1.582443040734851141e-24
-1.582033656335076897e-24
-1.581619030537518399e-24
-1.581199621747696992e-24
-1.580775676036177747e-24
-1.580347647384964891e-24
-1.579915776955537029e-24
-1.579480514331338483e-24
-1.579042095514830355e-24
-1.578600965627922708e-24
-1.578157355380810793e-24
-1.577711705293958301e-24
-1.577264240906834322e-24
-1.576815397720193244e-24
-1.576365396048541601e-24
-1.575914666446171004e-24
-1.575463423778544067e-24
-1.575012093576370580e-24
-1.574560885172880051e-24
-1.574110218894946840e-24
-1.573660298619640571e-24
-1.573211524601608347e-24
-1.572764021279605645e-24
-1.572318110133823466e-24
-1.571873896217896233e-24
-1.571431696110794376e-24
-1.570991610207015805e-24
-1.570553950096440337e-24
-1.570118811467972548e-24
-1.569686500985873929e-24
-1.569257109457227630e-24
-1.568830938738209537e-24
-1.568408074437249094e-24
-1.567988813715639444e-24
-1.567573236906070345e-24
-1.567161636186304783e-24
-1.566754086925654005e-24
-1.566350876134996681e-24
-1.565952074091933155e-24
-1.565557962579374685e-24
-1.565168606966266775e-24
-1.564784291827683986e-24
-1.564405117978040932e-24
-1.564031404918526387e-24
-1.563663256272599837e-24
-1.563300985611484213e-24
-1.562944691181786232e-24
-1.562594680736823042e-24
-1.562251047006828797e-24
-1.561914091752287162e-24
-1.561583902403839986e-24
-1.561260774692668106e-24
-1.560944790821736345e-24
-1.560636240449258605e-24
-1.560335200515948270e-24
-1.560041954850445759e-24
-1.559756574913519362e-24
-1.559479338807660603e-24
-1.559210312559740645e-24
-1.558949768332956705e-24
-1.558697766796800892e-24
-1.558454538172907474e-24
-1.558219956567331702e-24
-1.557994066181320357e-24
-1.557776701330761747e-24
-1.557567902537474192e-24
-1.557367500652216590e-24
-1.557175532689262709e-24
-1.556991826056033315e-24
-1.556816414345055118e-24
-1.556649121339232908e-24
-1.556489977107090453e-24
-1.556338802146849229e-24
-1.556195623124311323e-24
-1.556060257106187021e-24
-1.555932727391956647e-24
-1.555812847713612257e-24
-1.555700638046131539e-24
-1.555595908988984185e-24
-1.555498676978636585e-24
-1.555408749639627612e-24
-1.555326157339416410e-24
-1.555250792116022514e-24
-1.555182768118680028e-24
-1.555121990809089467e-24
-1.555068570459995318e-24
-1.555022408446721759e-24
-1.554983611209556022e-24
-1.554952076461954427e-24
-1.554927906528691404e-24
-1.554910995697024583e-24
-1.554901442398255453e-24
-1.554899137336975471e-24
-1.554904175409134337e-24
-1.554916443721910944e-24
-1.554936033713719273e-24
-1.554962828898191375e-24
-1.554996917467087365e-24
-1.555038179666560993e-24
-1.555086700441814199e-24
-1.555142356611034945e-24
-1.555205180790210395e-24
-1.555274799925121202e-24
-1.555350998005216032e-24
-1.555433352224141108e-24
-1.555521646332873844e-24
-1.555615457482687564e-24
-1.555714569409555048e-24
-1.555818559190860251e-24
-1.555927210882876304e-24
-1.556040101277329179e-24
-1.556157014917727252e-24
-1.556277528651784924e-24
-1.556401427593060496e-24
-1.556528288796703079e-24
-1.556657897985099725e-24
-1.556789832725139439e-24
-1.556923879455353858e-24
-1.557059616423234585e-24
-1.557196831042830120e-24
-1.557335102402884884e-24
-1.557474237311394007e-24
-1.557613908227061208e-24
-1.557754014732165033e-24
-1.557894248258494138e-24
-1.558034508757823697e-24
-1.558174487952414367e-24
-1.558314086538807361e-24
-1.558452996521072677e-24
-1.558591119463283808e-24
-1.558728148296619473e-24
-1.558863985264873038e-24
-1.558998324570077901e-24
-1.559131069299386583e-24
-1.559261915195408194e-24
-1.559390766287327063e-24
-1.559517320049541637e-24
-1.559641481722568112e-24
-1.559762950471559971e-24
-1.559881633205418417e-24
-1.559997230957709022e-24
-1.560109623015435961e-24
-1.560218365665696024e-24
-1.560323194186973327e-24
-1.560423639414299979e-24
-1.560519440442122225e-24
-1.560610132310134285e-24
-1.560695458311442328e-24
-1.560774957591405490e-24
-1.560848378169039489e-24
-1.560915263346464362e-24
-1.560975366006143542e-24
-1.561028233848204485e-24
-1.561073624903944308e-24
-1.561111091384388694e-24
-1.561140396839029889e-24
-1.561161098151702370e-24
-1.561172964665420743e-24
-1.561175557890942490e-24
-1.561168653206841430e-24
-1.561151817145287531e-24
-1.561124842714795456e-24
-1.561087359355360464e-24
-1.561039223356227336e-24
-1.560980080509151599e-24
-1.560909792819357619e-24
-1.560828011063490981e-24
-1.560734603076510429e-24
-1.560629224800780654e-24
-1.560511750241876019e-24
-1.560381840509290916e-24
-1.560239375863428474e-24
-1.560084022941089400e-24
-1.559915668267990631e-24
-1.559733984219970147e-24
-1.559538863698354781e-24
-1.559329984992697512e-24
-1.559107247421571258e-24
-1.558870335415915950e-24
-1.558619154808969135e-24
-1.558353396313286273e-24
-1.558072971619188449e-24
-1.557777573946622655e-24
-1.557467117884383151e-24
-1.557141302423829888e-24
-1.556800049048854892e-24
-1.556443063394703002e-24
-1.556070273866201556e-24
-1.555681392922062573e-24
-1.555276355963682952e-24
-1.554854882292484732e-24
-1.554416914415913857e-24
-1.553962178545502477e-24
-1.553490624272519918e-24
-1.553001984824935032e-24
-1.552496216890125176e-24
-1.551973060776074903e-24
-1.551432480303853096e-24
-1.550874222914104337e-24
-1.550298259541837059e-24
-1.549704344753937490e-24
-1.549092459302653214e-24
-1.548462378270757752e-24
-1.547814102788799511e-24
-1.547147417566223508e-24
-1.546462330620861081e-24
-1.545758633600141637e-24
-1.545036341404537896e-24
-1.544295252617098341e-24
-1.543535388923330266e-24
-1.542756555790288397e-24
-1.541958781659823173e-24
-1.541141878778597702e-24
-1.540305882273726917e-24
-1.539450611052601076e-24
-1.538576106948513119e-24
-1.537682195443318084e-24
-1.536768924879870796e-24
-1.535836127412923483e-24
-1.534883857780023175e-24
-1.533911954482081637e-24
-1.532920496369211624e-24
-1.531909417105030452e-24
-1.530878889516813987e-24
-1.529828870191015315e-24
-1.528759536289540028e-24
-1.527670849241230680e-24
-1.526562990575229147e-24
-1.525435926284155089e-24
-1.524289842330735057e-24
-1.523124708961130448e-24
-1.521940716271772493e-24
-1.520737838631862227e-24
-1.519516270083868807e-24
-1.518275989120258823e-24
-1.517017193424335841e-24
-1.515739865307964695e-24
-1.514444206045267726e-24
-1.513130201606507901e-24
-1.511798056581260541e-24
-1.510447760305692524e-24
-1.509079530889083533e-24
-1.507693411891664909e-24
-1.506289675160598172e-24
-1.504868376799651967e-24
-1.503429790475776495e-24
-1.501973974075506336e-24
-1.500501203146840160e-24
-1.499011537057929321e-24
-1.497505252831034340e-24
-1.495982411271049950e-24
-1.494443290621379877e-24
-1.492887952822089156e-24
-1.491316677332600114e-24
-1.489729527011128872e-24
-1.488126782035227827e-24
-1.486508506200907066e-24
-1.484874980097716347e-24
-1.483226267961979860e-24
-1.481562650767121389e-24
-1.479884193152069369e-24
-1.478191179856263691e-24
-1.476483695243665299e-24
-1.474762042668197389e-24
-1.473026310232566461e-24
-1.471276800386584987e-24
-1.469513600750916233e-24
-1.467737012604615194e-24
-1.465947122999965701e-24
-1.464144231665095154e-24
-1.462328424867819024e-24
-1.460500000692860061e-24
-1.458659044379108653e-24
-1.456805852054417675e-24
-1.454940507999924022e-24
-1.453063305976239926e-24
-1.451174329037390871e-24
-1.449273868689246191e-24
-1.447362006285902706e-24
-1.445439030807605014e-24
-1.443505021944429132e-24
-1.441560283276181986e-24
-1.439604978588508728e-24
-1.437639493561092272e-24
-1.435664006069616560e-24
-1.433678896971081281e-24
-1.431684340384413494e-24
-1.429680712188407169e-24
-1.427668182757528148e-24
-1.425647122926752996e-24
-1.423617699345691016e-24
-1.421580277716917216e-24
-1.419535020469143006e-24
-1.417482287985550806e-24
-1.415422238542264503e-24
-1.413355227180643108e-24
-1.411281407677563268e-24
-1.409201129817584095e-24
-1.407114542857290524e-24
-1.405021991044432218e-24
-1.402923619017797900e-24
-1.400819763679356034e-24
-1.398710556675101184e-24
-1.396596321116829611e-24
-1.394477182734626376e-24
-1.392353458650044939e-24
-1.390225270116935073e-24
-1.388092928198345743e-24
-1.385956549782574149e-24
-1.383816439940306337e-24
-1.381672710920345139e-24
-1.379525661984072315e-24
-1.377375400601584920e-24
-1.375222220142275971e-24
-1.373066223224479959e-24
-1.370907697479888648e-24
-1.368746740477010510e-24
-1.366583634360373945e-24
-1.364418471523077468e-24
-1.362251528260926642e-24
-1.360082892061579386e-24
-1.357912841317328274e-24
-1.355741498077234725e-24
-1.353569174175226243e-24
-1.351395993906161082e-24
-1.349222262614668549e-24
-1.347048098922462327e-24
-1.344873801705368271e-24
-1.342699483944040426e-24
-1.340525438108497959e-24
-1.338351771206508101e-24
-1.336178769857934364e-24
-1.334006535022952663e-24
-1.331835347911081517e-24
-1.329665303360345754e-24
-1.327496676815444905e-24
-1.325329557134473203e-24
-1.323164213911459327e-24
-1.321000730635512837e-24
-1.318839370859838822e-24
-1.316680212613011911e-24
-1.314523498738412804e-24
-1.312369226042835339e-24
-1.310217556983907906e-24
-1.308068469141754789e-24
-1.305922120944435271e-24
-1.303778486079453664e-24
-1.301637718877958832e-24
-1.299499789386888103e-24
-1.297364848029967957e-24
-1.295232861235067611e-24
-1.293103975573271953e-24
-1.290978153937446284e-24
-1.288855538991103965e-24
-1.286736090450861931e-24
-1.284619947286047302e-24
-1.282507065969563534e-24
-1.280397581838086435e-24
-1.278291448486663169e-24
-1.276188797400851136e-24
-1.274089579324949211e-24
-1.271993929993023947e-24
-1.269901835553885798e-24
-1.267813466403115793e-24
-1.265728813006354190e-24
-1.263648041830238168e-24
-1.261571139853084689e-24
-1.259498270014867332e-24
-1.257429416060649278e-24
-1.255364737287642251e-24
-1.253304214444827432e-24
-1.251248003386458612e-24
-1.249196082064599344e-24
-1.247148602873918118e-24
-1.245105541089666996e-24
-1.243067046051368467e-24
-1.241033090193304581e-24
-1.239003819943770171e-24
-1.236979205347647103e-24
-1.234959389757304040e-24
-1.232944340916787900e-24
-1.230934181905765956e-24
-1.228928789704082723e-24
-1.226928197156309428e-24
-1.224932263321594333e-24
-1.222941020150139667e-24
-1.220954326668079381e-24
-1.218972214295141184e-24
-1.216994541834809930e-24
-1.215021340233823603e-24
-1.213052468334801468e-24
-1.211087956711892964e-24
-1.209127664578527231e-24
-1.207171622188071218e-24
-1.205219689139638539e-24
-1.203271895460212275e-24
-1.201328101245675464e-24
-1.199388336862914197e-24
-1.197452462609151466e-24
-1.195520509156414799e-24
-1.193592337453000082e-24
-1.191667972357340186e-24
-1.189747245892339671e-24
-1.187830153462016560e-24
-1.185916522699929548e-24
-1.184006350141786031e-24
-1.182099465019828959e-24
-1.180195865338882770e-24
-1.178295381729457475e-24
-1.176398013720531755e-24
-1.174503593813190800e-24
-1.172612122797833890e-24
-1.170723435398189303e-24
-1.168837533934200751e-24
-1.166954254915680097e-24
-1.165073602604086768e-24
-1.163195415668683706e-24
-1.161319700065589851e-24
-1.159446296664089762e-24
-1.157575213282195614e-24
-1.155706293218894892e-24
-1.153839546460549343e-24
-1.151974820401143021e-24
-1.150112128252184404e-24
-1.148251320387764762e-24
-1.146392412044417609e-24
-1.144535256087222089e-24
-1.142679869897835358e-24
-1.140826108920082252e-24
-1.138973992808181481e-24
-1.137123379596638515e-24
-1.135274291108142675e-24
-1.133426588219460649e-24
-1.131580294958098473e-24
-1.129735275082317832e-24
-1.127891554878104996e-24
-1.126049001021775437e-24
-1.124207642084150796e-24
-1.122367347729354353e-24
-1.120528148860781228e-24
-1.118689918177316528e-24
-1.116852672920605561e-24
-1.115016209433579634e-24
-1.113180468558920203e-24
-1.111345235413051389e-24
-1.109510454863965156e-24
-1.107675916872801838e-24
-1.105841570305883742e-24
-1.104007209944625764e-24
-1.102172788720169635e-24
-1.100338106207556360e-24
-1.098503119380125990e-24
-1.096667632628674132e-24
-1.094831606957059339e-24
-1.092994851529950610e-24
-1.091157331404445834e-24
-1.089318860490659726e-24
-1.087479407887093200e-24
-1.085638792219193828e-24
-1.083796986567458269e-24
-1.081953814299343326e-24
-1.080109257001086681e-24
-1.078263165361160060e-24
-1.076415547318759003e-24
-1.074566262304434723e-24
-1.072715321596539953e-24
-1.070862588717632125e-24
-1.069008078290964188e-24
-1.067151657871395338e-24
-1.065293345370561153e-24
-1.063433012312951660e-24
-1.061570679815203947e-24
-1.059706223326269033e-24
-1.057839667125493251e-24
-1.055970890494338504e-24
-1.054099920810497093e-24
-1.052226641134813503e-24
-1.050351081826354216e-24
-1.048473129707327434e-24
-1.046592817997458634e-24
-1.044710037205321914e-24
-1.042824823747642999e-24
-1.040937073739166404e-24
-1.039046828252001231e-24
-1.037153987276060466e-24
-1.035258594451681536e-24
-1.033360553157332564e-24
-1.031459909469116329e-24
-1.029556570026087553e-24
-1.027650583272425733e-24
-1.025741859038172818e-24
-1.023830448016175551e-24
-1.021916263123798838e-24
-1.019999357184393216e-24
-1.018079646106702514e-24
-1.016157184755664656e-24
-1.014231891876961720e-24
-1.012303824301362075e-24
-1.010372903538157611e-24
-1.008439188228447977e-24
-1.006502602514828567e-24
-1.004563206278909607e-24
-1.002620923682754698e-24
-1.000675813768557040e-24
-9.987278026784751226e-25
-9.967769509828681259e-25
-9.948231871726824954e-25
-9.928665732746884644e-25
-9.909070400213203911e-25
-9.889446507469182825e-25
-9.869793383239151664e-25
-9.850111672830596491e-25
-9.830400725171434496e-25
-9.810661196448555836e-25
-9.790892454590046761e-25
-9.771095165667817787e-25
-9.751268715200858947e-25
-9.731413778031901447e-25
-9.711529756379232147e-25
-9.691617332735447861e-25
-9.671675924911422708e-25
-9.651706266284597044e-25
-9.631708010576866035e-25
-9.611682115718285902e-25
-9.591628288367751349e-25
-9.571547485506413637e-25
-9.551439420896527388e-25
-9.531305049701870821e-25
-9.511144091655502726e-25
-9.490957499283259756e-25
-9.470744997409119796e-25
-9.450507534774667069e-25
-9.430244840461889176e-25
-9.409957858681326344e-25
-9.389646321627162775e-25
-9.369311168091032799e-25
-9.348952132921322575e-25
-9.328570148451022925e-25
-9.308164951232064791e-25
-9.287737466635865737e-25
-9.267287431806635043e-25
-9.246815852695026200e-25
-9.226322905563981634e-25
-9.205810022259147755e-25
-9.185277456061169926e-25
-9.164726619555625530e-25
-9.144157753953349241e-25
-9.123572251898279425e-25
-9.102970342082134900e-25
-9.082353396961343842e-25
-9.061721631912409337e-25
-9.041076398593179652e-25
-9.020417899076338929e-25
-8.999747463891780170e-25
-8.979065281115436692e-25
-8.958372659950451774e-25
-8.937669774114508497e-25
-8.916957911201701773e-25
-8.896237230340514705e-25
-8.875508997166306310e-25
-8.854773356094141185e-25
-8.834031539791945001e-25
-8.813283624570072478e-25
-8.792530767908750448e-25
-8.771773021868015580e-25
-8.751011522648969032e-25
-8.730246308533457781e-25
-8.709478494455748576e-25
-8.688708104810192423e-25
-8.667936233554873657e-25
-8.647162891470752391e-25
-8.626389150958869200e-25
-8.605615009021450840e-25
-8.584841517032609013e-25
-8.564068658143077693e-25
-8.543297462466446945e-25
-8.522527899921472866e-25
-8.501760979408245495e-25
-8.480996657690315693e-25
-8.460235922425740184e-25
-8.439478717488386726e-25
-8.418726118672356663e-25
-8.397978598765182540e-25
-8.377237748792056241e-25
-8.356504125086032760e-25
-8.335779285645816739e-25
-8.315063761281764322e-25
-8.294359077385169500e-25
-8.273665739516139772e-25
-8.252985241130446253e-25
-8.232318063098648498e-25
-8.211665667377395190e-25
-8.191028510726246873e-25
-8.170408024226759339e-25
-8.149804641042985126e-25
-8.129219761998731976e-25
-8.108653797094021561e-25
-8.088108117512182186e-25
-8.067583110618321297e-25
-8.047080118918275690e-25
-8.026599507616842596e-25
-8.006142552083590058e-25
-7.985709404375496243e-25
-7.965301121437337828e-25
-7.944917800553976865e-25
-7.924560476308880384e-25
-7.904229230704272566e-25
-7.883925076429522957e-25
-7.863648080721393139e-25
-7.843399234870860228e-25
-7.823178592016488898e-25
-7.802987122645054185e-25
-7.782824866331715934e-25
-7.762692773448650862e-25
-7.742590870359295258e-25
-7.722520088077757322e-25
-7.702480440324050794e-25
-7.682472839381311285e-25
-7.662497286825875800e-25
-7.642554676748039492e-25
-7.622644999380752041e-25
-7.602769191591724438e-25
-7.582927533882693706e-25
-7.563121243795922062e-25
-7.543350644929024908e-25
-7.523616931177387352e-25
-7.503920409281161533e-25
-7.484262250178918390e-25
-7.464642744072241885e-25
-7.445063039488670812e-25
-7.425523411046675622e-25
-7.406024985610099112e-25
-7.386568022528880714e-25
-7.367153627595677910e-25
-7.347782045404539544e-25
-7.328454361303432194e-25
-7.309170805883204271e-25
-7.289932444629139821e-25
-7.270739494421606957e-25
-7.251593001511799126e-25
-7.232493169560612725e-25
-7.213441013226642170e-25
-7.194436660579019855e-25
-7.175481045718299905e-25
-7.156574273263037814e-25
-7.137717260897881447e-25
-7.118910102838610269e-25
-7.100153701033364884e-25
-7.081448139887269110e-25
-7.062794305367807032e-25
-7.044192272072375454e-25
-7.025642910932729505e-25
-7.007146287203091586e-25
-6.988703256987799247e-25
-6.970313876436840835e-25
-6.951978987061787948e-25
-6.933698636253166457e-25
-6.915473651136197898e-25
-6.897304070502807475e-25
-6.879190707604191183e-25
-6.861133592717454161e-25
-6.843133481025247586e-25
-6.825190173544937783e-25
-6.807304192863947103e-25
-6.789475292460782390e-25
-6.771703986502726491e-25
-6.753990025396779204e-25
-6.736333915002535519e-25
-6.718735403081408365e-25
-6.701194987574077589e-25
-6.683712413849357674e-25
-6.666288171783561513e-25
-6.648922003881701803e-25
-6.631614391819150406e-25
-6.614365075233163796e-25
-6.597174527765682588e-25
-6.580042486184056246e-25
-6.562969416002276122e-25
-6.545955051139238364e-25
-6.528999849090770725e-25
-6.512103540643326699e-25
-6.495266583140627828e-25
-6.478488744212442250e-25
-6.461770512249074327e-25
-6.445111658785151269e-25
-6.428512663215978956e-25
-6.411973292831259600e-25
-6.395494017797303751e-25
-6.379074601168644310e-25
-6.362715504002104785e-25
-6.346416485049699369e-25
-6.330177996085532472e-25
-6.313999791479631569e-25
-6.297882313681158772e-25
-6.281825312556012707e-25
-6.265829221217609656e-25
-6.249893785007032537e-25
-6.234019427731075593e-25
-6.218205890301992491e-25
-6.202453587258867974e-25
-6.186762255186737843e-25
-6.171132299705780492e-25
-6.155563453115394214e-25
-6.140056112254065227e-25
-6.124610005025436207e-25
-6.109225519160252121e-25
-6.093902378340146363e-25
-6.078640961427213607e-25
-6.063440988567124017e-25
-6.048302830737030749e-25
-6.033226203432128828e-25
-6.018211468907409757e-25
-6.003258338995191429e-25
-5.988367170719422731e-25
-5.973537679261085375e-25
-5.958770219449308563e-25
-5.944064497951202604e-25
-5.929420837849814841e-25
-5.914838911858269320e-25
-5.900319039581306315e-25
