0.000000000000000000e+00
0.000000000000000000e+00
4.735500448267707495e-14
9.539218169059057714e-15
3.339251916975876897e-15
1.495334441326263298e-15
7.752111738242604214e-16
4.432021959012186920e-16
2.719577824145116766e-16
1.763616619826625942e-16
1.194396756777199278e-16
8.357054377759997101e-17
6.031407825207437948e-17
4.472982770349655157e-17
3.392891996027909162e-17
2.621814785519098726e-17
2.057495972085606340e-17
1.635886570253657763e-17
1.315418909941686702e-17
1.068244748122679467e-17
8.751878913571194229e-18
7.227312653758537762e-18
6.013130459916070480e-18
5.042414615292050651e-18
4.261932530828953758e-18
3.629602436229397178e-18
3.112970802084684506e-18
2.687242111343208311e-18
2.333493032039193830e-18
2.037230832528724548e-18
1.787286956060119696e-18
1.574988031203525399e-18
1.393541095736598911e-18
1.237579136826541108e-18
1.102824547026020014e-18
9.858388844295684003e-19
8.838356181439651986e-19
7.945390358049418506e-19
7.160770654785248223e-19
6.468992169718906172e-19
5.857132144679021337e-19
5.314356750838131717e-19
4.831623908172482045e-19
4.401524852616898065e-19
4.017633570336628096e-19
3.674316136116443367e-19
3.366655165617026206e-19
3.090369710240113624e-19
2.841737389928732833e-19
2.617522277101905499e-19
2.414909973706528766e-19
2.231450261461608586e-19
2.065007030138637190e-19
1.913714926723422356e-19
1.775942011272876002e-19
1.650257718973296197e-19
1.535405411764611594e-19
1.430278892315944184e-19
1.333902304550042966e-19
1.245412921973790440e-19
1.164046402990219704e-19
1.089124139103177567e-19
1.020044836252096584e-19
9.562801716929419579e-20
8.973563558219035198e-20
8.428459739275346940e-20
7.923633817863653139e-20
7.455604820088610784e-20
7.021228911392074300e-20
6.617664694803745192e-20
6.242342035918194946e-20
5.892934040868631670e-20
5.567332012569906740e-20
5.263623027809827265e-20
4.980069946511498241e-20
4.715093544962125353e-20
4.467256590150278466e-20
4.235249619711875951e-20
4.017878263504604848e-20
3.814051915784333831e-20
3.622773627157786935e-20
3.443131062398703525e-20
3.274290003828220157e-20
3.115490701957324557e-20
2.966035007629301731e-20
2.825279415027227245e-20
2.692630462437328677e-20
2.567540511128867624e-20
2.449503899845314278e-20
2.338053420543847904e-20
2.232757114273318853e-20
2.133215335990069200e-20
2.039058089366583751e-20
1.949942583420293006e-20
1.865551015945836287e-20
1.785588540636303415e-20
1.709781422598820470e-20
1.637875343870540768e-20
1.569633866737041950e-20
1.504837020122899486e-20
1.443280017399435682e-20
1.384772073986170611e-20
1.329135597927699508e-20
1.276205834494729238e-20
1.225828944694389170e-20
1.177860953395639129e-20
1.132167067606360862e-20
1.088621034246459480e-20
1.047104553553985609e-20
1.007506725766113269e-20
9.697235461038524067e-21
9.336574290042311847e-21
8.992167732060500889e-21
8.663155529168717001e-21
8.348729442362421612e-21
8.048129733731264985e-21
7.760641946168244036e-21
7.485593880468748738e-21
7.222352828204159683e-21
6.970322946317042382e-21
6.728942885658780397e-21
6.497683540330465318e-21
6.276047085500703003e-21
6.063567813446205951e-21
5.859806187270549558e-21
5.664346148189391541e-21
5.476793817501657118e-21
5.296776217572310664e-21
5.123940114803624845e-21
4.957950877125199774e-21
4.798491440662046771e-21
4.645261295778228531e-21
4.497975566963237621e-21
4.356364112850939210e-21
4.220170713201409079e-21
4.089152266209954809e-21
3.963078072462021924e-21
3.841729122586941025e-21
3.724897460853919089e-21
3.612385553695174950e-21
3.504005728635629800e-21
3.399579615533921251e-21
3.298938228064719643e-21
3.201922947806058549e-21
3.108382965239359010e-21
3.018174302946968163e-21
2.931159515978775989e-21
2.847207382103576394e-21
2.766192625596630622e-21
2.687995630488337001e-21
2.612502188579310327e-21
2.539603230667878473e-21
2.469194599033820730e-21
2.401176803475745870e-21
2.335454809876901855e-21
2.271937816750830579e-21
2.210539067210856328e-21
2.151175643646961477e-21
2.093768296892592553e-21
2.038241260638139119e-21
1.984522095798866023e-21
1.932541522595429901e-21
1.882233589821771681e-21
1.833536335564095779e-21
1.786390544797751725e-21
1.740739311863747335e-21
1.696527966427460603e-21
1.653703981963143385e-21
1.612216905067068355e-21
1.572018266588423313e-21
1.533061514904935427e-21
1.495301932184035726e-21
1.458696570338517177e-21
1.423204173131434991e-21
1.388785116497770962e-21
1.355401334009303256e-21
1.323016262479544779e-21
1.291594772651952769e-21
1.261103118170223984e-21
1.231508871017996344e-21
1.202780875314182237e-21
1.174889187182758537e-21
1.147805167020027482e-21
1.121501784383268800e-21
1.095953099492702541e-21
1.071134079812370043e-21
1.047020577478749369e-21
1.023589295227686289e-21
1.000817763934315686e-21
9.786843095868917513e-22
9.571680316520177706e-22
9.362487713476580655e-22
9.159070908447154593e-22
8.961242431608759545e-22
8.768821523364310274e-22
8.581633848649258156e-22
8.399511310236534326e-22
8.222291779122636648e-22
8.049818918852098888e-22
7.881941932369971201e-22
7.718515397878072263e-22
7.559399031244262923e-22
7.404458132849401266e-22
7.253564980545964736e-22
7.106596595568104199e-22
6.963433940927973699e-22
6.823961843751148788e-22
6.688068844642929263e-22
6.555647122192558671e-22
6.426592346014521127e-22
6.300803603720248526e-22
6.178183259123925459e-22
6.058636881978511514e-22
5.942073112367116896e-22
5.828403593602521707e-22
5.717542842576561607e-22
5.609408185627562507e-22
5.503919636142905352e-22
5.400999835057665935e-22
5.300573932926442115e-22
5.202569535303956145e-22
5.106916589844882184e-22
5.013547501169654109e-22
4.922397471283660101e-22
4.833403886666213586e-22
4.746506053701584548e-22
4.661645167362840725e-22
4.578764225591064068e-22
4.497808002597910493e-22
4.418722965834782697e-22
4.341457249059631823e-22
4.265960575464774635e-22
4.192184231962612764e-22
4.120080995176234724e-22
4.049605107699653453e-22
3.980712207036325287e-22
3.913359305477595787e-22
3.847504722481925004e-22
3.783108064562044193e-22
3.720130161716025464e-22
3.658533049508145582e-22
3.598279908944061443e-22
3.539335002548851976e-22
3.481663486662855807e-22
3.425231558621156735e-22
3.370006450567181720e-22
3.315956412692974976e-22
3.263050659384105786e-22
3.211259355644198334e-22
3.160553564296868492e-22
3.110905236440206577e-22
3.062287160643178223e-22
3.014672954498101619e-22
2.968037017484662222e-22
2.922354523411129554e-22
2.877601375259645547e-22
2.833754199868129168e-22
2.790790304963119319e-22
2.748687674575210037e-22
2.707424929427414894e-22
2.666981322023497859e-22
2.627336699811797408e-22
2.588471422786601834e-22
2.550366108736685564e-22
2.513001898509295933e-22
2.476360502183004229e-22
2.440424193474305316e-22
2.405175773562119874e-22
2.370598567433209742e-22
2.336676389342382427e-22
2.303393540542705560e-22
2.270734777540889330e-22
2.238685309743238680e-22
2.207230769609479342e-22
2.176357211951143814e-22
2.146051085185085997e-22
2.116299231319469777e-22
2.087088859554904566e-22
2.058407546195937633e-22
2.030243209707121579e-22
2.002584111734322387e-22
1.975418833407315896e-22
1.948736194478333101e-22
1.922525003577822711e-22
1.896774334615094920e-22
1.871473587078899970e-22
1.846612485917738842e-22
1.822181056788533842e-22
1.798169626594416083e-22
1.774568799980931295e-22
1.751369461119214445e-22
1.728562751338432847e-22
1.706140070281003939e-22
1.684093056508214382e-22
1.662413590867912156e-22
1.641093773842966466e-22
1.620125931347399983e-22
1.599502593275418508e-22
1.579216500408840059e-22
1.559260583126184313e-22
1.539627966457182169e-22
1.520311954666331209e-22
1.501305946218193889e-22
1.482603171942279351e-22
1.464196991554107956e-22
1.446080966157193632e-22
1.428248861560154686e-22
1.410694629830019976e-22
1.393412410669318890e-22
1.376396511103324090e-22
1.359641414657273673e-22
1.343141760612407317e-22
1.326892346850263410e-22
1.310888116733691666e-22
1.295124161266671177e-22
1.279595703379623906e-22
1.264298105828255482e-22
1.249226851934012656e-22
1.234377553763188752e-22
1.219745935635142528e-22
1.205327840558005379e-22
1.191119217171746180e-22
1.177116084365258592e-22
1.163314409283928323e-22
1.149710242202782427e-22
1.136299743134597402e-22
1.123079189330738276e-22
1.110044956927069982e-22
1.097193528826170080e-22
1.084521481171703542e-22
1.072025488902479106e-22
1.059702312707607835e-22
1.047548804068169827e-22
1.035561893453099539e-22
1.023738596359590112e-22
1.012076001136507093e-22
1.000571276593264389e-22
9.892216580631230423e-23
9.780244544209754957e-23
9.669770374253738818e-23
9.560768467245657326e-23
9.453213802061173532e-23
9.347081756761163724e-23
9.242347261979336636e-23
9.138985718044976022e-23
9.036973154519437627e-23
8.936286276332984730e-23
8.836902355007107019e-23
8.738799306884258568e-23
8.641955568814765785e-23
8.546350165965507040e-23
8.451962614245280453e-23
8.358772976800135621e-23
8.266761764311274134e-23
8.175909997431185163e-23
8.086199115732939894e-23
7.997611039643079177e-23
7.910128066782871765e-23
7.823732949666012957e-23
7.738408799673275136e-23
7.654139148973440643e-23
7.570907857632956950e-23
7.488698990895181027e-23
7.407496191913307194e-23
7.327283368092740115e-23
7.248044809721547398e-23
7.169765231177622130e-23
7.092429691065095915e-23
7.016023651166761780e-23
6.940532890327306306e-23
6.865943554823974900e-23
6.792242087907065417e-23
6.719415283480150757e-23
6.647450205833319677e-23
6.576334247018176791e-23
6.506055048872740176e-23
6.436600556428975146e-23
6.367958949665916186e-23
6.300118696413728263e-23
6.233068478542788470e-23
6.166797248268632344e-23
6.101294156253406133e-23
6.036548662633350063e-23
5.972550593417994612e-23
5.909290042308830979e-23
5.846757259897174786e-23
5.784942696306361529e-23
5.723836945498400579e-23
5.663430800595080912e-23
5.603715189189834021e-23
5.544681231380125605e-23
5.486320160986122745e-23
5.428623395624947287e-23
5.371582462343370155e-23
5.315189063811258296e-23
5.259435013853145713e-23
5.204312288245122399e-23
5.149812967396414420e-23
5.095929286542981522e-23
5.042653579507477507e-23
4.989978328316096831e-23
4.937896108021067261e-23
4.886399643671551938e-23
4.835481779610965323e-23
4.785135498531625546e-23
4.735353865814087136e-23
4.686130076476238465e-23
4.637457396891959751e-23
4.589329218221189286e-23
4.541739001835914889e-23
4.494680327025918839e-23
4.448146842212238179e-23
4.402132309491390556e-23
4.356630554645157696e-23
4.311635513248597829e-23
4.267141183713976395e-23
4.223141666407464096e-23
4.179631123779743365e-23
4.136603818980961344e-23
4.094054076426690678e-23
4.051976313935314413e-23
4.010365002209747821e-23
3.969214771548354778e-23
3.928520548259305693e-23
3.888277389778199071e-23
3.848480378947084179e-23
3.809124664144630946e-23
3.770205415983259671e-23
3.731717872168576836e-23
3.693657294811953689e-23
3.656019009253755075e-23
3.618798365633323455e-23
3.581990780340577844e-23
3.545591694624442669e-23
3.509596610617738828e-23
3.474001055580516934e-23
3.438800618826075877e-23
3.403990914960132954e-23
3.369567621674337282e-23
3.335526441921787989e-23
3.301863136674051562e-23
3.268573493662169814e-23
3.235653421301862318e-23
3.203099084190631997e-23
3.170906744238037346e-23
3.139072664380891967e-23
3.107593147143508876e-23
3.076464496565314565e-23
3.045683055069468181e-23
3.015245171032005065e-23
2.985147231193365735e-23
2.955385628479660625e-23
2.925956796676740056e-23
2.896857175878301621e-23
2.868083248017210567e-23
2.839631503811817055e-23
2.811498475425969955e-23
2.783680703765007823e-23
2.756174773016689438e-23
2.728977276031400524e-23
2.702084848332586625e-23
2.675494137337462089e-23
2.649201868638957629e-23
2.623204919731317467e-23
2.597500235328048484e-23
2.572084757452626903e-23
2.546955460480981115e-23
2.522109318977551188e-23
2.497543339031157656e-23
2.473254528552771890e-23
2.449239929171208781e-23
2.425496583769072838e-23
2.402021570002817737e-23
2.378811969084135145e-23
2.355864896910786443e-23
2.333177474125050670e-23
2.310746857707857654e-23
2.288570208640182867e-23
2.266644724834092313e-23
2.244967610981051477e-23
2.223536107374506365e-23
2.202347461141666427e-23
2.181398993439145662e-23
2.160688176404983768e-23
2.140212544393133342e-23
2.119969627397377179e-23
2.099956979864329043e-23
2.080172152776059380e-23
2.060612722817632828e-23
2.041276265932382967e-23
2.022160383911814352e-23
2.003262678160502291e-23
1.984580777485695889e-23
1.966112311637001339e-23
1.947854938961427303e-23
1.929806318951034430e-23
1.911964139825284637e-23
1.894326092490855783e-23
1.876889896700785554e-23
1.859653276754185284e-23
1.842613985425614172e-23
1.825769780759529818e-23
1.809118448871579009e-23
1.792657777586491510e-23
1.776385584392462727e-23
1.760299692702000919e-23
1.744397955722940480e-23
1.728678233165571454e-23
1.713138415201437268e-23
1.697776398496960352e-23
1.682590110278823703e-23
1.667577484826524785e-23
1.652736486839431166e-23
1.638065088427809845e-23
1.623561291894415588e-23
1.609223107254494182e-23
1.595048574576177470e-23
1.581035741812323808e-23
1.567182686853847091e-23
1.553487495621856328e-23
1.539948283858586706e-23
1.526563175444421809e-23
1.513330329932400291e-23
1.500247938592462263e-23
1.487314226299389319e-23
1.474527424369902493e-23
1.461885791438773661e-23
1.449387592676493608e-23
1.437031120443005172e-23
1.424814673777396574e-23
1.412736578715565431e-23
1.400795168019535430e-23
1.388988801464592460e-23
1.377315845511817564e-23
1.365774693382146792e-23
1.354363745084821215e-23
1.343081427124594385e-23
1.331926172827041989e-23
1.320896441835059153e-23
1.309990700517186592e-23
1.299207441357201111e-23
1.288545163533827366e-23
1.278002377588913773e-23
1.267577544512523267e-23
1.257269140339478507e-23
1.247075652127820562e-23
1.236995596240241924e-23
1.227027499734972102e-23
1.217169918343518440e-23
1.207421417973560154e-23
1.197780592622382411e-23
1.188246046070038528e-23
1.178816409578972943e-23
1.169490323762700146e-23
1.160266456683938310e-23
1.151143484852607196e-23
1.142120111340014338e-23
1.133195047868794776e-23
1.124367032090775909e-23
1.115634809717780211e-23
1.106997152041027285e-23
1.098452838550603385e-23
1.090000663116684290e-23
1.081639387424606318e-23
1.073367790092686192e-23
1.065184659568753928e-23
1.057088811583502843e-23
1.049079071137319182e-23
1.041154289449336962e-23
1.033313326489906511e-23
1.025555067725611123e-23
1.017878407182718142e-23
1.010282263664069664e-23
1.002765564056014652e-23
9.953272596339288204e-24
9.879663089764318715e-24
9.806816944183208342e-24
9.734724056823719407e-24
9.663374550680522744e-24
9.592758620910497358e-24
9.522866682410841677e-24
9.453689217831093774e-24
9.385216788051182388e-24
9.317439476865884977e-24
9.250347476565082154e-24
9.183931073776786977e-24
9.118180800085243278e-24
9.053087279641073764e-24
8.988641368854333842e-24
8.924834012674283209e-24
8.861656380972591418e-24
8.799099725972450534e-24
8.737155517751924654e-24
8.675815305295433627e-24
8.615070848636857926e-24
8.554913976362147628e-24
8.495336731011358503e-24
8.436331215921769489e-24
8.377889742054632634e-24
8.320004678234506797e-24
8.262668588233820457e-24
8.205874093209004022e-24
8.149613912363825182e-24
8.093880452338778180e-24
8.038666237722308439e-24
7.983963863289358895e-24
7.929766130492081873e-24
7.876065907092961042e-24
7.822856260815352610e-24
7.770130320036673961e-24
7.717881408726939892e-24
7.666102906102922973e-24
7.614788380711328101e-24
7.563931449381720513e-24
7.513525918211246614e-24
7.463565636680204376e-24
7.414044633925689898e-24
7.364956979792205381e-24
7.316296916526640583e-24
7.268058724526217929e-24
7.220236851525977012e-24
7.172825782846933787e-24
7.125820060057153308e-24
7.079213830325358948e-24
7.033001321645389257e-24
6.987176817023998000e-24
6.941734780621081133e-24
6.896669724505477551e-24
6.851976339363653473e-24
6.807649360396798693e-24
6.763683695523367291e-24
6.720074290667370664e-24
6.676816258855384219e-24
6.633904749960194684e-24
6.591335072216903407e-24
6.549102569727609812e-24
6.507202739813433963e-24
6.465631108349105936e-24
6.424383354285376824e-24
6.383455179787527089e-24
6.342842436795738726e-24
6.302540996906693450e-24
6.262546864588993904e-24
6.222856029095713647e-24
6.183464608870371509e-24
6.144368743584886471e-24
6.105564708689342188e-24
6.067048794623605048e-24
6.028817424993213266e-24
5.990867035297979172e-24
5.953194191769190115e-24
5.915795469499109778e-24
5.878667567822437272e-24
5.841807193491913299e-24
5.805211178245057040e-24
5.768876357016254765e-24
5.732799684993380664e-24
5.696978117961135329e-24
5.661408728796755205e-24
5.626088589891946880e-24
5.591014887588225304e-24
5.556184806791497686e-24
5.521595594412000731e-24
5.487244299725626000e-24
5.453128041942139282e-24
5.419243947407593716e-24
5.385589258846168664e-24
5.352161220946340102e-24
5.318957192714626258e-24
5.285974532714170196e-24
5.253210709363137998e-24
5.220663190795105624e-24
5.188329550755547396e-24
5.156207360497525212e-24
5.124294294026148674e-24
5.092588020741146966e-24
5.061086312439208055e-24
5.029786933016824329e-24
4.998687745103731554e-24
4.967786602576311549e-24
4.937081454547674214e-24
4.906570239469104587e-24
4.876250996268273861e-24
4.846121772085384999e-24
4.816180709001287737e-24
4.786425933787908231e-24
4.756855662801994579e-24
4.727468095652483931e-24
4.698261517380322486e-24
4.669234194936371269e-24
4.640384481869515082e-24
4.611710709281599904e-24
4.583211294032233022e-24
4.554884630304683632e-24
4.526729194299370398e-24
4.498743439373051084e-24
4.470925898254056524e-24
4.443275080744406909e-24
4.415789574396544058e-24
4.388467943772499439e-24
4.361308828666469742e-24
4.334310843025726852e-24
4.307472710597017685e-24
4.280793262222751592e-24
4.254271429082302363e-24
4.227906107359419106e-24
4.201696258753088908e-24
4.175640808728639849e-24
4.149738747370519706e-24
4.123989028218090593e-24
4.098390667674092450e-24
4.072942647078040790e-24
4.047644008929155605e-24
4.022493758707865363e-24
3.997490963921442418e-24
3.972634654090318614e-24
3.947923919895566264e-24
3.923357813952494480e-24
3.898935448379475765e-24
3.874655897972003935e-24
3.850518297096925075e-24
3.826521741834604637e-24
3.802665409766575035e-24
3.778948535882216982e-24
3.755370430407227379e-24
3.731930361512868660e-24
3.708627647626903190e-24
3.685461562298026756e-24
3.662431432035069882e-24
3.639536540252133021e-24
3.616776219942840545e-24
3.594149761237549675e-24
3.571656504305217647e-24
3.549295745239113507e-24
3.527066830601893407e-24
3.504969063891560651e-24
3.483001798000975243e-24
3.461164342365508822e-24
3.439456054811553549e-24
3.417876250078033130e-24
3.396424291628937897e-24
3.375099500885015892e-24
3.353901260119351371e-24
3.332828960232416564e-24
3.311882048814257201e-24
3.291059929413739296e-24
3.270362050027699051e-24
3.249787813839677573e-24
3.229336668248928673e-24
3.209008016439880955e-24
3.188801305560033341e-24
3.168715938503163906e-24
3.148751361274524242e-24
3.128906976216159456e-24
3.109182229177946133e-24
3.089576522337172461e-24
3.070089300512293302e-24
3.050719966671556135e-24
3.031467964395753616e-24
3.012332696592228658e-24
2.993313607743249882e-24
2.974410100452220340e-24
2.955621647911392111e-24
2.936947796833996266e-24
2.918388157699862544e-24
2.899942296113589523e-24
2.881609811806081990e-24
2.863390258252887325e-24
2.845283223712573280e-24
2.827288251605580560e-24
2.809404920727370498e-24
2.791632764777787181e-24
2.773971352346858271e-24
2.756420208302067829e-24
2.738978891913347378e-24
2.721646919540242332e-24
2.704423841454410505e-24
2.687309166335019548e-24
2.670302436778732539e-24
2.653403153555097759e-24
2.636610851884920047e-24
2.619925026884606904e-24
2.603345237626633985e-24
2.586871127565095097e-24
2.570502399424070788e-24
2.554238710179385851e-24
2.538079744873483217e-24
2.522025143345523934e-24
2.506074573762783987e-24
2.490227660548137806e-24
2.474484056695446951e-24
2.458843371030097880e-24
2.443305241181771524e-24
2.427869262479019959e-24
2.412535057921408116e-24
2.397302209552911968e-24
2.382170328186244724e-24
2.367138983657052880e-24
2.352207774767473217e-24
2.337376260155968304e-24
2.322644026785372795e-24
2.308010623107613864e-24
2.293475614792520475e-24
2.279038485094923856e-24
2.264698737004980299e-24
2.250455837820216810e-24
2.236309285643289146e-24
2.222258543921268039e-24
2.208303106518038699e-24
2.194442432869369383e-24
2.180676013619446439e-24
2.167003305215938462e-24
2.153423794870381115e-24
2.139936936245467657e-24
2.126542214092886188e-24
2.113239080200350724e-24
2.100027017025759486e-24
2.086905474995512928e-24
2.073873934793572950e-24
2.060931845238043332e-24
2.048078685735462302e-24
2.035313904337380916e-24
2.022637010560589200e-24
2.010047602739845544e-24
1.997545335450157938e-24
1.985129827034979128e-24
1.972800720865296574e-24
1.960557624830667683e-24
1.948400172355577894e-24
1.936327961749469857e-24
1.924340616693126949e-24
1.912437727098315280e-24
1.900618908065054033e-24
1.888883741893082138e-24
1.877231835888268223e-24
1.865662765158736656e-24
1.854176129967407741e-24
1.842771498948286957e-24
1.831448466006553330e-24
1.820206593691697461e-24
1.809045470530000794e-24
1.797964653637320188e-24
1.786963705495230219e-24
1.776042075695300399e-24
1.765199222022432881e-24
1.754434576206977817e-24
1.743747599331525132e-24
1.733137726459215213e-24
1.722604422465686791e-24
1.712147126528971695e-24
1.701765307190165998e-24
1.691458407903026314e-24
1.681225901034630096e-24
1.671067234185415544e-24
1.660981883976956569e-24
1.650969302284972960e-24
1.641028969854555627e-24
1.631160343791068134e-24
1.621362909606218129e-24
1.611636128370704494e-24
1.601979490735455953e-24
1.592392463172130243e-24
1.582874553987810275e-24
1.573425301842121449e-24
1.564044284661845061e-24
1.554731055226517919e-24
1.545485192060355853e-24
1.536306249137033179e-24
1.527193805814526606e-24
1.518147416994037205e-24
1.509166663344302190e-24
1.500251101666014793e-24
1.491400314126139654e-24
1.482613859125233794e-24
1.473891320530157459e-24
1.465232258758736281e-24
1.456636260022073340e-24
1.448102887160528882e-24
1.439631728153164917e-24
1.431222348877190206e-24
1.422874339693183232e-24
1.414587268934173330e-24
1.406360716727629951e-24
1.398194189440298176e-24
1.390087206584238555e-24
1.382039268593491977e-24
1.374049902355408035e-24
1.366118615651762524e-24
1.358244942649855979e-24
1.350428398592579201e-24
1.342668525037189186e-24
1.334964844562267597e-24
1.327316906003572289e-24
1.319724239571788813e-24
1.312186401052384785e-24
1.304702927957160004e-24
1.297273383526051512e-24
1.289897312648923603e-24
1.282574285484244563e-24
1.275303854166552677e-24
1.268085596052812393e-24
1.260919070591044831e-24
1.253803858016336869e-24
1.246739504452313102e-24
1.239725577186345352e-24
1.232761626645098182e-24
1.225847228021048885e-24
1.218981940274398710e-24
1.212165347083603159e-24
1.205397015547356558e-24
1.198676537436124765e-24
1.192003487808401676e-24
1.185377466505713625e-24
1.178798056730033151e-24
1.172264866191821546e-24
1.165777486222309447e-24
1.159335532387761914e-24
1.152938603940541452e-24
1.146586323755493042e-24
1.140278298811046583e-24
1.134014159639425724e-24
1.127793520927417835e-24
1.121616013116422913e-24
1.115481221055143879e-24
1.109388746342304534e-24
1.103338175823875371e-24
1.097329120619757499e-24
1.091361177111097206e-24
1.085433965831027992e-24
1.079547092415326253e-24
1.073700186368480743e-24
1.067892862806146191e-24
1.062124759940794708e-24
1.056395501762619253e-24
1.050704735580929560e-24
1.045052093844739020e-24
1.039437232377779781e-24
1.033859792460104482e-24
1.028319438024808313e-24
1.022815818615648810e-24
1.017348606499833582e-24
1.011917459551388903e-24
1.006522052512996486e-24
1.001162024355506703e-24
9.958370314211192828e-25
9.905467164880531274e-25
9.852907452514944383e-25
9.800687698266649910e-25
9.748804648282180825e-25
9.697254912721805090e-25
9.646035325565702540e-25
9.595142586133789710e-25
9.544573613512548038e-25
9.494325190569578317e-25
9.444394321658845907e-25
9.394777873396169685e-25
9.345472929989402961e-25
9.296476440625244289e-25
9.247785568223952776e-25
9.199397343324433085e-25
9.151309005087652841e-25
9.103517658842927847e-25
9.056020507893121365e-25
9.008814182499069050e-25
8.961895423526935492e-25
8.915260855272036390e-25
8.868907320887275626e-25
8.822831545123730636e-25
8.777030471395078239e-25
8.731500925486994906e-25
8.686239946465349693e-25
8.641244455372742145e-25
8.596511585051381504e-25
8.552038351165323658e-25
8.507821978519368822e-25
8.463859570565472814e-25
8.420148439827988129e-25
8.376685779669652700e-25
8.333468987418608993e-25
8.290495339767258055e-25
8.247762316096199636e-25
8.205267276115084560e-25
8.163007806542548537e-25
8.120981473440093315e-25
8.079186063877980016e-25
8.037619242733706181e-25
7.996278864081154493e-25
7.955162658690049963e-25
7.914268546804958070e-25
7.873594323865960935e-25
7.833137974519733340e-25
7.792897355572038064e-25
7.752870512872718454e-25
7.713055367035439706e-25
7.673450025135564656e-25
7.634052466649375467e-25
7.594860854627610983e-25
7.555873228359969861e-25
7.517087805448695237e-25
7.478502678897805738e-25
7.440116123155834174e-25
7.401926283436943716e-25
7.363931387486668661e-25
7.326129147141018042e-25
7.288517365832966286e-25
7.251093731780121667e-25
7.213856125023510033e-25
7.176802309474950749e-25
7.139930237947043640e-25
7.103237746703236692e-25
7.066722858645573655e-25
7.030383479106256431e-25
6.994217697259155506e-25
6.958223486909738708e-25
6.922399002115873305e-25
6.886742280281379306e-25
6.851251538185041260e-25
6.815924876809438252e-25
6.780760573720234010e-25
6.745756790181100971e-25
6.710911862670939554e-25
6.676224009909994553e-25
6.641691634243316252e-25
6.607313050041898945e-25
6.573086752677990551e-25
6.539011117314447538e-25
6.505084688500531540e-25
6.471305890744303942e-25
6.437673315992925719e-25
6.404185436649347425e-25
6.370840891154819322e-25
6.337638198646430051e-25
6.304576041458748931e-25
6.271652984476666503e-25
6.238867753126262772e-25
6.206218953048155465e-25
6.173705350341438295e-25
6.141325593670042636e-25
6.109078488432543824e-25
6.076962722298728302e-25
6.044977138088999167e-25
6.013120461805421306e-25
5.981391541576147864e-25
5.949788988642350323e-25
5.918311540718300514e-25
5.886957821127702581e-25
5.855726608311428992e-25
5.824616565445553774e-25
5.793626512759376838e-25
5.762755152958845211e-25
5.732001343392146980e-25
5.701363824562089223e-25
5.670841491772308038e-25
5.640433122264540332e-25
5.610137646061249377e-25
5.579953875688819786e-25
5.549880773914817195e-25
5.519917187007815033e-25
5.490062110486267853e-25
5.460314422366239699e-25
5.430673149128391330e-25
5.401137201429435458e-25
5.371705730438021040e-25
5.342378152207896914e-25
5.313154110530463706e-25
5.284033122206466226e-25
5.255014835666470700e-25
5.226098771019500179e-25
5.197284579141708413e-25
5.168571783460605129e-25
5.139960036835319477e-25
5.111448865098363850e-25
5.083037923926289504e-25
5.054726741634332798e-25
5.026514976437615037e-25
4.998402157999470826e-25
4.970387946819126381e-25
4.942471874888182153e-25
4.914653603259094242e-25
4.886932666260487296e-25
4.859308726579340473e-25
4.831781320649751352e-25
4.804350050406014858e-25
4.777014151503596031e-25
4.749772932830663787e-25
4.722625585692491701e-25
4.695571433497374601e-25
4.668609683549362639e-25
4.641739673690962610e-25
4.614960627880072106e-25
4.588271898493333336e-25
4.561672723347016993e-25
4.535162468319346461e-25
4.508740386273869703e-25
4.482405856093062580e-25
4.456158143629449612e-25
4.429996640161979885e-25
4.403920625735734880e-25
4.377929503613626550e-25
4.352022565677264703e-25
4.326199227315983973e-25
4.300458792044863193e-25
4.274800788775977610e-25
4.249225042843612540e-25
4.223731590053180810e-25
4.198320345381609488e-25
4.172991330240114915e-25
4.147744447620188249e-25
4.122579705617788773e-25
4.097496994897639402e-25
4.072496311324677025e-25
4.047577532801943144e-25
4.022740641268127313e-25
3.997985504065446574e-25
3.973312089860592535e-25
3.948720255477249860e-25
3.924209957912231572e-25
3.899781042853177983e-25
3.875433455804176040e-25
3.851167031668573229e-25
3.826981705195049613e-25
3.802877301422790456e-25
3.778853796824769942e-25
3.754911268127095859e-25
3.731049936216899731e-25
3.707269908786476619e-25
3.683571385043939299e-25
3.659954452585908136e-25
3.636419289481339009e-25
3.612965963188989280e-25
3.589594630812242170e-25
3.566305341600615060e-25
3.543098233011636838e-25
3.519973336239086554e-25
3.496930769698106341e-25
3.473970546803117683e-25
3.451092768564365299e-25
3.428297431451508128e-25
3.405584619306926860e-25
3.382954312261070590e-25
3.360406577440197999e-25
3.337941379909122537e-25
3.315558769622063559e-25
3.293258687526588851e-25
3.271041158357146567e-25
3.248906108448114787e-25
3.226853547985404610e-25
3.204883390452545948e-25
3.182995632737946022e-25
3.161190176341979109e-25
3.139467005037969662e-25
3.117826008394610581e-25
3.096267158144229474e-25
3.074790333051496478e-25
3.053395492933782903e-25
3.032082505888750094e-25
3.010851320744997457e-25
2.989701796214748321e-25
2.968633870706347014e-25
2.947647393285620023e-25
2.926742292464992276e-25
2.905918408512073664e-25
2.885175760340512729e-25
2.864514675627532664e-25
2.843935649586703617e-25
2.823439080877025618e-25
2.803025434823805729e-25
2.782695081124193503e-25
2.762448456028956022e-25
2.742285901881418582e-25
2.722207827144811591e-25
2.702214547819265520e-25
2.682306445280671549e-25
2.662483810112544154e-25
2.642746998394840922e-25
2.623096276201477745e-25
2.603531975172151260e-25
2.584054338140810479e-25
2.564663672614852702e-25
2.545360199103294708e-25
2.526144202125442297e-25
2.507015880124811617e-25
2.487975478399231918e-25
2.469023085470171296e-25
2.450158838003653294e-25
2.431382791033982531e-25
2.412695064438546775e-25
2.394095697946670116e-25
2.375584796172622086e-25
2.357162384459378092e-25
2.338828552454562879e-25
2.320583311685171399e-25
2.302426737707815780e-25
2.284358828802059942e-25
2.266379646701710802e-25
2.248489177537596785e-25
2.230687470004028166e-25
2.212974498031777446e-25
2.195350297797514840e-25
2.177814832081543435e-25
2.160368125282359230e-25
2.143010129485829848e-25
2.125740909476537389e-25
2.108560663600084833e-25
2.091469697569234451e-25
2.074468241553064985e-25
2.057556580424644734e-25
2.040734924696065351e-25
2.024003539077968661e-25
2.007362614878360668e-25
1.990812397561406286e-25
1.974353060605368178e-25
1.957984830377734111e-25
1.941707862671150263e-25
1.925522366100717083e-25
1.909428479601686592e-25
1.893426394381450283e-25
1.877516233329875015e-25
1.861698170815817691e-25
1.845972313999540494e-25
1.830338821187341929e-25
1.814797784781202886e-25
1.799349297427789833e-25
1.783993185790359525e-25
1.768729280939794760e-25
1.753557355666279742e-25
1.738477236765193349e-25
1.723488693446974900e-25
1.708591548616125467e-25
1.693785568071265279e-25
1.679070570992393904e-25
1.664446320534211516e-25
1.649912632290424924e-25
1.635469266705555166e-25
1.621116035730770955e-25
1.606852697419586851e-25
1.592679060816382964e-25
1.578594881689324573e-25
1.564599966089207850e-25
1.550694067413981315e-25
1.536876989028893200e-25
1.523148482458294307e-25
1.509508348619393565e-25
1.495956338899305106e-25
1.482492253344065448e-25
1.469115841914058858e-25
1.455826902009241598e-25
1.442625182264024234e-25
1.429510477810562593e-25
1.416482535717148312e-25
1.403541148838762673e-25
1.390686062711994654e-25
1.377917068610573265e-25
1.365233910588538169e-25
1.352636377764290020e-25
1.340124213371295133e-25
1.327697204615906530e-25
1.315355093528569405e-25
1.303097665670049610e-25
1.290924662177606963e-25
1.278835867005662831e-25
1.266831020298538789e-25
1.254909875947278900e-25
1.243072031368694754e-25
1.231317100113657851e-25
1.219644655652657887e-25
1.208054315408308634e-25
1.196545657562392526e-25
1.185118303474961049e-25
1.173771835807483006e-25
1.162505879859110281e-25
1.151320023094900235e-25
1.140213894398698422e-25
1.129187085627282336e-25
1.118239229398311154e-25
1.107369921984036676e-25
1.096578799709357264e-25
1.085865463026717854e-25
1.075229551779933079e-25
1.064670670596624958e-25
1.054188462985745784e-25
1.043782537591603358e-25
1.033452479256107827e-25
1.023197593294611525e-25
1.013017165674925825e-25
1.002910454741868123e-25
9.928767612911653507e-26
9.829153589494353490e-26
9.730255630646390617e-26
9.632066619299472297e-26
9.534579849696325008e-26
9.437788351896638889e-26
9.341685556310343162e-26
9.246264635348771793e-26
9.151519153142501734e-26
9.057442418558500883e-26
8.964028128282032095e-26
8.871269725960203341e-26
8.779161034495008932e-26
8.687695629030324229e-26
8.596867455872225817e-26
8.506670220561590792e-26
8.417097703264207430e-26
8.328142312969566398e-26
8.239796550840240656e-26
8.152052711603543114e-26
8.064903463675752042e-26
7.978341272440013118e-26
7.892358968001286631e-26
7.806949183444705913e-26
7.722104909518234137e-26
7.637818940751710737e-26
7.554084421500444354e-26
7.470894305589784255e-26
7.388241888268691562e-26
7.306120277684656854e-26
7.224522916090314309e-26
7.143443062728121871e-26
7.062874303882576339e-26
6.982810044980710702e-26
6.903244013374431120e-26
6.824169758130712597e-26
6.745580785097481760e-26
6.667469008916588880e-26
6.589826323804961598e-26
6.512644483895847404e-26
6.435915576877276433e-26
6.359631553381227863e-26
6.283784688407256552e-26
6.208367122441195507e-26
6.133371314970429610e-26
6.058789593511941674e-26
5.984614596677952224e-26
5.910838833033646759e-26
5.837455116624923577e-26
5.764456132739017602e-26
5.691834864591752388e-26
5.619584170910007318e-26
5.547697201936711760e-26
5.476166984915523677e-26
5.404986830943613031e-26
5.334149931809482944e-26
5.263649414242679130e-26
5.193476932068243335e-26
5.123624095801510645e-26
5.054082431546156860e-26
4.984843757997493127e-26
4.915899811889340623e-26
4.847242616771196782e-26
4.778864114334790944e-26
4.710756527421508185e-26
4.642911998836360116e-26
4.575322943700357137e-26
4.507981701539193443e-26
4.440880875736962242e-26
4.374012996943601251e-26
4.307370852563628907e-26
4.240947159230192721e-26
4.174734883635254719e-26
4.108726924745445343e-26
4.042916423447862677e-26
3.977296455530437224e-26
3.911860380064373899e-26
3.846601683598619489e-26
3.781514124491057337e-26
3.716591397651933739e-26
3.651827415311180700e-26
3.587216029211855800e-26
3.522751301520120020e-26
3.458427236111507527e-26
3.394238041506408370e-26
3.330177870975784249e-26
3.266241075039999356e-26
3.202421952209584239e-26
3.138714991710343669e-26
3.075114633765804449e-26
3.011615503799438224e-26
2.948212179833248458e-26
2.884899419097840858e-26
2.821671934972607043e-26
2.758524613072553155e-26
2.695452298419207481e-26
2.632449980877891752e-26
2.569512525703785927e-26
2.506634939464674650e-26
2.443812194481874134e-26
2.381039419927201689e-26
2.318311713932693370e-26
2.255624325107041992e-26
2.192972474953840332e-26
2.130351528868473706e-26
2.067756827887919173e-26
2.005183850992745460e-26
1.942628056522058030e-26
1.880085034604322507e-26
1.817550357501538452e-26
1.755019723900583186e-26
1.692488817644744387e-26
1.629953442734967039e-26
1.567409392428920478e-26
1.504852573706262495e-26
1.442278886000306896e-26
1.379684853126718590e-26
1.317069044595572509e-26
1.254430610144130650e-26
1.191768657483844320e-26
1.129082350499406463e-26
1.066370815593089894e-26
1.003633230244013130e-26
9.408687391375041024e-27
8.780765331866103083e-27
8.152557750550195412e-27
7.524056690087963284e-27
6.895253955528871143e-27
6.266141719849881054e-27
5.636711965249702513e-27
5.006956993104071282e-27
4.376868961971159509e-27
3.746440299840627240e-27
3.115663340205707727e-27
2.484530636956094894e-27
1.853034696587483646e-27
1.221166091441025262e-27
5.889070254053888009e-28
-4.376213087621202844e-29
-6.768607933085378504e-28
-1.310408145018139008e-27
-1.944423109633594232e-27
-2.578924432396967787e-27
-3.213930552963678146e-27
-3.849459786420906649e-27
-4.485530096123684608e-27
-5.122159375100859968e-27
-5.759365117414719120e-27
-6.397164800883330747e-27
-7.035575457502704428e-27
-7.674614158038521710e-27
-8.314297479371399854e-27
-8.954642091152978326e-27
-9.595664121867449649e-27
-1.023737984749910909e-26
-1.087980495354228887e-26
-1.152294513299402519e-26
-1.216676492002707187e-26
-1.281121961771135924e-26
-1.345626460421112617e-26
-1.410185632450455895e-26
-1.474795123140962636e-26
-1.539450688247984736e-26
-1.604148077178398454e-26
-1.668883154001738053e-26
-1.733651769560812228e-26
-1.798449893110059437e-26
-1.863273474156998616e-26
-1.928118584404984064e-26
-1.992981268986637548e-26
-2.057857699229984928e-26
-2.122744013169398722e-26
-2.187636479260233726e-26
-2.252531325932607337e-26
-2.317424916084502474e-26
-2.382313565380871363e-26
-2.447193812561347571e-26
-2.512062475056870264e-26
-2.576916591199568596e-26
-2.641753133187438477e-26
-2.706569214049113183e-26
-2.771361874262910524e-26
-2.836128299652544942e-26
-2.900865597148298954e-26
-2.965571023209195029e-26
-3.030241749063062121e-26
-3.094875099754306338e-26
-3.159468308647804721e-26
-3.224018768231871398e-26
-3.288523772126023660e-26
-3.352980778412756053e-26
-3.417387139077216450e-26
-3.481740375394431211e-26
-3.546037896479536210e-26
-3.610277285346339453e-26
-3.674456005540251481e-26
-3.738571152435578643e-26
-3.802617517473855886e-26
-3.866589563800152922e-26
-3.930481661657822286e-26
-3.994288407612856765e-26
-4.058004298104310595e-26
-4.121624060182238350e-26
-4.185142313253931589e-26
-4.248553911515643397e-26
-4.311853595141639674e-26
-4.375036343340703985e-26
-4.438097013139757870e-26
-4.501030705517577913e-26
-4.563832391700437029e-26
-4.626497291149763123e-26
-4.689020486692959148e-26
-4.751397314702700269e-26
-4.813622967192082917e-26
-4.875692893602077329e-26
-4.937602392974984831e-26
-4.999347008541608089e-26
-5.060922055393698689e-26
-5.122323097890226010e-26
-5.183545537752761637e-26
-5.244585048855552823e-26
-5.305437134217527267e-26
-5.366097575224208615e-26
-5.426561973533159842e-26
-5.486826215925263030e-26
-5.546886001468824187e-26
-5.606737319634706542e-26
-5.666375964879914852e-26
-5.725798027436728559e-26
-5.784999394463483966e-26
-5.843976254511869867e-26
-5.902724586664853106e-26
-5.961240676948303176e-26
-6.019520594055531968e-26
-6.077560718863307576e-26
-6.135357208311572292e-26
-6.192906383783863784e-26
-6.250203728372153623e-26
-6.307244905048877223e-26
-6.364025348108533394e-26
-6.420540830709267837e-26
-6.476786890469216247e-26
-6.532759410390784497e-26
-6.588454028471192661e-26
-6.643866734232262338e-26
-6.698993266136239935e-26
-6.753829717318098782e-26
-6.808371923824905947e-26
-6.862616082596673319e-26
-6.916558126127278081e-26
-6.970194352060678828e-26
-7.023520788047765458e-26
-7.076533831491790070e-26
-7.129229602113743975e-26
-7.181604596162741342e-26
-7.233655025865708940e-26
-7.285377595143087741e-26
-7.336769159322048073e-26
-7.387827068008935008e-26
-7.438548361527882594e-26
-7.488930468767624444e-26
-7.538970503243409175e-26
-7.588665972637796398e-26
-7.638014061892977940e-26
-7.687012357083144704e-26
-7.735658113517986449e-26
-7.783948993637327569e-26
-7.831882323419633575e-26
-7.879455840849932731e-26
-7.926666938786701072e-26
-7.973513430285241164e-26
-8.019992777175870795e-26
-8.066102866682869167e-26
-8.111841227110769939e-26
-8.157205817875611863e-26
-8.202194234693913457e-26
-8.246804854207544607e-26
-8.291037060933445416e-26
-8.334891004866342348e-26
-8.378366439584096775e-26
-8.421463541165892431e-26
-8.464182084093856724e-26
-8.506522271548344876e-26
-8.548483897539795164e-26
-8.590067190403677001e-26
-8.631271963334214073e-26
-8.672098469076479758e-26
-8.712546542554988479e-26
-8.752616463086691223e-26
-8.792308085620012717e-26
-8.831621715091286751e-26
-8.870557226656893578e-26
-8.909114953089958023e-26
-8.947294787383548739e-26
-8.985097089249257094e-26
-9.022521770089847719e-26
-9.059569478290825552e-26
-9.096241456953812158e-26
-9.132539681243731284e-26
-9.168465644357085684e-26
-9.204021311845020853e-26
-9.239208165398516650e-26
-9.274028164087447946e-26
-9.308482775570760119e-26
-9.342573953652049061e-26
-9.376303153412080295e-26
-9.409672322615672357e-26
-9.442682903131646118e-26
-9.475336836499587999e-26
-9.507635553186781313e-26
-9.539580988532057967e-26
-9.571174562808924466e-26
-9.602418205658249514e-26
-9.633313325588736419e-26
-9.663861846840566770e-26
-9.694065166881008219e-26
-9.723925511728029713e-26
-9.753445797187130820e-26
-9.782629755664303674e-26
-9.811480564331249598e-26
-9.840001912054391541e-26
-9.868196929057668450e-26
-9.896069262738784351e-26
-9.923621995097435709e-26
-9.950858734007104872e-26
-9.977782517689744912e-26
-1.000439691239285671e-25
-1.003070491237194176e-25
-1.005671004531882579e-25
-1.008241526061743725e-25
-1.010782404616790357e-25
-1.013293930769909975e-25
-1.015776449492875257e-25
-1.018230247110265605e-25
-1.020655664881275080e-25
-1.023052984806978471e-25
-1.025422574638439331e-25
-1.027764862081423402e-25
-1.030080359164746287e-25
-1.032369516258645550e-25
-1.034632838165518348e-25
-1.036870767617370820e-25
-1.039083802418632228e-25
-1.041272377838635646e-25
-1.043436984526555100e-25
-1.045578050427239715e-25
-1.047696059295764327e-25
-1.049791431946547567e-25
-1.051864645302505825e-25
-1.053916112824493156e-25
-1.055946304863807333e-25
-1.057955627910245302e-25
-1.059944545675481577e-25
-1.061913457449135618e-25
-1.063862820620435979e-25
-1.065793027624628670e-25
-1.067704561917212642e-25
-1.069597971074346984e-25
-1.071473892361193163e-25
-1.073332895454346498e-25
-1.075175607869811364e-25
-1.077002588800110366e-25
-1.078814455876446319e-25
-1.080611758110137528e-25
-1.082395103462257607e-25
-1.084165030746036837e-25
-1.085922138391069417e-25
-1.087666955462839361e-25
-1.089400071158565993e-25
-1.091122004239753236e-25
-1.092833334844921384e-25
-1.094534571981134202e-25
-1.096226286765586790e-25
-1.097908978709623783e-25
-1.099583209948858730e-25
-1.101249470483776677e-25
-1.102908326377914961e-25
-1.104560321523559190e-25
-1.106206075707117476e-25
-1.107846135057069068e-25
-1.109481109559879042e-25
-1.111111534828102400e-25
-1.112738010911895567e-25
-1.114361062981749372e-25
-1.115981281522258610e-25
-1.117599181510514975e-25
-1.119215343972309474e-25
-1.120830273943556956e-25
-1.122444542965857178e-25
-1.124058646041322860e-25
-1.125673145477069421e-25
-1.127288526881439789e-25
-1.128905343221694609e-25
-1.130524070581740258e-25
-1.132145252977973426e-25
-1.133769357104600163e-25
-1.135396919775891380e-25
-1.137028407082124536e-25
-1.138664355225621042e-25
-1.140305222781619887e-25
-1.141951537118772101e-25
-1.143603747686375004e-25
-1.145262373241571710e-25
-1.146927854241192039e-25
-1.148600700685119072e-25
-1.150281344259394998e-25
-1.151970286513567652e-25
-1.153667950434907613e-25
-1.155374829401655622e-25
-1.157091337428779764e-25
-1.158817959903683985e-25
-1.160555102361596548e-25
-1.162303242229013558e-25
-1.164062776497044249e-25
-1.165834174785949901e-25
-1.167617825742535472e-25
-1.169414141358813986e-25
-1.171223253839987461e-25
-1.173045321774832811e-25
-1.174880424460960540e-25
-1.176728718180066099e-25
-1.178590279640637946e-25
-1.180465263001216366e-25
-1.182353741885982280e-25
-1.184255868131723329e-25
-1.186171712590235379e-25
-1.188101424441957684e-25
-1.190045072199215645e-25
-1.192002802799318999e-25
-1.193974681836404314e-25
-1.195960853990953397e-25
-1.197961382246562663e-25
-1.199976408975157352e-25
-1.202005994448454407e-25
-1.204050278643864931e-25
-1.206109319201387075e-25
-1.208183293662947497e-25
-1.210272457180561120e-25
-1.212377183226818545e-25
-1.214497760325158355e-25
-1.216634555738621783e-25
-1.218787851328696418e-25
-1.220958008024885185e-25
-1.223145300996903854e-25
-1.225350084894605195e-25
-1.227572628559423563e-25
-1.229813280709298284e-25
-1.232072303876459288e-25
-1.234350040716656917e-25
-1.236646747392350248e-25
-1.238962760798312114e-25
-1.241298330727185737e-25
-1.243653788243770434e-25
-1.246029376996005791e-25
-1.248425422471037012e-25
-1.250842162028193367e-25
-1.253279836200334668e-25
-1.255738280362933313e-25
-1.258217337059318140e-25
-1.260716763789468009e-25
-1.263236405342390633e-25
-1.265776021028433848e-25
-1.268335457531406520e-25
-1.270914475838930347e-25
-1.273512924775171528e-25
-1.276130567010638145e-25
-1.278767253570084040e-25
-1.281422748647804195e-25
-1.284096905380392338e-25
-1.286789489396609077e-25
-1.289500355450736377e-25
-1.292229270721337363e-25
-1.294976091801970495e-25
-1.297740587294897503e-25
-1.300522615558657507e-25
-1.303321946462115667e-25
-1.306138413470790827e-25
-1.308971654958533666e-25
-1.311821374599933321e-25
-1.314687187551010536e-25
-1.317568801752254671e-25
-1.320465835910469425e-25
-1.323378002097022095e-25
-1.326304922436657910e-25
-1.329246312927891486e-25
-1.332201799123531464e-25
-1.335171100958279371e-25
-1.338153847248627920e-25
-1.341149761819340488e-25
-1.344158476571096560e-25
-1.347179719199895314e-25
-1.350213124698527491e-25
-1.353258424459061046e-25
-1.356315256635975075e-25
-1.359383356144015609e-25
-1.362462364075670517e-25
-1.365552033805299450e-25
-1.368652082652698387e-25
-1.371762340331826716e-25
-1.374882540397079528e-25
-1.378012514778248319e-25
-1.381151998500304213e-25
-1.384300825667637133e-25
-1.387458732688228406e-25
-1.390625555922706069e-25
-1.393801033128024889e-25
-1.396985002838129538e-25
-1.400177204223883266e-25
-1.403377478034188805e-25
-1.406585564687684261e-25
-1.409801307196336616e-25
-1.413024447242255814e-25
-1.416254830115002381e-25
-1.419492198758543858e-25
-1.422736400683215007e-25
-1.425987180066688107e-25
-1.429244295952234547e-25
-1.432507041417877005e-25
-1.435774729020250638e-25
-1.439046570076075412e-25
-1.442321887314773370e-25
-1.445599901233192075e-25
-1.448879944670328248e-25
-1.452161247325077491e-25
-1.455443152010509306e-25
-1.458724897427550314e-25
-1.462005836330564642e-25
-1.465285216284281895e-25
-1.468562399877448928e-25
-1.471836643548260569e-25
-1.475107319606211226e-25
-1.478373693260289326e-25
-1.481635146407424516e-25
-1.484890953103189513e-25
-1.488140504717367203e-25
-1.491383083940975832e-25
-1.494618156121816782e-25
-1.497845333372564647e-25
-1.501064408887480292e-25
-1.504275062548758728e-25
-1.507477091354982521e-25
-1.510670178277660632e-25
-1.513854124116274162e-25
-1.517028615008905386e-25
-1.520193455829441859e-25
-1.523348335790074832e-25
-1.526493063531156445e-25
-1.529627331658464707e-25
-1.532750952756139438e-25
-1.535863622801368280e-25
-1.538965158348464680e-25
-1.542055258376324443e-25
-1.545133743746192421e-25
-1.548200316966258327e-25
-1.551254802788680636e-25
-1.554296907310399105e-25
-1.557326422858772079e-25
-1.560342876441845563e-25
-1.563345883605826594e-25
-1.566334941289541295e-25
-1.569309672274040713e-25
-1.572269580222154294e-25
-1.575214295037901944e-25
-1.578143327168182125e-25
-1.581056313763183908e-25
-1.583952772125396945e-25
-1.586832346511703848e-25
-1.589694560782268126e-25
-1.592539066524985616e-25
-1.595365394724838022e-25
-1.598173204286414264e-25
-1.600962032999320834e-25
-1.603731546653095812e-25
-1.606481290034461809e-25
-1.609210936206040069e-25
-1.611920036828446056e-25
-1.614608291754712436e-25
-1.617275355404196732e-25
-1.619921030503334875e-25
-1.622544995658933234e-25
-1.625147059507283445e-25
-1.627726906004002726e-25
-1.630284349686480296e-25
-1.632819079612828106e-25
-1.635330916120490264e-25
-1.637819553543408818e-25
-1.640284817738145816e-25
-1.642726408703855676e-25
-1.645144157759120586e-25
-1.647537770337934549e-25
-1.649907083720706083e-25
-1.652251808585434618e-25
-1.654571787760529791e-25
-1.656866737448503160e-25
-1.659136506569501413e-25
-1.661380816807173183e-25
-1.663599570428592407e-25
-1.665792733203612005e-25
-1.667960450438265961e-25
-1.670102737269280006e-25
-1.672219740878950906e-25
-1.674311477937813299e-25
-1.676378097482475984e-25
-1.678419617840382937e-25
-1.680436189732974877e-25
-1.682427833029917736e-25
-1.684394700248545640e-25
-1.686336812769762559e-25
-1.688254325421869411e-25
-1.690147260821494367e-25
-1.692015775718553399e-25
-1.693859894093013716e-25
-1.695679774849505035e-25
-1.697475443483243289e-25
-1.699247060592037733e-25
-1.700994653462435317e-25
-1.702718371257215104e-25
-1.704418175308039740e-25
-1.706094150550005587e-25
-1.707746246853303823e-25
-1.709374552126051862e-25
-1.710979019202307081e-25
-1.712559738727955712e-25
-1.714116665876816256e-25
-1.715649894386868755e-25
-1.717159381655939699e-25
-1.718645223976635927e-25
-1.720107381587817170e-25
-1.721545953530802202e-25
-1.722960902619309600e-25
-1.724352330125830904e-25
-1.725720201183560731e-25
-1.727064619894390370e-25
-1.728385553588969343e-25
-1.729683108758813294e-25
-1.730957254961211971e-25
-1.732208159199787933e-25
-1.733436083477958675e-25
-1.734641485203177507e-25
-1.735824681959782208e-25
-1.736986128992656960e-25
-1.738126141081039466e-25
-1.739245170858740195e-25
-1.740343530294464242e-25
-1.741421669966667678e-25
-1.742479899137370801e-25
-1.743518666135450328e-25
-1.744538277351629387e-25
-1.745539178577094889e-25
-1.746521673550819091e-25
-1.747486205367382135e-25
-1.748433074936335637e-25
-1.749362723155603571e-25
-1.750275447932225368e-25
-1.751171687419213910e-25
-1.752051736623289376e-25
-1.752916037584289753e-25
-1.753764915809320918e-25
-1.754598843836459903e-25
-1.755418150407318454e-25
-1.756223304581944562e-25
-1.757014631297306388e-25
-1.757792596471265755e-25
-1.758557521351277953e-25
-1.759309868700112766e-25
-1.760049956133139416e-25
-1.760778242729233084e-25
-1.761495042312949143e-25
-1.762200810507895392e-25
-1.762895857270319579e-25
-1.763580634790468563e-25
-1.764255448995736798e-25
-1.764920748438058858e-25
-1.765576835456493792e-25
-1.766224154865114901e-25
-1.766863004912453516e-25
-1.767493856396531539e-25
-1.768117154079718428e-25
-1.768733513727385581e-25
-1.769343404278744074e-25
-1.769947435225136400e-25
-1.770546069469012753e-25
-1.771139910188685103e-25
-1.771729413842961694e-25
-1.772315177714821197e-25
-1.772897651739828277e-25
-1.773477426707058315e-25
-1.774054946648306669e-25
-1.774630796076384310e-25
-1.775205412546348279e-25
-1.775779374404732147e-25
-1.776353112949396808e-25
-1.776927200203727794e-25
-1.777502061137904730e-25
-1.778078261453976790e-25
-1.778656219790475269e-25
-1.779236472688871671e-25
-1.779819317784132898e-25
-1.780405171429249713e-25
-1.780994303539974970e-25
-1.781587125619603485e-25
-1.782183903177862535e-25
-1.782785042505166167e-25
-1.783390804467869763e-25
-1.784001590328853826e-25
-1.784617656433926997e-25
-1.785239399220003666e-25
-1.785867070380888046e-25
-1.786501061197326767e-25
-1.787141618715855801e-25
-1.787789129527752139e-25
-1.788443835783926348e-25
-1.789106119299236164e-25
-1.789776216875711741e-25
-1.790454505562455953e-25
-1.791141217245003935e-25
-1.791836748825663670e-25
-1.792541451643973923e-25
-1.793255841730147873e-25
-1.793980288540178964e-25
-1.794715301482296877e-25
-1.795461243410885721e-25
-1.796218616865631048e-25
-1.796987778358949538e-25
-1.797769223780431481e-25
-1.798563302720974125e-25
-1.799370504715041222e-25
-1.800191172410331668e-25
-1.801025789202704836e-25
-1.801874690677210841e-25
-1.802738353904609743e-25
-1.803617107698850729e-25
-1.804511422769647836e-25
-1.805421621370809235e-25
-1.806348167827108262e-25
-1.807291377645896445e-25
-1.808251660703841101e-25
-1.809229084790652911e-25
-1.810223814259659385e-25
-1.811235864824359777e-25
-1.812265397820124061e-25
-1.813312425362259609e-25
-1.814377105596780530e-25
-1.815459446766093417e-25
-1.816559604058569871e-25
-1.817677581979329872e-25
-1.818813532415634539e-25
-1.819967456152543745e-25
-1.821139501736631850e-25
-1.822329666301173258e-25
-1.823538095025575954e-25
-1.824764781205105542e-25
-1.826009866696131966e-25
-1.827273341116286882e-25
-1.828555342872388007e-25
-1.829855857782040669e-25
-1.831175022450919861e-25
-1.832512826593638735e-25
-1.833869411115113846e-25
-1.835244763545119342e-25
-1.836639021166832125e-25
-1.838052167606252080e-25
-1.839484336661323954e-25
-1.840935507820595880e-25
-1.842405811657011253e-25
-1.843895223308452211e-25
-1.845403870165032346e-25
-1.846931723187979079e-25
-1.848478906457896704e-25
-1.850045386678312413e-25
-1.851631284752037413e-25
-1.853236563169657676e-25
-1.854861339622604099e-25
-1.856505572293903782e-25
-1.858169375724274299e-25
-1.859852703959846603e-25
-1.861555631308673005e-25
-1.863277923312887299e-25
-1.865019467642548015e-25
-1.866779990668657302e-25
-1.868559378911549298e-25
-1.870357356752644107e-25
-1.872173809640373104e-25
-1.874008459674871982e-25
-1.875861191440513053e-25
-1.877731724752903508e-25
-1.879619942995201633e-25
-1.881525564084169946e-25
-1.883448470108456562e-25
-1.885388376825375445e-25
-1.887345165372596336e-25
-1.889318549248765344e-25
-1.891308408580072383e-25
-1.893314454649251558e-25
-1.895336566597766701e-25
-1.897374453600517896e-25
-1.899427970987670973e-25
-1.901496712702722859e-25
-1.903580420166529189e-25
-1.905678663894020207e-25
-1.907791185269695482e-25
-1.909917554300434302e-25
-1.912057512513143703e-25
-1.914210629248225230e-25
-1.916376646205680444e-25
-1.918555131959101257e-25
-1.920745828556165334e-25
-1.922948303763986609e-25
-1.925162300077426054e-25
-1.927387384593678092e-25
-1.929623300174866242e-25
-1.931869613505918166e-25
-1.934126067526621742e-25
-1.936392228777947901e-25
-1.938667840500817247e-25
-1.940952468954609201e-25
-1.943245856072355143e-25
-1.945547559406640592e-25
-1.947857313071250393e-25
-1.950174672732609022e-25
-1.952499373316880878e-25
-1.954830970441498267e-25
-1.957169200013606846e-25
-1.959513617564645083e-25
-1.961863960028695065e-25
-1.964219783089995521e-25
-1.966580824916358072e-25
-1.968946641254143568e-25
-1.971316971733903343e-25
-1.973691372275186906e-25
-1.976069583976500640e-25
-1.978451163081330450e-25
-1.980835852226365521e-25
-1.983223208311735988e-25
-1.985612975546350370e-25
-1.988004711770767343e-25
-1.990398136657689570e-25
-1.992792678244431341e-25
-1.995187927924632951e-25
-1.997583290179568368e-25
-1.999978359438700414e-25
-2.002372542869813661e-25
-2.004765438550991981e-25
-2.007156456082425865e-25
-2.009545197373738632e-25
-2.011931074738367678e-25
-2.014313694010733798e-25
-2.016692470516948858e-25
-2.019067014105177484e-25
-2.021436743132054929e-25
-2.023801271679645735e-25
-2.026160021539822983e-25
-2.028512611072053605e-25
-2.030858465600040628e-25
-2.033197207960362055e-25
-2.035528267316580889e-25
-2.037851267503573122e-25
-2.040165623780355609e-25
-2.042470947435826373e-25
-2.044766653796948138e-25
-2.047052359892257771e-25
-2.049327485290798845e-25
-2.051591652534780552e-25
-2.053844285487946068e-25
-2.056085012609847182e-25
-2.058313262337288558e-25
-2.060528669181336696e-25
-2.062730666400187821e-25
-2.064918894730329727e-25
-2.067092792346615290e-25
-2.069252006516074742e-25
-2.071395980275386078e-25
-2.073524367676922534e-25
-2.075636617025500293e-25
-2.077732389189493957e-25
-2.079811137994239287e-25
-2.081872567056172427e-25
-2.083916314211978495e-25
-2.085942268278095536e-25
-2.087950106703449388e-25
-2.089939723829983423e-25
-2.091910801299322545e-25
-2.093863239019113228e-25
-2.095796723106886800e-25
-2.097711158992336995e-25
-2.099606237529712075e-25
-2.101481869754890423e-25
-2.103337751341740812e-25
-2.105173799182320400e-25
-2.106989713710937839e-25
-2.108785418137676203e-25
-2.110560617630844127e-25
-2.112315241849614544e-25
-2.114049000794865404e-25
-2.115761830761106481e-25
-2.117453446551829221e-25
-2.119123771731784464e-25
-2.120772427730262840e-25
-2.122399247269506406e-25
-2.124003838147501468e-25
-2.125586041045679678e-25
-2.127145470127714502e-25
-2.128681973935999026e-25
-2.130195173022843565e-25
-2.131684923968473212e-25
-2.133150853681545771e-25
-2.134592826817073404e-25
-2.136010476803886746e-25
-2.137403676528432966e-25
-2.138772065822659254e-25
-2.140115525716391780e-25
-2.141433702828221816e-25
-2.142726486156288068e-25
-2.143993529093974524e-25
-2.145234728721364616e-25
-2.146449745156733015e-25
-2.147638527601673585e-25
-2.148800963910103424e-25
-2.149937230781662949e-25
-2.151047264881442496e-25
-2.152131248424530445e-25
-2.153189122338166796e-25
-2.154221074361125534e-25
-2.155227049542096534e-25
-2.156207240896985877e-25
-2.157161597879031385e-25
-2.158090318752436724e-25
-2.158993356975079430e-25
-2.159870916450111969e-25
-2.160722954435839297e-25
-2.161549680047912610e-25
-2.162351054268358686e-25
-2.163127291459419086e-25
-2.163878356192717584e-25
-2.164604467925450550e-25
-2.165305594867337080e-25
-2.165981971055345230e-25
-2.166633618786654546e-25
-2.167260826231175982e-25
-2.167863628636457082e-25
-2.168442318036611838e-25
-2.168996932561315355e-25
-2.169527767774324276e-25
-2.170034864567249262e-25
-2.170518521992550725e-25
-2.170978783418298272e-25
-2.171415951264691744e-25
-2.171830071063875747e-25
-2.172221448734236820e-25
-2.172590131576423729e-25
-2.172936428592504230e-25
-2.173260388754706689e-25
-2.173562324173410819e-25
-2.173842285526709991e-25
-2.174100587199811607e-25
-2.174337281521438661e-25
-2.174552725552218681e-25
-2.174747173703591830e-25
-2.174921185136165124e-25
-2.175075053261521172e-25
-2.175209336601277443e-25
-2.175324327379630418e-25
-2.175420583273385846e-25
-2.175498394820516521e-25
-2.175558319036057016e-25
-2.175600644256529915e-25
-2.175625926676171678e-25
-2.175634452325503183e-25
-2.175626776395892935e-25
-2.175603182265973649e-25
-2.175564223832282923e-25
-2.175510181576715347e-25
-2.175441607936327130e-25
-2.175358780260004962e-25
-2.175262249032989438e-25
-2.175152288644463029e-25
-2.175029424631657026e-25
-2.174893813383198983e-25
-2.174745863956471093e-25
-2.174585707410292876e-25
-2.174413751648827332e-25
-2.174230125253250356e-25
-2.174035234832714506e-25
-2.173829206267887963e-25
-2.173612444556938583e-25
-2.173385072431032074e-25
-2.173147493242316806e-25
-2.172899826486699112e-25
-2.172642473439285780e-25
-2.172375550432549224e-25
-2.172099456279509542e-25
-2.171814303376877888e-25
-2.171520488296538361e-25
-2.171218119760511726e-25
-2.170907591324904487e-25
-2.170589008097383859e-25
-2.170262798707235832e-25
-2.169929255582972041e-25
-2.169588994219014042e-25
-2.169242338894144991e-25
-2.168889899265082216e-25
-2.168531993042178785e-25
-2.168169224075153912e-25
-2.167801903158517814e-25
-2.167430628244362356e-25
-2.167055703023799268e-25
-2.166677719354866582e-25
-2.166296973987581168e-25
-2.165914052106652794e-25
-2.165529243441532248e-25
-2.165143126598800460e-25
-2.164755983974857627e-25
-2.164368387487558356e-25
-2.163980612079442654e-25
-2.163593222726657729e-25
-2.163206487016993643e-25
-2.162820938451036945e-25
-2.162436715147582605e-25
-2.162054222218256181e-25
-2.161673567403075050e-25
-2.161295149502101781e-25
-2.160919070210099002e-25
-2.160545721886157679e-25
-2.160175200106614386e-25
-2.159807890868173495e-25
-2.159443883377496465e-25
-2.159083557420454899e-25
-2.158726995389741439e-25
-2.158374571006820190e-25
-2.158026359734828065e-25
-2.157682728824210826e-25
-2.157343747229033172e-25
-2.157009775467304521e-25
-2.156680875798150114e-25
-2.156357401912842664e-25
-2.156039409618800241e-25
-2.155727262716748091e-25
-2.155421095574914472e-25
-2.155121349743378671e-25
-2.154828169333726161e-25
-2.154541987746754044e-25
-2.154262941645955334e-25
-2.153991456430938406e-25
-2.153727661120586416e-25
-2.153471972867116313e-25
-2.153224513338144171e-25
-2.152985691383462633e-25
-2.152755621414679356e-25
-2.152534703913369433e-25
-2.152323045982905715e-25
-2.152121040067653476e-25
-2.151928785658605372e-25
-2.151746667300273372e-25
-2.151574776931029133e-25
-2.151413490896982843e-25
-2.151262893684997880e-25
-2.151123296932656815e-25
-2.150994493556604561e-25
-2.150876504595296720e-25
-2.150769061523177916e-25
-2.150672180655465053e-25
-2.150585588984205399e-25
-2.150509298330868554e-25
-2.150443031228332844e-25
-2.150386795115268408e-25
-2.150340307808117126e-25
-2.150303572215125492e-25
-2.150276301899751368e-25
-2.150258495400347884e-25
-2.150249861819477912e-25
-2.150250395369708891e-25
-2.150259800821396863e-25
-2.150278068113817665e-25
-2.150304897960064966e-25
-2.150340275725493532e-25
-2.150383898279906773e-25
-2.150435785029849034e-25
-2.150495822024252061e-25
-2.150564216661723373e-25
-2.150640887536864361e-25
-2.150726036221465870e-25
-2.150819575152276423e-25
-2.150921700137650002e-25
-2.151032318046147874e-25
-2.151151618534344695e-25
-2.151279503232879260e-25
-2.151416155955867211e-25
-2.151561472882549589e-25
-2.151715632482760285e-25
-2.151878525467154195e-25
-2.152050325070957538e-25
-2.152230916544959306e-25
-2.152420468184114487e-25
-2.152618860232388576e-25
-2.152826256046620252e-25
-2.153042530645452368e-25
-2.153267758581150089e-25
-2.153501389027119821e-25
-2.153743072845912184e-25
-2.153992174760983023e-25
-2.154248345721066897e-25
-2.154510950771689035e-25
-2.154779641257266412e-25
-2.155053782501698309e-25
-2.155333026710093616e-25
-2.155616739193828005e-25
-2.155904573250574509e-25
-2.156195894654230932e-25
-2.156490357911882259e-25
-2.156787329472643565e-25
-2.157086465110190867e-25
-2.157387132373486397e-25
-2.157688988454172864e-25
-2.157991402240106534e-25
-2.158294032704385377e-25
-2.158596250301764274e-25
-2.158897768302069943e-25
-2.159198221646920781e-25
-2.159497586617623405e-25
-2.159795550423173554e-25
-2.160092088811399478e-25
-2.160386888321021313e-25
-2.160679924686907942e-25
-2.160970883765146975e-25
-2.161259741447317680e-25
-2.161546183801415778e-25
-2.161830186613037324e-25
-2.162111436636822401e-25
-2.162389909776563481e-25
-2.162665293844556280e-25
-2.162937564995779424e-25
-2.163206412361695479e-25
-2.163471812716746555e-25
-2.163733456449503775e-25
-2.163991321582496802e-25
-2.164245100001498661e-25
-2.164494702381823209e-25
-2.164739479198956714e-25
-2.164979001502514503e-25
-2.165212556944234604e-25
-2.165439722401718083e-25
-2.165659791872532998e-25
-2.165872348598995495e-25
-2.166076692792635235e-25
-2.166272414799069046e-25
-2.166458821121494339e-25
-2.166635509406289175e-25
-2.166801792790484455e-25
-2.166957276625441216e-25
-2.167101280846065467e-25
-2.167233419028775734e-25
-2.167353018140867471e-25
-2.167459700374405458e-25
-2.167552799673302437e-25
-2.167631947191174726e-25
-2.167696484405376682e-25
-2.167746092100282831e-25
-2.167780322226504704e-25
-2.167799065894767055e-25
-2.167801921447786004e-25
-2.167788787016039645e-25
-2.167759266920050723e-25
-2.167713266460035943e-25
-2.167650396176830538e-25
-2.167570569005422737e-25
-2.167473401699774132e-25
-2.167358814937817049e-25
-2.167226432177457462e-25
-2.167076181844126834e-25
-2.166907694384842646e-25
-2.166720906116400392e-25
-2.166515454707124093e-25
-2.166291284412915337e-25
-2.166048040429539687e-25
-2.165785675077827257e-25
-2.165503841265096040e-25
-2.165202481515986428e-25
-2.164881166694013711e-25
-2.164539758359566172e-25
-2.164177818504174722e-25
-2.163795218388624218e-25
-2.163391529333097565e-25
-2.162966632339707277e-25
-2.162520108310384127e-25
-2.162051848098736438e-25
-2.161561442220537063e-25
-2.161048791537600523e-25
-2.160513496277670731e-25
-2.159955467285857569e-25
-2.159374314654033653e-25
-2.158769959233057546e-25
-2.158142021072544913e-25
-2.157490431086403758e-25
-2.156814819360767909e-25
-2.156115126850828418e-25
-2.155390993675224982e-25
-2.154642383564837511e-25
-2.153869010038056056e-25
-2.153070909769714777e-25
-2.152247818147838530e-25
-2.151399780939445332e-25
-2.150526542664208822e-25
-2.149628158173047776e-25
-2.148704381112579424e-25
-2.147755275280527597e-25
-2.146780603376519116e-25
-2.145780438104030100e-25
-2.144754551069612403e-25
-2.143703023782602670e-25
-2.142625636589292640e-25
-2.141522479833811339e-25
-2.140393342481680182e-25
-2.139238323437650294e-25
-2.138057220423140513e-25
-2.136850140743815247e-25
-2.135616890421466036e-25
-2.134357599632099153e-25
-2.133072155486415748e-25
-2.131760767995259693e-25
-2.130423346208786252e-25
-2.129060106468974268e-25
-2.127670964832256863e-25
-2.126256144026176914e-25
-2.124815566733292365e-25
-2.123349462166064194e-25
-2.121857759209195476e-25
-2.120340693151122747e-25
-2.118798198903404125e-25
-2.117230517576858083e-25
-2.115637590117686813e-25
-2.114019663041257124e-25
-2.112376682911923857e-25
-2.110708901587222437e-25
-2.109016271032033187e-25
-2.107299048069187018e-25
-2.105557189663138714e-25
-2.103790979642094314e-25
-2.102000489810266200e-25
-2.100186117905470449e-25
-2.098347960727573919e-25
-2.096486418267548117e-25
-2.094601589486898046e-25
-2.092693876717873688e-25
-2.090763380665414950e-25
-2.088810505439251516e-25
-2.086835353427394728e-25
-2.084838330166693289e-25
-2.082819539310699890e-25
-2.080779387818473185e-25
-2.078717980309366262e-25
-2.076635724474017243e-25
-2.074532725926846203e-25
-2.072409392666637009e-25
-2.070265830611225490e-25
-2.068102448031455413e-25
-2.065919351099437190e-25
-2.063716940860276759e-25
-2.061495289781230745e-25
-2.059254764185966572e-25
-2.056995430251339987e-25
-2.054717653846001308e-25
-2.052421501235666081e-25
-2.050107337465529937e-25
-2.047775228772987275e-25
-2.045425538852682092e-25
-2.043058333614401954e-25
-2.040673975276014554e-25
-2.038272529080130840e-25
-2.035854355331565964e-25
-2.033419518706927361e-25
-2.030968377025256129e-25
-2.028500994021859184e-25
-2.026017725187311120e-25
-2.023518632654239063e-25
-2.021004069206073173e-25
-2.018474095422401318e-25
-2.015929096535138388e-25
-2.013369307376044809e-25
-2.010795284226318366e-25
-2.008207292636792362e-25
-2.005605881957920272e-25
-2.002991312250177353e-25
-2.000364125715633895e-25
-1.997724576941179025e-25
-1.995073200887496434e-25
-1.992410246695305227e-25
-1.989736241958985331e-25
-1.987051429678786290e-25
-1.984356329820422879e-25
-1.981651179338341410e-25
-1.978936490537479157e-25
-1.976212493840762406e-25
-1.973479694010432553e-25
-1.970738314907576832e-25
-1.967988853359714311e-25
-1.965231526528059827e-25
-1.962466804735983748e-25
-1.959694806786907994e-25
-1.956915904255825621e-25
-1.954130192804380112e-25
-1.951338036903626503e-25
-1.948539527177788179e-25
-1.945735020888846815e-25
-1.942924603769637221e-25
-1.940108625956272277e-25
-1.937287167896097900e-25
-1.934460572846117853e-25
-1.931628915763042664e-25
-1.928792532896993964e-25
-1.925951493601464378e-25
-1.923106127324857573e-25
-1.920256497527940316e-25
-1.917402927197540687e-25
-1.914545473713975672e-25
-1.911684453082892068e-25
-1.908819916971088330e-25
-1.905952203199038403e-25
-1.903081501111194031e-25
-1.900208283920395622e-25
-1.897332761349948957e-25
-1.894455397052335293e-25
-1.891576392287888605e-25
-1.888696201175569918e-25
-1.885815016556659891e-25
-1.882933283103969546e-25
-1.880051184772314081e-25
-1.877169157567198275e-25
-1.874287376451459078e-25
-1.871406269380139355e-25
-1.868526002218665614e-25
-1.865646994372753928e-25
-1.862769402809429483e-25
-1.859893638264077275e-25
-1.857019849662784381e-25
-1.854148438802593611e-25
-1.851279546440583819e-25
-1.848413530252675305e-25
-1.845550343752339598e-25
-1.842690159223615621e-25
-1.839832889413016696e-25
-1.836978701860647458e-25
-1.834127504710277131e-25
-1.831279460652619755e-25
-1.828434473573576034e-25
-1.825592701571770665e-25
-1.822754044295438262e-25
-1.819918655318014731e-25
-1.817086430159531686e-25
-1.814257517780875886e-25
-1.811431810070145558e-25
-1.808609451666993596e-25
-1.805790330723516850e-25
-1.802974587635904092e-25
-1.800162107326777284e-25
-1.797353025632911151e-25
-1.794547224278431862e-25
-1.791744859411821741e-25
-1.788945930582751198e-25
-1.786150710167042154e-25
-1.783359216837791320e-25
-1.780571716996423613e-25
-1.777788223922496879e-25
-1.775008998610122759e-25
-1.772234049306656404e-25
-1.769463631436533783e-25
-1.766697748550119539e-25
-1.763936650786079038e-25
-1.761180337280889539e-25
-1.758429052865272814e-25
-1.755682792433577288e-25
-1.752941796080259859e-25
-1.750206054228659428e-25
-1.747475802441524927e-25
-1.744751027310315100e-25
-1.742031959636056747e-25
-1.739318582305136512e-25
-1.736611086020080017e-25
-1.733909269953655457e-25
-1.731213142370778536e-25
-1.728522466659670104e-25
-1.725837250477823166e-25
-1.723157257783785473e-25
-1.720482496137488129e-25
-1.717812729797454024e-25
-1.715147966303901773e-25
-1.712487970582933121e-25
-1.709832750293628216e-25
-1.707182071495462345e-25
-1.704535942037253302e-25
-1.701894129131607861e-25
-1.699256640947880234e-25
-1.696623246007163351e-25
-1.693993953597363403e-25
-1.691368533129980213e-25
-1.688746994960635041e-25
-1.686129110025888594e-25
-1.683514895771489928e-25
-1.680904155971312761e-25
-1.678296939524211191e-25
-1.675693057882463571e-25
-1.673092560726440398e-25
-1.670495260923644968e-25
-1.667901209417592452e-25
-1.665310220213648379e-25
-1.662722345600627939e-25
-1.660137401394251631e-25
-1.657555440862355219e-25
-1.654976282133923489e-25
-1.652399979838757154e-25
-1.649826353807007699e-25
-1.647255460617141035e-25
-1.644687122333066585e-25
-1.642121397137024496e-25
-1.639558109388350582e-25
-1.636997319113666163e-25
-1.634438853296710457e-25
-1.631882764555304603e-25
-1.629328836568614649e-25
-1.626777077898938464e-25
-1.624227266893289519e-25
-1.621679415187171455e-25
-1.619133304836656879e-25
-1.616588950721048823e-25
-1.614046138730937567e-25
-1.611504887170640385e-25
-1.608964985783571720e-25
-1.606426456152366443e-25
-1.603889092230675201e-25
-1.601352918932125007e-25
-1.598817734476682518e-25
-1.596283567186127074e-25
-1.593750219600610204e-25
-1.591217723487355905e-25
-1.588685885806629079e-25
-1.586154741840248439e-25
-1.583624103036053470e-25
-1.581093990150577887e-25
-1.578564129660559325e-25
-1.576034457088204098e-25
-1.573504687348598242e-25
-1.570974761392335522e-25
-1.568444400704075417e-25
-1.565913551626120046e-25
-1.563381942180806254e-25
-1.560849524197933304e-25
-1.558316032201494996e-25
-1.555781423478756379e-25
-1.553245439089195589e-25
-1.550708041762238845e-25
-1.548168979035452809e-25
-1.545628219114732777e-25
-1.543085515977467002e-25
-1.540540843290251242e-25
-1.537993961429881757e-25
-1.535444849441486334e-25
-1.532893274140595954e-25
-1.530339229214890900e-25
-1.527782534124837722e-25
-1.525223233705507823e-25
-1.522661162082271175e-25
-1.520096368251428751e-25
-1.517528691551411056e-25
-1.514958185150482825e-25
-1.512384693517974014e-25
-1.509808273916777298e-25
-1.507228775861304339e-25
-1.504646260593247773e-25
-1.502060582611263625e-25
-1.499471807078608938e-25
-1.496879793350625283e-25
-1.494284610424072825e-25
-1.491686122438654326e-25
-1.489084402061823430e-25
-1.486479318195280538e-25
-1.483870947009152158e-25
-1.481259162064228688e-25
-1.478644036849083083e-25
-1.476025419113246443e-25
-1.473403355548256208e-25
-1.470777692893678706e-25
-1.468148481689887811e-25
-1.465515573672554538e-25
-1.462879023043362950e-25
-1.460238686353498148e-25
-1.457594621370433528e-25
-1.454946689362115503e-25
-1.452294951492870355e-25
-1.449639273601308620e-25
-1.446979720080733723e-25
-1.444316161204312313e-25
-1.441648664468910726e-25
-1.438977104362921238e-25
-1.436301551379114579e-25
-1.433621884117466551e-25
-1.430938175846196806e-25
-1.428250309091593220e-25
-1.425558364044793993e-25
-1.422862248137525732e-25
-1.420162064999094491e-25
-1.417457729466231042e-25
-1.414749346968746596e-25
-1.412036835293843917e-25
-1.409320301572774818e-25
-1.406599666394184792e-25
-1.403875038382736579e-25
-1.401146340787592932e-25
-1.398413683572528046e-25
-1.395676992480582288e-25
-1.392936378663971634e-25
-1.390191770192274182e-25
-1.387443279268391455e-25
-1.384690836092130117e-25
-1.381934553762132165e-25
-1.379174364485615938e-25
-1.376410382101586738e-25
-1.373642540670818903e-25
-1.370870956799553578e-25
-1.368095577189957163e-25
-1.365316529719261910e-25
-1.362533764604401588e-25
-1.359747409739282331e-25
-1.356957416484309681e-25
-1.354163912626419784e-25
-1.351366850508429093e-25
-1.348566357693670852e-25
-1.345762387381980923e-25
-1.342955066750029296e-25
-1.340144349735661625e-25
-1.337330363022524448e-25
-1.334513061123326762e-25
-1.331692570101691884e-25
-1.328868844979672124e-25
-1.326042011052494705e-25
-1.323212023715629528e-25
-1.320379007423617351e-25
-1.317542917786853438e-25
-1.314703891528214852e-25
-1.311861950125932362e-25
-1.309017294271944572e-25
-1.306169957110396296e-25
-1.303320136661655334e-25
-1.300467864402973495e-25
-1.297613335585906378e-25
-1.294756579955788896e-25
-1.291897789960430226e-25
-1.289036993499815474e-25
-1.286174380130406892e-25
-1.283309975907862138e-25
-1.280443967450043275e-25
-1.277576378869284833e-25
-1.274707393815561885e-25
-1.271837034406112653e-25
-1.268965481282323729e-25
-1.266092754532517231e-25
-1.263219031739163580e-25
-1.260344330943096434e-25
-1.257468823564347311e-25
-1.254592510348068509e-25
-1.251715544514163938e-25
-1.248837922043565379e-25
-1.245959793375759063e-25
-1.243081152758316907e-25
-1.240202147849070207e-25
-1.237322771143306935e-25
-1.234443167555373731e-25
-1.231563327864190795e-25
-1.228683394154492419e-25
-1.225803355462057082e-25
-1.222923351113773410e-25
-1.220043368389046506e-25
-1.217163543820176869e-25
-1.214283863014525314e-25
-1.211404459713420005e-25
-1.208525317859828287e-25
-1.205646568396133060e-25
-1.202768193635362351e-25
-1.199890336905894085e-25
-1.197013054112397597e-25
-1.194136560264604976e-25
-1.191260923020440900e-25
-1.188386352948510290e-25
-1.185512914313634117e-25
-1.182640813298945426e-25
-1.179770110810831912e-25
-1.176901008738242669e-25
-1.174033564705087189e-25
-1.171167976364135523e-25
-1.168304298135216164e-25
-1.165442723519404416e-25
-1.162583303802122216e-25
-1.159726228416631746e-25
-1.156871545571249145e-25
-1.154019440715055761e-25
-1.151169959050914748e-25
-1.148323282177095175e-25
-1.145479452354389773e-25
-1.142638642599400952e-25
-1.139800868764035766e-25
-1.136966276677578158e-25
-1.134134875261910635e-25
-1.131306807293368441e-25
-1.128482079631213659e-25
-1.125660832062585265e-25
-1.122843069455650080e-25
-1.120028928676233084e-25
-1.117218412694095629e-25
-1.114411655536219960e-25
-1.111608658347834434e-25
-1.108809552412759440e-25
-1.106014337099599769e-25
-1.103223141054443400e-25
-1.100435961948189244e-25
-1.097652925876290342e-25
-1.094874028880966041e-25
-1.092099394581488923e-25
-1.089329017503571006e-25
-1.086563026648066990e-25
-1.083801453878016057e-25
-1.081044464223521210e-25
-1.078292095051857629e-25
-1.075544508231652559e-25
-1.072801738920024738e-25
-1.070063945919194449e-25
-1.067331162218359592e-25
-1.064603543627498230e-25
-1.061881121101298682e-25
-1.059164047560668461e-25
-1.056452351967561131e-25
-1.053746184435051558e-25
-1.051045572002205184e-25
-1.048350662060458276e-25
-1.045661479830728142e-25
-1.042978170062547929e-25
-1.040300756197340832e-25
-1.037629380429335915e-25
-1.034964064487692040e-25
-1.032304947118432812e-25
-1.029652043786867922e-25
-1.027005486230282501e-25
-1.024365287510991900e-25
-1.021731577100599114e-25
-1.019104366640651476e-25
-1.016483783433012798e-25
-1.013869837781865323e-25
-1.011262654782540710e-25
-1.008662243401155753e-25
-1.006068726660260319e-25
-1.003482112252941931e-25
-1.000902521157524223e-25
-9.983299598270418506e-26
-9.957645472272445829e-26
-9.932062886195871632e-26
-9.906553009853134080e-26
-9.881115884162561304e-26
-9.855752659809243562e-26
-9.830463366122139137e-26
-9.805249085964284983e-26
-9.780109593691010088e-26
-9.755045711745316996e-26
-9.730057159946759986e-26
-9.705144747670770388e-26
-9.680308189214738817e-26
-9.655548281059494102e-26
-9.630864732605001709e-26
-9.606258328004923427e-26
-9.581728772137013005e-26
-9.557276836631572429e-26
-9.532902221182680206e-26
-9.508605684709539211e-26
-9.484386921731942889e-26
-9.460246678709014708e-26
-9.436184644995107955e-26
-9.412201554463330380e-26
-9.388297091346102178e-26
-9.364471977099674069e-26
-9.340725890439510805e-26
-9.317059548018454544e-26
-9.293472662070393633e-26
-9.269965974762009939e-26
-9.246539199663414347e-26
-9.223193065575884668e-26
-9.199927279416400213e-26
-9.176742556288407454e-26
-9.153638596476231150e-26
-9.130616101559590466e-26
-9.107674765098019349e-26
-9.084815274902614238e-26
-9.062037317699002773e-26
-9.039341567471710466e-26
-9.016727703943305707e-26
-8.994196387256461655e-26
-8.971747290107790562e-26
-8.949381058843827794e-26
-8.927097359275169543e-26
-8.904896824011024839e-26
-8.882779112128167038e-26
-8.860744843000913127e-26
-8.838793669036383684e-26
-8.816926196576024523e-26
-8.795142071202673130e-26
-8.773441885757292724e-26
-8.751825279255190232e-26
-8.730292831383333569e-26
-8.708844175577929140e-26
-8.687479879787887604e-26
-8.666199570275675250e-26
-8.645003802051662692e-26
-8.623892195627565971e-26
-8.602865298093495171e-26
-8.581922734290097618e-26
-8.561065047753367043e-26
-8.540291850617892285e-26
-8.519603640411829522e-26
-8.498999980005826760e-26
-8.478481361527250897e-26
