0.000000000000000000e+00
0.000000000000000000e+00
1.085173178441481631e-12
2.161515662810711417e-13
7.515178056921187124e-14
3.355474355111254549e-14
1.739968654493719007e-14
9.946346187245527563e-15
6.093343937115843088e-15
3.950258385193010513e-15
2.674760876792045400e-15
1.870221093514873546e-15
1.348727187382300218e-15
9.995936583667718357e-16
7.578605074941671230e-16
5.854335271426717319e-16
4.593242983767651081e-16
3.651513784041803155e-16
2.935934993469814998e-16
2.384133729455632302e-16
1.953203686326391607e-16
1.612924884308187667e-16
1.341904687829447362e-16
1.125123012965619557e-16
9.507029421852106361e-17
8.092939888264624671e-17
6.936937911923562277e-17
5.983978182967930440e-17
5.192003765942731647e-17
4.528753998308934677e-17
3.969324150497197897e-17
3.494339085238848436e-17
3.088598675156238861e-17
2.740075220832292572e-17
2.439169845148437731e-17
2.178158376091700095e-17
1.950775840181120704e-17
1.751902619814482818e-17
1.577325542490139866e-17
1.423554534575429798e-17
1.287680770046729702e-17
1.167266033514739437e-17
1.060270306688135770e-17
9.650067610787989585e-18
8.800209899258410354e-18
8.040477078289226489e-18
7.359884385728762677e-18
6.748903194931029136e-18
6.199267554109793242e-18
5.703801881550972209e-18
5.256269904393247932e-18
4.851243606509844296e-18
4.483990268611220864e-18
4.150375526363782589e-18
3.846780401458698639e-18
3.570030462710461820e-18
3.317335323125835695e-18
3.086236976488875705e-18
2.874565616350714994e-18
2.680401806155187874e-18
2.502044057119144729e-18
2.337981002525923984e-18
2.186868746686111022e-18
2.047512885722536540e-18
1.918845299906662717e-18
1.799908151551593237e-18
1.689841302100108696e-18
1.587871266689378024e-18
1.493301510970893932e-18
1.405503918476673445e-18
1.323911290962287785e-18
1.248010741553531833e-18
1.177337872563631102e-18
1.111471638307769355e-18
1.050029805668621701e-18
9.926649370254408450e-19
9.390608304028562388e-19
8.889293616506005669e-19
8.420076803467608148e-19
7.980557138668082015e-19
7.568539471901398551e-19
7.182014402912623350e-19
6.819138146473166561e-19
6.478211152658599339e-19
6.157673802393400428e-19
5.856095446666398664e-19
5.572162051277405754e-19
5.304665195818961492e-19
5.052492278158868038e-19
4.814617759716704626e-19
4.590095330348474309e-19
4.378050886508732708e-19
4.177676216856165707e-19
3.988223319137103347e-19
3.808999276789680801e-19
3.639361633829648198e-19
3.478714209171028782e-19
3.326503303730599050e-19
3.182214261190022255e-19
3.045368344523269334e-19
2.915519894709976039e-19
2.792253741901131985e-19
2.675182304941363311e-19
2.563942156134068230e-19
2.458194127090358258e-19
2.357621952914667816e-19
2.261930476640779075e-19
2.170844012117737076e-19
2.084104862204709413e-19
2.001471960846632702e-19
1.922719637732756326e-19
1.847636487247756465e-19
1.776024331327742937e-19
1.707697272776431905e-19
1.642480824727988737e-19
1.580211112494095323e-19
1.520734134086906558e-19
1.463905087487843875e-19
1.409587745398146451e-19
1.357653872706980961e-19
1.307982699826712646e-19
1.260460433605850408e-19
1.214979758277474966e-19
1.171439336080842708e-19
1.129743543815620074e-19
1.089802137663158474e-19
1.051529912261532621e-19
1.014846378769105663e-19
9.796754727596445267e-20
9.459452763085337649e-20
9.135877635248101310e-20
8.825385623857155325e-20
8.527367322180868478e-20
8.241245582388027518e-20
7.966473591340261553e-20
7.702533065062921381e-20
7.448932590888593325e-20
7.205206051024104261e-20
6.970911159600082589e-20
6.745628085792225466e-20
6.528958181553577263e-20
6.320522781379447958e-20
6.119962708589012623e-20
5.926938812843025359e-20
5.741128684492565903e-20
5.562225168207311174e-20
5.389935571539478159e-20
5.223980950288081190e-20
5.064095401742466564e-20
4.910025422198253287e-20
4.761529279935066737e-20
4.618376416098389986e-20
4.480346895158792834e-20
4.347230877665609714e-20
4.218828106958545704e-20
4.094947433448794585e-20
3.975406371567239552e-20
3.860030664951920051e-20
3.748653885593095760e-20
3.641117049337023505e-20
3.537268249766280016e-20
3.436962315797745836e-20
3.340060929264923855e-20
3.246433493629796460e-20
3.155955225855267553e-20
3.068506441458463405e-20
2.983972349907952050e-20
2.902242852049767970e-20
2.823212351662279737e-20
2.746779561131882663e-20
2.672847328425595570e-20
2.601322460013120255e-20
2.532115554820016794e-20
2.465140845835337843e-20
2.400316047076597597e-20
2.337562201273389765e-20
2.276803543853993806e-20
2.217967363982879860e-20
2.160983876194761196e-20
2.105786092960229799e-20
2.052309710057270297e-20
2.000492989175180966e-20
1.950276902869298282e-20
1.901605703070093930e-20
1.854425925272817968e-20
1.808686044357136200e-20
1.764336408493031737e-20
1.721329176444500785e-20
1.679618253896510938e-20
1.639159232285035872e-20
1.599909329184726487e-20
1.561827329543076121e-20
1.524873529398379066e-20
1.489009680546352823e-20
1.454198937318358971e-20
1.420405804551161397e-20
1.387596087565484209e-20
1.355736843568356708e-20
1.324796334716660349e-20
1.294743982738162911e-20
1.265550325278274222e-20
1.237186973614296249e-20
1.209626669244145905e-20
1.182843507435056358e-20
1.156812559104137180e-20
1.131509738093746097e-20
1.106911774492324906e-20
1.082996188209856580e-20
1.059741263473866770e-20
1.037126023430362315e-20
1.015130205857343975e-20
9.937342389422043601e-21
9.729192181757088727e-21
9.526668836203833049e-21
9.329595978787506675e-21
9.137803247518131897e-21
8.951126079259157538e-21
8.769405516452370847e-21
8.592488007950744202e-21
8.420225220069017258e-21
8.252473855317010744e-21
8.089095470496291020e-21
7.929956589199946245e-21
7.774929291833304029e-21
7.623890098210744989e-21
7.476719534834052423e-21
7.333302003598349474e-21
7.193525652025366449e-21
7.057282259158972299e-21
6.924467110437358682e-21
6.794978881106082347e-21
6.668719528964049685e-21
6.545594181620831894e-21
6.425511033025215812e-21
6.308381237547841771e-21
6.194118810606879241e-21
6.082640536224612764e-21
5.973865873454694169e-21
5.867716863099129880e-21
5.764118042452502857e-21
5.662996360017830702e-21
5.564281095687576492e-21
5.467903610230380880e-21
5.373796799574713738e-21
5.281895601709284120e-21
5.192137099717759989e-21
5.104460438327396181e-21
5.018806751380770398e-21
4.935119088194095470e-21
4.853342340102523616e-21
4.773423180778526544e-21
4.695309994940798442e-21
4.618952821974861893e-21
4.544303292965192336e-21
4.471314577212874015e-21
4.399941321184339198e-21
4.330139603530461825e-21
4.261866877031746567e-21
4.195081925946224604e-21
4.129744816058247963e-21
4.065816850211003732e-21
4.003260524664137299e-21
3.942039248013555284e-21
3.882116625316197949e-21
3.823457239998048433e-21
3.766026858993512803e-21
3.709792387562127797e-21
3.654721820001327035e-21
3.600784200903502883e-21
3.547949578036084818e-21
3.496188968402051887e-21
3.445474318023259447e-21
3.395778467215221103e-21
3.347075113909138376e-21
3.299338784885938712e-21
3.252544800258196833e-21
3.206669246527618393e-21
3.161688947481340972e-21
3.117581436129507900e-21
3.074324928963910789e-21
3.031898301095462858e-21
2.990281063434445216e-21
2.949453138346288678e-21
2.909394288263611423e-21
2.870084755643173479e-21
2.831505441740355412e-21
2.793637881252398904e-21
2.756464214679321048e-21
2.719967164094334019e-21
2.684130008089227200e-21
2.648936561277416631e-21
2.614371151455247213e-21
2.580418595315753552e-21
2.547064185582308543e-21
2.514293674782710611e-21
2.482093246881516449e-21
2.450449510397201109e-21
2.419349472652542348e-21
2.388780536927237783e-21
2.358730475466973602e-21
2.329187418678189835e-21
2.300139850093943230e-21
2.271576383683514084e-21
2.243485186895476397e-21
2.215854635881895885e-21
2.188673508853367117e-21
2.161930973301396321e-21
2.135616570661320337e-21
2.109720194617982472e-21
2.084232065822121185e-21
2.059142741312402676e-21
2.034443085628752748e-21
2.010124253394442740e-21
1.986177689932276144e-21
1.962595110403173118e-21
1.939368488153579996e-21
1.916490056823820532e-21
1.893952282545415236e-21
1.871747866946716608e-21
1.849869729144124659e-21
1.828311001197866491e-21
1.807065023063660708e-21
1.786125227608508545e-21
1.765484859874914394e-21
1.745137293442331568e-21
1.725076123671180931e-21
1.705295168826190539e-21
1.685788442372157264e-21
1.666550155165089515e-21
1.647574706522701142e-21
1.628856676381568980e-21
1.610390817207445428e-21
1.592172043740366859e-21
1.574195429005188475e-21
1.556456197974268759e-21
1.538949720902377012e-21
1.521671513640069419e-21
1.504617222345685181e-21
1.487782621445786699e-21
1.471163611001610435e-21
1.454756206276694099e-21
1.438556538447567371e-21
1.422560808122699215e-21
1.406765145130837737e-21
1.391165757359559422e-21
1.375758974561686232e-21
1.360541238331641583e-21
1.345509097134743654e-21
1.330659209653170497e-21
1.315988332475530933e-21
1.301493318824112063e-21
1.287171116660729606e-21
1.273018762766234559e-21
1.259033378852134179e-21
1.245212168452323865e-21
1.231552415605600423e-21
1.218051481920284155e-21
1.204706798885483345e-21
1.191515871855841051e-21
1.178476274746056463e-21
1.165585647633697765e-21
1.152841691899725605e-21
1.140242129197115732e-21
1.127784580330533124e-21
1.115466698982985407e-21
1.103286214754081852e-21
1.091240924511728838e-21
1.079328691241949451e-21
1.067547443356102026e-21
1.055895169944584165e-21
1.044369916726291170e-21
1.032969787042304483e-21
1.021692939686502009e-21
1.010537584743992139e-21
9.995019833842222291e-22
9.885844439532564000e-22
9.777833202803414486e-22
9.670970112795959471e-22
9.565239593261364553e-22
9.460626467958919732e-22
9.357115962020376464e-22
9.254693669319896501e-22
9.153345698806310629e-22
9.053058925092318607e-22
8.953820634654144913e-22
8.855618408628577332e-22
8.758440071773820386e-22
8.662273709965455452e-22
8.567107675950985896e-22
8.472930564592366872e-22
8.379731232092382462e-22
8.287498707205436542e-22
8.196222264135330897e-22
8.105891349216492740e-22
8.016495639045191851e-22
7.928025006052078622e-22
7.840469513445673801e-22
7.753819407078563540e-22
7.668065110885837143e-22
7.583197219288386177e-22
7.499206493089299770e-22
7.416083852371633069e-22
7.333820461947689915e-22
7.252407979723437972e-22
7.171838254138966631e-22
7.092103248966651570e-22
7.013195041336356215e-22
6.935105786754500975e-22
6.857827748956673265e-22
6.781353275912380761e-22
6.705674808936866699e-22
6.630784879141701871e-22
6.556676106408364579e-22
6.483341186788427025e-22
6.410772901234885662e-22
6.338964112418729716e-22
6.267907746243564649e-22
6.197596815956243560e-22
6.128024403781785100e-22
6.059183683862209094e-22
5.991067879057186857e-22
5.923670276040283198e-22
5.856984360973427292e-22
5.791004182626498095e-22
5.725723932349291704e-22
5.661137820005094812e-22
5.597240068331174387e-22
5.534024905613298124e-22
5.471486583142290110e-22
5.409619367581608069e-22
5.348417535927919146e-22
5.287875382980877504e-22
5.227987230259697539e-22
5.168747418658898399e-22
5.110150296847687833e-22
5.052190235176898258e-22
4.994861620873843265e-22
4.938158864651711405e-22
4.882076402322806171e-22
4.826608694520346920e-22
4.771750209744895960e-22
4.717495449378047023e-22
4.663839074372353015e-22
4.610776300245766713e-22
4.558302450586425584e-22
4.506412823198129223e-22
4.455102699679518054e-22
4.404367335902077256e-22
4.354201966065591338e-22
4.304601815419183192e-22
4.255562087534477499e-22
4.207077976778004866e-22
4.159144666453423277e-22
4.111757330274145449e-22
4.064911135747957108e-22
4.018601250353181861e-22
3.972822834744951089e-22
3.927571048881463441e-22
3.882841055006747675e-22
3.838628013918497719e-22
3.794927088023084683e-22
3.751733451345786046e-22
3.709042344942981388e-22
3.666849277807642904e-22
3.625149812134272342e-22
3.583939492406911825e-22
3.543213857508286381e-22
3.502968437927787622e-22
3.463198754972131174e-22
3.423900326368084364e-22
3.385068669313606162e-22
3.346699293877077764e-22
3.308787713960212110e-22
3.271329444491656579e-22
3.234320004320076418e-22
3.197754917218061250e-22
3.161629718193102211e-22
3.125939943458343274e-22
3.090681143874473402e-22
3.055848881985385590e-22
3.021438730960676751e-22
2.987446275361821298e-22
2.953867210947738119e-22
2.920697610123608317e-22
2.887933629843877482e-22
2.855571413209376975e-22
2.823607092833111259e-22
2.792036789433166246e-22
2.760856618163707926e-22
2.730062691568727895e-22
2.699651117669831906e-22
2.669618001742870741e-22
2.639959451409215014e-22
2.610671575558052546e-22
2.581750490818204638e-22
2.553192315084746861e-22
2.524993175241953340e-22
2.497149204862386458e-22
2.469656547813675110e-22
2.442511361443091588e-22
2.415709812877397698e-22
2.389248085213860831e-22
2.363122353973762514e-22
2.337328731209510603e-22
2.311863333580206192e-22
2.286722301050638509e-22
2.261901796911893679e-22
2.237398009454115160e-22
2.213207153730050427e-22
2.189325469395270533e-22
2.165749224225277889e-22
2.142474712380630827e-22
2.119498256647516234e-22
2.096816207356129479e-22
2.074424943650603745e-22
2.052320873244780155e-22
2.030500433186076445e-22
2.008960089771804695e-22
1.987696339248934185e-22
1.966705707677969617e-22
1.945984751763081936e-22
1.925530058468771393e-22
1.905338286909896135e-22
1.885406286881644731e-22
1.865730969008443382e-22
1.846309263132119823e-22
1.827138119066204648e-22
1.808214506753270989e-22
1.789535417129889601e-22
1.771097862389330677e-22
1.752898876427823363e-22
1.734935515213853757e-22
1.717204857846682060e-22
1.699704006000918909e-22
1.682430084929008818e-22
1.665380243355872980e-22
1.648551654079522924e-22
1.631941513981697570e-22
1.615547044720390674e-22
1.599365492223552957e-22
1.583394127788961256e-22
1.567630247385006277e-22
1.552071142201297340e-22
1.536714010283135743e-22
1.521556052626324888e-22
1.506594504202498616e-22
1.491826633829498976e-22
1.477249744077554611e-22
1.462861170838511218e-22
1.448658282810221400e-22
1.434638481609627227e-22
1.420799201113785152e-22
1.407137907554348254e-22
1.393652098727137267e-22
1.380339306230877801e-22
1.367197090707595503e-22
1.354223044965986600e-22
1.341414792302326716e-22
1.328769987391288708e-22
1.316286313925701177e-22
1.303961487164488423e-22
1.291793252514261133e-22
1.279779377979588475e-22
1.267917634073797295e-22
1.256205816043515302e-22
1.244641747754455960e-22
1.233223286099257350e-22
1.221948315787600453e-22
1.210814752575579195e-22
1.199820539284166597e-22
1.188963648952746391e-22
1.178242081988713889e-22
1.167653868168322777e-22
1.157197063853291046e-22
1.146869754954331574e-22
1.136670052166304817e-22
1.126596094903344840e-22
1.116646048584488871e-22
1.106818104542707204e-22
1.097110480316462241e-22
1.087521418576978908e-22
1.078049187413454148e-22
1.068692071127370632e-22
1.059448343067954308e-22
1.050316294097635156e-22
1.041294240233385947e-22
1.032380524288230517e-22
1.023573515102358786e-22
1.014871605620118507e-22
1.006273214785928612e-22
9.977767847897286013e-23
9.893807829245418553e-23
9.810836989011496582e-23
9.728840474960618446e-23
9.647803650829954938e-23
9.567712106097007431e-23
9.488551670848420643e-23
9.410308384440777797e-23
9.332968518400060475e-23
9.256518553475900148e-23
9.180945171175506817e-23
9.106235270236857593e-23
9.032375814822241173e-23
8.959353447097172243e-23
8.887154904012719890e-23
8.815767147827791196e-23
8.745177364663011057e-23
8.675372964074754766e-23
8.606341570458493339e-23
8.538071022680710970e-23
8.470549372827155186e-23
8.403764878717746089e-23
8.337706002855856024e-23
8.272361398378665924e-23
8.207719935322971788e-23
8.143770666187216871e-23
8.080502838703122605e-23
8.017905882159746346e-23
7.955969406942236199e-23
7.894683204183393330e-23
7.834037238925493372e-23
7.774021662388999715e-23
7.714626651196654680e-23
7.655841962948275334e-23
7.597657416566346118e-23
7.540063028695499137e-23
7.483049006580887432e-23
7.426605740768554314e-23
7.370723816242046860e-23
7.315393999057619962e-23
7.260607241475417281e-23
7.206354663162600701e-23
7.152627562303184888e-23
7.099417408513523267e-23
7.046715831133227603e-23
6.994514634933358961e-23
6.942805777384641540e-23
6.891581373272748548e-23
6.840833699872151246e-23
6.790555179627896871e-23
6.740738396131343282e-23
6.691376071777006517e-23
6.642461071971817978e-23
6.593986406053217260e-23
6.545945215323063998e-23
6.498330788853674622e-23
6.451136548109664371e-23
6.404356046248711528e-23
6.357982968296644953e-23
6.312011125446449296e-23
6.266434460221673305e-23
6.221247035919233951e-23
6.176443032269456021e-23
6.132016749594529141e-23
6.087962613942283053e-23
6.044275162070100687e-23
6.000949046802429972e-23
5.957979026989010502e-23
5.915359972923268894e-23
5.873086860964142968e-23
5.831154774374728786e-23
5.789558902483841670e-23
5.748294363748696343e-23
5.707355688384338499e-23
5.666737364555584401e-23
5.626434017373954962e-23
5.586440400323965543e-23
5.546751389434909766e-23
5.507361987762961873e-23
5.468267315441491613e-23
5.429462610085715245e-23
5.390943229396912756e-23
5.352704639309830161e-23
5.314742420716241527e-23
5.277052257920393095e-23
5.239629945269983955e-23
5.202471383728162386e-23
5.165572575530248104e-23
5.128929621099499571e-23
5.092538721472591426e-23
5.056396167773532768e-23
5.020498347400978651e-23
4.984841712445649131e-23
4.949422693683684066e-23
4.914237780474794305e-23
4.879283555815981071e-23
4.844556693777666405e-23
4.810053957826499593e-23
4.775772191369186308e-23
4.741708323297750382e-23
4.707859369180203203e-23
4.674222415774622275e-23
4.640794636250700450e-23
4.607573274812262672e-23
4.574555651656759513e-23
4.541739157964709574e-23
4.509121254216858832e-23
4.476699471854279005e-23
4.444471408390769007e-23
4.412434732213783119e-23
4.380587171424446312e-23
4.348926515467434175e-23
4.317450600988650930e-23
4.286157260078708042e-23
4.255044368894474470e-23
4.224109862196210761e-23
4.193351735235790903e-23
4.162768035942950394e-23
4.132356869950378251e-23
4.102116392858757283e-23
4.072044812363218690e-23
4.042140389371821403e-23
4.012401431405796652e-23
3.982826290904824246e-23
3.953413370277269570e-23
3.924161111649703574e-23
3.895068004749057307e-23
3.866132576815180617e-23
3.837353397682201546e-23
3.808729075328701275e-23
3.780258260854794826e-23
3.751939638668228474e-23
3.723771828879608453e-23
3.695753091867693274e-23
3.667881636851107122e-23
3.640155726594491171e-23
3.612573671752168179e-23
3.585133823728977966e-23
3.557834589465229238e-23
3.530674419112912026e-23
3.503651805805630520e-23
3.476765283532953694e-23
3.450013429421305168e-23
3.423394854364874150e-23
3.396908212601849519e-23
3.370552192381681168e-23
3.344325520734861099e-23
3.318226954355489486e-23
3.292255284444197373e-23
3.266409330054983838e-23
3.240687945137732536e-23
3.215090011906846635e-23
3.189614490158835713e-23
3.164260546112654438e-23
3.139027409607916387e-23
3.113914326931406503e-23
3.088920563553417994e-23
3.064045395963016612e-23
3.039288118681382596e-23
3.014648036251738268e-23
2.990124470137516221e-23
2.965716748853678695e-23
2.941424214830207520e-23
2.917246216776945625e-23
2.893182118397248670e-23
2.869231286948802241e-23
2.845393101872611432e-23
2.821666949365484238e-23
2.798052221286179980e-23
2.774548317518135323e-23
2.751154646683673485e-23
2.727870619172221294e-23
2.704695600980454536e-23
2.681628752498384642e-23
2.658669194309179916e-23
2.635816062536584118e-23
2.613068505852822551e-23
2.590425680555264371e-23
2.567886756460740949e-23
2.545450912018038126e-23
2.523117340026097602e-23
2.500885237811778327e-23
2.478753814622201054e-23
2.456722285321804637e-23
2.434789874362093610e-23
2.412955811271707164e-23
2.391219332975340079e-23
2.369579682571633842e-23
2.348036109995756973e-23
2.326587867784441830e-23
2.305234216391982660e-23
2.283974421474407833e-23
2.262807871898033927e-23
2.241734441425364452e-23
2.220754110254439168e-23
2.199866839432086860e-23
2.179072574965948576e-23
2.158371243016052744e-23
2.137762755362957459e-23
2.117247006078052236e-23
2.096823875451717477e-23
2.076493222702629328e-23
2.056254893985635381e-23
2.036108717890872329e-23
2.016054506650408562e-23
1.996092057054793571e-23
1.976221152844288816e-23
1.956441560454280536e-23
1.936753033959652017e-23
1.917155310900439471e-23
1.897648114699802461e-23
1.878231155487447991e-23
1.858904138775617537e-23
1.839666791002515811e-23
1.820518834532338599e-23
1.801459976046935143e-23
1.782489908841487784e-23
1.763608312489017049e-23
1.744814852814210450e-23
1.726109181614546734e-23
1.707490939932960021e-23
1.688959754468633849e-23
1.670515240814599429e-23
1.652157001062019682e-23
1.633884627974584205e-23
1.615697701581823788e-23
1.597595792244943677e-23
1.579578459366040557e-23
1.561645252365511708e-23
1.543795709467072271e-23
1.526029360619617784e-23
1.508345725306228197e-23
1.490744417768901156e-23
1.473225440998750508e-23
1.455788878825533459e-23
1.438434789556505185e-23
1.421163210004995196e-23
1.403974152931048448e-23
1.386867611824465134e-23
1.369843556647056109e-23
1.352901938542627470e-23
1.336042688208115079e-23
1.319265717932698889e-23
1.302570921657102816e-23
1.285958175323938631e-23
1.269427337748374061e-23
1.252978250968486080e-23
1.236610741068919376e-23
1.220324618531140755e-23
1.204119678277851088e-23
1.187995702255338772e-23
1.171952456488442764e-23
1.155989772182113032e-23
1.140107768815244024e-23
1.124306620272106721e-23
1.108586477073927255e-23
1.092947468333917832e-23
1.077389700654926193e-23
1.061913262024656112e-23
1.046518219361987506e-23
1.031204621665109735e-23
1.015972498906037488e-23
1.000821863815300528e-23
9.857527114470729364e-24
9.707650214964057312e-24
9.558587566630014714e-24
9.410338655122133711e-24
9.262902825716126014e-24
9.116279287554695856e-24
8.970467098567541739e-24
8.825465219505672596e-24
8.681272470849787643e-24
8.537888259210068221e-24
8.395314630266194411e-24
8.253554132558116570e-24
8.112609117567953035e-24
7.972481755650345402e-24
7.833174038586399264e-24
7.694687785210649306e-24
7.557024644231070251e-24
7.420186113447267797e-24
7.284173537295724619e-24
7.148988116246828579e-24
7.014630904867099674e-24
6.881102829453696209e-24
6.748404681738984269e-24
6.616537143772962068e-24
6.485500769426632988e-24
6.355296004732423344e-24
6.225923193446555531e-24
6.097382572961105519e-24
5.969674284038994508e-24
5.842798791535021414e-24
5.716758095588719350e-24
5.591554473048902173e-24
5.467190072539861278e-24
5.343666918092966502e-24
5.220986912103592772e-24
5.099151845160186569e-24
4.978163395617429237e-24
4.858023141797138798e-24
4.738732555625810541e-24
4.620293020075785959e-24
4.502705822813538090e-24
4.385972164545108353e-24
4.270093161339804676e-24
4.155069854687097869e-24
4.040903205831085619e-24
3.927594105600348739e-24
3.815143373952181887e-24
3.703551768948412021e-24
3.592819983882050134e-24
3.482948967729169896e-24
3.373940847685613982e-24
3.265797976938753283e-24
3.158522619565241171e-24
3.052116953015395097e-24
2.946583077611840039e-24
2.841923014647243095e-24
2.738138710042196232e-24
2.635232037932449991e-24
2.533204800767128242e-24
2.432058737311547723e-24
2.331795519425136233e-24
2.232416759473410869e-24
2.133924008672845987e-24
2.036318762429444339e-24
1.939602458860354203e-24
1.843776481507460616e-24
1.748842162734839926e-24
1.654800784715223997e-24
1.561653581335935361e-24
1.469401560160439918e-24
1.378044974233907639e-24
1.287583872585429682e-24
1.198018280483379715e-24
1.109348202117464438e-24
1.021573619357662728e-24
9.346944946405522842e-25
8.487107686609401287e-25
7.636223635239503386e-25
6.794291820398536184e-25
5.961311074880618302e-25
5.137280049583872515e-25
4.322197214665074360e-25
3.516060848205681631e-25
2.718869055482329022e-25
1.930619756710816612e-25
1.151310691577240868e-25
3.809394186225911575e-26
-3.804966847019721755e-26
-1.133000425701586222e-25
-1.876577996057038609e-25
-2.611248449228630622e-25
-3.337033903292147453e-25
-4.053956318114960033e-25
-4.762037511429821796e-25
-5.461299160592504572e-25
-6.151762818033904166e-25
-6.833449911853268281e-25
-7.506381767887041334e-25
-8.170579610071969152e-25
-8.826064576931300710e-25
-9.472857717666514620e-25
-1.011098003181996973e-24
-1.074045244355400047e-24
-1.136129584357466943e-24
-1.197353107745694663e-24
-1.257717897313213145e-24
-1.317226034764361892e-24
-1.375879600761840145e-24
-1.433680675999213242e-24
-1.490632138892309926e-24
-1.546740022047369318e-24
-1.602011078810329474e-24
-1.656451982261772659e-24
-1.710069327116785216e-24
-1.762869630991916580e-24
-1.814859339256002921e-24
-1.866044825382319167e-24
-1.916432392664937777e-24
-1.966028276374123997e-24
-2.014838646564776641e-24
-2.062869610312916291e-24
-2.110127213402507938e-24
-2.156617438673405059e-24
-2.202346213663231044e-24
-2.247319409010166329e-24
-2.291542841168873726e-24
-2.335022271673925948e-24
-2.377763412482162950e-24
-2.419771925199477090e-24
-2.461053868738307120e-24
-2.501617004592625745e-24
-2.541469451237731868e-24
-2.580619237662189743e-24
-2.619074303513033747e-24
-2.656842501318040087e-24
-2.693931601115344442e-24
-2.730349287976676103e-24
-2.766103169882536455e-24
-2.801200770043120136e-24
-2.835649539807978604e-24
-2.869456853921226450e-24
-2.902630017360991818e-24
-2.935176258395886246e-24
-2.967102737058485171e-24
-2.998416546457966464e-24
-3.029124707829740422e-24
-3.059234178211254493e-24
-3.088751852766535924e-24
-3.117684558144320645e-24
-3.146039977264059585e-24
-3.173829352426832700e-24
-3.201064692046932359e-24
-3.227757846259700903e-24
-3.253920518053202066e-24
-3.279564256589913941e-24
-3.304700466658333186e-24
-3.329340403496084674e-24
-3.353495182329561414e-24
-3.377175771042488974e-24
-3.400392999737857546e-24
-3.423157560889384393e-24
-3.445480009381593063e-24
-3.467370764272744877e-24
-3.488840112836288429e-24
-3.509898212261938761e-24
-3.530555089710608220e-24
-3.550820645785484048e-24
-3.570704654750444787e-24
-3.590216765632198638e-24
-3.609366966387134595e-24
-3.628166932901103578e-24
-3.646628638767471937e-24
-3.664763888570734005e-24
-3.682584323130583416e-24
-3.700101418440225713e-24
-3.717326490900815011e-24
-3.734270696249200386e-24
-3.750945036813965233e-24
-3.767360356354731565e-24
-3.783527349047766662e-24
-3.799456556802361062e-24
-3.815158373770362110e-24
-3.830643039085655956e-24
-3.845920652311554822e-24
-3.861001166280987268e-24
-3.875894393644921561e-24
-3.890610001862168500e-24
-3.905157521942723832e-24
-3.919546345527468535e-24
-3.933786248738319683e-24
-3.947888941700471408e-24
-3.961866474605688284e-24
-3.975730710199261159e-24
-3.989493325693859630e-24
-4.003165815324543221e-24
-4.016759499834141944e-24
-4.030285516964580376e-24
-4.043754831382953999e-24
-4.057178231597461073e-24
-4.070566342541298150e-24
-4.083929613043553621e-24
-4.097278330869958420e-24
-4.110622614447796644e-24
-4.123972421296113901e-24
-4.137337546441854019e-24
-4.150727630971261594e-24
-4.164152151157890492e-24
-4.177620438459534081e-24
-4.191141666574707058e-24
-4.204724562051409454e-24
-4.218376509815712339e-24
-4.232104480965082399e-24
-4.245915328723025163e-24
-4.259815803601038730e-24
-4.273812536751865212e-24
-4.287912058144298191e-24
-4.302120784078432808e-24
-4.316445028768219355e-24
-4.330890998260576625e-24
-4.345464800579412256e-24
-4.360172438623230021e-24
-4.375019821211669012e-24
-4.390012750206655297e-24
-4.405156942092672338e-24
-4.420458007181455577e-24
-4.435921469095187548e-24
-4.451552753371289440e-24
-4.467357202459594019e-24
-4.483340061538580264e-24
-4.499506744651563644e-24
-4.515863565573287147e-24
-4.532416994230906921e-24
-4.549173379225304194e-24
-4.566138968455008022e-24
-4.583319897178655641e-24
-4.600722201443482866e-24
-4.618351813722310773e-24
-4.636214568529899751e-24
-4.654316192842325973e-24
-4.672662324529256648e-24
-4.691258500277035675e-24
-4.710110166355718917e-24
-4.729222668637504984e-24
-4.748601268876257149e-24
-4.768251134773272020e-24
-4.788177350717855911e-24
-4.808384905144364412e-24
-4.828878712204685942e-24
-4.849663587887645689e-24
-4.870743531351863929e-24
-4.892119482657936940e-24
-4.913791628254157866e-24
-4.935760139339885427e-24
-4.958025192109865745e-24
-4.980586953903724043e-24
-5.003445595336680630e-24
-5.026601276317271152e-24
-5.050054166511855409e-24
-5.073804414499927712e-24
-5.097852179190940935e-24
-5.122197607719652465e-24
-5.146840849635063212e-24
-5.171782049206342759e-24
-5.197021353655949924e-24
-5.222558899852015492e-24
-5.248394831043133098e-24
-5.274529277588763185e-24
-5.300962379878137297e-24
-5.327694265570914654e-24
-5.354724582658247182e-24
-5.382051038203147549e-24
-5.409670896798240190e-24
-5.437581459293913532e-24
-5.465780080346593368e-24
-5.494264149716925285e-24
-5.523031106862657611e-24
-5.552078421932118072e-24
-5.581403613359688413e-24
-5.611004235287986922e-24
-5.640877885645312392e-24
-5.671022196825200844e-24
-5.701434840611046705e-24
-5.732113521694788413e-24
-5.763055989211224135e-24
-5.794260017418514519e-24
-5.825723426853985783e-24
-5.857444058340411384e-24
-5.889419797790676672e-24
-5.921648552924901141e-24
-5.954127908701476298e-24
-5.986853995594359951e-24
-6.019822647072674877e-24
-6.053029751699619607e-24
-6.086471264374532725e-24
-6.120143192622936218e-24
-6.154041610952756878e-24
-6.188162643855450338e-24
-6.222502476828502127e-24
-6.257057342513952002e-24
-6.291823535552721532e-24
-6.326797395044985753e-24
-6.361975316062264678e-24
-6.397353735361863802e-24
-6.432929146592950004e-24
-6.468698085987971455e-24
-6.504657140739347914e-24
-6.540802934317375106e-24
-6.577132142241398224e-24
-6.613641473535683255e-24
-6.650326826227357991e-24
-6.687180711433391088e-24
-6.724194893859394954e-24
-6.761361238880717873e-24
-6.798671731159902956e-24
-6.836118447106028060e-24
-6.873693577943833851e-24
-6.911389405349562430e-24
-6.949198321238954462e-24
-6.987112803186774806e-24
-7.025125430674466041e-24
-7.063228867817953162e-24
-7.101415880371689524e-24
-7.139679309991366719e-24
-7.178012099847162124e-24
-7.216407264356729794e-24
-7.254857907624438305e-24
-7.293357208235383021e-24
-7.331898426495080938e-24
-7.370474888662184396e-24
-7.409079814832223541e-24
-7.447705683710358271e-24
-7.486344878831584974e-24
-7.524989857350500799e-24
-7.563633166264094019e-24
-7.602267425706499931e-24
-7.640885349941618151e-24
-7.679479717938903564e-24
-7.718043398922268782e-24
-7.756569322564394848e-24
-7.795050509373267557e-24
-7.833480031918828365e-24
-7.871851050013129653e-24
-7.910156780184065927e-24
-7.948390518507316506e-24
-7.986545609564916326e-24
-8.024615478500174327e-24
-8.062593599702517170e-24
-8.100473525033314123e-24
-8.138248852141932935e-24
-8.175913035872013748e-24
-8.213458705348757215e-24
-8.250878363579968048e-24
-8.288164568968105026e-24
-8.325309969377426772e-24
-8.362307264529946570e-24
-8.399149240612384257e-24
-8.435828727625303550e-24
-8.472338648420445811e-24
-8.508671971211966090e-24
-8.544821740341696096e-24
-8.580781047045282938e-24
-8.616543065550781638e-24
-8.652101009407683767e-24
-8.687448172753322540e-24
-8.722577891126409470e-24
-8.757483573583720568e-24
-8.792158667948809918e-24
-8.826596698248483729e-24
-8.860791229791878313e-24
-8.894735943830291068e-24
-8.928424691553119692e-24
-8.961851435742451341e-24
-8.995010183555190876e-24
-9.027895000514176659e-24
-9.060499989701405983e-24
-9.092819320986943079e-24
-9.124847190007711859e-24
-9.156577867878144023e-24
-9.188005655002474297e-24
-9.219124921053156368e-24
-9.249930063540388161e-24
-9.280415542922792448e-24
-9.310575856419180643e-24
-9.340405568490700889e-24
-9.369899274053508726e-24
-9.399051634456595173e-24
-9.427857335097686349e-24
-9.456311137588332599e-24
-9.484407826632745728e-24
-9.512142401021477537e-24
-9.539510458557204213e-24
-9.566507801510925208e-24
-9.593130248963642649e-24
-9.619373674296198437e-24
-9.645233983355174907e-24
-9.670707130684042953e-24
-9.695789097924947677e-24
-9.720475915177925636e-24
-9.744763639275854651e-24
-9.768648397207819035e-24
-9.792126320861821362e-24
-9.815193612355317219e-24
-9.837846500231859679e-24
-9.860081267343606363e-24
-9.881894222779807574e-24
-9.903281735845900210e-24
-9.924240207252599662e-24
-9.944766093068048947e-24
-9.964855880481174969e-24
-9.984506703945452870e-24
-1.000371807485527548e-23
-1.002249013241670988e-23
-1.004082299581533237e-23
-1.005871681272302484e-23
-1.007617171748776544e-23
-1.009318787388196915e-23
-1.010976542777936856e-23
-1.012590456647695346e-23
-1.014160546644184743e-23
-1.015686832928218586e-23
-1.017169335250542443e-23
-1.018608076509552050e-23
-1.020003079318562548e-23
-1.021354369535705756e-23
-1.022661972250509610e-23
-1.023925915898448997e-23
-1.025146228774288020e-23
-1.026322943210768599e-23
-1.027456090338860718e-23
-1.028545728190680552e-23
-1.029592006221902106e-23
-1.030595098320273034e-23
-1.031555176978908188e-23
-1.032472416884493182e-23
-1.033346991967948933e-23
-1.034179078491490824e-23
-1.034968850853748110e-23
-1.035716486495961270e-23
-1.036422162246721790e-23
-1.037086056857662910e-23
-1.037708349182896440e-23
-1.038289219503563172e-23
-1.038828847677405673e-23
-1.039327416841051222e-23
-1.039785108628786394e-23
-1.040202107963026268e-23
-1.040578598392389791e-23
-1.040914766775254684e-23
-1.041210799885731592e-23
-1.041466951201523696e-23
-1.041683731078487433e-23
-1.041861713743929429e-23
-1.042001467570745554e-23
-1.042103561081770977e-23
-1.042168556527361135e-23
-1.042197015786936140e-23
-1.042189496325363673e-23
-1.042146555363097783e-23
-1.042068744054758077e-23
-1.041956613357113332e-23
-1.041810709463705492e-23
-1.041631577843819022e-23
-1.041419759296561042e-23
-1.041175793424114621e-23
-1.040900216351909649e-23
-1.040593562545743006e-23
-1.040256362458936247e-23
-1.039889146134392952e-23
-1.039492439094958804e-23
-1.039066794762774227e-23
-1.038612880727081372e-23
-1.038131390194204988e-23
-1.037623010515685256e-23
-1.037088426347086637e-23
-1.036528316615354246e-23
-1.035943356424888815e-23
-1.035334215225289690e-23
-1.034701559916986516e-23
-1.034046051825758194e-23
-1.033368349209756700e-23
-1.032669104244121489e-23
-1.031948967274426303e-23
-1.031208581472216969e-23
-1.030448587662808719e-23
-1.029669620756263172e-23
-1.028872313947781567e-23
-1.028057293436622119e-23
-1.027225183161041522e-23
-1.026376600742369531e-23
-1.025512186663598614e-23
-1.024632677680249985e-23
-1.023738832486425208e-23
-1.022831401851424092e-23
-1.021911131639358246e-23
-1.020978760436778964e-23
-1.020035023193250523e-23
-1.019080645912209379e-23
-1.018116352232011461e-23
-1.017142856387241561e-23
-1.016160869102828181e-23
-1.015171093585413688e-23
-1.014174228420028073e-23
-1.013170964839160189e-23
-1.012161990026453478e-23
-1.011147982846245052e-23
-1.010129618722675688e-23
-1.009107565463243632e-23
-1.008082486324907192e-23
-1.007055036567557491e-23
-1.006025882411058496e-23
-1.004995739929480558e-23
-1.003965334194216981e-23
-1.002935382157439449e-23
-1.001906595422207184e-23
-1.000879677651196470e-23
-9.998553271908388320e-24
-9.988342334984299061e-24
-9.978170819080528545e-24
-9.968045490534581513e-24
-9.957973063740554183e-24
-9.947960173247942691e-24
-9.938013397181366760e-24
-9.928139240611618125e-24
-9.918344159407844160e-24
-9.908634525787102776e-24
-9.899016659077164193e-24
-9.889496812564552643e-24
-9.880081171291442200e-24
-9.870775861271873386e-24
-9.861586732556626126e-24
-9.852518707569676297e-24
-9.843576463578388357e-24
-9.834764608281774710e-24
-9.826087720458379183e-24
-9.817550310851266097e-24
-9.809156856524230400e-24
-9.800911784459615109e-24
-9.792819477799868939e-24
-9.784884260094861114e-24
-9.777110416883970871e-24
-9.769502181606945721e-24
-9.762063750154602515e-24
-9.754799256598495501e-24
-9.747712809664829481e-24
-9.740808451966374688e-24
-9.734090190830417396e-24
-9.727561990604300098e-24
-9.721227764985874816e-24
-9.715091380476088707e-24
-9.709156445318263661e-24
-9.703425616879853604e-24
-9.697901303101279939e-24
-9.692585871092837825e-24
-9.687481676044201804e-24
-9.682591033344040494e-24
-9.677916236258711072e-24
-9.673459544457358189e-24
-9.669223191126545040e-24
-9.665209376312789679e-24
-9.661420280234935689e-24
-9.657858045047011198e-24
-9.654524794064395540e-24
-9.651422613152472874e-24
-9.648553570051879798e-24
-9.645919696297456790e-24
-9.643523005278926917e-24
-9.641365475531897510e-24
-9.639449068414920702e-24
-9.637775699767673697e-24
-9.636347079394564711e-24
-9.635164073449944224e-24
-9.634227349520208367e-24
-9.633537542606610528e-24
-9.633095292027767091e-24
-9.632901204508361935e-24
-9.632955891302828789e-24
-9.633259937290551210e-24
-9.633813921003105140e-24
-9.634618401006283216e-24
-9.635673934199353288e-24
-9.636981048119039119e-24
-9.638540268601041862e-24
-9.640352097894311549e-24
-9.642417036953985943e-24
-9.644735563247453293e-24
-9.647308147836132237e-24
-9.650135244066396247e-24
-9.653217298874141169e-24
-9.656554736693578234e-24
-9.660147355055415178e-24
-9.663992465080014250e-24
-9.668086779916897064e-24
-9.672427032950877068e-24
-9.677009982818874004e-24
-9.681832412805439452e-24
-9.686891130607018779e-24
-9.692182957260641357e-24
-9.697704748057043574e-24
-9.703453365975758693e-24
-9.709425706810907470e-24
-9.715618679031747305e-24
-9.722029217661315281e-24
-9.728654269645490784e-24
-9.735490807505239795e-24
-9.742535815162202781e-24
-9.749786306306133360e-24
-9.757239305419540977e-24
-9.764891860755285197e-24
-9.772741024861483409e-24
-9.780783804916632063e-24
-9.789016871737480347e-24
-9.797436842853924344e-24
-9.806040349651980696e-24
-9.814824048289565266e-24
-9.823784608247473504e-24
-9.832918727553024113e-24
-9.842223117112390025e-24
-9.851694509796609900e-24
-9.861329655710565734e-24
-9.871125320486638190e-24
-9.881078286267444860e-24
-9.891185360478050609e-24
-9.901443360244009723e-24
-9.911849127929962712e-24
-9.922399513633020990e-24
-9.933091386841096493e-24
-9.943921634421551510e-24
-9.954887156360607644e-24
-9.965984858207259314e-24
-9.977211177927849097e-24
-9.988560585104375825e-24
-1.000002709940646442e-23
-1.001160477740510385e-23
-1.002328771627568650e-23
-1.003507004875674929e-23
-1.004694595169134193e-23
-1.005890963079398514e-23
-1.007095533422325907e-23
-1.008307734865253270e-23
-1.009527000162914424e-23
-1.010752764668965103e-23
-1.011984468242200887e-23
-1.013221553158300156e-23
-1.014463465533809133e-23
-1.015709654302050026e-23
-1.016959573202010601e-23
-1.018212677583947536e-23
-1.019468427394047251e-23
-1.020726284685749199e-23
-1.021985727652399226e-23
-1.023246282980431582e-23
-1.024507491723506897e-23
-1.025768897796604357e-23
-1.027030047171698361e-23
-1.028290488456068680e-23
-1.029549772878498247e-23
-1.030807452985887074e-23
-1.032063085075594861e-23
-1.033316226569748672e-23
-1.034566438073954071e-23
-1.035813281711145320e-23
-1.037056322746646512e-23
-1.038295127246989287e-23
-1.039529264398325497e-23
-1.040758305195756002e-23
-1.041981823731404613e-23
-1.043199395213033025e-23
-1.044410597890234220e-23
-1.045615011600624694e-23
-1.046812192336732454e-23
-1.048001593427708866e-23
-1.049182645570134088e-23
-1.050354782082305672e-23
-1.051517440528635692e-23
-1.052670061015099741e-23
-1.053812089019808667e-23
-1.054942970661746814e-23
-1.056062157992190782e-23
-1.057169104763756724e-23
-1.058263268835822369e-23
-1.059344110293681844e-23
-1.060411094445827046e-23
-1.061463688175024509e-23
-1.062501362930895683e-23
-1.063523592849849047e-23
-1.064529856013353070e-23
-1.065519632506472689e-23
-1.066492407538826508e-23
-1.067447668841279404e-23
-1.068384944540412243e-23
-1.069303913258509984e-23
-1.070204294320675440e-23
-1.071085806243951188e-23
-1.071948171140689225e-23
-1.072791111420725963e-23
-1.073614352577645319e-23
-1.074417620316036411e-23
-1.075200644115397155e-23
-1.075963152981073363e-23
-1.076704879762378467e-23
-1.077425557978713367e-23
-1.078124923879939724e-23
-1.078802713648135932e-23
-1.079458667536903142e-23
-1.080092526295825445e-23
-1.080704034771034644e-23
-1.081292937084121761e-23
-1.081858982070199022e-23
-1.082401918495388005e-23
-1.082921508594208875e-23
-1.083417551984830164e-23
-1.083889861360009870e-23
-1.084338249566609040e-23
-1.084762533102640880e-23
-1.085162528659471993e-23
-1.085538057230113857e-23
-1.085888938749458617e-23
-1.086214997504928537e-23
-1.086516056700216938e-23
-1.086791943354733367e-23
-1.087042485852652627e-23
-1.087267515841364594e-23
-1.087466865706715127e-23
-1.087640371158010720e-23
-1.087787869215726892e-23
-1.087909200991070081e-23
-1.088004206915137435e-23
-1.088072732936386040e-23
-1.088114623556802648e-23
-1.088129764175950560e-23
-1.088118182524722168e-23
-1.088079947204057366e-23
-1.088015122715775330e-23
-1.087923777395890089e-23
-1.087805978531224370e-23
-1.087661796146084210e-23
-1.087491298502085279e-23
-1.087294558004551492e-23
-1.087071644596963364e-23
-1.086822632498295209e-23
-1.086547592771295206e-23
-1.086246601479553524e-23
-1.085919731526742708e-23
-1.085567060865372874e-23
-1.085188664921248280e-23
-1.084784623609236235e-23
-1.084355014249177136e-23
-1.083899918773937802e-23
-1.083419416475967013e-23
-1.082913607923627773e-23
-1.082382657620586423e-23
-1.081826750695299428e-23
-1.081246068851565487e-23
-1.080640797726125850e-23
-1.080011119596123353e-23
-1.079357220729560284e-23
-1.078679283326113961e-23
-1.077977494958702950e-23
-1.077252039702020621e-23
-1.076503105171510811e-23
-1.075730876726254188e-23
-1.074935543324299128e-23
-1.074117290413733849e-23
-1.073276307641880909e-23
-1.072412781162399468e-23
-1.071526901390366088e-23
-1.070618855794252841e-23
-1.069688835599793635e-23
-1.068737028961179295e-23
-1.067763672037196205e-23
-1.066769170654811243e-23
-1.065753976074510634e-23
-1.064718534531269095e-23
-1.063663294507628144e-23
-1.062588698324907312e-23
-1.061495191780613601e-23
-1.060383213901620345e-23
-1.059253206558350072e-23
-1.058105605521033815e-23
-1.056940849399055895e-23
-1.055759371327721069e-23
-1.054561606096749383e-23
-1.053347982928544340e-23
-1.052118933452765243e-23
-1.050874884256453650e-23
-1.049616263176832711e-23
-1.048343492340258840e-23
-1.047056997026947873e-23
-1.045757196154326800e-23
-1.044444506547771215e-23
-1.043119320552543107e-23
-1.041782027526751152e-23
-1.040433011751047572e-23
-1.039072660516514748e-23
-1.037701354708740208e-23
-1.036319477757577019e-23
-1.034927407779977918e-23
-1.033525524925104967e-23
-1.032114203365831427e-23
-1.030693819966235533e-23
-1.029264746740934132e-23
-1.027827357350973494e-23
-1.026382018580276272e-23
-1.024929100903888210e-23
-1.023468967714358320e-23
-1.022001986244749783e-23
-1.020528516561540206e-23
-1.019048922070064311e-23
-1.017563558899127261e-23
-1.016072815385714147e-23
-1.014577184197422669e-23
-1.013077188464238111e-23
-1.011573343139956743e-23
-1.010066165495294333e-23
-1.008556163899056074e-23
-1.007043848589109479e-23
-1.005529720820593019e-23
-1.004014284476990875e-23
-1.002498034317036283e-23
-1.000981467885407747e-23
-9.994650735390072223e-24
-9.979493419156055135e-24
-9.964347538539270320e-24
-9.949217937063936838e-24
-9.934109366526449931e-24
-9.919026596466065148e-24
-9.903974310850785068e-24
-9.888957217367339085e-24
-9.873979927553242936e-24
-9.859046873410135867e-24
-9.844161534561307542e-24
-9.829327208577207035e-24
-9.814547115071436174e-24
-9.799824506158455114e-24
-9.785162551336666782e-24
-9.770564463163333231e-24
-9.756033361481880688e-24
-9.741572403179457672e-24
-9.727184664416655377e-24
-9.712873252831774511e-24
-9.698641201092782382e-24
-9.684491568821085237e-24
-9.670427328772900665e-24
-9.656451498338350259e-24
-9.642567007696354316e-24
-9.628776822122491556e-24
-9.615083823916448486e-24
-9.601490927009696114e-24
-9.588000966806994700e-24
-9.574616726062905017e-24
-9.561340590822109153e-24
-9.548174903749887455e-24
-9.535121927622642259e-24
-9.522183962852006949e-24
-9.509363240724284633e-24
-9.496662025634205700e-24
-9.484082496173562043e-24
-9.471626875487372445e-24
-9.459297296435035609e-24
-9.447095930329166660e-24
-9.435024881344479317e-24
-9.423086285901962944e-24
-9.411282198225650145e-24
-9.399614715574384970e-24
-9.388085853860022352e-24
-9.376697671549084780e-24
-9.365452141674252656e-24
-9.354351279420788752e-24
-9.343397015996617376e-24
-9.332591156677674682e-24
-9.321934795048463350e-24
-9.311428900407607298e-24
-9.301074372655998456e-24
-9.290872160306625964e-24
-9.280823138035795248e-24
-9.270928223772803751e-24
-9.261188262314005751e-24
-9.251604141385352885e-24
-9.242176686880589054e-24
-9.232906767182546358e-24
-9.223795184837229371e-24
-9.214842779210245205e-24
-9.206050329366759355e-24
-9.197418651673135478e-24
-9.188948497296134911e-24
-9.180640654876010829e-24
-9.172495853363294067e-24
-9.164514858525226276e-24
-9.156698371211117274e-24
-9.149046912118993832e-24
-9.141560042745096996e-24
-9.134237153131159231e-24
-9.127077576150696569e-24
-9.120080700071655765e-24
-9.113245853582168482e-24
-9.106572412323215112e-24
-9.100059697129182137e-24
-9.093707082695426457e-24
-9.087513889992580225e-24
-9.081479489843351838e-24
-9.075603202624967735e-24
-9.069884398804515477e-24
-9.064322391574448687e-24
-9.058916537513978386e-24
-9.053666146976111921e-24
-9.048570575739400253e-24
-9.043629129831977791e-24
-9.038841159861979186e-24
-9.034205966349213461e-24
-9.029722576900542841e-24
-9.025388704718038178e-24
-9.021201801711078893e-24
-9.017159283261368545e-24
-9.013258624437357567e-24
-9.009497263749150414e-24
-9.005872698779793469e-24
-9.002382389258460119e-24
-8.999023853493538950e-24
-8.995794573643687630e-24
-8.992692089061538279e-24
-8.989713902695556347e-24
-8.986857575018771891e-24
-8.984120628920442655e-24
-8.981500645296728647e-24
-8.978995167254764495e-24
-8.976601795221804516e-24
-8.974318092591303380e-24
-8.972141678857858089e-24
-8.970070136195169137e-24
-8.968101164868911230e-24
-8.966232668349271626e-24
-8.964462666035829863e-24
-8.962789135902776240e-24
-8.961210111158717609e-24
-8.959723583154964105e-24
-8.958327598032019522e-24
-8.957020159900666486e-24
-8.955799329099277883e-24
-8.954663122925151234e-24
-8.953609614855197988e-24
-8.952636834884517317e-24
-8.951742869867710618e-24
-8.950925762401128014e-24
-8.950183612131598546e-24
-8.949514473566420106e-24
-8.948916460524310934e-24
-8.948387639496948357e-24
-8.947926137062099927e-24
-8.947530031245609540e-24
-8.947197107411612224e-24
-8.946923689790100215e-24
-8.946705823068383703e-24
-8.946539516117999910e-24
-8.946420853967638233e-24
-8.946345884214019094e-24
-8.946310732001053328e-24
-8.946311485429935993e-24
-8.946344310132576536e-24
-8.946405332752732827e-24
-8.946490758024240515e-24
-8.946596750230855147e-24
-8.946719553246884505e-24
-8.946855370319207968e-24
-8.947000483643732576e-24
-8.947151134239468295e-24
-8.947303643010716373e-24
-8.947454289042787763e-24
-8.947599429861509572e-24
-8.947735382331507080e-24
-8.947858731966367097e-24
-8.947966777683255631e-24
-8.948057081831338742e-24
-8.948127157125274088e-24
-8.948174589797629544e-24
-8.948196912458652896e-24
-8.948191732219144895e-24
-8.948156606136392928e-24
-8.948089168745417769e-24
-8.947986997430532746e-24
-8.947847746260800494e-24
-8.947669019224924931e-24
-8.947448493168445681e-24
-8.947183798262866200e-24
-8.946872633871980788e-24
-8.946512645231516026e-24
-8.946101561047340532e-24
-8.945637056035553588e-24
-8.945116876590977412e-24
-8.944538725933587606e-24
-8.943900333135289972e-24
-8.943199210045112538e-24
-8.942432902272858545e-24
-8.941598906944787558e-24
-8.940694796617651564e-24
-8.939718096002398352e-24
-8.938666404060220377e-24
-8.937537275732891355e-24
-8.936328339262302562e-24
-8.935037179913109540e-24
-8.933661451558111447e-24
-8.932198762509471608e-24
-8.930646799001267845e-24
-8.929003206398081489e-24
-8.927265703186650408e-24
-8.925431964080540692e-24
-8.923499728205483535e-24
-8.921466703184847558e-24
-8.919330660077815572e-24
-8.917089339397902991e-24
-8.914740679257221389e-24
-8.912283120845754249e-24
-8.909715301959273376e-24
-8.907035813497688340e-24
-8.904243315515234024e-24
-8.901336427792379072e-24
-8.898313833098712588e-24
-8.895174171370362655e-24
-8.891916149572147985e-24
-8.888538427470323508e-24
-8.885039730480024824e-24
-8.881418748303941981e-24
-8.877674224673234582e-24
-8.873804874086203086e-24
-8.869809469086557945e-24
-8.865686743968781128e-24
-8.861435489953902624e-24
-8.857054470907260780e-24
-8.852542511823600055e-24
-8.847898401626094081e-24
-8.843121172357765008e-24
-8.838210573322140457e-24
-8.833166599941508941e-24
-8.827989201360702275e-24
-8.822678383524232125e-24
-8.817234111478700502e-24
-8.811656401675403576e-24
-8.805945235461946698e-24
-8.800100639326133459e-24
-8.794122606125269329e-24
-8.788011172759794122e-24
-8.781766347955677177e-24
-8.775388185072614044e-24
-8.768876703440577824e-24
-8.762231967264439602e-24
-8.755454006868418330e-24
-8.748542906904213008e-24
-8.741498713592743464e-24
-8.734321517352406273e-24
-8.727011385539215817e-24
-8.719568493995829008e-24
-8.711993268520070198e-24
-8.704286251872471386e-24
-8.696447940162681237e-24
-8.688478881965854230e-24
-8.680379594186001852e-24
-8.672150630591649358e-24
-8.663792513811631763e-24
-8.655305812737332572e-24
-8.646691051022584078e-24
-8.637948802313892758e-24
-8.629079610746955904e-24
-8.620084059756863895e-24
-8.610962704376295062e-24
-8.601716131948291327e-24
-8.592344903271217666e-24
-8.582849624523721734e-24
-8.573230861929248320e-24
-8.563489226084120357e-24
-8.553625297454036926e-24
-8.543639955307207565e-24
-8.533535113396370603e-24
-8.523312969978192316e-24
-8.512975689409341150e-24
-8.502525464384984508e-24
-8.491964444621578811e-24
-8.481294802918140037e-24
-8.470518678624786697e-24
-8.459638239196190844e-24
-8.448655613852436834e-24
-8.437572964063380290e-24
-8.426392404080184181e-24
-8.415116084190624570e-24
-8.403746108543370630e-24
-8.392284611451732721e-24
-8.380733686374177251e-24
-8.369095461562832160e-24
-8.357372019205550469e-24
-8.345565471341637956e-24
-8.333677889091640411e-24
-8.321711391512877860e-24
-8.309668155564127813e-24
-8.297550404674314448e-24
-8.285360330451604971e-24
-8.273100133487209193e-24
-8.260771987103160201e-24
-8.248378082551165354e-24
-8.235920575122946454e-24
-8.223401646572616176e-24
-8.210823438419310799e-24
-8.198188108860791628e-24
-8.185497785125364819e-24
-8.172754610757749129e-24
-8.159960694257094816e-24
-8.147118164504626478e-24
-8.134229110779600437e-24
-8.121295646661184805e-24
-8.108319847467392355e-24
-8.095303811126778597e-24
-8.082249589385460491e-24
-8.069159380290127226e-24
-8.056035824633677156e-24
-8.042881698925024185e-24
-8.029699742146289054e-24
-8.016492701771470958e-24
-8.003263293568806324e-24
-7.990014235860131426e-24
-7.976748216045680294e-24
-7.963467928405965598e-24
-7.950176027772091795e-24
-7.936875174812466985e-24
-7.923568006572739814e-24
-7.910257153897533824e-24
-7.896945223399711520e-24
-7.883634819974719061e-24
-7.870328522388895238e-24
-7.857028906442715493e-24
-7.843738520180308137e-24
-7.830459910373289170e-24
-7.817195597134533554e-24
-7.803948007712614214e-24
-7.790719178736679086e-24
-7.777511056314444511e-24
-7.764325561321858059e-24
-7.751164616854889764e-24
-7.738030123833957142e-24
-7.724923976566371302e-24
-7.711848052096934122e-24
-7.698804219246158562e-24
-7.685794332025509301e-24
-7.672820240070244244e-24
-7.659883774529272570e-24
-7.646986754278246286e-24
-7.634130990757257270e-24
-7.621318281662752551e-24
-7.608550415259444480e-24
-7.595829165764172333e-24
-7.583156292163923640e-24
-7.570533545054850034e-24
-7.557962660979531863e-24
-7.545445387872591430e-24
-7.532983571494633913e-24
-7.520579068003786799e-24
-7.508233722529189985e-24
-7.495949366798851128e-24
-7.483727817364966549e-24
-7.471570878580187712e-24
-7.459480347116004039e-24
-7.447457997852133703e-24
-7.435505598883603033e-24
-7.423624902229533367e-24
-7.411817650067844074e-24
-7.400085569816014403e-24
-7.388430375243778524e-24
-7.376853766162822929e-24
-7.365357432052758925e-24
-7.353943045642795640e-24
-7.342612271850463555e-24
-7.331366757909211972e-24
-7.320208143987276907e-24
-7.309137858442027852e-24
-7.298156554474184585e-24
-7.287264681634384666e-24
-7.276462687203575613e-24
-7.265751008269733350e-24
-7.255130079583023859e-24
-7.244600324599000551e-24
-7.234162164152040756e-24
-7.223816009853671006e-24
-7.213562269543773677e-24
-7.203401341431818823e-24
-7.193333620673929921e-24
-7.183359491916135457e-24
-7.173479337414748554e-24
-7.163693528778022511e-24
-7.154002435202601682e-24
-7.144406415303397866e-24
-7.134905826186574392e-24
-7.125501013119348787e-24
-7.116192320476735426e-24
-7.106980082918539136e-24
-7.097864640017124615e-24
-7.088846321434482623e-24
-7.079925456449078318e-24
-7.071102361889722066e-24
-7.062377355018383616e-24
-7.053750740093783266e-24
-7.045222821489060999e-24
-7.036793891444146553e-24
-7.028464241542999736e-24
-7.020234152660058342e-24
-7.012103903960855865e-24
-7.004073764313925893e-24
-6.996144000563132014e-24
-6.988314870713786975e-24
-6.980586629362369825e-24
-6.972959522924349454e-24
-6.965433794106302894e-24
-6.958009678702988558e-24
-6.950687408167613124e-24
-6.943466978428919499e-24
-6.936347467181451952e-24
-6.929327723598295638e-24
-6.922406597571293202e-24
-6.915582940932205615e-24
-6.908855605616334331e-24
-6.902223446335583681e-24
-6.895685317073251335e-24
-6.889240075354837313e-24
-6.882886576422101497e-24
-6.876623680487477138e-24
-6.870450245520796713e-24
-6.864365133687223220e-24
-6.858367204895205602e-24
-6.852455324597746926e-24
-6.846628354470778258e-24
-6.840885162591070704e-24
-6.835224612534543585e-24
-6.829645575350515512e-24
-6.824146916784254180e-24
-6.818727492877327296e-24
-6.813386083523034189e-24
-6.808121459372526181e-24
-6.802932385918374041e-24
-6.797817637189387211e-24
-6.792775982701474527e-24
-6.787806200254957342e-24
-6.782907063343254441e-24
-6.778077353337499590e-24
-6.773315847238807288e-24
-6.768621330622797456e-24
-6.763992584192111979e-24
-6.759428398180512525e-24
-6.754927556475920634e-24
-6.750488853775937856e-24
-6.746111078205515443e-24
-6.741793028294185798e-24
-6.737533497196440833e-24
-6.733331287431996197e-24
-6.729185196598204048e-24
-6.725093922381233051e-24
-6.721055723573258184e-24
-6.717068761419198889e-24
-6.713131195806891361e-24
-6.709241198798900497e-24
-6.705396940698131988e-24
-6.701596604038613099e-24
-6.697838369566438313e-24
-6.694120430736285983e-24
-6.690440978800379756e-24
-6.686798218632665858e-24
-6.683190352171178762e-24
-6.679615595732554289e-24
-6.676072161995894789e-24
-6.672558278292794143e-24
-6.669072167657704676e-24
-6.665612068399042352e-24
-6.662176215171016746e-24
-6.658762858179457248e-24
-6.655370243830805954e-24
-6.651996634672298712e-24
-6.648640295110970936e-24
-6.645299505929987226e-24
-6.641972545207122222e-24
-6.638657704772413255e-24
-6.635353275217102934e-24
-6.632057560977188868e-24
-6.628768863975372111e-24
-6.625485501698016471e-24
-6.622205788300387498e-24
-6.618928053555483297e-24
-6.615650624516543061e-24
-6.612371844014654095e-24
-6.609090051605636282e-24
-6.605803603432048340e-24
-6.602510852416378375e-24
-6.599210168178844236e-24
-6.595899917018643908e-24
-6.592578481980386114e-24
-6.589244243407422209e-24
-6.585895605560588087e-24
-6.582530997790973592e-24
-6.579148873897403914e-24
-6.575747683148495219e-24
-6.572325894220906497e-24
-6.568881970498590813e-24
-6.565414395445694664e-24
-6.561921645714784739e-24
-6.558402219886185307e-24
-6.554854609531223894e-24
-6.551277328688295805e-24
-6.547668883620276635e-24
-6.544027804243208533e-24
-6.540352611776419426e-24
-6.536641852414221477e-24
-6.532894061801423412e-24
-6.529107802974108544e-24
-6.525281627119842186e-24
-6.521414113743683992e-24
-6.517503830138479868e-24
-6.513549420172609107e-24
-6.509549703818765613e-24
-6.505503578935757370e-24
-6.501409926761010242e-24
-6.497267660158116464e-24
-6.493075674683945024e-24
-6.488832899197343950e-24
-6.484538243952293324e-24
-6.480190652802835593e-24
-6.475789051303753223e-24
-6.471332398593269550e-24
-6.466819635807039766e-24
-6.462249737964855063e-24
-6.457621661276966758e-24
-6.452934397363556774e-24
-6.448186918125935587e-24
-6.443378231899883850e-24
-6.438507325806138618e-24
-6.433573225375844070e-24
-6.428574933036013035e-24
-6.423511601669592821e-24
-6.418382796619631208e-24
-6.413188233712522976e-24
-6.407927598723444439e-24
-6.402600619839104660e-24
-6.397206993736457741e-24
-6.391746460693001605e-24
-6.386218728227810333e-24
-6.380623549197789910e-24
-6.374960642336636073e-24
-6.369229772524795833e-24
-6.363430669898793511e-24
-6.357563112346129761e-24
-6.351626840568780126e-24
-6.345621645211416722e-24
-6.339547278648586569e-24
-6.333403543883030136e-24
-6.327190204573722827e-24
-6.320907076457509700e-24
-6.314553934818054609e-24
-6.308130633839415195e-24
-6.301637095219023240e-24
-6.295073319428586992e-24
-6.288439265080951640e-24
-6.281734943873241063e-24
-6.274960324679773240e-24
-6.268115429838277771e-24
-6.261200237891536447e-24
-6.254214781848960250e-24
-6.247159050591351222e-24
-6.240033087151124272e-24
-6.232836889970194699e-24
-6.225570513494373691e-24
-6.218233965026435330e-24
-6.210827309090957981e-24
-6.203350562163397897e-24
-6.195803799096635291e-24
-6.188187044961482169e-24
-6.180500385128405308e-24
-6.172743852999318397e-24
-6.164917687320387556e-24
-6.157022652978833815e-24
-6.149059716378859882e-24
-6.141029788462566739e-24
-6.132933837293520186e-24
-6.124772775367887183e-24
-6.116547572059380025e-24
-6.108259140895162379e-24
-6.099908452446076599e-24
-6.091496420472182641e-24
-6.083024016237120290e-24
-6.074492153415812854e-24
-6.065901804653250714e-24
-6.057253882824690411e-24
-6.048549360709219782e-24
-6.039789150172350866e-24
-6.030974224641590344e-24
-6.022105494977148386e-24
-6.013183933325067976e-24
-6.004210449404943318e-24
-5.995186047409032719e-24
-5.986111797918024934e-24
-5.976988866118384335e-24
-5.967818351355428560e-24
-5.958601415161383997e-24
-5.949339153199304314e-24
-5.940032722734342753e-24
-5.930683215143952574e-24
-5.921291783951234466e-24
-5.911859514874920619e-24
-5.902387557659314682e-24
-5.892876992413509806e-24
-5.883328964285961746e-24
-5.873744547187694181e-24
-5.864124881178638103e-24
-5.854471033553847724e-24
-5.844784139244946138e-24
-5.835065258286643678e-24
-5.825315519918629506e-24
-5.815535977176535451e-24
-5.805727793497596248e-24
-5.795892216081751583e-24
-5.786030602284535125e-24
-5.776144230234015735e-24
-5.766234448275432842e-24
-5.756302523737230182e-24
-5.746349795759977608e-24
-5.736377521263092868e-24
-5.726387029714504594e-24
-5.716379566480995479e-24
-5.706356451343207740e-24
-5.696318918026046223e-24
-5.686268276223668113e-24
-5.676205748417083857e-24
-5.666132632733000685e-24
-5.656050139257634571e-24
-5.645959555658319603e-24
-5.635862079638872871e-24
-5.625758987035717897e-24
-5.615651463566681912e-24
-5.605540791941686676e-24
-5.595428240061096537e-24
-5.585315172823674697e-24
-5.575202863088430629e-24
-5.565092661904513339e-24
-5.554985828580978059e-24
-5.544883700665347068e-24
-5.534787523012940327e-24
-5.524698619393468783e-24
-5.514618220007689790e-24
-5.504547635071394234e-24
-5.494488080034880767e-24
-5.484440850334329315e-24
-5.474407147080589223e-24
-5.464388251391946740e-24
-5.454385349237440318e-24
-5.444399706927393056e-24
-5.434432495432965186e-24
-5.424484965990781463e-24
-5.414558275047017193e-24
-5.404653617875855787e-24
-5.394771930410479389e-24
-5.384914188725777671e-24
-5.375081275110585394e-24
-5.365274151669819166e-24
-5.355493687872263625e-24
-5.345740831592240523e-24
-5.336016439299731357e-24
-5.326321445097891768e-24
-5.316656692022616756e-24
-5.307023100771189536e-24
-5.297421500830076169e-24
-5.287852799257340059e-24
-5.278317811770095088e-24
-5.268817431732757995e-24
-5.259352461669704992e-24
-5.249923780633517342e-24
-5.240532178031705141e-24
-5.231178519012779206e-24
-5.221863579996516711e-24
-5.212588201956260880e-24
-5.203353098083083574e-24
-5.194159045381985500e-24
-5.185006734818498102e-24
-5.175896929498859734e-24
-5.166830308246388780e-24
-5.157807620812965003e-24
-5.148829533736274599e-24
-5.139896782658557172e-24
-5.131010022400897830e-24
-5.122169974753019244e-24
-5.113377282919329801e-24
-5.104632654897261694e-24
-5.095936722696440328e-24
-5.087290181145712962e-24
-5.078693650240901473e-24
-5.070147811988764250e-24
-5.061653274436528723e-24
-5.053210706494520925e-24
-5.044820705070867738e-24
-5.036483817802735719e-24
-5.028200088137818422e-24
-5.019969511138719988e-24
-5.011792014813216806e-24
-5.003667586490838204e-24
-4.995596147165807323e-24
-4.987577676878200700e-24
-4.979612090091554122e-24
-4.971699359826376753e-24
-4.963839393609923724e-24
-4.956032157188452017e-24
-4.948277551917912562e-24
-4.940575536605641230e-24
-4.932926006254260920e-24
-4.925328912745999183e-24
-4.917784145015375777e-24
-4.910291648197274067e-24
-4.902851305792112077e-24
-4.895463056175264090e-24
-4.888126777192824875e-24
-4.880842389834087844e-24
-4.873609715958764542e-24
-4.866428619676505524e-24
-4.859298907620118142e-24
-4.852220438491312579e-24
-4.845193013886750719e-24
-4.838216487532765192e-24
-4.831290656702477660e-24
-4.824415369377050154e-24
-4.817590419146784943e-24
-4.810815648861111064e-24
-4.804090848039253689e-24
-4.797415854978181455e-24
-4.790790455146374818e-24
-4.784214482617386396e-24
-4.777687718862351696e-24
-4.771209994026061137e-24
-4.764781086367196817e-24
-4.758400822137852592e-24
-4.752068975985061474e-24
-4.745785282332250047e-24
-4.739549070106494181e-24
-4.733359629188567932e-24
-4.727216200681194792e-24
-4.721118074873692615e-24
-4.715064494111557193e-24
-4.709054749237697362e-24
-4.703088083643187631e-24
-4.697163789459463048e-24
-4.691281110977029095e-24
-4.685439341649848944e-24
-4.679637727146803934e-24
-4.673875562751407667e-24
-4.668152095635399990e-24
-4.662466622702064005e-24
-4.656818393274540339e-24
-4.651206706159845770e-24
-4.645630812977961213e-24
-4.640090014991492040e-24
-4.634583566363434424e-24
-4.629110737371554306e-24
-4.623670621059830008e-24
-4.618262326313021725e-24
-4.612884917912398086e-24
-4.607537508811266865e-24
-4.602219168385840189e-24
-4.596929014277071757e-24
-4.591666120375586281e-24
-4.586429609287197277e-24
-4.581218560510857821e-24
-4.576032101103074874e-24
-4.570869316716596724e-24
-4.565729339207012384e-24
-4.560611260790911578e-24
-4.555514218237798680e-24
-4.550437310370689339e-24
-4.545379679404873340e-24
-4.540340430961990725e-24
-4.535318713341727508e-24
-4.530313639093670867e-24
-4.525324344773771648e-24
-4.520349860844695358e-24
-4.515389241474662163e-24
-4.510441507622985901e-24
-4.505505720709989669e-24
-4.500580910079621734e-24
-4.495666145317617275e-24
-4.490760463985532264e-24
-4.485862944562412389e-24
-4.480972632923874312e-24
-4.476088616267196836e-24
-4.471209949212739339e-24
-4.466335728405106766e-24
-4.461465017089957028e-24
-4.456596921912685827e-24
-4.451730515030575048e-24
-4.446864913475142610e-24
-4.441999198027614172e-24
-4.437132496434032866e-24
-4.432263898791937974e-24
-4.427392539704715899e-24
-4.422517499126389581e-24
-4.417637902352761318e-24
-4.412752835671085536e-24
-4.407861435663271667e-24
-4.402962798976111078e-24
-4.398056073706016689e-24
-4.393140367194501670e-24
-4.388214839366075668e-24
-4.383278608075261337e-24
-4.378330845565965850e-24
-4.373370680852790576e-24
-4.368397298145187766e-24
-4.363409837908310237e-24
-4.358407496550770859e-24
-4.353389426113087156e-24
-4.348354835219104564e-24
-4.343302888112401663e-24
-4.338232805748068931e-24
-4.333143764542997181e-24
-4.328035031586278462e-24
-4.322905963072741550e-24
-4.317756005701646228e-24
-4.312584560418440847e-24
-4.307391085404971800e-24
-4.302174992747312456e-24
-4.296935752006710924e-24
-4.291672786951459183e-24
-4.286385578708007900e-24
-4.281073562397475047e-24
-4.275736231056686009e-24
-4.270373031316105496e-24
-4.264983467849105141e-24
-4.259566998921072986e-24
-4.254123140829216144e-24
-4.248651363630714239e-24
-4.243151195381238497e-24
-4.237622118069838646e-24
-4.232063671452554157e-24
-4.226475349196126978e-24
-4.220856717942636351e-24
-4.215207358961388001e-24
-4.209526925962101547e-24
-4.203815026464712688e-24
-4.198071325117511068e-24
-4.192295440460075526e-24
-4.186487048256650774e-24
-4.180645778129217694e-24
-4.174771316588345540e-24
-4.168863304222089587e-24
-4.162921438332902114e-24
-4.156945370273886358e-24
-4.150934807920424904e-24
-4.144889413168153012e-24
-4.138808904698570794e-24
-4.132692954786611982e-24
-4.126541292495454797e-24
-4.120353600822622075e-24
-4.114129619028386679e-24
-4.107869039979474423e-24
-4.101571674634677908e-24
-4.095237532699043797e-24
-4.088866739858374992e-24
-4.082459374701062635e-24
-4.076015569331664940e-24
-4.069535409390381290e-24
-4.063019033472123837e-24
-4.056466533798892016e-24
-4.049878055680558763e-24
-4.043253697497395156e-24
-4.036593610602375977e-24
-4.029897899314505679e-24
-4.023166720642833052e-24
-4.016400184845198782e-24
-4.009598454579715307e-24
-4.002761645347420356e-24
-3.995889925203676355e-24
-3.988983414723420441e-24
-3.982042286924540030e-24
-3.975066667163346223e-24
-3.968056766887335996e-24
-3.961012883433546425e-24
-3.953935399743803675e-24
-3.946824649601104724e-24
-3.939681018412246247e-24
-3.932504841850929276e-24
-3.925296507819924661e-24
-3.918056353298059096e-24
-3.910784768036519808e-24
-3.903482090344520531e-24
-3.896148711427834589e-24
-3.888784970435191739e-24
-3.881391260225562193e-24
-3.873967920434901219e-24
-3.866515344594344332e-24
-3.859033873046854489e-24
-3.851523899424228460e-24
-3.843985763690492434e-24
-3.836419859736772664e-24
-3.828826527365096789e-24
-3.821206188540895458e-24
-3.813559325962297394e-24
-3.805886502954124522e-24
-3.798188228960971543e-24
-3.790465064576759989e-24
-3.782717516700531706e-24
-3.774946142867848167e-24
-3.767151447115559860e-24
-3.759333983318975417e-24
-3.751494252568525391e-24
-3.743632804946371529e-24
-3.735750137937176439e-24
-3.727846797337635910e-24
-3.719923277408692029e-24
-3.711980118924328077e-24
-3.704017812312146899e-24
-3.696036893699628891e-24
-3.688037849000835648e-24
-3.680021209102310409e-24
-3.671987455383671762e-24
-3.663937153409974520e-24
-3.655870979074740822e-24
-3.647789690096361525e-24
-3.639693996012559475e-24
-3.631584646145936390e-24
-3.623462342550263559e-24
-3.615327825836913327e-24
-3.607181790930056728e-24
-3.599024969886018790e-24
-3.590858050285569175e-24
-3.582681755579408481e-24
-3.574496765285305561e-24
-3.566303793556115876e-24
-3.558103511880974517e-24
-3.549896625336089724e-24
-3.541683796906103609e-24
-3.533465722661997292e-24
-3.525243057053058770e-24
-3.517016486864414804e-24
-3.508786657700364517e-24
-3.500554247474851371e-24
-3.492319896542646675e-24
-3.484084276826191104e-24
-3.475848021035670165e-24
-3.467611790759382681e-24
-3.459376209905865027e-24
-3.451141929634420592e-24
-3.442909565236883757e-24
-3.434679757491434486e-24
-3.426453112714760204e-24
-3.418230261613746905e-24
-3.410011801241665639e-24
-3.401798352116191653e-24
-3.393590501919884169e-24
-3.385388861245577838e-24
-3.377194008168902262e-24
-3.369006543772946466e-24
-3.360827036263713158e-24
-3.352656076652318546e-24
-3.344494223718207980e-24
-3.336342057514284393e-24
-3.328200123378478984e-24
-3.320068987712605325e-24
-3.311949185521318216e-24
-3.303841273374374604e-24
-3.295745776871905106e-24
-3.287663242724377142e-24
-3.279594187182201629e-24
-3.271539147270519344e-24
-3.263498629234760543e-24
-3.255473161306116356e-24
-3.247463239742592388e-24
-3.239469384619666252e-24
-3.231492082029820118e-24
-3.223531843396899422e-24
-3.215589144880070053e-24
-3.207664489057686416e-24
-3.199758343253195768e-24
-3.191871200839324541e-24
-3.184003519978708478e-24
-3.176155764557053525e-24
-3.168328277562088684e-24
-3.160521409360556666e-24
-3.152735473720663686e-24
-3.144970813811554258e-24
-3.137227735608379453e-24
-3.129506575047600023e-24
-3.121807630665431771e-24
-3.114131231533084405e-24
-3.106477668850258549e-24
-3.098847264750080339e-24
-3.091240303294766617e-24
-3.083657099660389671e-24
-3.076097931182324984e-24
-3.068563106534938201e-24
-3.061052896339438580e-24
-3.053567602709752653e-24
-3.046107490136638681e-24
-3.038672853892588768e-24
-3.031263952334069622e-24
-3.023881056668348268e-24
-3.016524329733970019e-24
-3.009193947964945528e-24
-3.001890051394162939e-24
-2.994612811549628989e-24
-2.987362363281106213e-24
-2.980138873833634416e-24
-2.972942473462320632e-24
-2.965773324885819300e-24
-2.958631553979964841e-24
-2.951517319241357044e-24
-2.944430742516380429e-24
-2.937371978089111555e-24
-2.930341143859911711e-24
-2.923338390612355767e-24
-2.916363832124462772e-24
-2.909417615705528982e-24
-2.902499851660721956e-24
-2.895610683555446115e-24
-2.888750218392054622e-24
-2.881918560595915802e-24
-2.875115632171900593e-24
-2.868341353868007580e-24
-2.861595610485947604e-24
-2.854878321584125947e-24
-2.848189371267984635e-24
-2.841528678425410075e-24
-2.834896126201757447e-24
-2.828291632936352186e-24
-2.821715081133153837e-24
-2.815166388768814034e-24
-2.808645438255064136e-24
-2.802152147195787049e-24
-2.795686397885080943e-24
-2.789248107730212601e-24
-2.782837159146961490e-24
-2.776453470217032440e-24
-2.770096922892386807e-24
-2.763767435862270818e-24
-2.757464891381045793e-24
-2.751189183144423684e-24
-2.744940067586014322e-24
-2.738717312754066240e-24
-2.732520651803277339e-24
-2.726349854972169433e-24
-2.720204657559288283e-24
-2.714084832509392757e-24
-2.707990116840051720e-24
-2.701920286312817436e-24
-2.695875080459848735e-24
-2.689854277407580194e-24
-2.683857619708346237e-24
-2.677884888295665255e-24
-2.671935828055196736e-24
-2.666010223296713945e-24
-2.660107821844904652e-24
-2.654228411059141808e-24
-2.648371741726961757e-24
-2.642537604480693187e-24
-2.636725753391196405e-24
-2.630935971064772996e-24
-2.625167958603554934e-24
-2.619421445361434154e-24
-2.613696125443406627e-24
-2.607991732386924074e-24
-2.602307964304280175e-24
-2.596644559044640296e-24
-2.591001218921308116e-24
-2.585377686322888962e-24
-2.579773667753668808e-24
-2.574188910010123535e-24
-2.568623124151302016e-24
-2.563076061413534048e-24
-2.557547437529768124e-24
-2.552037008263583027e-24
-2.546544494029066074e-24
-2.541069655164520313e-24
-2.535612216931885271e-24
-2.530171944326162826e-24
-2.524748567509854621e-24
-2.519341827066109147e-24
-2.513951313404908529e-24
-2.508576627665476559e-24
-2.503217337759033321e-24
-2.497873051122659792e-24
-2.492543342393539838e-24
-2.487227825239008207e-24
-2.481926080982997319e-24
-2.476637729702131199e-24
-2.471362359390042477e-24
-2.466099596476859535e-24
-2.460849035711299084e-24
-2.455610309912607297e-24
-2.450383020523076124e-24
-2.445166806818318461e-24
-2.439961276919397612e-24
-2.434766076595316492e-24
-2.429580820607295508e-24
-2.424405161137476960e-24
-2.419238719728138985e-24
-2.414081158912338942e-24
-2.408932126522761464e-24
-2.403791311072388551e-24
-2.398658370837926026e-24
-2.393533000385344010e-24
-2.388414864370795473e-24
-2.383303663501618935e-24
-2.378199068775340620e-24
-2.373100786968843641e-24
-2.368008495336892567e-24
-2.362921906634218830e-24
-2.357840704358723087e-24
-2.352764607236687377e-24
-2.347693304880943155e-24
-2.342626521928491970e-24
-2.337563954039997018e-24
-2.332505331620667933e-24
-2.327450356429730684e-24
-2.322398764470869320e-24
-2.317350263521614235e-24
-2.312304601958827343e-24
-2.307261527501460329e-24
-2.302220827729035666e-24
-2.297182262625693545e-24
-2.292145624747971602e-24
-2.287110679418497784e-24
-2.282077223963959927e-24
-2.277045028862012129e-24
-2.272013896161226993e-24
-2.266983601439847254e-24
-2.261953951319167766e-24
-2.256924726351005536e-24
-2.251895737581165827e-24
-2.246866770419778287e-24
-2.241837640234656586e-24
-2.236808137067749130e-24
-2.231778080544549431e-24
-2.226747265293920035e-24
-2.221715514953761893e-24
-2.216682628549565234e-24
-2.211648439770901937e-24
-2.206612782189405430e-24
-2.201575523463473553e-24
-2.196536507060508887e-24
-2.191495603836169785e-24
-2.186452660845074164e-24
-2.181407552146843780e-24
-2.176360128225602785e-24
-2.171310266089749740e-24
-2.166257819556085158e-24
-2.161202668436162691e-24
-2.156144669718362120e-24
-2.151083705876110995e-24
-2.146019636905976853e-24
-2.140952347830725188e-24
-2.135881701425306558e-24
-2.130807585112246050e-24
-2.125729864362039422e-24
-2.120648428846074614e-24
-2.115563146579064948e-24
-2.110473926851006025e-24
-2.105380727653476268e-24
-2.100283547345766580e-24
-2.095182362716291840e-24
-2.090077172814886740e-24
-2.084967955440716813e-24
-2.079854710227389285e-24
-2.074737415802760514e-24
-2.069616072283322358e-24
-2.064490659014360723e-24
-2.059361176393993136e-24
-2.054227604378789383e-24
-2.049089943557230221e-24
-2.043948174293432264e-24
-2.038802297236128804e-24
-2.033652293138531331e-24
-2.028498162537430808e-24
-2.023339886400204614e-24
-2.018177465110066110e-24
-2.013010879663100081e-24
-2.007840152593967799e-24
-2.002665376623439033e-24
-1.997486685030386078e-24
-1.992304191388496206e-24
-1.987118027152751290e-24
-1.981928304206168423e-24
-1.976735152046696688e-24
-1.971538680815203326e-24
-1.966339018001943028e-24
-1.961136271823271765e-24
-1.955930567666538834e-24
-1.950722011841838486e-24
-1.945510727570383312e-24
-1.940296819117656405e-24
-1.935080407478234261e-24
-1.929861594816957406e-24
-1.924640499856806157e-24
-1.919417222596705473e-24
-1.914191879403088718e-24
-1.908964568103020225e-24
-1.903735408834359676e-24
-1.898504528087317290e-24
-1.893272074255498006e-24
-1.888038177417137734e-24
-1.882802983087741942e-24
-1.877566618654893237e-24
-1.872329226732086225e-24
-1.867090932001869870e-24
-1.861851874236575179e-24
-1.856612175446011977e-24
-1.851371972429129902e-24
-1.846131384485579983e-24
-1.840890545526296357e-24
-1.835649572104956516e-24
-1.830408595194303489e-24
-1.825167728716698580e-24
-1.819927100700850767e-24
-1.814686822413145135e-24
-1.809447018921504715e-24
-1.804207798868202347e-24
-1.798969307957253491e-24
-1.793731769482336459e-24
-1.788495442838901414e-24
-1.783260570813501617e-24
-1.778027408520759331e-24
-1.772796194678437426e-24
-1.767567180157754331e-24
-1.762340599624364258e-24
-1.757116699783798513e-24
-1.751895711312801999e-24
-1.746677876791954553e-24
-1.741463422964132826e-24
-1.736252588367478640e-24
-1.731045595879855346e-24
-1.725842680056149586e-24
-1.720644059964753149e-24
-1.715449966224941756e-24
-1.710260614144691949e-24
-1.705076230569433081e-24
-1.699897027087512063e-24
-1.694723222213727128e-24
-1.689555001288148408e-24
-1.684392556448193549e-24
-1.679236065239057725e-24
-1.674085716482266444e-24
-1.668941684622598573e-24
-1.663804155244801924e-24
-1.658673299730707938e-24
-1.653549300479800202e-24
-1.648432325926349073e-24
-1.643322555353460634e-24
-1.638220154310900431e-24
-1.633125299069973248e-24
-1.628038152331261953e-24
-1.622958887469810839e-24
-1.617887664426557870e-24
-1.612824653756185030e-24
-1.607770012700300175e-24
-1.602723909055017248e-24
-1.597686497500362653e-24
-1.592657953923202543e-24
-1.587638484255685295e-24
-1.582628315222095284e-24
-1.577627660423848760e-24
-1.572636743397579435e-24
-1.567655774741728571e-24
-1.562684974891685396e-24
-1.557724551448990550e-24
-1.552774721803298929e-24
-1.547835690729097177e-24
-1.542907672675819517e-24
-1.537990869597689465e-24
-1.533085493076841077e-24
-1.528191742304171097e-24
-1.523309826073294676e-24
-1.518439940940304460e-24
-1.513582292982662886e-24
-1.508737076136312505e-24
-1.503904493849976291e-24
-1.499084737503182189e-24
-1.494278001542341826e-24
-1.489484443071267755e-24
-1.484704222380775382e-24
-1.479937488158339929e-24
-1.475184398593644937e-24
-1.470445100384005202e-24
-1.465719749737617518e-24
-1.461008491463923552e-24
-1.456311479682847769e-24
-1.451628857276566054e-24
-1.446960776458723337e-24
-1.442307378253248316e-24
-1.437668812969387730e-24
-1.433045219800092175e-24
-1.428436747164267453e-24
-1.423843532479959158e-24
-1.419265722292302406e-24
-1.414703452246255949e-24
-1.410156867091064018e-24
-1.405626100691359683e-24
-1.401111283917948938e-24
-1.396612488588504769e-24
-1.392129783734888384e-24
-1.387663228078426922e-24
-1.383212889586849534e-24
-1.378778825974324942e-24
-1.374361104148913079e-24
-1.369959780882568477e-24
-1.365574922078111828e-24
-1.361206583608054202e-24
-1.356854830338526152e-24
-1.352519717159453305e-24
-1.348201307870343946e-24
-1.343899656375774745e-24
-1.339614825432504908e-24
-1.335346867957327958e-24
-1.331095845632293247e-24
-1.326861810392832105e-24
-1.322644822865872358e-24
-1.318444933944672983e-24
-1.314262198867327627e-24
-1.310096646058163414e-24
-1.305948308274960233e-24
-1.301817208846911964e-24
-1.297703379714294337e-24
-1.293606843397091473e-24
-1.289527630959301877e-24
-1.285465764112982119e-24
-1.281421273062310035e-24
-1.277394178696363538e-24
-1.273384510315640998e-24
-1.269392287969197188e-24
-1.265417540041998356e-24
-1.261460285720121118e-24
-1.257520552461684547e-24
-1.253598358583868122e-24
-1.249693730609119085e-24
-1.245806685996600077e-24
-1.241937250331731756e-24
-1.238085440227978922e-24
-1.234251280385450049e-24
-1.230434786569924412e-24
-1.226635982608257771e-24
-1.222854883397203876e-24
-1.219091511828085881e-24
-1.215345881960187605e-24
-1.211618015776069641e-24
-1.207907926609666735e-24
-1.204215635686940806e-24
-1.200541155434109677e-24
-1.196884506187294126e-24
-1.193245699627612944e-24
-1.189624755757199024e-24
-1.186021686649647047e-24
-1.182436512454815937e-24
-1.178869243735702705e-24
-1.175319896051209904e-24
-1.171788474373638782e-24
-1.168274994218241747e-24
