0.000000000000000000e+00
0.000000000000000000e+00
4.735500433790670119e-13
9.539218160762958144e-14
3.339251919884383073e-14
1.495334441328280770e-14
7.752111738229884621e-15
4.432021960979323704e-15
2.719577824785140228e-15
1.763616619487595268e-15
1.194396757072309431e-15
8.357054377530046119e-16
6.031407824760521868e-16
4.472982770306711541e-16
3.392891995616070028e-16
2.621814785172866566e-16
2.057495971934289938e-16
1.635886570079160929e-16
1.315418909915046222e-16
1.068244748035135813e-16
8.751878913688155801e-17
7.227312653936077996e-17
6.013130459727081902e-17
5.042414615171051406e-17
4.261932531100071538e-17
3.629602436357330696e-17
3.112970802128508271e-17
2.687242111404324463e-17
2.333493032050735543e-17
2.037230832500179339e-17
1.787286956022257377e-17
1.574988031165427346e-17
1.393541095745010294e-17
1.237579136793952024e-17
1.102824547046932147e-17
9.858388844324482434e-18
8.838356181347564031e-18
7.945390358286263015e-18
7.160770654731271147e-18
6.468992169791211167e-18
5.857132144697852309e-18
5.314356750781370517e-18
4.831623908255567240e-18
4.401524852540984455e-18
4.017633570257427405e-18
3.674316136145444212e-18
3.366655165608663626e-18
3.090369710193584794e-18
2.841737389946193699e-18
2.617522277103311331e-18
2.414909973706056432e-18
2.231450261449196353e-18
2.065007030168743327e-18
1.913714926703556052e-18
1.775942011289481081e-18
1.650257718959359156e-18
1.535405411759374942e-18
1.430278892318847139e-18
1.333902304543969931e-18
1.245412921980276298e-18
1.164046402981334859e-18
1.089124139105135564e-18
1.020044836245579863e-18
9.562801716942700551e-19
8.973563558127629359e-19
8.428459739338415128e-19
7.923633817869216428e-19
7.455604820046942808e-19
7.021228911375957155e-19
6.617664694791794796e-19
6.242342035878854216e-19
5.892934040864844570e-19
5.567332012552465278e-19
5.263623027789176722e-19
4.980069946500841228e-19
4.715093544961672278e-19
4.467256590131587918e-19
4.235249619730286036e-19
4.017878263507947179e-19
3.814051915800195790e-19
3.622773627160218903e-19
3.443131062405296585e-19
3.274290003842815576e-19
3.115490701960496804e-19
2.966035007619234534e-19
2.825279415031207661e-19
2.692630462443866366e-19
2.567540511133532708e-19
2.449503899853944491e-19
2.338053420550984016e-19
2.232757114277490778e-19
2.133215335982725749e-19
2.039058089374003035e-19
1.949942583420789475e-19
1.865551015951872031e-19
1.785588540627745184e-19
1.709781422599627133e-19
1.637875343870001628e-19
1.569633866738847569e-19
1.504837020124662735e-19
1.443280017398782069e-19
1.384772073989183427e-19
1.329135597924936009e-19
1.276205834496003331e-19
1.225828944693163827e-19
1.177860953398119667e-19
1.132167067608550825e-19
1.088621034245147621e-19
1.047104553557259539e-19
1.007506725761138110e-19
9.697235461061380642e-20
9.336574290051383579e-20
8.992167732036449033e-20
8.663155529173444858e-20
8.348729442372200521e-20
8.048129733731817787e-20
7.760641946169495289e-20
7.485593880459017676e-20
7.222352828217575289e-20
6.970322946309374172e-20
6.728942885665108130e-20
6.497683540330007759e-20
6.276047085499069874e-20
6.063567813429248589e-20
5.859806187280878260e-20
5.664346148183757444e-20
5.476793817509934705e-20
5.296776217559564318e-20
5.123940114804062694e-20
4.957950877119883756e-20
4.798491440655702337e-20
4.645261295779843905e-20
4.497975566961356078e-20
4.356364112849026671e-20
4.220170713201540283e-20
4.089152266204909926e-20
3.963078072461753347e-20
3.841729122582487463e-20
3.724897460855104589e-20
3.612385553700368792e-20
3.504005728633636764e-20
3.399579615532269013e-20
3.298938228061089114e-20
3.201922947808273218e-20
3.108382965237895453e-20
3.018174302948238976e-20
2.931159515974489215e-20
2.847207382101456366e-20
2.766192625595245532e-20
2.687995630488480017e-20
2.612502188578497073e-20
2.539603230662707426e-20
2.469194599033867599e-20
2.401176803474545398e-20
2.335454809875484190e-20
2.271937816748618769e-20
2.210539067208900004e-20
2.151175643646663710e-20
2.093768296891896284e-20
2.038241260638107221e-20
1.984522095798412000e-20
1.932541522595283200e-20
1.882233589821655674e-20
1.833536335562705198e-20
1.786390544797248350e-20
1.740739311863907955e-20
1.696527966427030805e-20
1.653703981962380122e-20
1.612216905065882667e-20
1.572018266588606050e-20
1.533061514905662879e-20
1.495301932183456743e-20
1.458696570338849588e-20
1.423204173133105020e-20
1.388785116497436783e-20
1.355401334010083634e-20
1.323016262480372403e-20
1.291594772652102292e-20
1.261103118170236360e-20
1.231508871018192435e-20
1.202780875314984018e-20
1.174889187182280214e-20
1.147805167020390287e-20
1.121501784383707212e-20
1.095953099492102118e-20
1.071134079812606308e-20
1.047020577478628961e-20
1.023589295228139033e-20
1.000817763934910693e-20
9.786843095873695850e-21
9.571680316526443749e-21
9.362487713476548306e-21
9.159070908452143955e-21
8.961242431610717448e-21
8.768821523367762654e-21
8.581633848662311221e-21
8.399511310240395778e-21
8.222291779124246229e-21
8.049818918856289478e-21
7.881941932372243385e-21
7.718515397879663789e-21
7.559399031243961809e-21
7.404458132852231480e-21
7.253564980551406241e-21
7.106596595570820437e-21
6.963433940932666085e-21
6.823961843755293487e-21
6.688068844647237967e-21
6.555647122196425389e-21
6.426592346017896395e-21
6.300803603721007425e-21
6.178183259126474307e-21
6.058636881978841969e-21
5.942073112368038484e-21
5.828403593604567820e-21
5.717542842576637779e-21
5.609408185626887491e-21
5.503919636139928812e-21
5.400999835058348662e-21
5.300573932924948202e-21
5.202569535305403037e-21
5.106916589844597809e-21
5.013547501170480529e-21
4.922397471285189184e-21
4.833403886667719912e-21
4.746506053700241288e-21
4.661645167364303604e-21
4.578764225593228106e-21
4.497808002599159150e-21
4.418722965835718203e-21
4.341457249060433980e-21
4.265960575464607056e-21
4.192184231961747130e-21
4.120080995176768775e-21
4.049605107698208442e-21
3.980712207036724203e-21
3.913359305478816044e-21
3.847504722481784979e-21
3.783108064561199248e-21
3.720130161715715886e-21
3.658533049509837729e-21
3.598279908944373372e-21
3.539335002548409144e-21
3.481663486663361364e-21
3.425231558620127754e-21
3.370006450567017621e-21
3.315956412692952406e-21
3.263050659385691198e-21
3.211259355643158539e-21
3.160553564297801928e-21
3.110905236440772977e-21
3.062287160641937654e-21
3.014672954497373001e-21
2.968037017485119348e-21
2.922354523410879597e-21
2.877601375258859564e-21
2.833754199867510952e-21
2.790790304963839474e-21
2.748687674574082691e-21
2.707424929427592441e-21
2.666981322022856980e-21
2.627336699811287996e-21
2.588471422786102766e-21
2.550366108736505854e-21
2.513001898509352356e-21
2.476360502183370984e-21
2.440424193474304846e-21
2.405175773561392948e-21
2.370598567432218847e-21
2.336676389342605301e-21
2.303393540542571742e-21
2.270734777541271037e-21
2.238685309742793497e-21
2.207230769608752134e-21
2.176357211950777247e-21
2.146051085184211712e-21
2.116299231319142238e-21
2.087088859554784148e-21
2.058407546195800100e-21
2.030243209707110388e-21
2.002584111734220542e-21
1.975418833407412851e-21
1.948736194477898826e-21
1.922525003578544935e-21
1.896774334615132536e-21
1.871473587078606237e-21
1.846612485917572439e-21
1.822181056788717548e-21
1.798169626594450501e-21
1.774568799980647249e-21
1.751369461118469605e-21
1.728562751337969420e-21
1.706140070281519746e-21
1.684093056508056113e-21
1.662413590868119419e-21
1.641093773842712888e-21
1.620125931347377272e-21
1.599502593275344969e-21
1.579216500409192143e-21
1.559260583126654369e-21
1.539627966458006191e-21
1.520311954666203081e-21
1.501305946217409928e-21
1.482603171942127195e-21
1.464196991553503799e-21
1.446080966157252689e-21
1.428248861560272471e-21
1.410694629829830580e-21
1.393412410669280240e-21
1.376396511103213735e-21
1.359641414656667401e-21
1.343141760611723696e-21
1.326892346850200545e-21
1.310888116733621465e-21
1.295124161266364043e-21
1.279595703379006866e-21
1.264298105828515595e-21
1.249226851934269008e-21
1.234377553763469836e-21
1.219745935635257633e-21
1.205327840557939081e-21
1.191119217171635871e-21
1.177116084365151293e-21
1.163314409283979010e-21
1.149710242202825168e-21
1.136299743135053212e-21
1.123079189330838475e-21
1.110044956927443883e-21
1.097193528826101525e-21
1.084521481171826076e-21
1.072025488902545592e-21
1.059702312708018976e-21
1.047548804068264125e-21
1.035561893453401147e-21
1.023738596359758490e-21
1.012076001136581337e-21
1.000571276593503226e-21
9.892216580634755731e-22
9.780244544211768814e-22
9.669770374258871027e-22
9.560768467247542114e-22
9.453213802062523470e-22
9.347081756762787082e-22
9.242347261980691981e-22
9.138985718045853411e-22
9.036973154521588547e-22
8.936286276334512167e-22
8.836902355006674438e-22
8.738799306883581484e-22
8.641955568816207412e-22
8.546350165965276408e-22
8.451962614243994227e-22
8.358772976798811074e-22
8.266761764312360291e-22
8.175909997430671002e-22
8.086199115733421611e-22
7.997611039640995260e-22
7.910128066779544410e-22
7.823732949664595781e-22
7.738408799671211674e-22
7.654139148970085782e-22
7.570907857633043231e-22
7.488698990893033399e-22
7.407496191912070104e-22
7.327283368090890592e-22
7.248044809720877366e-22
7.169765231176208010e-22
7.092429691065298100e-22
7.016023651167080574e-22
6.940532890327573614e-22
6.865943554822974084e-22
6.792242087905529986e-22
6.719415283480287584e-22
6.647450205834871330e-22
6.576334247017739507e-22
6.506055048872205797e-22
6.436600556428161939e-22
6.367958949666481364e-22
6.300118696413481409e-22
6.233068478543172621e-22
6.166797248268936327e-22
6.101294156253092511e-22
6.036548662633814854e-22
5.972550593417879178e-22
5.909290042309605395e-22
5.846757259896462436e-22
5.784942696305968679e-22
5.723836945498469228e-22
5.663430800594400300e-22
5.603715189189745624e-22
5.544681231378740403e-22
5.486320160986104172e-22
5.428623395624497307e-22
5.371582462342976129e-22
5.315189063810418758e-22
5.259435013851817404e-22
5.204312288243019910e-22
5.149812967395339548e-22
5.095929286542207694e-22
5.042653579507548977e-22
4.989978328315017962e-22
4.937896108019701102e-22
4.886399643670655506e-22
4.835481779609553437e-22
4.785135498530501303e-22
4.735353865814060805e-22
4.686130076475598996e-22
4.637457396890347678e-22
4.589329218220194347e-22
4.541739001835261314e-22
4.494680327025290772e-22
4.448146842211838864e-22
4.402132309490306985e-22
4.356630554644599571e-22
4.311635513247552462e-22
4.267141183713719784e-22
4.223141666406682980e-22
4.179631123779240606e-22
4.136603818980386997e-22
4.094054076425687394e-22
4.051976313934808245e-22
4.010365002208911575e-22
3.969214771547336447e-22
3.928520548258341200e-22
3.888277389777260321e-22
3.848480378946115101e-22
3.809124664144160396e-22
3.770205415982292827e-22
3.731717872167600588e-22
3.693657294811485960e-22
3.656019009252816913e-22
3.618798365632540223e-22
3.581990780339844806e-22
3.545591694623229441e-22
3.509596610617213970e-22
3.474001055579705255e-22
3.438800618825007000e-22
3.403990914958993077e-22
3.369567621673402529e-22
3.335526441920983598e-22
3.301863136673854784e-22
3.268573493661646366e-22
3.235653421300943199e-22
3.203099084190101497e-22
3.170906744237866781e-22
3.139072664380764896e-22
3.107593147142592108e-22
3.076464496565096746e-22
3.045683055068622766e-22
3.015245171031144250e-22
2.985147231193168957e-22
2.955385628479032794e-22
2.925956796676883349e-22
2.896857175878052298e-22
2.868083248016519494e-22
2.839631503811256931e-22
2.811498475425857695e-22
2.783680703764905437e-22
2.756174773016179626e-22
2.728977276030874725e-22
2.702084848332576751e-22
2.675494137337577523e-22
2.649201868638274431e-22
2.623204919730782676e-22
2.597500235327583576e-22
2.572084757452146009e-22
2.546955460481033659e-22
2.522109318977064004e-22
2.497543339030777854e-22
2.473254528552850531e-22
2.449239929170852723e-22
2.425496583768960931e-22
2.402021570002867166e-22
2.378811969083764277e-22
2.355864896910700691e-22
2.333177474124958688e-22
2.310746857708053962e-22
2.288570208639710671e-22
2.266644724834028719e-22
2.244967610980995053e-22
2.223536107374635787e-22
2.202347461141813012e-22
2.181398993439433658e-22
2.160688176405068815e-22
2.140212544393248129e-22
2.119969627397483033e-22
2.099956979864520060e-22
2.080172152776151832e-22
2.060612722817849001e-22
2.041276265932357635e-22
2.022160383912086244e-22
2.003262678160490830e-22
1.984580777485826310e-22
1.966112311637203171e-22
1.947854938961615735e-22
1.929806318951346935e-22
1.911964139825334948e-22
1.894326092490700735e-22
1.876889896700826344e-22
1.859653276754315058e-22
1.842613985425639563e-22
1.825769780759483210e-22
1.809118448871502073e-22
1.792657777586319771e-22
1.776385584392453735e-22
1.760299692702068216e-22
1.744397955722842326e-22
1.728678233165837704e-22
1.713138415201508679e-22
1.697776398497212554e-22
1.682590110278709562e-22
1.667577484826756593e-22
1.652736486839507279e-22
1.638065088427852927e-22
1.623561291894507277e-22
1.609223107254673973e-22
1.595048574576128863e-22
1.581035741812484557e-22
1.567182686854071258e-22
1.553487495621859208e-22
1.539948283858576185e-22
1.526563175444569863e-22
1.513330329932596188e-22
1.500247938592685724e-22
1.487314226299491293e-22
1.474527424369969790e-22
1.461885791438791470e-22
1.449387592676425488e-22
1.437031120443007993e-22
1.424814673777264390e-22
1.412736578715537631e-22
1.400795168019503457e-22
1.388988801464520872e-22
1.377315845511590870e-22
1.365774693382147086e-22
1.354363745084929184e-22
1.343081427124433519e-22
1.331926172827000142e-22
1.320896441834955093e-22
1.309990700517034659e-22
1.299207441357046798e-22
1.288545163533840707e-22
1.278002377588664510e-22
1.267577544512467989e-22
1.257269140339211141e-22
1.247075652127605299e-22
1.236995596240072153e-22
1.227027499734819346e-22
1.217169918343267560e-22
1.207421417973344098e-22
1.197780592622217107e-22
1.188246046069844807e-22
1.178816409578901973e-22
1.169490323762560233e-22
1.160266456683647698e-22
1.151143484852472925e-22
1.142120111339818237e-22
1.133195047868654980e-22
1.124367032090663532e-22
1.115634809717489365e-22
1.106997152040896482e-22
1.098452838550438111e-22
1.090000663116415219e-22
1.081639387424506989e-22
1.073367790092451857e-22
1.065184659568711463e-22
1.057088811583371952e-22
1.049079071137265962e-22
1.041154289449231373e-22
1.033313326489831838e-22
1.025555067725529367e-22
1.017878407182710325e-22
1.010282263664038249e-22
1.002765564055933425e-22
9.953272596338973465e-23
9.879663089764819181e-23
9.806816944182607076e-23
9.734724056823387036e-23
9.663374550679613793e-23
9.592758620910508232e-23
9.522866682410088185e-23
9.453689217830413162e-23
9.385216788051336377e-23
9.317439476865031568e-23
9.250347476564656331e-23
9.183931073776577151e-23
9.118180800084973502e-23
9.053087279641186317e-23
8.988641368853520988e-23
8.924834012674218557e-23
8.861656380972327519e-23
8.799099725972083486e-23
8.737155517751105041e-23
8.675815305294056829e-23
8.615070848635897548e-23
8.554913976361231330e-23
8.495336731009892074e-23
8.436331215920561963e-23
8.377889742053382496e-23
8.320004678233879670e-23
8.262668588233602109e-23
8.205874093208420096e-23
8.149613912363320895e-23
8.093880452337945049e-23
8.038666237720992767e-23
7.983963863288313293e-23
7.929766130491586403e-23
7.876065907092738286e-23
7.822856260815011423e-23
7.770130320036319843e-23
7.717881408726909329e-23
7.666102906102390768e-23
7.614788380710933722e-23
7.563931449381948265e-23
7.513525918211373274e-23
7.463565636680141488e-23
7.414044633925066592e-23
7.364956979792188925e-23
7.316296916526221519e-23
7.268058724526487999e-23
7.220236851526851580e-23
7.172825782847286435e-23
7.125820060057833920e-23
7.079213830325863235e-23
7.033001321646356983e-23
6.987176817024521683e-23
6.941734780621535461e-23
6.896669724506633943e-23
6.851976339364913897e-23
6.807649360397608903e-23
6.763683695524084636e-23
6.720074290667610758e-23
6.676816258855698369e-23
6.633904749960522941e-23
6.591335072217600622e-23
6.549102569728169641e-23
6.507202739813405163e-23
6.465631108349633439e-23
6.424383354285529639e-23
6.383455179787766596e-23
6.342842436796225968e-23
6.302540996907440036e-23
6.262546864588982296e-23
6.222856029095910689e-23
6.183464608870422643e-23
6.144368743585059269e-23
6.105564708689757431e-23
6.067048794623859543e-23
6.028817424993095717e-23
5.990867035298278482e-23
5.953194191769155879e-23
5.915795469498866745e-23
5.878667567821875680e-23
5.841807193491865692e-23
5.805211178244694988e-23
5.768876357015973822e-23
5.732799684993015085e-23
5.696978117960577850e-23
5.661408728796362443e-23
5.626088589891178254e-23
5.591014887587725719e-23
5.556184806790922869e-23
5.521595594411456036e-23
5.487244299725542833e-23
5.453128041942258742e-23
5.419243947407387563e-23
5.385589258845398128e-23
5.352161220945927210e-23
5.318957192714175896e-23
5.285974532713569812e-23
5.253210709362488684e-23
5.220663190794365356e-23
5.188329550754816239e-23
5.156207360496647411e-23
5.124294294025539033e-23
5.092588020740803869e-23
5.061086312438736681e-23
5.029786933016275520e-23
4.998687745103673073e-23
4.967786602575997251e-23
4.937081454547031071e-23
4.906570239469107673e-23
4.876250996268089014e-23
4.846121772085352379e-23
4.816180709001507113e-23
4.786425933787745131e-23
4.756855662802406443e-23
4.727468095652914309e-23
4.698261517380427105e-23
4.669234194936939033e-23
4.640384481869651880e-23
4.611710709282488137e-23
4.583211294032912164e-23
4.554884630305305175e-23
4.526729194300234680e-23
4.498743439373636921e-23
4.470925898255084347e-23
4.443275080745339223e-23
4.415789574397496503e-23
4.388467943773516242e-23
4.361308828667592339e-23
4.334310843026759818e-23
4.307472710597658477e-23
4.280793262224171883e-23
4.254271429083332537e-23
4.227906107360267519e-23
4.201696258754051638e-23
4.175640808729553648e-23
4.149738747371347989e-23
4.123989028219045829e-23
4.098390667674833305e-23
4.072942647078644260e-23
4.047644008929827841e-23
4.022493758708644863e-23
3.997490963922007096e-23
3.972634654090958524e-23
3.947923919895895550e-23
3.923357813953039468e-23
3.898935448379952134e-23
3.874655897972429611e-23
3.850518297097139015e-23
3.826521741834653126e-23
3.802665409766703457e-23
3.778948535882070192e-23
3.755370430407410315e-23
3.731930361513041164e-23
3.708627647626915679e-23
3.685461562297994283e-23
3.662431432034772629e-23
3.639536540252065871e-23
3.616776219943074762e-23
3.594149761237595372e-23
3.571656504304936997e-23
3.549295745238675195e-23
3.527066830601521950e-23
3.504969063891069735e-23
3.483001798000491968e-23
3.461164342365310310e-23
3.439456054811523280e-23
3.417876250077523847e-23
3.396424291628470197e-23
3.375099500884566706e-23
3.353901260119022233e-23
3.332828960231875249e-23
3.311882048813508705e-23
3.291059929413311783e-23
3.270362050026961428e-23
3.249787813838871110e-23
3.229336668248084447e-23
3.209008016439180066e-23
3.188801305559199108e-23
3.168715938502250841e-23
3.148751361273738056e-23
3.128906976215122523e-23
3.109182229177013232e-23
3.089576522336177552e-23
3.070089300511356139e-23
3.050719966670488712e-23
3.031467964394906525e-23
3.012332696591496472e-23
2.993313607742285316e-23
2.974410100451376115e-23
2.955621647910483087e-23
2.936947796833115380e-23
2.918388157698906132e-23
2.899942296112985760e-23
2.881609811805354285e-23
2.863390258252322059e-23
2.845283223711914122e-23
2.827288251605094640e-23
2.809404920726868782e-23
2.791632764777436075e-23
2.773971352346680477e-23
2.756420208301908330e-23
2.738978891913205952e-23
2.721646919540073575e-23
2.704423841454376343e-23
2.687309166334986708e-23
2.670302436778699184e-23
2.653403153555061906e-23
2.636610851885006446e-23
2.619925026884882043e-23
2.603345237626782979e-23
2.586871127565462733e-23
2.570502399424293911e-23
2.554238710179830262e-23
2.538079744873952827e-23
2.522025143346069657e-23
2.506074573763164186e-23
2.490227660548756631e-23
2.474484056695899002e-23
2.458843371030524585e-23
2.443305241182383590e-23
2.427869262479463928e-23
2.412535057921857669e-23
2.397302209553523813e-23
2.382170328186771859e-23
2.367138983657580016e-23
2.352207774768093290e-23
2.337376260156431669e-23
2.322644026785856070e-23
2.308010623108113816e-23
2.293475614792867907e-23
2.279038485095286717e-23
2.264698737005492153e-23
2.250455837820696705e-23
2.236309285643845155e-23
2.222258543921812954e-23
2.208303106518592357e-23
2.194442432869825696e-23
2.180676013619899959e-23
2.167003305216429011e-23
2.153423794870765649e-23
2.139936936245869015e-23
2.126542214093331480e-23
2.113239080200700581e-23
2.100027017026113971e-23
2.086905474995812385e-23
2.073873934793875346e-23
2.060931845238366813e-23
2.048078685735796142e-23
2.035313904337391201e-23
2.022637010560776985e-23
2.010047602739989616e-23
1.997545335450276516e-23
1.985129827035108212e-23
1.972800720865382238e-23
1.960557624830824391e-23
1.948400172355666644e-23
1.936327961749620026e-23
1.924340616693184769e-23
1.912437727098384340e-23
1.900618908065134187e-23
1.888883741893108293e-23
1.877231835888225538e-23
1.865662765158756125e-23
1.854176129967345366e-23
1.842771498948295332e-23
1.831448466006468474e-23
1.820206593691668514e-23
1.809045470529950541e-23
1.797964653637312180e-23
1.786963705495167771e-23
1.776042075695184686e-23
1.765199222022473362e-23
1.754434576206915809e-23
1.743747599331479802e-23
1.733137726459180977e-23
1.722604422465706113e-23
1.712147126528924382e-23
1.701765307190124489e-23
1.691458407902990168e-23
1.681225901034580211e-23
1.671067234185432662e-23
1.660981883977013361e-23
1.650969302284910255e-23
1.641028969854638315e-23
1.631160343791079375e-23
1.621362909606209901e-23
1.611636128370760477e-23
1.601979490735498969e-23
1.592392463172154010e-23
1.582874553987889988e-23
1.573425301842162812e-23
1.564044284661921798e-23
1.554731055226647480e-23
1.545485192060542867e-23
1.536306249137217071e-23
1.527193805814720011e-23
1.518147416994082939e-23
1.509166663344352002e-23
1.500251101666142334e-23
1.491400314126152474e-23
1.482613859125274128e-23
1.473891320530317436e-23
1.465232258758724380e-23
1.456636260022153017e-23
1.448102887160649847e-23
1.439631728153406775e-23
1.431222348877255629e-23
1.422874339693279880e-23
1.414587268934222040e-23
1.406360716727771084e-23
1.398194189440403126e-23
1.390087206584424136e-23
1.382039268593676346e-23
1.374049902355680089e-23
1.366118615651856674e-23
1.358244942649988479e-23
1.350428398592690947e-23
1.342668525037323008e-23
1.334964844562488810e-23
1.327316906003803935e-23
1.319724239571927411e-23
1.312186401052601774e-23
1.304702927957384927e-23
1.297273383526210828e-23
1.289897312649111388e-23
1.282574285484401235e-23
1.275303854166708798e-23
1.268085596053027619e-23
1.260919070591178764e-23
1.253803858016535307e-23
1.246739504452513083e-23
1.239725577186438106e-23
1.232761626645204858e-23
1.225847228021102443e-23
1.218981940274477505e-23
1.212165347083701827e-23
1.205397015547438696e-23
1.198676537436123185e-23
1.192003487808444324e-23
1.185377466505753188e-23
1.178798056730031755e-23
1.172264866191837562e-23
1.165777486222313304e-23
1.159335532387762098e-23
1.152938603940577231e-23
1.146586323755494291e-23
1.140278298811026416e-23
1.134014159639386492e-23
1.127793520927437268e-23
1.121616013116469345e-23
1.115481221055155524e-23
1.109388746342346557e-23
1.103338175823864425e-23
1.097329120619782736e-23
1.091361177111127805e-23
1.085433965831077804e-23
1.079547092415345318e-23
1.073700186368509616e-23
1.067892862806184872e-23
1.062124759940878939e-23
1.056395501762725048e-23
1.050704735581042555e-23
1.045052093844910936e-23
1.039437232377887523e-23
1.033859792460292231e-23
1.028319438024911572e-23
1.022815818615816024e-23
1.017348606499975634e-23
1.011917459551432176e-23
1.006522052513084318e-23
1.001162024355550454e-23
9.958370314212301099e-24
9.905467164881908072e-24
9.852907452515526620e-24
9.800687698267477164e-24
9.748804648282102948e-24
9.697254912722582753e-24
9.646035325565695193e-24
9.595142586133677671e-24
9.544573613513053868e-24
9.494325190569655459e-24
9.444394321658833785e-24
9.394777873396083359e-24
9.345472929988718603e-24
9.296476440624828826e-24
9.247785568223348865e-24
9.199397343324231047e-24
9.151309005087197337e-24
9.103517658842603484e-24
9.056020507892847696e-24
9.008814182498663504e-24
8.961895423526869738e-24
8.915260855272072390e-24
8.868907320887338074e-24
8.822831545124161895e-24
8.777030471395402969e-24
8.731500925487753468e-24
8.686239946465775809e-24
8.641244455373318137e-24
8.596511585052341001e-24
8.552038351166933350e-24
8.507821978520425298e-24
8.463859570567030712e-24
8.420148439829573577e-24
8.376685779670946478e-24
8.333468987420316031e-24
8.290495339768828810e-24
8.247762316098410300e-24
8.205267276116993269e-24
8.163007806544828813e-24
8.120981473441914413e-24
8.079186063879753911e-24
8.037619242735253242e-24
7.996278864082710738e-24
7.955162658691641472e-24
7.914268546806491539e-24
7.873594323867586607e-24
7.833137974520917283e-24
7.792897355573581452e-24
7.752870512874126843e-24
7.713055367036864442e-24
7.673450025137039350e-24
7.634052466650084804e-24
7.594860854628942231e-24
7.555873228360579281e-24
7.517087805449457839e-24
7.478502678898646584e-24
7.440116123156344780e-24
7.401926283437089367e-24
7.363931387487151899e-24
7.326129147141113919e-24
7.288517365833579564e-24
7.251093731780108994e-24
7.213856125023733744e-24
7.176802309474570917e-24
7.139930237946700175e-24
7.103237746702969451e-24
7.066722858645384841e-24
7.030383479105982945e-24
6.994217697258772736e-24
6.958223486909454936e-24
6.922399002115233028e-24
6.886742280280886333e-24
6.851251538184505675e-24
6.815924876808519713e-24
6.780760573719683365e-24
6.745756790180918769e-24
6.710911862670882983e-24
6.676224009909849453e-24
6.641691634243097133e-24
6.607313050041557317e-24
6.573086752677409783e-24
6.539011117314945286e-24
6.505084688500683436e-24
6.471305890744238555e-24
6.437673315993213348e-24
6.404185436649897704e-24
6.370840891155365009e-24
6.337638198646884086e-24
6.304576041459458636e-24
6.271652984477310638e-24
6.238867753127060271e-24
6.206218953048879863e-24
6.173705350342556484e-24
6.141325593670823054e-24
6.109078488433313772e-24
6.076962722299474925e-24
6.044977138089822565e-24
6.013120461806332131e-24
5.981391541577161728e-24
5.949788988643058191e-24
5.918311540719009851e-24
5.886957821128816912e-24
5.855726608312085984e-24
5.824616565445984115e-24
5.793626512760233663e-24
5.762755152959464917e-24
5.732001343392530485e-24
5.701363824562362158e-24
5.670841491772685482e-24
5.640433122264686167e-24
5.610137646061692942e-24
5.579953875689128721e-24
5.549880773914974418e-24
5.519917187008015418e-24
5.490062110486419198e-24
5.460314422366095885e-24
5.430673149128192598e-24
5.401137201429667986e-24
5.371705730438102774e-24
5.342378152207881302e-24
5.313154110530449196e-24
5.284033122206393309e-24
5.255014835666413028e-24
5.226098771019569606e-24
5.197284579141996225e-24
5.168571783460579598e-24
5.139960036835516923e-24
5.111448865098656438e-24
5.083037923926597521e-24
5.054726741634370267e-24
5.026514976437876217e-24
4.998402157999770393e-24
4.970387946819602640e-24
4.942471874888816001e-24
4.914653603259621929e-24
4.886932666260929575e-24
4.859308726580082871e-24
4.831781320650364629e-24
4.804350050406515913e-24
4.777014151504249349e-24
4.749772932831331799e-24
4.722625585692985776e-24
4.695571433498027368e-24
4.668609683549985283e-24
4.641739673691479643e-24
4.614960627880737729e-24
4.588271898494054428e-24
4.561672723347822941e-24
4.535162468319940637e-24
4.508740386274426593e-24
4.482405856093874956e-24
4.456158143630121481e-24
4.429996640162478919e-24
4.403920625736297648e-24
4.377929503614036320e-24
4.352022565677805430e-24
4.326199227316457477e-24
4.300458792045336513e-24
4.274800788776420991e-24
4.249225042844235185e-24
4.223731590053724293e-24
4.198320345382344356e-24
4.172991330240726539e-24
4.147744447620724200e-24
4.122579705618509131e-24
4.097496994898147068e-24
4.072496311325093774e-24
4.047577532802642839e-24
4.022740641268791651e-24
3.997985504066046352e-24
3.973312089861227393e-24
3.948720255477873882e-24
3.924209957912613700e-24
3.899781042853912208e-24
3.875433455804807317e-24
3.851167031669041590e-24
3.826981705195450383e-24
3.802877301423216480e-24
3.778853796825135631e-24
3.754911268127478537e-24
3.731049936217348256e-24
3.707269908786671586e-24
3.683571385044233907e-24
3.659954452585938350e-24
3.636419289481517262e-24
3.612965963189044381e-24
3.589594630812190651e-24
3.566305341600507704e-24
3.543098233011561808e-24
3.519973336238812517e-24
3.496930769697954169e-24
3.473970546802954675e-24
3.451092768564230209e-24
3.428297431451403160e-24
3.405584619306914463e-24
3.382954312260689564e-24
3.360406577440080542e-24
3.337941379909040436e-24
3.315558769621841501e-24
3.293258687526357242e-24
3.271041158356900080e-24
3.248906108447757915e-24
3.226853547985041860e-24
3.204883390452126719e-24
3.182995632737729106e-24
3.161190176341911151e-24
3.139467005038069120e-24
3.117826008394407900e-24
3.096267158144143975e-24
3.074790333051381776e-24
3.053395492933800811e-24
3.032082505888775900e-24
3.010851320744967977e-24
2.989701796214861003e-24
2.968633870706372085e-24
2.947647393285641604e-24
2.926742292464987960e-24
2.905918408512067052e-24
2.885175760340620452e-24
2.864514675627619082e-24
2.843935649586552548e-24
2.823439080876884467e-24
2.803025434823814270e-24
2.782695081124176789e-24
2.762448456028682995e-24
2.742285901881346491e-24
2.722207827144625624e-24
2.702214547818965034e-24
2.682306445280556938e-24
2.662483810112156608e-24
2.642746998394479366e-24
2.623096276201158616e-24
2.603531975171908815e-24
2.584054338140450667e-24
2.564663672614348617e-24
2.545360199102945917e-24
2.526144202125092680e-24
2.507015880124410480e-24
2.487975478398862096e-24
2.469023085469807076e-24
2.450158838003372645e-24
2.431382791033548057e-24
2.412695064438166668e-24
2.394095697946257775e-24
2.375584796172363110e-24
2.357162384459127014e-24
2.338828552454207843e-24
2.320583311684928585e-24
2.302426737707586375e-24
2.284358828801984086e-24
2.266379646701525478e-24
2.248489177537616162e-24
2.230687470004020819e-24
2.212974498031651355e-24
2.195350297797535136e-24
2.177814832081523965e-24
2.160368125282363363e-24
2.143010129485793114e-24
2.125740909476597174e-24
2.108560663600226444e-24
2.091469697569305899e-24
2.074468241553273819e-24
2.057556580424660117e-24
2.040734924696094784e-24
2.024003539078116792e-24
2.007362614878566563e-24
1.990812397561633166e-24
1.974353060605441647e-24
1.957984830377908736e-24
1.941707862671355102e-24
1.925522366100906815e-24
1.909428479601851069e-24
1.893426394381676703e-24
1.877516233330152450e-24
1.861698170815952735e-24
1.845972313999684951e-24
1.830338821187558110e-24
1.814797784781398404e-24
1.799349297428057212e-24
1.783993185790688480e-24
1.768729280940083812e-24
1.753557355666549830e-24
1.738477236765504166e-24
1.723488693447296784e-24
1.708591548616486196e-24
1.693785568071635973e-24
1.679070570992707431e-24
1.664446320534552364e-24
1.649912632290745109e-24
1.635469266705999604e-24
1.621116035731094354e-24
1.606852697419940234e-24
1.592679060816738092e-24
1.578594881689697425e-24
1.564599966089544106e-24
1.550694067414312657e-24
1.536876989029302373e-24
1.523148482458561089e-24
1.509508348619731703e-24
1.495956338899556414e-24
1.482492253344421908e-24
1.469115841914333584e-24
1.455826902009513431e-24
1.442625182264266910e-24
1.429510477810868818e-24
1.416482535717416334e-24
1.403541148838932109e-24
1.390686062712163402e-24
1.377917068610755926e-24
1.365233910588632163e-24
1.352636377764426625e-24
1.340124213371395371e-24
1.327697204615936193e-24
1.315355093528600491e-24
1.303097665670068988e-24
1.290924662177622804e-24
1.278835867005616775e-24
1.266831020298465780e-24
1.254909875947241201e-24
1.243072031368615362e-24
1.231317100113576806e-24
1.219644655652590847e-24
1.208054315408274426e-24
1.196545657562354644e-24
1.185118303474822974e-24
1.173771835807405956e-24
1.162505879859056879e-24
1.151320023094812257e-24
1.140213894398688090e-24
1.129187085627152342e-24
1.118239229398304083e-24
1.107369921983980932e-24
1.096578799709315800e-24
1.085865463026761660e-24
1.075229551779896482e-24
1.064670670596580050e-24
1.054188462985719290e-24
1.043782537591562124e-24
1.033452479256036769e-24
1.023197593294566778e-24
1.013017165674856122e-24
1.002910454741868697e-24
9.928767612911154381e-25
9.829153589493750820e-25
9.730255630645872435e-25
9.632066619298792485e-25
9.534579849695776062e-25
9.437788351895700560e-25
9.341685556309849546e-25
9.246264635347756322e-25
9.151519153142188575e-25
9.057442418557364419e-25
8.964028128281718936e-25
8.871269725959694572e-25
8.779161034494011369e-25
8.687695629029567275e-25
8.596867455871125627e-25
8.506670220560937612e-25
8.417097703263015176e-25
8.328142312968576411e-25
8.239796550839489212e-25
8.152052711602633713e-25
8.064903463674962028e-25
7.978341272439727739e-25
7.892358968000247283e-25
7.806949183443826589e-25
7.722104909517440679e-25
7.637818940750854830e-25
7.554084421499602223e-25
7.470894305588745826e-25
7.388241888268155931e-25
7.306120277683786713e-25
7.224522916089902427e-25
7.143443062727285939e-25
7.062874303881621479e-25
6.982810044980102522e-25
6.903244013373674395e-25
6.824169758130350306e-25
6.745580785097128194e-25
6.667469008916027765e-25
6.589826323804469590e-25
6.512644483895486031e-25
6.435915576876887510e-25
6.359631553380461725e-25
6.283784688406695667e-25
6.208367122440749645e-25
6.133371314969949311e-25
6.058789593511675121e-25
5.984614596677534831e-25
5.910838833032943529e-25
5.837455116624311034e-25
5.764456132738592863e-25
5.691834864591295507e-25
5.619584170909540794e-25
5.547697201936006693e-25
5.476166984914776825e-25
5.404986830942989697e-25
5.334149931808683286e-25
5.263649414241867763e-25
5.193476932067321766e-25
5.123624095800523529e-25
5.054082431544717568e-25
4.984843757996301332e-25
4.915899811888193483e-25
4.847242616769809951e-25
4.778864114333538078e-25
4.710756527419969022e-25
4.642911998834651287e-25
4.575322943698893049e-25
4.507981701537717417e-25
4.440880875735423768e-25
4.374012996942129243e-25
4.307370852562024197e-25
4.240947159228586288e-25
4.174734883633663325e-25
4.108726924743918578e-25
4.042916423446312723e-25
3.977296455529041783e-25
3.911860380063096811e-25
3.846601683597428153e-25
3.781514124490130717e-25
3.716591397651293416e-25
3.651827415310363019e-25
3.587216029211295604e-25
3.522751301519728227e-25
3.458427236111406623e-25
3.394238041506562769e-25
3.330177870976033352e-25
3.266241075040248690e-25
3.202421952210132612e-25
3.138714991711057346e-25
3.075114633766662307e-25
3.011615503800427177e-25
2.948212179834429692e-25
2.884899419098928305e-25
2.821671934973852906e-25
2.758524613073959272e-25
2.695452298420420284e-25
2.632449980879174924e-25
2.569512525705149111e-25
2.506634939465959945e-25
2.443812194483179346e-25
2.381039419928441124e-25
2.318311713933874948e-25
2.255624325108164509e-25
2.192972474954957568e-25
2.130351528869419210e-25
2.067756827888710163e-25
2.005183850993531170e-25
1.942628056522793575e-25
1.880085034604891657e-25
1.817550357502091359e-25
1.755019723901083403e-25
1.692488817645162009e-25
1.629953442735279854e-25
1.567409392429179856e-25
1.504852573706523423e-25
1.442278886000515420e-25
1.379684853126892504e-25
1.317069044595780746e-25
1.254430610144343077e-25
1.191768657484087368e-25
1.129082350499667304e-25
1.066370815593400699e-25
1.003633230244392440e-25
9.408687391379220687e-26
8.780765331870671612e-26
8.152557750555770401e-26
7.524056690093914798e-26
6.895253955535885366e-26
6.266141719857515454e-26
5.636711965257966416e-26
5.006956993112705253e-26
4.376868961980476077e-26
3.746440299850509169e-26
3.115663340216081551e-26
2.484530636966875520e-26
1.853034696598598396e-26
1.221166091452360668e-26
5.889070254167899625e-27
-4.376213086477582204e-28
-6.768607932971243125e-27
-1.310408145006884604e-26
-1.944423109622530207e-26
-2.578924432386008010e-26
-3.213930552953045317e-26
-3.849459786410499965e-26
-4.485530096113611545e-26
-5.122159375091082932e-26
-5.759365117405297515e-26
-6.397164800873804967e-26
-7.035575457493625341e-26
-7.674614158029956615e-26
-8.314297479362503577e-26
-8.954642091144681563e-26
-9.595664121858889720e-26
-1.023737984749091622e-25
-1.087980495353410432e-25
-1.152294513298591353e-25
-1.216676492001838452e-25
-1.281121961770248191e-25
-1.345626460420262852e-25
-1.410185632449408798e-25
-1.474795123139965302e-25
-1.539450688246933794e-25
-1.604148077177394347e-25
-1.668883154000689120e-25
-1.733651769559711350e-25
-1.798449893108935255e-25
-1.863273474155799359e-25
-1.928118584403826306e-25
-1.992981268985397883e-25
-2.057857699228741188e-25
-2.122744013168135295e-25
-2.187636479258958418e-25
-2.252531325931401480e-25
-2.317424916083354588e-25
-2.382313565379698222e-25
-2.447193812560219831e-25
-2.512062475055743156e-25
-2.576916591198590663e-25
-2.641753133186516334e-25
-2.706569214048212391e-25
-2.771361874262176644e-25
-2.836128299651822886e-25
-2.900865597147965476e-25
-2.965571023208742739e-25
-3.030241749062535560e-25
-3.094875099754146659e-25
-3.159468308647681432e-25
-3.224018768231956231e-25
-3.288523772125985204e-25
-3.352980778412790835e-25
-3.417387139077451549e-25
-3.481740375394815657e-25
-3.546037896479865899e-25
-3.610277285346937073e-25
-3.674456005540774484e-25
-3.738571152436319870e-25
-3.802617517474571170e-25
-3.866589563800970143e-25
-3.930481661658609891e-25
-3.994288407613594892e-25
-4.058004298105177178e-25
-4.121624060183131565e-25
-4.185142313254568468e-25
-4.248553911516356614e-25
-4.311853595142611064e-25
-4.375036343341542902e-25
-4.438097013140674159e-25
-4.501030705518496727e-25
-4.563832391701455255e-25
-4.626497291151093820e-25
-4.689020486694137283e-25
-4.751397314703531266e-25
-4.813622967192975329e-25
-4.875692893603053885e-25
-4.937602392976138974e-25
-4.999347008542653177e-25
-5.060922055395127075e-25
-5.122323097891767698e-25
-5.183545537754239040e-25
-5.244585048857026553e-25
-5.305437134219215433e-25
-5.366097575225710585e-25
-5.426561973534845482e-25
-5.486826215926984027e-25
-5.546886001471146477e-25
-5.606737319636595598e-25
-5.666375964882337932e-25
-5.725798027438839168e-25
-5.784999394465705237e-25
-5.843976254513669613e-25
-5.902724586667054403e-25
-5.961240676950765745e-25
-6.019520594057590919e-25
-6.077560718865642034e-25
-6.135357208314080320e-25
-6.192906383786559845e-25
-6.250203728374874249e-25
-6.307244905051235100e-25
-6.364025348110921576e-25
-6.420540830711898006e-25
-6.476786890472001847e-25
-6.532759410393421324e-25
-6.588454028474553381e-25
-6.643866734235318165e-25
-6.698993266139055152e-25
-6.753829717320892189e-25
-6.808371923827608207e-25
-6.862616082599486700e-25
-6.916558126130205567e-25
-6.970194352063587717e-25
-7.023520788050380474e-25
-7.076533831494873677e-25
-7.129229602116816331e-25
-7.181604596165967753e-25
-7.233655025869167006e-25
-7.285377595145837984e-25
-7.336769159325412696e-25
-7.387827068012041114e-25
-7.438548361530510926e-25
-7.488930468770954858e-25
-7.538970503246980887e-25
-7.588665972641049212e-25
-7.638014061896418557e-25
-7.687012357086547210e-25
-7.735658113521842851e-25
-7.783948993640680712e-25
-7.831882323423423856e-25
-7.879455840853400210e-25
-7.926666938789955263e-25
-7.973513430288675811e-25
-8.019992777179371564e-25
-8.066102866686731079e-25
-8.111841227114750319e-25
-8.157205817879174851e-25
-8.202194234697324227e-25
-8.246804854210892011e-25
-8.291037060936080636e-25
-8.334891004868799636e-25
-8.378366439587292880e-25
-8.421463541168258573e-25
-8.464182084096580565e-25
-8.506522271550146459e-25
-8.548483897541629808e-25
-8.590067190405869344e-25
-8.631271963335910963e-25
-8.672098469077305819e-25
-8.712546542556307926e-25
-8.752616463087478483e-25
-8.792308085621099820e-25
-8.831621715092306584e-25
-8.870557226657096764e-25
-8.909114953090739543e-25
-8.947294787384046258e-25
-8.985097089249942186e-25
-9.022521770090968112e-25
-9.059569478291236975e-25
-9.096241456954489215e-25
-9.132539681244529105e-25
-9.168465644358075441e-25
-9.204021311846162138e-25
-9.239208165399480923e-25
-9.274028164088238420e-25
-9.308482775571661714e-25
-9.342573953653636208e-25
-9.376303153413492725e-25
-9.409672322616616885e-25
-9.442682903133427038e-25
-9.475336836501504836e-25
-9.507635553188760368e-25
-9.539580988533961946e-25
-9.571174562810614699e-25
-9.602418205659814391e-25
-9.633313325590841748e-25
-9.663861846842191110e-25
-9.694065166882174760e-25
-9.723925511729982594e-25
-9.753445797188318713e-25
-9.782629755665451848e-25
-9.811480564332095862e-25
-9.840001912054496922e-25
-9.868196929058073444e-25
-9.896069262738530885e-25
-9.923621995097280277e-25
-9.950858734006321745e-25
-9.977782517688629799e-25
-1.000439691239187246e-24
-1.003070491237044599e-24
-1.005671004531663574e-24
-1.008241526061521943e-24
-1.010782404616512601e-24
-1.013293930769584441e-24
-1.015776449492532688e-24
-1.018230247109937959e-24
-1.020655664880947365e-24
-1.023052984806605160e-24
-1.025422574638028987e-24
-1.027764862080979079e-24
-1.030080359164295122e-24
-1.032369516258220214e-24
-1.034632838165001911e-24
-1.036870767616813057e-24
-1.039083802418157622e-24
-1.041272377838113469e-24
-1.043436984526066719e-24
-1.045578050426727503e-24
-1.047696059295303635e-24
-1.049791431946092982e-24
-1.051864645302101703e-24
-1.053916112824045045e-24
-1.055946304863451791e-24
-1.057955627909893389e-24
-1.059944545675136230e-24
-1.061913457448793026e-24
-1.063862820620122866e-24
-1.065793027624359270e-24
-1.067704561917051011e-24
-1.069597971074142145e-24
-1.071473892361000952e-24
-1.073332895454223714e-24
-1.075175607869751992e-24
-1.077002588800047504e-24
-1.078814455876421753e-24
-1.080611758110187762e-24
-1.082395103462314086e-24
-1.084165030746115632e-24
-1.085922138391229578e-24
-1.087666955463078684e-24
-1.089400071158734052e-24
-1.091122004239926667e-24
-1.092833334845181370e-24
-1.094534571981360623e-24
-1.096226286765823358e-24
-1.097908978709914672e-24
-1.099583209949118670e-24
-1.101249470484067245e-24
-1.102908326378162366e-24
-1.104560321523776014e-24
-1.106206075707348258e-24
-1.107846135057284147e-24
-1.109481109560093754e-24
-1.111111534828140420e-24
-1.112738010911976198e-24
-1.114361062981734770e-24
-1.115981281522282809e-24
-1.117599181510454547e-24
-1.119215343972194083e-24
-1.120830273943467555e-24
-1.122444542965702114e-24
-1.124058646041140199e-24
-1.125673145476855398e-24
-1.127288526881184349e-24
-1.128905343221308073e-24
-1.130524070581349636e-24
-1.132145252977620181e-24
-1.133769357104184148e-24
-1.135396919775516278e-24
-1.137028407081708705e-24
-1.138664355225181058e-24
-1.140305222781208740e-24
-1.141951537118388412e-24
-1.143603747685971250e-24
-1.145262373241170113e-24
-1.146927854240751229e-24
-1.148600700684758847e-24
-1.150281344259024258e-24
-1.151970286513174964e-24
-1.153667950434611444e-24
-1.155374829401364182e-24
-1.157091337428412193e-24
-1.158817959903431989e-24
-1.160555102361373296e-24
-1.162303242228774648e-24
-1.164062776496744222e-24
-1.165834174785737072e-24
-1.167617825742276588e-24
-1.169414141358619249e-24
-1.171223253839792586e-24
-1.173045321774679308e-24
-1.174880424460734074e-24
-1.176728718179915397e-24
-1.178590279640393021e-24
-1.180465263001025807e-24
-1.182353741885739788e-24
-1.184255868131576852e-24
-1.186171712590085319e-24
-1.188101424441677907e-24
-1.190045072199000336e-24
-1.192002802799118660e-24
-1.193974681836168388e-24
-1.195960853990707232e-24
-1.197961382246351580e-24
-1.199976408974956462e-24
-1.202005994448315047e-24
-1.204050278643593557e-24
-1.206109319201060691e-24
-1.208183293662724566e-24
-1.210272457180304394e-24
-1.212377183226611410e-24
-1.214497760324939190e-24
-1.216634555738423326e-24
-1.218787851328519956e-24
-1.220958008024794864e-24
-1.223145300996743234e-24
-1.225350084894457110e-24
-1.227572628559257570e-24
-1.229813280709196805e-24
-1.232072303876373697e-24
-1.234350040716548459e-24
-1.236646747392194266e-24
-1.238962760798249758e-24
-1.241298330727134631e-24
-1.243653788243737235e-24
-1.246029376995952848e-24
-1.248425422470951697e-24
-1.250842162028248376e-24
-1.253279836200338709e-24
-1.255738280363033505e-24
-1.258217337059437893e-24
-1.260716763789555299e-24
-1.263236405342548682e-24
-1.265776021028526464e-24
-1.268335457531568335e-24
-1.270914475839057586e-24
-1.273512924775372878e-24
-1.276130567010789766e-24
-1.278767253570281762e-24
-1.281422748648053115e-24
-1.284096905380645574e-24
-1.286789489396826406e-24
-1.289500355450967481e-24
-1.292229270721606717e-24
-1.294976091802263404e-24
-1.297740587295152668e-24
-1.300522615558944585e-24
-1.303321946462439341e-24
-1.306138413471024227e-24
-1.308971654958752602e-24
-1.311821374600182195e-24
-1.314687187551227314e-24
-1.317568801752465296e-24
-1.320465835910638724e-24
-1.323378002097201817e-24
-1.326304922436819633e-24
-1.329246312928088060e-24
-1.332201799123643457e-24
-1.335171100958424746e-24
-1.338153847248707128e-24
-1.341149761819432921e-24
-1.344158476571162912e-24
-1.347179719199942150e-24
-1.350213124698554537e-24
-1.353258424459076336e-24
-1.356315256635839709e-24
-1.359383356143990079e-24
-1.362462364075615783e-24
-1.365552033805290496e-24
-1.368652082652602924e-24
-1.371762340331719130e-24
-1.374882540397015198e-24
-1.378012514778153269e-24
-1.381151998500247367e-24
-1.384300825667578634e-24
-1.387458732688107688e-24
-1.390625555922631911e-24
-1.393801033127875977e-24
-1.396985002838014101e-24
-1.400177204223720763e-24
-1.403377478033965186e-24
-1.406585564687536038e-24
-1.409801307196031906e-24
-1.413024447242107821e-24
-1.416254830114744920e-24
-1.419492198758367442e-24
-1.422736400682990102e-24
-1.425987180066427524e-24
-1.429244295951998484e-24
-1.432507041417644983e-24
-1.435774729019974994e-24
-1.439046570075803349e-24
-1.442321887314421502e-24
-1.445599901232946782e-24
-1.448879944670024732e-24
-1.452161247324714557e-24
-1.455443152010227647e-24
-1.458724897427252032e-24
-1.462005836330257866e-24
-1.465285216283897655e-24
-1.468562399877085167e-24
-1.471836643547946768e-24
-1.475107319605787864e-24
-1.478373693260002202e-24
-1.481635146407078342e-24
-1.484890953102807110e-24
-1.488140504716992101e-24
-1.491383083940680030e-24
-1.494618156121454812e-24
-1.497845333372257366e-24
-1.501064408887123282e-24
-1.504275062548403324e-24
-1.507477091354680245e-24
-1.510670178277327085e-24
-1.513854124116039109e-24
-1.517028615008648246e-24
-1.520193455829086732e-24
-1.523348335789928905e-24
-1.526493063530892051e-24
-1.529627331658240352e-24
-1.532750952755927573e-24
-1.535863622801184150e-24
-1.538965158348365727e-24
-1.542055258376254097e-24
-1.545133743746159636e-24
-1.548200316966177007e-24
-1.551254802788528970e-24
-1.554296907310423028e-24
-1.557326422858755365e-24
-1.560342876441853598e-24
-1.563345883605932342e-24
-1.566334941289584503e-24
-1.569309672274065876e-24
-1.572269580222211966e-24
-1.575214295037976468e-24
-1.578143327168258946e-24
-1.581056313763336263e-24
-1.583952772125594529e-24
-1.586832346511917090e-24
-1.589694560782525449e-24
-1.592539066525249413e-24
-1.595365394725166885e-24
-1.598173204286675260e-24
-1.600962032999694834e-24
-1.603731546653495251e-24
-1.606481290034818544e-24
-1.609210936206382064e-24
-1.611920036828941095e-24
-1.614608291755153706e-24
-1.617275355404662981e-24
-1.619921030503727793e-24
-1.622544995659414452e-24
-1.625147059507695924e-24
-1.627726906004551627e-24
-1.630284349686860312e-24
-1.632819079613295090e-24
-1.635330916120917345e-24
-1.637819553543911571e-24
-1.640284817738559351e-24
-1.642726408704207406e-24
-1.645144157759525856e-24
-1.647537770338331784e-24
-1.649907083721152312e-24
-1.652251808585786027e-24
-1.654571787760879960e-24
-1.656866737448737110e-24
-1.659136506569765945e-24
-1.661380816807390787e-24
-1.663599570428759502e-24
-1.665792733203703611e-24
-1.667960450438415653e-24
-1.670102737269313204e-24
-1.672219740879054312e-24
-1.674311477937739830e-24
-1.676378097482442877e-24
-1.678419617840301387e-24
-1.680436189732860863e-24
-1.682427833029647051e-24
-1.684394700248389474e-24
-1.686336812769566766e-24
-1.688254325421533247e-24
-1.690147260821245814e-24
-1.692015775718270224e-24
-1.693859894092731275e-24
-1.695679774849229253e-24
-1.697475443482950196e-24
-1.699247060591770859e-24
-1.700994653462187407e-24
-1.702718371256858736e-24
-1.704418175307838298e-24
-1.706094150549649036e-24
-1.707746246853127177e-24
-1.709374552125894915e-24
-1.710979019202181082e-24
-1.712559738727924534e-24
-1.714116665876918102e-24
-1.715649894386895801e-24
-1.717159381656049810e-24
-1.718645223976769364e-24
-1.720107381588055392e-24
-1.721545953530985690e-24
-1.722960902619548786e-24
-1.724352330126257893e-24
-1.725720201183923573e-24
-1.727064619894797568e-24
-1.728385553589422230e-24
-1.729683108759268753e-24
-1.730957254961670230e-24
-1.732208159200317273e-24
-1.733436083478447240e-24
-1.734641485203768055e-24
-1.735824681960228390e-24
-1.736986128993074353e-24
-1.738126141081482113e-24
-1.739245170859144225e-24
-1.740343530294809865e-24
-1.741421669967183748e-24
-1.742479899137649522e-24
-1.743518666135743421e-24
-1.744538277351898465e-24
-1.745539178577397120e-24
-1.746521673550936044e-24
-1.747486205367545740e-24
-1.748433074936380131e-24
-1.749362723155566653e-24
-1.750275447932175593e-24
-1.751171687419182227e-24
-1.752051736623216367e-24
-1.752916037584177805e-24
-1.753764915809171869e-24
-1.754598843836328671e-24
-1.755418150407147548e-24
-1.756223304581683887e-24
-1.757014631297070784e-24
-1.757792596470998330e-24
-1.758557521351018931e-24
-1.759309868699790332e-24
-1.760049956132764084e-24
-1.760778242728757330e-24
-1.761495042312539602e-24
-1.762200810507540724e-24
-1.762895857269918809e-24
-1.763580634790167205e-24
-1.764255448995265222e-24
-1.764920748437702537e-24
-1.765576835456064323e-24
-1.766224154864846099e-24
-1.766863004912165428e-24
-1.767493856396324909e-24
-1.768117154079515334e-24
-1.768733513727137717e-24
-1.769343404278580377e-24
-1.769947435224968295e-24
-1.770546069468953244e-24
-1.771139910188636568e-24
-1.771729413842895802e-24
-1.772315177714756775e-24
-1.772897651739911893e-24
-1.773477426707197997e-24
-1.774054946648387852e-24
-1.774630796076557833e-24
-1.775205412546483323e-24
-1.775779374404880920e-24
-1.776353112949722595e-24
-1.776927200203973454e-24
-1.777502061138142354e-24
-1.778078261454189895e-24
-1.778656219790683185e-24
-1.779236472689043036e-24
-1.779819317784221978e-24
-1.780405171429381084e-24
-1.780994303540002107e-24
-1.781587125619529282e-24
-1.782183903177711741e-24
-1.782785042504943328e-24
-1.783390804467530615e-24
-1.784001590328529738e-24
-1.784617656433515666e-24
-1.785239399219581866e-24
-1.785867070380276330e-24
-1.786501061196682633e-24
-1.787141618715149402e-24
-1.787789129527085459e-24
-1.788443835783278678e-24
-1.789106119298369283e-24
-1.789776216874818135e-24
-1.790454505561606383e-24
-1.791141217244124427e-24
-1.791836748824863416e-24
-1.792541451643205719e-24
-1.793255841729352118e-24
-1.793980288539459020e-24
-1.794715301481669779e-24
-1.795461243410330162e-24
-1.796218616865130360e-24
-1.796987778358574160e-24
-1.797769223780105236e-24
-1.798563302720727455e-24
-1.799370504714868158e-24
-1.800191172410246444e-24
-1.801025789202748687e-24
-1.801874690677279075e-24
-1.802738353904654834e-24
-1.803617107699039956e-24
-1.804511422769952684e-24
-1.805421621371105037e-24
-1.806348167827589158e-24
-1.807291377646406913e-24
-1.808251660704447491e-24
-1.809229084791098818e-24
-1.810223814260166179e-24
-1.811235864824881862e-24
-1.812265397820587738e-24
-1.813312425362744822e-24
-1.814377105597194203e-24
-1.815459446766567288e-24
-1.816559604059027671e-24
-1.817677581979702265e-24
-1.818813532415890117e-24
-1.819967456152738436e-24
-1.821139501736780670e-24
-1.822329666301405969e-24
-1.823538095025609933e-24
-1.824764781205132449e-24
-1.826009866696118420e-24
-1.827273341116272969e-24
-1.828555342872327028e-24
-1.829855857781880645e-24
-1.831175022450768103e-24
-1.832512826593422647e-24
-1.833869411114983394e-24
-1.835244763544991874e-24
-1.836639021166698826e-24
-1.838052167606088383e-24
-1.839484336661126370e-24
-1.840935507820563738e-24
-1.842405811656885484e-24
-1.843895223308411436e-24
-1.845403870164968658e-24
-1.846931723187880493e-24
-1.848478906457872184e-24
-1.850045386678400988e-24
-1.851631284751998888e-24
-1.853236563169805623e-24
-1.854861339622661266e-24
-1.856505572294044429e-24
-1.858169375724468485e-24
-1.859852703959991887e-24
-1.861555631308904477e-24
-1.863277923313145449e-24
-1.865019467642845654e-24
-1.866779990669014358e-24
-1.868559378911796289e-24
-1.870357356752945419e-24
-1.872173809640676483e-24
-1.874008459675160345e-24
-1.875861191440855920e-24
-1.877731724753145541e-24
-1.879619942995597215e-24
-1.881525564084502437e-24
-1.883448470108790063e-24
-1.885388376825700175e-24
-1.887345165372886582e-24
-1.889318549248922888e-24
-1.891308408580489637e-24
-1.893314454649287925e-24
-1.895336566597932097e-24
-1.897374453600676772e-24
-1.899427970987798624e-24
-1.901496712702779062e-24
-1.903580420166614137e-24
-1.905678663894073472e-24
-1.907791185269701038e-24
-1.909917554300368410e-24
-1.912057512512939966e-24
-1.914210629248038023e-24
-1.916376646205613358e-24
-1.918555131958749619e-24
-1.920745828555832843e-24
-1.922948303763644981e-24
-1.925162300077100497e-24
-1.927387384593282740e-24
-1.929623300174455875e-24
-1.931869613505451871e-24
-1.934126067526214497e-24
-1.936392228777575463e-24
-1.938667840500379743e-24
-1.940952468954164717e-24
-1.943245856071865247e-24
-1.945547559406108911e-24
-1.947857313070787450e-24
-1.950174672732129641e-24
-1.952499373316441858e-24
-1.954830970441184924e-24
-1.957169200013325416e-24
-1.959513617564226543e-24
-1.961863960028440084e-24
-1.964219783089779478e-24
-1.966580824916099463e-24
-1.968946641253956223e-24
-1.971316971733645102e-24
-1.973691372275030923e-24
-1.976069583976424416e-24
-1.978451163081122534e-24
-1.980835852226287047e-24
-1.983223208311816299e-24
-1.985612975546279152e-24
-1.988004711770700073e-24
-1.990398136657841604e-24
-1.992792678244423994e-24
-1.995187927924650951e-24
-1.997583290179609510e-24
-1.999978359438694078e-24
-2.002372542869847411e-24
-2.004765438551138872e-24
-2.007156456082667438e-24
-2.009545197373755209e-24
-2.011931074738489130e-24
-2.014313694010761394e-24
-2.016692470516969383e-24
-2.019067014105234743e-24
-2.021436743132054562e-24
-2.023801271679653954e-24
-2.026160021539890207e-24
-2.028512611071964020e-24
-2.030858465600179896e-24
-2.033197207960339877e-24
-2.035528267316454477e-24
-2.037851267503553607e-24
-2.040165623780235809e-24
-2.042470947435733620e-24
-2.044766653796797803e-24
-2.047052359892087003e-24
-2.049327485290623301e-24
-2.051591652534592656e-24
-2.053844285487647190e-24
-2.056085012609400402e-24
-2.058313262337063469e-24
-2.060528669181021104e-24
-2.062730666399776765e-24
-2.064918894729888136e-24
-2.067092792346100782e-24
-2.069252006515613820e-24
-2.071395980274914962e-24
-2.073524367676331206e-24
-2.075636617024908597e-24
-2.077732389189024127e-24
-2.079811137993697273e-24
-2.081872567055734830e-24
-2.083916314211497185e-24
-2.085942268277644991e-24
-2.087950106703088934e-24
-2.089939723829608091e-24
-2.091910801298990927e-24
-2.093863239018842681e-24
-2.095796723106718924e-24
-2.097711158992256180e-24
-2.099606237529618587e-24
-2.101481869754885097e-24
-2.103337751341674691e-24
-2.105173799182300196e-24
-2.106989713711014797e-24
-2.108785418137840773e-24
-2.110560617631130929e-24
-2.112315241849755878e-24
-2.114049000795087738e-24
-2.115761830761326978e-24
-2.117453446552150094e-24
-2.119123771732082011e-24
-2.120772427730515571e-24
-2.122399247269746189e-24
-2.124003838147737485e-24
-2.125586041045759575e-24
-2.127145470127897898e-24
-2.128681973936257084e-24
-2.130195173023034216e-24
-2.131684923968622904e-24
-2.133150853681683892e-24
-2.134592826817103158e-24
-2.136010476803977020e-24
-2.137403676528342692e-24
-2.138772065822533807e-24
-2.140115525716292689e-24
-2.141433702827977901e-24
-2.142726486156156744e-24
-2.143993529093738415e-24
-2.145234728721125752e-24
-2.146449745156376601e-24
-2.147638527601280254e-24
-2.148800963909743613e-24
-2.149937230781199547e-24
-2.151047264881010135e-24
-2.152131248424076594e-24
-2.153189122337593650e-24
-2.154221074360536960e-24
-2.155227049541524766e-24
-2.156207240896410253e-24
-2.157161597878463566e-24
-2.158090318751754661e-24
-2.158993356974502244e-24
-2.159870916449496304e-24
-2.160722954435296457e-24
-2.161549680047235783e-24
-2.162351054267791510e-24
-2.163127291458800942e-24
-2.163878356192169877e-24
-2.164604467924889068e-24
-2.165305594866773944e-24
-2.165981971054728462e-24
-2.166633618786088563e-24
-2.167260826230639571e-24
-2.167863628635975221e-24
-2.168442318036047418e-24
-2.168996932560823392e-24
-2.169527767773837364e-24
-2.170034864566751238e-24
-2.170518521992266586e-24
-2.170978783417970695e-24
-2.171415951264313107e-24
-2.171830071063514650e-24
-2.172221448733819979e-24
-2.172590131576267333e-24
-2.172936428592226887e-24
-2.173260388754342745e-24
-2.173562324173275270e-24
-2.173842285526496106e-24
-2.174100587199678078e-24
-2.174337281521142400e-24
-2.174552725551930685e-24
-2.174747173703354435e-24
-2.174921185135997616e-24
-2.175075053261234370e-24
-2.175209336601037110e-24
-2.175324327379358769e-24
-2.175420583273102258e-24
-2.175498394820235413e-24
-2.175558319035646236e-24
-2.175600644256072942e-24
-2.175625926675730684e-24
-2.175634452325062373e-24
-2.175626776395383708e-24
-2.175603182265367443e-24
-2.175564223831687921e-24
-2.175510181576232843e-24
-2.175441607935699710e-24
-2.175358780259351002e-24
-2.175262249032258703e-24
-2.175152288643826517e-24
-2.175029424631013626e-24
-2.174893813382527757e-24
-2.174745863955632910e-24
-2.174585707409664170e-24
-2.174413751648168320e-24
-2.174230125252638640e-24
-2.174035234832063209e-24
-2.173829206267213891e-24
-2.173612444556244123e-24
-2.173385072430478489e-24
-2.173147493241808221e-24
-2.172899826486168027e-24
-2.172642473438771593e-24
-2.172375550432091884e-24
-2.172099456279077548e-24
-2.171814303376457282e-24
-2.171520488296061919e-24
-2.171218119760227954e-24
-2.170907591324550737e-24
-2.170589008097003384e-24
-2.170262798706925979e-24
-2.169929255582673025e-24
-2.169588994218745882e-24
-2.169242338893774159e-24
-2.168889899264860433e-24
-2.168531993041963430e-24
-2.168169224074952333e-24
-2.167801903158365827e-24
-2.167430628244228185e-24
-2.167055703023756749e-24
-2.166677719354759042e-24
-2.166296973987517526e-24
-2.165914052106580703e-24
-2.165529243441442984e-24
-2.165143126598855378e-24
-2.164755983974810791e-24
-2.164368387487541458e-24
-2.163980612079313626e-24
-2.163593222726548536e-24
-2.163206487016976195e-24
-2.162820938450909937e-24
-2.162436715147508126e-24
-2.162054222218238181e-24
-2.161673567403090295e-24
-2.161295149502127495e-24
-2.160919070210038850e-24
-2.160545721886061803e-24
-2.160175200106635691e-24
-2.159807890868157240e-24
-2.159443883377464506e-24
-2.159083557420450216e-24
-2.158726995389689552e-24
-2.158374571006692172e-24
-2.158026359734668914e-24
-2.157682728824113481e-24
-2.157343747228823971e-24
-2.157009775467084024e-24
-2.156680875798035779e-24
-2.156357401912660095e-24
-2.156039409618564774e-24
-2.155727262716568736e-24
-2.155421095574689751e-24
-2.155121349743131725e-24
-2.154828169333499878e-24
-2.154541987746484966e-24
-2.154262941645693511e-24
-2.153991456430850336e-24
-2.153727661120419643e-24
-2.153471972866955969e-24
-2.153224513337919633e-24
-2.152985691383267023e-24
-2.152755621414462440e-24
-2.152534703913058478e-24
-2.152323045982581261e-24
-2.152121040067400837e-24
-2.151928785658300938e-24
-2.151746667300040844e-24
-2.151574776930723045e-24
-2.151413490896639103e-24
-2.151262893684731098e-24
-2.151123296932352105e-24
-2.150994493556332452e-24
-2.150876504594898614e-24
-2.150769061522791105e-24
-2.150672180655031773e-24
-2.150585588983832730e-24
-2.150509298330555854e-24
-2.150443031227888177e-24
-2.150386795114784802e-24
-2.150340307807752815e-24
-2.150303572214615162e-24
-2.150276301899246732e-24
-2.150258495399870339e-24
-2.150249861819029204e-24
-2.150250395369288927e-24
-2.150259800820899115e-24
-2.150278068113315692e-24
-2.150304897959609186e-24
-2.150340275724972274e-24
-2.150383898279420045e-24
-2.150435785029455427e-24
-2.150495822023810608e-24
-2.150564216661193207e-24
-2.150640887536367622e-24
-2.150726036221002468e-24
-2.150819575151926622e-24
-2.150921700137145365e-24
-2.151032318045667483e-24
-2.151151618533873671e-24
-2.151279503232468663e-24
-2.151416155955433747e-24
-2.151561472882123013e-24
-2.151715632482396433e-24
-2.151878525466734507e-24
-2.152050325070567146e-24
-2.152230916544606933e-24
-2.152420468183729145e-24
-2.152618860232090294e-24
-2.152826256046375235e-24
-2.153042530645183933e-24
-2.153267758580899837e-24
-2.153501389026923569e-24
-2.153743072845651187e-24
-2.153992174760755179e-24
-2.154248345720997378e-24
-2.154510950771637607e-24
-2.154779641257085220e-24
-2.155053782501561382e-24
-2.155333026710098207e-24
-2.155616739193810832e-24
-2.155904573250548796e-24
-2.156195894654048179e-24
-2.156490357911883269e-24
-2.156787329472617208e-24
-2.157086465110133654e-24
-2.157387132373528825e-24
-2.157688988454048243e-24
-2.157991402240193777e-24
-2.158294032704383173e-24
-2.158596250301745539e-24
-2.158897768301962954e-24
-2.159198221646839415e-24
-2.159497586617524682e-24
-2.159795550422977852e-24
-2.160092088811321142e-24
-2.160386888320814775e-24
-2.160679924686683221e-24
-2.160970883764966151e-24
-2.161259741447096173e-24
-2.161546183801119976e-24
-2.161830186612694778e-24
-2.162111436636452947e-24
-2.162389909776134885e-24
-2.162665293844130898e-24
-2.162937564995338613e-24
-2.163206412361310872e-24
-2.163471812716391886e-24
-2.163733456449126239e-24
-2.163991321582078859e-24
-2.164245100001036178e-24
-2.164494702381341073e-24
-2.164739479198505985e-24
-2.164979001502071488e-24
-2.165212556943725008e-24
-2.165439722401291783e-24
-2.165659791872082269e-24
-2.165872348598545134e-24
-2.166076692792206822e-24
-2.166272414798680490e-24
-2.166458821121031855e-24
-2.166635509405837895e-24
-2.166801792790306937e-24
-2.166957276625149363e-24
-2.167101280845765532e-24
-2.167233419028559094e-24
-2.167353018140605372e-24
-2.167459700374245205e-24
-2.167552799673122439e-24
-2.167631947191155257e-24
-2.167696484405287418e-24
-2.167746092100276862e-24
-2.167780322226561091e-24
-2.167799065894943654e-24
-2.167801921447918798e-24
-2.167788787016319560e-24
-2.167759266920272873e-24
-2.167713266460349653e-24
-2.167650396177193472e-24
-2.167570569005752610e-24
-2.167473401700290799e-24
-2.167358814938234717e-24
-2.167226432178043189e-24
-2.167076181844694285e-24
-2.166907694385515800e-24
-2.166720906117012475e-24
-2.166515454707813411e-24
-2.166291284413627338e-24
-2.166048040430235432e-24
-2.165785675078520799e-24
-2.165503841265860937e-24
-2.165202481516641032e-24
-2.164881166694652610e-24
-2.164539758360202041e-24
-2.164177818504756959e-24
-2.163795218389154660e-24
-2.163391529333652803e-24
-2.162966632340217515e-24
-2.162520108310900334e-24
-2.162051848099155667e-24
-2.161561442220892742e-24
-2.161048791538037844e-24
-2.160513496277962859e-24
-2.159955467286046291e-24
-2.159374314654286660e-24
-2.158769959233125045e-24
-2.158142021072647585e-24
-2.157490431086505971e-24
-2.156814819360951764e-24
-2.156115126850974620e-24
-2.155390993675237656e-24
-2.154642383564855603e-24
-2.153869010038084616e-24
-2.153070909769759226e-24
-2.152247818147909702e-24
-2.151399780939422648e-24
-2.150526542664167220e-24
-2.149628158173055673e-24
-2.148704381112555180e-24
-2.147755275280525209e-24
-2.146780603376546023e-24
-2.145780438104088048e-24
-2.144754551069656851e-24
-2.143703023782652996e-24
-2.142625636589465566e-24
-2.141522479833950102e-24
-2.140393342481856139e-24
-2.139238323437962534e-24
-2.138057220423304990e-24
-2.136850140744022612e-24
-2.135616890421719318e-24
-2.134357599632434352e-24
-2.133072155486578481e-24
-2.131760767995459435e-24
-2.130423346208950178e-24
-2.129060106469093103e-24
-2.127670964832455044e-24
-2.126256144026389422e-24
-2.124815566733415792e-24
-2.123349462166286069e-24
-2.121857759209293556e-24
-2.120340693151234510e-24
-2.118798198903541603e-24
-2.117230517576906205e-24
-2.115637590117777271e-24
-2.114019663041339041e-24
-2.112376682911978132e-24
-2.110708901587161182e-24
-2.109016271032000218e-24
-2.107299048069214752e-24
-2.105557189663113551e-24
-2.103790979642141426e-24
-2.102000489810132855e-24
-2.100186117905349960e-24
-2.098347960727391993e-24
-2.096486418267473914e-24
-2.094601589486759742e-24
-2.092693876717624171e-24
-2.090763380665258554e-24
-2.088810505438968846e-24
-2.086835353427197741e-24
-2.084838330166497863e-24
-2.082819539310416026e-24
-2.080779387818274729e-24
-2.078717980309085888e-24
-2.076635724473834582e-24
-2.074532725926690818e-24
-2.072409392666409441e-24
-2.070265830611073502e-24
-2.068102448031341445e-24
-2.065919351099327998e-24
-2.063716940860182398e-24
-2.061495289781142951e-24
-2.059254764185864635e-24
-2.056995430251358262e-24
-2.054717653845996992e-24
-2.052421501235685458e-24
-2.050107337465631553e-24
-2.047775228773154461e-24
-2.045425538852826779e-24
-2.043058333614742756e-24
-2.040673975276296994e-24
-2.038272529080455800e-24
-2.035854355331872878e-24
-2.033419518707307927e-24
-2.030968377025755806e-24
-2.028500994022340219e-24
-2.026017725187870811e-24
-2.023518632654786862e-24
-2.021004069206790363e-24
-2.018474095422897459e-24
-2.015929096535726686e-24
-2.013369307376663734e-24
-2.010795284227004010e-24
-2.008207292637501561e-24
-2.005605881958512657e-24
-2.002991312250790814e-24
-2.000364125716307279e-24
-1.997724576941818292e-24
-1.995073200888127573e-24
-1.992410246695898117e-24
-1.989736241959599480e-24
-1.987051429679375920e-24
-1.984356329821069631e-24
-1.981651179338949591e-24
-1.978936490538042292e-24
-1.976212493841173737e-24
-1.973479694010980628e-24
-1.970738314908117467e-24
-1.967988853360197320e-24
-1.965231526528523734e-24
-1.962466804736424283e-24
-1.959694806787352157e-24
-1.956915904256153473e-24
-1.954130192804713154e-24
-1.951338036903947652e-24
-1.948539527178082237e-24
-1.945735020889211769e-24
-1.942924603769818918e-24
-1.940108625956562477e-24
-1.937287167896378687e-24
-1.934460572846379446e-24
-1.931628915763225325e-24
-1.928792532897296516e-24
-1.925951493601556672e-24
-1.923106127325065305e-24
-1.920256497528156680e-24
-1.917402927197712970e-24
-1.914545473714095012e-24
-1.911684453083052964e-24
-1.908819916971291700e-24
-1.905952203199189380e-24
-1.903081501111345927e-24
-1.900208283920538150e-24
-1.897332761350040563e-24
-1.894455397052465195e-24
-1.891576392287966940e-24
-1.888696201175639300e-24
-1.885815016556735242e-24
-1.882933283104137743e-24
-1.880051184772369458e-24
-1.877169157567242907e-24
-1.874287376451568500e-24
-1.871406269380169661e-24
-1.868526002218667451e-24
-1.865646994372717285e-24
-1.862769402809387376e-24
-1.859893638263949257e-24
-1.857019849662744845e-24
-1.854148438802580386e-24
-1.851279546440441198e-24
-1.848413530252550638e-24
-1.845550343752243033e-24
-1.842690159223490312e-24
-1.839832889412877336e-24
-1.836978701860469114e-24
-1.834127504710025318e-24
-1.831279460652373498e-24
-1.828434473573331568e-24
-1.825592701571503745e-24
-1.822754044295121705e-24
-1.819918655317634532e-24
-1.817086430159176144e-24
-1.814257517780567549e-24
-1.811431810069727202e-24
-1.808609451666655320e-24
-1.805790330723064790e-24
-1.802974587635370161e-24
-1.800162107326332479e-24
-1.797353025632591747e-24
-1.794547224278018235e-24
-1.791744859411407884e-24
-1.788945930582364892e-24
-1.786150710166643221e-24
-1.783359216837468748e-24
-1.780571716996121521e-24
-1.777788223922118975e-24
-1.775008998609936976e-24
-1.772234049306518422e-24
-1.769463631436270950e-24
-1.766697748549991979e-24
-1.763936650785937703e-24
-1.761180337280779520e-24
-1.758429052865160224e-24
-1.755682792433468876e-24
-1.752941796080098229e-24
-1.750206054228542659e-24
-1.747475802441493749e-24
-1.744751027310247601e-24
-1.742031959636008258e-24
-1.739318582305028972e-24
-1.736611086020056737e-24
-1.733909269953559719e-24
-1.731213142370610614e-24
-1.728522466659511091e-24
-1.725837250477678571e-24
-1.723157257783617276e-24
-1.720482496137188883e-24
-1.717812729797168094e-24
-1.715147966303658731e-24
-1.712487970582592824e-24
-1.709832750293247283e-24
-1.707182071495086279e-24
-1.704535942036852532e-24
-1.701894129131140051e-24
-1.699256640947436210e-24
-1.696623246006519905e-24
-1.693993953596844808e-24
-1.691368533129417767e-24
-1.688746994960200751e-24
-1.686129110025351264e-24
-1.683514895770958063e-24
-1.680904155970783421e-24
-1.678296939523713581e-24
-1.675693057881960037e-24
-1.673092560725930940e-24
-1.670495260923220779e-24
-1.667901209417193611e-24
-1.665310220213235762e-24
-1.662722345600286448e-24
-1.660137401393850401e-24
-1.657555440862053998e-24
-1.654976282133655467e-24
-1.652399979838513882e-24
-1.649826353806791380e-24
-1.647255460616966410e-24
-1.644687122332957392e-24
-1.642121397136951166e-24
-1.639558109388216870e-24
-1.636997319113597240e-24
-1.634438853296719595e-24
-1.631882764555369163e-24
-1.629328836568699551e-24
-1.626777077898987734e-24
-1.624227266893321983e-24
-1.621679415187192623e-24
-1.619133304836717353e-24
-1.616588950721082526e-24
-1.614046138731034821e-24
-1.611504887170766888e-24
-1.608964985783607490e-24
-1.606426456152492854e-24
-1.603889092230763271e-24
-1.601352918932140068e-24
-1.598817734476803603e-24
-1.596283567186212206e-24
-1.593750219600706172e-24
-1.591217723487404302e-24
-1.588685885806776383e-24
-1.586154741840315755e-24
-1.583624103036149806e-24
-1.581093990150711278e-24
-1.578564129660637339e-24
-1.576034457088281056e-24
-1.573504687348702889e-24
-1.570974761392371246e-24
-1.568444400704155130e-24
-1.565913551626320110e-24
-1.563381942180876187e-24
-1.560849524197957043e-24
-1.558316032201607540e-24
-1.555781423478808358e-24
-1.553245439089298583e-24
-1.550708041762325538e-24
-1.548168979035598231e-24
-1.545628219114854964e-24
-1.543085515977580465e-24
-1.540540843290253859e-24
-1.537993961429934792e-24
-1.535444849441486793e-24
-1.532893274140705651e-24
-1.530339229215020847e-24
-1.527782534124872895e-24
-1.525223233705563430e-24
-1.522661162082340373e-24
-1.520096368251490694e-24
-1.517528691551408209e-24
-1.514958185150516253e-24
-1.512384693518058365e-24
-1.509808273916906006e-24
-1.507228775861413715e-24
-1.504646260593338782e-24
-1.502060582611273589e-24
-1.499471807078700636e-24
-1.496879793350701828e-24
-1.494284610424198456e-24
-1.491686122438773023e-24
-1.489084402061895337e-24
-1.486479318195410898e-24
-1.483870947009294503e-24
-1.481259162064369840e-24
-1.478644036849190255e-24
-1.476025419113431170e-24
-1.473403355548430006e-24
-1.470777692893917662e-24
-1.468148481690049120e-24
-1.465515573672828897e-24
-1.462879023043587947e-24
-1.460238686353795741e-24
-1.457594621370689060e-24
-1.454946689362409009e-24
-1.452294951493194167e-24
-1.449639273601609060e-24
-1.446979720081096106e-24
-1.444316161204701741e-24
-1.441648664469299649e-24
-1.438977104363255336e-24
-1.436301551379510895e-24
-1.433621884117903137e-24
-1.430938175846573423e-24
-1.428250309091998261e-24
-1.425558364045233013e-24
-1.422862248137937201e-24
-1.420162064999488373e-24
-1.417457729466670796e-24
-1.414749346969171289e-24
-1.412036835294290651e-24
-1.409320301573222838e-24
-1.406599666394511175e-24
-1.403875038383105207e-24
-1.401146340787945993e-24
-1.398413683572831837e-24
-1.395676992480892876e-24
-1.392936378664219407e-24
-1.390191770192551066e-24
-1.387443279268591656e-24
-1.384690836092314982e-24
-1.381934553762392886e-24
-1.379174364485792675e-24
-1.376410382101740838e-24
-1.373642540671004457e-24
-1.370870956799691010e-24
-1.368095577190089498e-24
-1.365316529719346904e-24
-1.362533764604445624e-24
-1.359747409739243577e-24
-1.356957416484290349e-24
-1.354163912626366979e-24
-1.351366850508402415e-24
-1.348566357693623465e-24
-1.345762387381871868e-24
-1.342955066749900910e-24
-1.340144349735538152e-24
-1.337330363022365756e-24
-1.334513061123180651e-24
-1.331692570101518729e-24
-1.328868844979490152e-24
-1.326042011052282336e-24
-1.323212023715405450e-24
-1.320379007423422613e-24
-1.317542917786627018e-24
-1.314703891527980488e-24
-1.311861950125697584e-24
-1.309017294271660295e-24
-1.306169957110086581e-24
-1.303320136661400031e-24
-1.300467864402700927e-24
-1.297613335585612872e-24
-1.294756579955530930e-24
-1.291897789960164500e-24
-1.289036993499576472e-24
-1.286174380130124727e-24
-1.283309975907674335e-24
-1.280443967449830584e-24
-1.277576378869042938e-24
-1.274707393815330689e-24
-1.271837034405898125e-24
-1.268965481282175828e-24
-1.266092754532371350e-24
-1.263219031739026423e-24
-1.260344330942953171e-24
-1.257468823564214333e-24
-1.254592510347931169e-24
-1.251715544514048730e-24
-1.248837922043473222e-24
-1.245959793375705156e-24
-1.243081152758279989e-24
-1.240202147849014279e-24
-1.237322771143319195e-24
-1.234443167555324828e-24
-1.231563327864198372e-24
-1.228683394154462710e-24
-1.225803355462086607e-24
-1.222923351113855465e-24
-1.220043368389103169e-24
-1.217163543820211400e-24
-1.214283863014647180e-24
-1.211404459713546141e-24
-1.208525317859921959e-24
-1.205646568396211396e-24
-1.202768193635433478e-24
-1.199890336905979722e-24
-1.197013054112500131e-24
-1.194136560264678169e-24
-1.191260923020497838e-24
-1.188386352948509784e-24
-1.185512914313676728e-24
-1.182640813298956951e-24
-1.179770110810921956e-24
-1.176901008738203777e-24
-1.174033564705101102e-24
-1.171167976364039096e-24
-1.168304298135114456e-24
-1.165442723519306703e-24
-1.162583303802009810e-24
-1.159726228416462217e-24
-1.156871545571070112e-24
-1.154019440714882055e-24
-1.151169959050715052e-24
-1.148323282176829128e-24
-1.145479452354164455e-24
-1.142638642599167185e-24
-1.139800868763763795e-24
-1.136966276677296361e-24
-1.134134875261647618e-24
-1.131306807293093898e-24
-1.128482079630920979e-24
-1.125660832062284320e-24
-1.122843069455365023e-24
-1.120028928675938660e-24
-1.117218412693811260e-24
-1.114411655535911990e-24
-1.111608658347544279e-24
-1.108809552412483474e-24
-1.106014337099344191e-24
-1.103223141054209633e-24
-1.100435961947918743e-24
-1.097652925876066264e-24
-1.094874028880712758e-24
-1.092099394581280915e-24
-1.089329017503362769e-24
-1.086563026647881206e-24
-1.083801453877853876e-24
-1.081044464223447145e-24
-1.078292095051691269e-24
-1.075544508231537168e-24
-1.072801738919944106e-24
-1.070063945919148118e-24
-1.067331162218318358e-24
-1.064603543627494235e-24
-1.061881121101310851e-24
-1.059164047560720394e-24
-1.056452351967605946e-24
-1.053746184435096787e-24
-1.051045572002284254e-24
-1.048350662060549377e-24
-1.045661479830841237e-24
-1.042978170062671861e-24
-1.040300756197481065e-24
-1.037629380429481336e-24
-1.034964064487826993e-24
-1.032304947118566249e-24
-1.029652043786957187e-24
-1.027005486230422848e-24
-1.024365287511063624e-24
-1.021731577100640050e-24
-1.019104366640709654e-24
-1.016483783433044688e-24
-1.013869837781893081e-24
-1.011262654782518394e-24
-1.008662243401113256e-24
-1.006068726660164305e-24
-1.003482112252879827e-24
-1.000902521157391704e-24
-9.983299598269598645e-25
-9.957645472270955569e-25
-9.932062886194883712e-25
-9.906553009851487699e-25
-9.881115884161132803e-25
-9.855752659807546901e-25
-9.830463366120577704e-25
-9.805249085962855104e-25
-9.780109593689710616e-25
-9.755045711744138517e-25
-9.730057159945442147e-25
-9.705144747669444053e-25
-9.680308189213426947e-25
-9.655548281058708908e-25
-9.630864732604252791e-25
-9.606258328004331088e-25
-9.581728772136685382e-25
-9.557276836631509522e-25
-9.532902221182706838e-25
-9.508605684709858110e-25
-9.484386921732441555e-25
-9.460246678709922731e-25
-9.436184644996029524e-25
-9.412201554464073559e-25
-9.388297091347536878e-25
-9.364471977100816962e-25
-9.340725890440811884e-25
-9.317059548019745522e-25
-9.293472662071579229e-25
-9.269965974763104618e-25
-9.246539199664753998e-25
-9.223193065576882920e-25
-9.199927279417336476e-25
-9.176742556289128822e-25
-9.153638596477021853e-25
-9.130616101559941507e-25
-9.107674765098410569e-25
-9.084815274902747399e-25
-9.062037317699095526e-25
-9.039341567471502229e-25
-9.016727703943015278e-25
-8.994196387256120257e-25
-8.971747290106890115e-25
-8.949381058843198721e-25
-8.927097359274086803e-25
-8.904896824009844523e-25
-8.882779112126710757e-25
-8.860744842999539268e-25
-8.838793669034942556e-25
-8.816926196574346688e-25
-8.795142071200718641e-25
-8.773441885755350633e-25
-8.751825279253441684e-25
-8.730292831381460814e-25
-8.708844175575927585e-25
-8.687479879786238697e-25
-8.666199570273947824e-25
-8.645003802049860650e-25
-8.623892195626052063e-25
-8.602865298092181923e-25
-8.581922734288690010e-25
-8.561065047751964715e-25
-8.540291850616920436e-25
-8.519603640411206877e-25
-8.498999980005624263e-25
-8.478481361527421252e-25
