0.000000000000000000e+00
0.000000000000000000e+00
4.735500486939014677e-13
9.539218151068028012e-14
3.339251917803301741e-14
1.495334442884851958e-14
7.752111743018656857e-15
4.432021962957378224e-15
2.719577825977149287e-15
1.763616619742208803e-15
1.194396757347204185e-15
8.357054379095306886e-16
6.031407826325898005e-16
4.472982770269667619e-16
3.392891995841721718e-16
2.621814785428734093e-16
2.057495972100631367e-16
1.635886570164818405e-16
1.315418909923929535e-16
1.068244748029029783e-16
8.751878913769372729e-17
7.227312653584523366e-17
6.013130459789925766e-17
5.042414615062139298e-17
4.261932531065887360e-17
3.629602436295915409e-17
3.112970802068917225e-17
2.687242111373694781e-17
2.333493032026406271e-17
2.037230832516155621e-17
1.787286956022302983e-17
1.574988031189647225e-17
1.393541095719068480e-17
1.237579136812430320e-17
1.102824547044686204e-17
9.858388844289405857e-18
8.838356181362536981e-18
7.945390358165645874e-18
7.160770654861642738e-18
6.468992169782262526e-18
5.857132144761369479e-18
5.314356750781944444e-18
4.831623908260907459e-18
4.401524852490142986e-18
4.017633570300866370e-18
3.674316136097961565e-18
3.366655165613741533e-18
3.090369710209738724e-18
2.841737389898274251e-18
2.617522277139377066e-18
2.414909973701531652e-18
2.231450261422901246e-18
2.065007030148128173e-18
1.913714926726703033e-18
1.775942011279183519e-18
1.650257718959024430e-18
1.535405411778221515e-18
1.430278892306088816e-18
1.333902304545723105e-18
1.245412921980435572e-18
1.164046402990421782e-18
1.089124139101911364e-18
1.020044836247553171e-18
9.562801716942700551e-19
8.973563558181705620e-19
8.428459739366047407e-19
7.923633817843205781e-19
7.455604820050401778e-19
7.021228911386604659e-19
6.617664694731871412e-19
6.242342035884695561e-19
5.892934040881353641e-19
5.567332012559715441e-19
5.263623027814436256e-19
4.980069946489521574e-19
4.715093544958222938e-19
4.467256590149692622e-19
4.235249619712781740e-19
4.017878263489788549e-19
3.814051915798845232e-19
3.622773627174416377e-19
3.443131062408910592e-19
3.274290003830543551e-19
3.115490701935767382e-19
2.966035007634426269e-19
2.825279415041410756e-19
2.692630462435758201e-19
2.567540511125021060e-19
2.449503899852403265e-19
2.338053420549388864e-19
2.232757114272049063e-19
2.133215335983979530e-19
2.039058089376369763e-19
1.949942583413658719e-19
1.865551015956692874e-19
1.785588540628740408e-19
1.709781422602369898e-19
1.637875343867292085e-19
1.569633866738116438e-19
1.504837020125295884e-19
1.443280017398854532e-19
1.384772073992379508e-19
1.329135597924842361e-19
1.276205834499388394e-19
1.225828944691174582e-19
1.177860953400818376e-19
1.132167067603985408e-19
1.088621034244705620e-19
1.047104553556459797e-19
1.007506725759382986e-19
9.697235461052983588e-20
9.336574290063238881e-20
8.992167732047324519e-20
8.663155529155912877e-20
8.348729442360025033e-20
8.048129733719547206e-20
7.760641946159039896e-20
7.485593880468555844e-20
7.222352828210000366e-20
6.970322946324221888e-20
6.728942885655368943e-20
6.497683540332475357e-20
6.276047085499934135e-20
6.063567813440983521e-20
5.859806187285167065e-20
5.664346148194747282e-20
5.476793817511926838e-20
5.296776217568175632e-20
5.123940114796569622e-20
4.957950877117964446e-20
4.798491440656471505e-20
4.645261295782498077e-20
4.497975566959464453e-20
4.356364112844832357e-20
4.220170713204413529e-20
4.089152266207800626e-20
3.963078072458082645e-20
3.841729122583712836e-20
3.724897460853212964e-20
3.612385553700218930e-20
3.504005728625986007e-20
3.399579615530288315e-20
3.298938228059510454e-20
3.201922947807566643e-20
3.108382965234785678e-20
3.018174302943343503e-20
2.931159515976701627e-20
2.847207382102017895e-20
2.766192625594358401e-20
2.687995630490156780e-20
2.612502188578495869e-20
2.539603230663958980e-20
2.469194599035575056e-20
2.401176803473330558e-20
2.335454809876591600e-20
2.271937816750678611e-20
2.210539067210969175e-20
2.151175643647317624e-20
2.093768296891067532e-20
2.038241260638892940e-20
1.984522095799282881e-20
1.932541522598387257e-20
1.882233589821683058e-20
1.833536335563105731e-20
1.786390544798010296e-20
1.740739311863423764e-20
1.696527966427743098e-20
1.653703981963189314e-20
1.612216905066653039e-20
1.572018266587891049e-20
1.533061514906361931e-20
1.495301932182826001e-20
1.458696570337853220e-20
1.423204173130844460e-20
1.388785116497749446e-20
1.355401334009964768e-20
1.323016262480912265e-20
1.291594772652088449e-20
1.261103118170975134e-20
1.231508871018278952e-20
1.202780875315196923e-20
1.174889187182732055e-20
1.147805167020800901e-20
1.121501784383624457e-20
1.095953099492793496e-20
1.071134079812549584e-20
1.047020577478837052e-20
1.023589295228104577e-20
1.000817763935399849e-20
9.786843095869329406e-21
9.571680316525757637e-21
9.362487713484629688e-21
9.159070908455002757e-21
8.961242431610849856e-21
8.768821523368018441e-21
8.581633848658006467e-21
8.399511310244050531e-21
8.222291779124357572e-21
8.049818918857917491e-21
7.881941932372449519e-21
7.718515397877358691e-21
7.559399031244533569e-21
7.404458132851029278e-21
7.253564980551049643e-21
7.106596595569455735e-21
6.963433940928815730e-21
6.823961843754032605e-21
6.688068844643602022e-21
6.555647122195621916e-21
6.426592346016564795e-21
6.300803603720062516e-21
6.178183259125564004e-21
6.058636881978965349e-21
5.942073112367735300e-21
5.828403593604101383e-21
5.717542842576188646e-21
5.609408185626993567e-21
5.503919636139411971e-21
5.400999835059243166e-21
5.300573932926051851e-21
5.202569535304289609e-21
5.106916589841692363e-21
5.013547501170910854e-21
4.922397471286810426e-21
4.833403886670286063e-21
4.746506053700705467e-21
4.661645167363892087e-21
4.578764225592505882e-21
4.497808002598427898e-21
4.418722965834710099e-21
4.341457249059070031e-21
4.265960575465672336e-21
4.192184231962777803e-21
4.120080995176534805e-21
4.049605107698322041e-21
3.980712207036916796e-21
3.913359305478208172e-21
3.847504722483244473e-21
3.783108064560309258e-21
3.720130161716338051e-21
3.658533049509305842e-21
3.598279908943566889e-21
3.539335002548843231e-21
3.481663486663929362e-21
3.425231558620900383e-21
3.370006450567175231e-21
3.315956412691884869e-21
3.263050659384066571e-21
3.211259355643623470e-21
3.160553564298009192e-21
3.110905236440520951e-21
3.062287160642018904e-21
3.014672954497752168e-21
2.968037017485516947e-21
2.922354523411470918e-21
2.877601375259246631e-21
2.833754199868486707e-21
2.790790304964217137e-21
2.748687674574384370e-21
2.707424929426725773e-21
2.666981322022918670e-21
2.627336699811754432e-21
2.588471422786427014e-21
2.550366108736301224e-21
2.513001898509187223e-21
2.476360502182912071e-21
2.440424193474635489e-21
2.405175773561482098e-21
2.370598567432637511e-21
2.336676389342537969e-21
2.303393540542211758e-21
2.270734777540544675e-21
2.238685309743176050e-21
2.207230769608684050e-21
2.176357211950956675e-21
2.146051085184098488e-21
2.116299231319833240e-21
2.087088859554783396e-21
2.058407546195770007e-21
2.030243209706781250e-21
2.002584111734192330e-21
1.975418833407344014e-21
1.948736194478852764e-21
1.922525003578216925e-21
1.896774334615332276e-21
1.871473587079042957e-21
1.846612485917819951e-21
1.822181056788216129e-21
1.798169626594757823e-21
1.774568799980204134e-21
1.751369461118569663e-21
1.728562751337445808e-21
1.706140070281403137e-21
1.684093056508306258e-21
1.662413590868166627e-21
1.641093773842721540e-21
1.620125931347603908e-21
1.599502593275530603e-21
1.579216500409122366e-21
1.559260583126527604e-21
1.539627966457176950e-21
1.520311954665994313e-21
1.501305946217549859e-21
1.482603171942088827e-21
1.464196991553741155e-21
1.446080966157064422e-21
1.428248861559968723e-21
1.410694629829555044e-21
1.393412410669212719e-21
1.376396511102996880e-21
1.359641414657299911e-21
1.343141760611953905e-21
1.326892346850352701e-21
1.310888116733710427e-21
1.295124161266404480e-21
1.279595703379329045e-21
1.264298105828393532e-21
1.249226851934080553e-21
1.234377553763401188e-21
1.219745935635247288e-21
1.205327840557863661e-21
1.191119217171557066e-21
1.177116084365572402e-21
1.163314409284151855e-21
1.149710242203003279e-21
1.136299743134834664e-21
1.123079189330964676e-21
1.110044956927196559e-21
1.097193528826022720e-21
1.084521481171818176e-21
1.072025488902482021e-21
1.059702312707960672e-21
1.047548804068241556e-21
1.035561893453271372e-21
1.023738596359598999e-21
1.012076001136655629e-21
1.000571276593676447e-21
9.892216580635500524e-22
9.780244544211072922e-22
9.669770374259064748e-22
9.560768467247700100e-22
9.453213802063356661e-22
9.347081756761786501e-22
9.242347261981547741e-22
9.138985718047183130e-22
9.036973154521558454e-22
8.936286276333432593e-22
8.836902355008431096e-22
8.738799306883024770e-22
8.641955568816750960e-22
8.546350165965225627e-22
8.451962614243348175e-22
8.358772976799100716e-22
8.266761764312764661e-22
8.175909997431829569e-22
8.086199115733626617e-22
7.997611039642174516e-22
7.910128066780109588e-22
7.823732949663042248e-22
7.738408799671690335e-22
7.654139148967595614e-22
7.570907857631765234e-22
7.488698990893971914e-22
7.407496191911073285e-22
7.327283368091829107e-22
7.248044809721499908e-22
7.169765231177069412e-22
7.092429691065792748e-22
7.016023651165635186e-22
6.940532890326763933e-22
6.865943554822610151e-22
6.792242087904947881e-22
6.719415283480097624e-22
6.647450205834653158e-22
6.576334247017223230e-22
6.506055048872619571e-22
6.436600556428424309e-22
6.367958949666111789e-22
6.300118696413314018e-22
6.233068478543693600e-22
6.166797248268747308e-22
6.101294156253852351e-22
6.036548662632965677e-22
5.972550593418105814e-22
5.909290042309481263e-22
5.846757259896437986e-22
5.784942696305114800e-22
5.723836945499119982e-22
5.663430800594354221e-22
5.603715189190013637e-22
5.544681231378894628e-22
5.486320160986189748e-22
5.428623395624791651e-22
5.371582462341885271e-22
5.315189063810661380e-22
5.259435013851658477e-22
5.204312288243621763e-22
5.149812967394712304e-22
5.095929286542656263e-22
5.042653579507293189e-22
4.989978328314660612e-22
4.937896108019858148e-22
4.886399643670707228e-22
4.835481779610041502e-22
4.785135498530515409e-22
4.735353865813800316e-22
4.686130076475487089e-22
4.637457396890191573e-22
4.589329218219673368e-22
4.541739001835320559e-22
4.494680327025568189e-22
4.448146842212183989e-22
4.402132309490024866e-22
4.356630554644265731e-22
4.311635513247538356e-22
4.267141183713971810e-22
4.223141666406891278e-22
4.179631123779367559e-22
4.136603818980109110e-22
4.094054076425897102e-22
4.051976313934735365e-22
4.010365002209659189e-22
3.969214771547568725e-22
3.928520548258568775e-22
3.888277389777438996e-22
3.848480378945915267e-22
3.809124664144192370e-22
3.770205415982387807e-22
3.731717872167869541e-22
3.693657294811444582e-22
3.656019009253055773e-22
3.618798365632499786e-22
3.581990780339959064e-22
3.545591694623304672e-22
3.509596610617566148e-22
3.474001055579504951e-22
3.438800618825006530e-22
3.403990914959027401e-22
3.369567621673816303e-22
3.335526441921506458e-22
3.301863136673488970e-22
3.268573493661531168e-22
3.235653421301117643e-22
3.203099084190478125e-22
3.170906744237481219e-22
3.139072664380281063e-22
3.107593147142621261e-22
3.076464496565491242e-22
3.045683055068636401e-22
3.015245171031172462e-22
2.985147231193086202e-22
2.955385628479141409e-22
2.925956796676351085e-22
2.896857175878118126e-22
2.868083248016738136e-22
2.839631503811281852e-22
2.811498475425536080e-22
2.783680703764699020e-22
2.756174773016286831e-22
2.728977276030909520e-22
2.702084848332576751e-22
2.675494137337680026e-22
2.649201868638497305e-22
2.623204919730694749e-22
2.597500235327765543e-22
2.572084757452092876e-22
2.546955460481002626e-22
2.522109318977063534e-22
2.497543339030917973e-22
2.473254528552890028e-22
2.449239929170910558e-22
2.425496583768856547e-22
2.402021570002522511e-22
2.378811969083983859e-22
2.355864896910530479e-22
2.333177474124879225e-22
2.310746857708010234e-22
2.288570208639787313e-22
2.266644724834087964e-22
2.244967610981201940e-22
2.223536107374813521e-22
2.202347461141764581e-22
2.181398993439276612e-22
2.160688176405068815e-22
2.140212544393263176e-22
2.119969627397483033e-22
2.099956979864402981e-22
2.080172152776209667e-22
2.060612722817544313e-22
2.041276265932461079e-22
2.022160383911969635e-22
2.003262678160282532e-22
1.984580777486037193e-22
1.966112311637371737e-22
1.947854938961551318e-22
1.929806318951340117e-22
1.911964139825432984e-22
1.894326092490760215e-22
1.876889896700837158e-22
1.859653276754338333e-22
1.842613985425564096e-22
1.825769780759397634e-22
1.809118448871534987e-22
1.792657777586357857e-22
1.776385584392550360e-22
1.760299692702088905e-22
1.744397955722899455e-22
1.728678233166038243e-22
1.713138415201492928e-22
1.697776398497266627e-22
1.682590110278787145e-22
1.667577484826640219e-22
1.652736486839449680e-22
1.638065088427865858e-22
1.623561291894644574e-22
1.609223107254628129e-22
1.595048574576360435e-22
1.581035741812597639e-22
1.567182686854070318e-22
1.553487495621952073e-22
1.539948283858583473e-22
1.526563175444478880e-22
1.513330329932489923e-22
1.500247938592573582e-22
1.487314226299451561e-22
1.474527424369977078e-22
1.461885791438951572e-22
1.449387592676312170e-22
1.437031120443163158e-22
1.424814673777271208e-22
1.412736578715609101e-22
1.400795168019616304e-22
1.388988801464562014e-22
1.377315845511734280e-22
1.365774693382106649e-22
1.354363745084942349e-22
1.343081427124420823e-22
1.331926172826871073e-22
1.320896441835036907e-22
1.309990700517034659e-22
1.299207441357052911e-22
1.288545163533797684e-22
1.278002377588808155e-22
1.267577544512373950e-22
1.257269140339333158e-22
1.247075652127766107e-22
1.236995596240027249e-22
1.227027499734735886e-22
1.217169918343245931e-22
1.207421417973376777e-22
1.197780592622137174e-22
1.188246046069839635e-22
1.178816409578896801e-22
1.169490323762581156e-22
1.160266456683678261e-22
1.151143484852507720e-22
1.142120111339798488e-22
1.133195047868635702e-22
1.124367032090592532e-22
1.115634809717451984e-22
1.106997152040956668e-22
1.098452838550406608e-22
1.090000663116522659e-22
1.081639387424525091e-22
1.073367790092469254e-22
1.065184659568647046e-22
1.057088811583346444e-22
1.049079071137269958e-22
1.041154289449235722e-22
1.033313326489795045e-22
1.025555067725573919e-22
1.017878407182734070e-22
1.010282263664054000e-22
1.002765564055975860e-22
9.953272596339047521e-23
9.879663089764258470e-23
9.806816944181793634e-23
9.734724056823717350e-23
9.663374550679111857e-23
9.592758620910155583e-23
9.522866682410335038e-23
9.453689217830691755e-23
9.385216788050928481e-23
9.317439476866176500e-23
9.250347476564326018e-23
9.183931073776543062e-23
9.118180800084973502e-23
9.053087279640993536e-23
8.988641368853489249e-23
8.924834012674124517e-23
8.861656380972206443e-23
8.799099725971962410e-23
8.737155517752001943e-23
8.675815305294644576e-23
8.615070848636219633e-23
8.554913976360797572e-23
8.495336731009635816e-23
8.436331215920899330e-23
8.377889742053437744e-23
8.320004678233906707e-23
8.262668588232847441e-23
8.205874093208393059e-23
8.149613912363559520e-23
8.093880452337319686e-23
8.038666237721890845e-23
7.983963863288741173e-23
7.929766130490908142e-23
7.876065907092413850e-23
7.822856260814694039e-23
7.770130320036245787e-23
7.717881408727073898e-23
7.666102906102883300e-23
7.614788380710931371e-23
7.563931449381968248e-23
7.513525918211664796e-23
7.463565636680429484e-23
7.414044633925329903e-23
7.364956979791945597e-23
7.316296916526414300e-23
7.268058724526784223e-23
7.220236851526555355e-23
7.172825782847409862e-23
7.125820060057997313e-23
7.079213830325717474e-23
7.033001321646056056e-23
6.987176817024203124e-23
6.941734780621885759e-23
6.896669724506554010e-23
6.851976339364682325e-23
6.807649360397568936e-23
6.763683695524121077e-23
6.720074290667867016e-23
6.676816258855734810e-23
6.633904749961279959e-23
6.591335072217294993e-23
6.549102569728416495e-23
6.507202739813577961e-23
6.465631108349325459e-23
6.424383354285155831e-23
6.383455179787900602e-23
6.342842436796624461e-23
6.302540996907440036e-23
6.262546864588757776e-23
6.222856029096360903e-23
6.183464608870390904e-23
6.144368743585310825e-23
6.105564708689974898e-23
6.067048794624042920e-23
6.028817424992886479e-23
5.990867035297950519e-23
5.953194191769363942e-23
5.915795469498779758e-23
5.878667567821934455e-23
5.841807193491581222e-23
5.805211178245345036e-23
5.768876357015863325e-23
5.732799684993209042e-23
5.696978117960550814e-23
5.661408728796416516e-23
5.626088589891446266e-23
5.591014887588016066e-23
5.556184806791132107e-23
5.521595594411687608e-23
5.487244299725413529e-23
5.453128041941980149e-23
5.419243947407387563e-23
5.385589258845273525e-23
5.352161220945732078e-23
5.318957192714054820e-23
5.285974532713308265e-23
5.253210709362228312e-23
5.220663190794574006e-23
5.188329550755020775e-23
5.156207360496712651e-23
5.124294294025447344e-23
5.092588020740334846e-23
5.061086312438910654e-23
5.029786933016514145e-23
4.998687745103908760e-23
4.967786602575803295e-23
4.937081454547344928e-23
4.906570239469000115e-23
4.876250996267840397e-23
4.846121772085310061e-23
4.816180709000982255e-23
4.786425933787784510e-23
4.756855662802011477e-23
4.727468095652796172e-23
4.698261517380118537e-23
4.669234194936595789e-23
4.640384481869575473e-23
4.611710709282113154e-23
4.583211294033243066e-23
4.554884630305394513e-23
4.526729194300379854e-23
4.498743439373760348e-23
4.470925898255031449e-23
4.443275080745339223e-23
4.415789574397513547e-23
4.388467943773500373e-23
4.361308828667575882e-23
4.334310843026760993e-23
4.307472710597971158e-23
4.280793262223977926e-23
4.254271429083366039e-23
4.227906107360444431e-23
4.201696258753989925e-23
4.175640808729507216e-23
4.149738747371411465e-23
4.123989028219046417e-23
4.098390667674728686e-23
4.072942647078780029e-23
4.047644008929739091e-23
4.022493758708791212e-23
3.997490963921935390e-23
3.972634654090688160e-23
3.947923919895839714e-23
3.923357813953095892e-23
3.898935448379910404e-23
3.874655897972293254e-23
3.850518297097382930e-23
3.826521741835016354e-23
3.802665409766889773e-23
3.778948535882108983e-23
3.755370430407448519e-23
3.731930361513105816e-23
3.708627647626877476e-23
3.685461562298094788e-23
3.662431432035020658e-23
3.639536540252128172e-23
3.616776219943050077e-23
3.594149761237511912e-23
3.571656504304972262e-23
3.549295745238721627e-23
3.527066830601383242e-23
3.504969063891266043e-23
3.483001798000615982e-23
3.461164342365163961e-23
3.439456054811389861e-23
3.417876250077392191e-23
3.396424291628634766e-23
3.375099500884642525e-23
3.353901260119064550e-23
3.332828960231780622e-23
3.311882048813602744e-23
3.291059929413280632e-23
3.270362050027043713e-23
3.249787813838912252e-23
3.229336668247973951e-23
3.209008016439101308e-23
3.188801305559336640e-23
3.168715938502299624e-23
3.148751361273681045e-23
3.128906976215425212e-23
3.109182229177116087e-23
3.089576522336316260e-23
3.070089300511392579e-23
3.050719966670452272e-23
3.031467964394897709e-23
3.012332696591417126e-23
2.993313607742416971e-23
2.974410100451391984e-23
2.955621647910645893e-23
2.936947796833090107e-23
2.918388157698990768e-23
2.899942296112968715e-23
2.881609811805428341e-23
2.863390258252109882e-23
2.845283223711945860e-23
2.827288251604959458e-23
2.809404920726877011e-23
2.791632764777373186e-23
2.773971352346679890e-23
2.756420208301892460e-23
2.738978891913174801e-23
2.721646919540072987e-23
2.704423841454228230e-23
2.687309166335000814e-23
2.670302436778582811e-23
2.653403153554903215e-23
2.636610851884991458e-23
2.619925026884741278e-23
2.603345237626935499e-23
2.586871127565462439e-23
2.570502399424266581e-23
2.554238710179599571e-23
2.538079744873925496e-23
2.522025143345923014e-23
2.506074573763216495e-23
2.490227660548665530e-23
2.474484056696000976e-23
2.458843371030574543e-23
2.443305241182420618e-23
2.427869262479575306e-23
2.412535057921906746e-23
2.397302209553389807e-23
2.382170328186771566e-23
2.367138983657650545e-23
2.352207774767928133e-23
2.337376260156419914e-23
2.322644026785867237e-23
2.308010623108147905e-23
2.293475614793014256e-23
2.279038485095320512e-23
2.264698737005480105e-23
2.250455837820696117e-23
2.236309285643876893e-23
2.222258543921684532e-23
2.208303106518550039e-23
2.194442432869825402e-23
2.180676013619909363e-23
2.167003305216408146e-23
2.153423794870744784e-23
2.139936936245858435e-23
2.126542214093361455e-23
2.113239080200621529e-23
2.100027017026084289e-23
2.086905474995879388e-23
2.073873934793894742e-23
2.060931845238328610e-23
2.048078685735636569e-23
2.035313904337511396e-23
2.022637010560813426e-23
2.010047602740025762e-23
1.997545335450240075e-23
1.985129827035151705e-23
1.972800720865434254e-23
1.960557624830771494e-23
1.948400172355649011e-23
1.936327961749602100e-23
1.924340616693243838e-23
1.912437727098416960e-23
1.900618908065100391e-23
1.888883741893107705e-23
1.877231835888135025e-23
1.865662765158707048e-23
1.854176129967400614e-23
1.842771498948286516e-23
1.831448466006600718e-23
1.820206593691745215e-23
1.809045470529904109e-23
1.797964653637227838e-23
1.786963705495189812e-23
1.776042075695176458e-23
1.765199222022487468e-23
1.754434576206893475e-23
1.743747599331414268e-23
1.733137726459072831e-23
1.722604422465790161e-23
1.712147126528896170e-23
1.701765307190123901e-23
1.691458407902976356e-23
1.681225901034586088e-23
1.671067234185432368e-23
1.660981883976986324e-23
1.650969302284969617e-23
1.641028969854578953e-23
1.631160343791000910e-23
1.621362909606228709e-23
1.611636128370721979e-23
1.601979490735435786e-23
1.592392463172203674e-23
1.582874553987951114e-23
1.573425301842144298e-23
1.564044284661885652e-23
1.554731055226671284e-23
1.545485192060530818e-23
1.536306249137175635e-23
1.527193805814586005e-23
1.518147416994187264e-23
1.509166663344386385e-23
1.500251101666165550e-23
1.491400314126191853e-23
1.482613859125295875e-23
1.473891320530206940e-23
1.465232258758800787e-23
1.456636260022272329e-23
1.448102887160708916e-23
1.439631728153353878e-23
1.431222348877313522e-23
1.422874339693321316e-23
1.414587268934331067e-23
1.406360716727745517e-23
1.398194189440418407e-23
1.390087206584398863e-23
1.382039268593681341e-23
1.374049902355631012e-23
1.366118615651886061e-23
1.358244942649988479e-23
1.350428398592734146e-23
1.342668525037380020e-23
1.334964844562469709e-23
1.327316906003775723e-23
1.319724239571996765e-23
1.312186401052523897e-23
1.304702927957339377e-23
1.297273383526242272e-23
1.289897312649089053e-23
1.282574285484379194e-23
1.275303854166682496e-23
1.268085596053010427e-23
1.260919070591187286e-23
1.253803858016522083e-23
1.246739504452500740e-23
1.239725577186492620e-23
1.232761626645250556e-23
1.225847228021139472e-23
1.218981940274509978e-23
1.212165347083661420e-23
1.205397015547430614e-23
1.198676537436151250e-23
1.192003487808448292e-23
1.185377466505769057e-23
1.178798056730031755e-23
1.172264866191829921e-23
1.165777486222267607e-23
1.159335532387739617e-23
1.152938603940532562e-23
1.146586323755490617e-23
1.140278298811041403e-23
1.134014159639426165e-23
1.127793520927437268e-23
1.121616013116433492e-23
1.115481221055123786e-23
1.109388746342384908e-23
1.103338175823850319e-23
1.097329120619761871e-23
1.091361177111110467e-23
1.085433965831034016e-23
1.079547092415338559e-23
1.073700186368566187e-23
1.067892862806188252e-23
1.062124759940872474e-23
1.056395501762667008e-23
1.050704735581036236e-23
1.045052093844898300e-23
1.039437232377918967e-23
1.033859792460266958e-23
1.028319438024886593e-23
1.022815818615785020e-23
1.017348606499969462e-23
1.011917459551480519e-23
1.006522052513054195e-23
1.001162024355556184e-23
9.958370314212331956e-24
9.905467164881555424e-24
9.852907452515814616e-24
9.800687698267477164e-24
9.748804648282902284e-24
9.697254912722300634e-24
9.646035325565977312e-24
9.595142586133845178e-24
9.544573613512723260e-24
9.494325190569601092e-24
9.444394321658345955e-24
9.394777873395760099e-24
9.345472929988984559e-24
9.296476440624565809e-24
9.247785568223556046e-24
9.199397343324231047e-24
9.151309005086835873e-24
9.103517658842703401e-24
9.056020507892746309e-24
9.008814182498360815e-24
8.961895423526621415e-24
8.915260855271875495e-24
8.868907320887728926e-24
8.822831545123868022e-24
8.777030471395595456e-24
8.731500925487704978e-24
8.686239946465916869e-24
8.641244455373409238e-24
8.596511585052477652e-24
8.552038351166423480e-24
8.507821978520561949e-24
8.463859570567073323e-24
8.420148439829661739e-24
8.376685779671169822e-24
8.333468987420404193e-24
8.290495339768871421e-24
8.247762316098276587e-24
8.205267276117035881e-24
8.163007806544827343e-24
8.120981473442296449e-24
8.079186063879880277e-24
8.037619242735294384e-24
7.996278864082625514e-24
7.955162658691557718e-24
7.914268546806613497e-24
7.873594323867543996e-24
7.833137974521240544e-24
7.792897355573538840e-24
7.752870512874401615e-24
7.713055367036707220e-24
7.673450025136686702e-24
7.634052466650237619e-24
7.594860854628366238e-24
7.555873228360577812e-24
7.517087805449610653e-24
7.478502678898495239e-24
7.440116123156528451e-24
7.401926283437494912e-24
7.363931387487151899e-24
7.326129147141185918e-24
7.288517365833362097e-24
7.251093731780216258e-24
7.213856125023520686e-24
7.176802309474465123e-24
7.139930237946836826e-24
7.103237746702828391e-24
7.066722858645658144e-24
7.030383479106153391e-24
6.994217697258906448e-24
6.958223486909454936e-24
6.922399002115531310e-24
6.886742280280820212e-24
6.851251538184571797e-24
6.815924876808939952e-24
6.780760573719778874e-24
6.745756790180727751e-24
6.710911862670567069e-24
6.676224009909786270e-24
6.641691634243220560e-24
6.607313050041834293e-24
6.573086752677165133e-24
6.539011117314609535e-24
6.505084688500861230e-24
6.471305890744295860e-24
6.437673315993272858e-24
6.404185436649809542e-24
6.370840891155365009e-24
6.337638198646972983e-24
6.304576041459055294e-24
6.271652984477366474e-24
6.238867753126608440e-24
6.206218953048991535e-24
6.173705350342111265e-24
6.141325593670906074e-24
6.109078488433286589e-24
6.076962722299502843e-24
6.044977138089633016e-24
6.013120461806304948e-24
5.981391541577136014e-24
5.949788988643137537e-24
5.918311540719217767e-24
5.886957821128714057e-24
5.855726608312316674e-24
5.824616565446136195e-24
5.793626512760131542e-24
5.762755152959263614e-24
5.732001343392504771e-24
5.701363824561941919e-24
5.670841491772464342e-24
5.640433122265096855e-24
5.610137646061645188e-24
5.579953875689150761e-24
5.549880773914949438e-24
5.519917187008105784e-24
5.490062110486206875e-24
5.460314422366048130e-24
5.430673149128464431e-24
5.401137201429597456e-24
5.371705730437897062e-24
5.342378152207789466e-24
5.313154110530380870e-24
5.284033122206281637e-24
5.255014835666194092e-24
5.226098771019805440e-24
5.197284579141950675e-24
5.168571783460535517e-24
5.139960036835471373e-24
5.111448865098569745e-24
5.083037923926596051e-24
5.054726741634470919e-24
5.026514976438035643e-24
4.998402157999809331e-24
4.970387946819360929e-24
4.942471874888594861e-24
4.914653603259779151e-24
4.886932666260731945e-24
4.859308726580139442e-24
4.831781320650363160e-24
4.804350050406591585e-24
4.777014151504305185e-24
4.749772932831237025e-24
4.722625585693059979e-24
4.695571433497898063e-24
4.668609683550094751e-24
4.641739673691606744e-24
4.614960627880755362e-24
4.588271898494017694e-24
4.561672723347734779e-24
4.535162468319959004e-24
4.508740386274375166e-24
4.482405856093909487e-24
4.456158143630138378e-24
4.429996640162630999e-24
4.403920625736263852e-24
4.377929503614071585e-24
4.352022565677939142e-24
4.326199227316492007e-24
4.300458792045354880e-24
4.274800788776486378e-24
4.249225042844301306e-24
4.223731590053819801e-24
4.198320345382235623e-24
4.172991330240915353e-24
4.147744447620601508e-24
4.122579705618463580e-24
4.097496994898117681e-24
4.072496311325065121e-24
4.047577532802390107e-24
4.022740641268777692e-24
3.997985504066061780e-24
3.973312089861257515e-24
3.948720255477817312e-24
3.924209957912643087e-24
3.899781042853743966e-24
3.875433455804779399e-24
3.851167031668986489e-24
3.826981705195451118e-24
3.802877301423162848e-24
3.778853796825109182e-24
3.754911268127491762e-24
3.731049936217374704e-24
3.707269908786671586e-24
3.683571385044220683e-24
3.659954452586171245e-24
3.636419289481311550e-24
3.612965963189236134e-24
3.589594630812278078e-24
3.566305341600720763e-24
3.543098233011611767e-24
3.519973336239106391e-24
3.496930769697978414e-24
3.473970546802954675e-24
3.451092768564289718e-24
3.428297431451284876e-24
3.405584619306738138e-24
3.382954312260608014e-24
3.360406577440010747e-24
3.337941379908925826e-24
3.315558769621864276e-24
3.293258687526357242e-24
3.271041158356844244e-24
3.248906108447658732e-24
3.226853547985128920e-24
3.204883390452191004e-24
3.182995632737728372e-24
3.161190176341985354e-24
3.139467005037900878e-24
3.117826008394460063e-24
3.096267158144122302e-24
3.074790333051340633e-24
3.053395492933789424e-24
3.032082505888715288e-24
3.010851320744977896e-24
2.989701796214880472e-24
2.968633870706312576e-24
2.947647393285689726e-24
2.926742292464929553e-24
2.905918408512142357e-24
2.885175760340451475e-24
2.864514675627636714e-24
2.843935649586662750e-24
2.823439080876965650e-24
2.803025434823759169e-24
2.782695081124194054e-24
2.762448456028744341e-24
2.742285901881275961e-24
2.722207827144607257e-24
2.702214547819032992e-24
2.682306445280589999e-24
2.662483810112223832e-24
2.642746998394478631e-24
2.623096276201257431e-24
2.603531975171941508e-24
2.584054338140466096e-24
2.564663672614348250e-24
2.545360199102873551e-24
2.526144202125028762e-24
2.507015880124401664e-24
2.487975478398815444e-24
2.469023085469776219e-24
2.450158838003364930e-24
2.431382791033547690e-24
2.412695064438189076e-24
2.394095697946360263e-24
2.375584796172348049e-24
2.357162384459055015e-24
2.338828552454164497e-24
2.320583311684956871e-24
2.302426737707656538e-24
2.284358828802025595e-24
2.266379646701539437e-24
2.248489177537521021e-24
2.230687470003967187e-24
2.212974498031584499e-24
2.195350297797521912e-24
2.177814832081549679e-24
2.160368125282362996e-24
2.143010129485805971e-24
2.125740909476571828e-24
2.108560663600163995e-24
2.091469697569267696e-24
2.074468241553261697e-24
2.057556580424708606e-24
2.040734924696081927e-24
2.024003539078034140e-24
2.007362614878531298e-24
1.990812397561609289e-24
1.974353060605441279e-24
1.957984830377931511e-24
1.941707862671342979e-24
1.925522366100906815e-24
1.909428479601883763e-24
1.893426394381621602e-24
1.877516233330098084e-24
1.861698170815941347e-24
1.845972313999694870e-24
1.830338821187547457e-24
1.814797784781429260e-24
1.799349297427965009e-24
1.783993185790678194e-24
1.768729280940072792e-24
1.753557355666530361e-24
1.738477236765445024e-24
1.723488693447315518e-24
1.708591548616495747e-24
1.693785568071645157e-24
1.679070570992763634e-24
1.664446320534579914e-24
1.649912632290754476e-24
1.635469266706036154e-24
1.621116035731057987e-24
1.606852697419993498e-24
1.592679060816658746e-24
1.578594881689688425e-24
1.564599966089543739e-24
1.550694067414355453e-24
1.536876989029193088e-24
1.523148482458560906e-24
1.509508348619682480e-24
1.495956338899604903e-24
1.482492253344373235e-24
1.469115841914412747e-24
1.455826902009528492e-24
1.442625182264321827e-24
1.429510477810822350e-24
1.416482535717332213e-24
1.403541148838954701e-24
1.390686062712140810e-24
1.377917068610755375e-24
1.365233910588624449e-24
1.352636377764382911e-24
1.340124213371359372e-24
1.327697204615971274e-24
1.315355093528592961e-24
1.303097665670054845e-24
1.290924662177595070e-24
1.278835867005616224e-24
1.266831020298465229e-24
1.254909875947201344e-24
1.243072031368640708e-24
1.231317100113563765e-24
1.219644655652578173e-24
1.208054315408292976e-24
1.196545657562292746e-24
1.185118303474822423e-24
1.173771835807423772e-24
1.162505879859038695e-24
1.151320023094847889e-24
1.140213894398688090e-24
1.129187085627180995e-24
1.118239229398292696e-24
1.107369921984025931e-24
1.096578799709343718e-24
1.085865463026722905e-24
1.075229551779863789e-24
1.064670670596601540e-24
1.054188462985703311e-24
1.043782537591509778e-24
1.033452479256042463e-24
1.023197593294603145e-24
1.013017165674876693e-24
1.002910454741848676e-24
9.928767612911304991e-25
9.829153589493554292e-25
9.730255630645824681e-25
9.632066619298796158e-25
9.534579849695730144e-25
9.437788351896257083e-25
9.341685556309711793e-25
9.246264635347802239e-25
9.151519153142100413e-25
9.057442418557410337e-25
8.964028128281632611e-25
8.871269725959869059e-25
8.779161034494139938e-25
8.687695629029862986e-25
8.596867455871208279e-25
8.506670220561266383e-25
8.417097703262934361e-25
8.328142312968455188e-25
8.239796550839687576e-25
8.152052711602555653e-25
8.064903463674846315e-25
7.978341272439534885e-25
7.892358968000508095e-25
7.806949183443713631e-25
7.722104909517476495e-25
7.637818940751106459e-25
7.554084421499743650e-25
7.470894305588954292e-25
7.388241888267840017e-25
7.306120277684129260e-25
7.224522916089830795e-25
7.143443062727417263e-25
7.062874303881619643e-25
6.982810044980264152e-25
6.903244013374091329e-25
6.824169758130252960e-25
6.745580785097125439e-25
6.667469008915901950e-25
6.589826323804132553e-25
6.512644483895452970e-25
6.435915576876737818e-25
6.359631553380430501e-25
6.283784688406838930e-25
6.208367122440577913e-25
6.133371314969781252e-25
6.058789593511341758e-25
5.984614596677479730e-25
5.910838833032944447e-25
5.837455116624230219e-25
5.764456132738566231e-25
5.691834864590961225e-25
5.619584170909313042e-25
5.547697201936059039e-25
5.476166984914803457e-25
5.404986830943161430e-25
5.334149931808828386e-25
5.263649414241845723e-25
5.193476932067277684e-25
5.123624095800411489e-25
5.054082431544876443e-25
4.984843757996391331e-25
4.915899811888304603e-25
4.847242616769768625e-25
4.778864114333539915e-25
4.710756527420094836e-25
4.642911998834836795e-25
4.575322943699095087e-25
4.507981701537894660e-25
4.440880875735482543e-25
4.374012996942149447e-25
4.307370852561987463e-25
4.240947159228605574e-25
4.174734883633899342e-25
4.108726924743990210e-25
4.042916423446364151e-25
3.977296455529229587e-25
3.911860380063044924e-25
3.846601683597577845e-25
3.781514124490112349e-25
3.716591397651308109e-25
3.651827415310423631e-25
3.587216029211354838e-25
3.522751301519860929e-25
3.458427236111344634e-25
3.394238041506474147e-25
3.330177870975861620e-25
3.266241075040288179e-25
3.202421952210061439e-25
3.138714991710921889e-25
3.075114633766801897e-25
3.011615503800372994e-25
2.948212179834401682e-25
2.884899419098937489e-25
2.821671934973861631e-25
2.758524613073748050e-25
2.695452298420461151e-25
2.632449980879203852e-25
2.569512525705252885e-25
2.506634939465976935e-25
2.443812194483245468e-25
2.381039419928327707e-25
2.318311713933879999e-25
2.255624325108123183e-25
2.192972474954943334e-25
2.130351528869458240e-25
2.067756827888773071e-25
2.005183850993567215e-25
1.942628056522804595e-25
1.880085034604887065e-25
1.817550357502034421e-25
1.755019723901064117e-25
1.692488817645082112e-25
1.629953442735321639e-25
1.567409392429194320e-25
1.504852573706494954e-25
1.442278886000505548e-25
1.379684853126871841e-25
1.317069044595745160e-25
1.254430610144319659e-25
1.191768657484074741e-25
1.129082350499701283e-25
1.066370815593432612e-25
1.003633230244406444e-25
9.408687391379317115e-26
8.780765331870624547e-26
8.152557750556084937e-26
7.524056690093911354e-26
6.895253955535856667e-26
6.266141719857296196e-26
5.636711965257996263e-26
5.006956993112972724e-26
4.376868961980611534e-26
3.746440299850732445e-26
3.115663340216186588e-26
2.484530636966917420e-26
1.853034696598666411e-26
1.221166091452392093e-26
5.889070254168255487e-27
-4.376213086474546431e-28
-6.768607932971068064e-27
-1.310408145006817736e-26
-1.944423109622483141e-26
-2.578924432385985625e-26
-3.213930552953024654e-26
-3.849459786410528090e-26
-4.485530096113665499e-26
-5.122159375091325148e-26
-5.759365117405024305e-26
-6.397164800873874991e-26
-7.035575457493597791e-26
-7.674614158030047303e-26
-8.314297479362543755e-26
-8.954642091144758475e-26
-9.595664121858652096e-26
-1.023737984749054887e-25
-1.087980495353425356e-25
-1.152294513298555538e-25
-1.216676492001851079e-25
-1.281121961770261966e-25
-1.345626460420267903e-25
-1.410185632449398237e-25
-1.474795123139965762e-25
-1.539450688246952161e-25
-1.604148077177323405e-25
-1.668883154000696467e-25
-1.733651769559751987e-25
-1.798449893108950408e-25
-1.863273474155809002e-25
-1.928118584403821714e-25
-1.992981268985333598e-25
-2.057857699228713867e-25
-2.122744013168138050e-25
-2.187636479258961632e-25
-2.252531325931453826e-25
-2.317424916083365608e-25
-2.382313565379762048e-25
-2.447193812560258402e-25
-2.512062475055754635e-25
-2.576916591198536480e-25
-2.641753133186536997e-25
-2.706569214048184840e-25
-2.771361874262107767e-25
-2.836128299651813243e-25
-2.900865597147724408e-25
-2.965571023208742280e-25
-3.030241749062558059e-25
-3.094875099754136098e-25
-3.159468308647714492e-25
-3.224018768231955772e-25
-3.288523772126077958e-25
-3.352980778412968996e-25
-3.417387139077534660e-25
-3.481740375394751372e-25
-3.546037896479900337e-25
-3.610277285346856257e-25
-3.674456005540784127e-25
-3.738571152436303799e-25
-3.802617517474716270e-25
-3.866589563800924684e-25
-3.930481661658605299e-25
-3.994288407613744584e-25
-4.058004298105157893e-25
-4.121624060183010342e-25
-4.185142313254607957e-25
-4.248553911516336410e-25
-4.311853595142651472e-25
-4.375036343341797287e-25
-4.438097013140792626e-25
-4.501030705518523359e-25
-4.563832391701513111e-25
-4.626497291150894537e-25
-4.689020486694083100e-25
-4.751397314703609326e-25
-4.813622967193103898e-25
-4.875692893603251331e-25
-4.937602392976031526e-25
-4.999347008542822155e-25
-5.060922055395001261e-25
-5.122323097891763107e-25
-5.183545537754076491e-25
-5.244585048857041246e-25
-5.305437134219121761e-25
-5.366097575225726197e-25
-5.426561973534935481e-25
-5.486826215927150249e-25
-5.546886001471032601e-25
-5.606737319636708556e-25
-5.666375964882164363e-25
-5.725798027438801516e-25
-5.784999394465666666e-25
-5.843976254513946038e-25
-5.902724586667215115e-25
-5.961240676950887886e-25
-6.019520594057754387e-25
-6.077560718865806420e-25
-6.135357208313955423e-25
-6.192906383786562600e-25
-6.250203728374874249e-25
-6.307244905051359996e-25
-6.364025348110751681e-25
-6.420540830711982494e-25
-6.476786890472045010e-25
-6.532759410393203674e-25
-6.588454028474375221e-25
-6.643866734235227247e-25
-6.698993266139097397e-25
-6.753829717321199837e-25
-6.808371923827516371e-25
-6.862616082599415068e-25
-6.916558126130201893e-25
-6.970194352063584044e-25
-7.023520788050629348e-25
-7.076533831494592660e-25
-7.129229602116811739e-25
-7.181604596165918161e-25
-7.233655025868998029e-25
-7.285377595146497363e-25
-7.336769159325076578e-25
-7.387827068012160500e-25
-7.438548361531038980e-25
-7.488930468771002612e-25
-7.538970503246882623e-25
-7.588665972641245739e-25
-7.638014061896222947e-25
-7.687012357086352518e-25
-7.735658113521916320e-25
-7.783948993640584285e-25
-7.831882323423351306e-25
-7.879455840853503984e-25
-7.926666938790263830e-25
-7.973513430288628975e-25
-8.019992777179579113e-25
-8.066102866686631897e-25
-8.111841227114340732e-25
-8.157205817878869957e-25
-8.202194234697640142e-25
-8.246804854210739564e-25
-8.291037060936190839e-25
-8.334891004869198202e-25
-8.378366439587401246e-25
-8.421463541168262246e-25
-8.464182084096477709e-25
-8.506522271550574413e-25
-8.548483897542006333e-25
-8.590067190405441390e-25
-8.631271963335696068e-25
-8.672098469077412348e-25
-8.712546542556794654e-25
-8.752616463087368280e-25
-8.792308085620822477e-25
-8.831621715092470051e-25
-8.870557226657311659e-25
-8.909114953090623830e-25
-8.947294787384483395e-25
-8.985097089249824637e-25
-9.022521770090626484e-25
-9.059569478290838409e-25
-9.096241456954147587e-25
-9.132539681244578696e-25
-9.168465644357844015e-25
-9.204021311846211729e-25
-9.239208165399530514e-25
-9.274028164088403724e-25
-9.308482775571771916e-25
-9.342573953653744574e-25
-9.376303153413143751e-25
-9.409672322616899738e-25
-9.442682903133250714e-25
-9.475336836501502999e-25
-9.507635553189045058e-25
-9.539580988533785622e-25
-9.571174562810787349e-25
-9.602418205659755616e-25
-9.633313325590373387e-25
-9.663861846842426209e-25
-9.694065166881998436e-25
-9.723925511729980758e-25
-9.753445797188844012e-25
-9.782629755665275524e-25
-9.811480564331743214e-25
-9.840001912054439984e-25
-9.868196929057603246e-25
-9.896069262738885370e-25
-9.923621995097159054e-25
-9.950858734006026035e-25
-9.977782517688629799e-25
-1.000439691239139859e-24
-1.003070491237056538e-24
-1.005671004531675512e-24
-1.008241526061480249e-24
-1.010782404616476968e-24
-1.013293930769548441e-24
-1.015776449492592565e-24
-1.018230247109908204e-24
-1.020655664880941488e-24
-1.023052984806598915e-24
-1.025422574637999048e-24
-1.027764862080985324e-24
-1.030080359164300999e-24
-1.032369516258177970e-24
-1.034632838164977667e-24
-1.036870767616873485e-24
-1.039083802418218234e-24
-1.041272377838143591e-24
-1.043436984526084902e-24
-1.045578050426733564e-24
-1.047696059295340001e-24
-1.049791431946056431e-24
-1.051864645302107764e-24
-1.053916112824020800e-24
-1.055946304863378874e-24
-1.057955627909930123e-24
-1.059944545675130169e-24
-1.061913457448786965e-24
-1.063862820620135172e-24
-1.065793027624359270e-24
-1.067704561917087562e-24
-1.069597971074141961e-24
-1.071473892361061747e-24
-1.073332895454186796e-24
-1.075175607869739870e-24
-1.077002588800071933e-24
-1.078814455876470793e-24
-1.080611758110181701e-24
-1.082395103462350637e-24
-1.084165030746139876e-24
-1.085922138391217272e-24
-1.087666955463102745e-24
-1.089400071158739930e-24
-1.091122004239944667e-24
-1.092833334845193492e-24
-1.094534571981366500e-24
-1.096226286765761461e-24
-1.097908978709901998e-24
-1.099583209949118486e-24
-1.101249470484134284e-24
-1.102908326378198733e-24
-1.104560321523806503e-24
-1.106206075707372503e-24
-1.107846135057296086e-24
-1.109481109560087142e-24
-1.111111534828201582e-24
-1.112738010911969586e-24
-1.114361062981716036e-24
-1.115981281522263707e-24
-1.117599181510521771e-24
-1.119215343972206022e-24
-1.120830273943423841e-24
-1.122444542965695318e-24
-1.124058646041090424e-24
-1.125673145476910499e-24
-1.127288526881214838e-24
-1.128905343221356563e-24
-1.130524070581330718e-24
-1.132145252977613385e-24
-1.133769357104196087e-24
-1.135396919775546767e-24
-1.137028407081714399e-24
-1.138664355225186936e-24
-1.140305222781221046e-24
-1.141951537118387861e-24
-1.143603747685970882e-24
-1.145262373241175991e-24
-1.146927854240744800e-24
-1.148600700684814683e-24
-1.150281344259036196e-24
-1.151970286513199576e-24
-1.153667950434592709e-24
-1.155374829401351325e-24
-1.157091337428455172e-24
-1.158817959903394887e-24
-1.160555102361335827e-24
-1.162303242228768220e-24
-1.164062776496781507e-24
-1.165834174785768112e-24
-1.167617825742251976e-24
-1.169414141358625310e-24
-1.171223253839817198e-24
-1.173045321774691614e-24
-1.174880424460733890e-24
-1.176728718179877744e-24
-1.178590279640424061e-24
-1.180465263001019562e-24
-1.182353741885745665e-24
-1.184255868131514220e-24
-1.186171712590034993e-24
-1.188101424441753029e-24
-1.190045072199075458e-24
-1.192002802799074579e-24
-1.193974681836161960e-24
-1.195960853990694375e-24
-1.197961382246332294e-24
-1.199976408974968768e-24
-1.202005994448289700e-24
-1.204050278643536619e-24
-1.206109319201066753e-24
-1.208183293662730628e-24
-1.210272457180360781e-24
-1.212377183226674409e-24
-1.214497760324970597e-24
-1.216634555738435816e-24
-1.218787851328482120e-24
-1.220958008024782375e-24
-1.223145300996717704e-24
-1.225350084894438375e-24
-1.227572628559257203e-24
-1.229813280709184499e-24
-1.232072303876360473e-24
-1.234350040716548092e-24
-1.236646747392219428e-24
-1.238962760798224228e-24
-1.241298330727166039e-24
-1.243653788243743664e-24
-1.246029376995933746e-24
-1.248425422471002757e-24
-1.250842162028210173e-24
-1.253279836200383708e-24
-1.255738280363020832e-24
-1.258217337059392894e-24
-1.260716763789548870e-24
-1.263236405342529213e-24
-1.265776021028590381e-24
-1.268335457531568151e-24
-1.270914475839044361e-24
-1.273512924775340368e-24
-1.276130567010744582e-24
-1.278767253570288007e-24
-1.281422748648020422e-24
-1.284096905380586799e-24
-1.286789489396774243e-24
-1.289500355450954257e-24
-1.292229270721606717e-24
-1.294976091802289118e-24
-1.297740587295237156e-24
-1.300522615558957442e-24
-1.303321946462406464e-24
-1.306138413471036717e-24
-1.308971654958869784e-24
-1.311821374600155747e-24
-1.314687187551194069e-24
-1.317568801752504234e-24
-1.320465835910684274e-24
-1.323378002097161776e-24
-1.326304922436766552e-24
-1.329246312928087693e-24
-1.332201799123668987e-24
-1.335171100958403992e-24
-1.338153847248732842e-24
-1.341149761819432370e-24
-1.344158476571182013e-24
-1.347179719199908171e-24
-1.350213124698587414e-24
-1.353258424459049153e-24
-1.356315256635865790e-24
-1.359383356143915876e-24
-1.362462364075635435e-24
-1.365552033805263312e-24
-1.368652082652615781e-24
-1.371762340331705355e-24
-1.374882540397055054e-24
-1.378012514778112494e-24
-1.381151998500213572e-24
-1.384300825667490656e-24
-1.387458732688100525e-24
-1.390625555922631544e-24
-1.393801033127943385e-24
-1.396985002837993530e-24
-1.400177204223707171e-24
-1.403377478033992185e-24
-1.406585564687494896e-24
-1.409801307196079293e-24
-1.413024447242052904e-24
-1.416254830114758328e-24
-1.419492198758312892e-24
-1.422736400683003693e-24
-1.425987180066413565e-24
-1.429244295952026035e-24
-1.432507041417672717e-24
-1.435774729019960851e-24
-1.439046570075802798e-24
-1.442321887314441706e-24
-1.445599901232905456e-24
-1.448879944670073221e-24
-1.452161247324756250e-24
-1.455443152010192933e-24
-1.458724897427272787e-24
-1.462005836330250519e-24
-1.465285216283897288e-24
-1.468562399877071025e-24
-1.471836643547911319e-24
-1.475107319605815415e-24
-1.478373693259931489e-24
-1.481635146407000649e-24
-1.484890953102813906e-24
-1.488140504717034162e-24
-1.491383083940637786e-24
-1.494618156121355813e-24
-1.497845333372250203e-24
-1.501064408887080670e-24
-1.504275062548410671e-24
-1.507477091354587674e-24
-1.510670178277341779e-24
-1.513854124116003293e-24
-1.517028615008691042e-24
-1.520193455829158363e-24
-1.523348335789914579e-24
-1.526493063530892051e-24
-1.529627331658240352e-24
-1.532750952755934369e-24
-1.535863622801212619e-24
-1.538965158348358564e-24
-1.542055258376204322e-24
-1.545133743746145677e-24
-1.548200316966205843e-24
-1.551254802788557806e-24
-1.554296907310437538e-24
-1.557326422858777406e-24
-1.560342876441846619e-24
-1.563345883605888996e-24
-1.566334941289620870e-24
-1.569309672274073039e-24
-1.572269580222277353e-24
-1.575214295038020733e-24
-1.578143327168295680e-24
-1.581056313763321570e-24
-1.583952772125558345e-24
-1.586832346511931600e-24
-1.589694560782496429e-24
-1.592539066525293678e-24
-1.595365394725130150e-24
-1.598173204286711260e-24
-1.600962032999665814e-24
-1.603731546653502230e-24
-1.606481290034876952e-24
-1.609210936206374533e-24
-1.611920036828904361e-24
-1.614608291755109074e-24
-1.617275355404618533e-24
-1.619921030503735140e-24
-1.622544995659370003e-24
-1.625147059507710066e-24
-1.627726906004543729e-24
-1.630284349686956004e-24
-1.632819079613228417e-24
-1.635330916120924141e-24
-1.637819553543851695e-24
-1.640284817738610595e-24
-1.642726408704191610e-24
-1.645144157759555059e-24
-1.647537770338368518e-24
-1.649907083721144230e-24
-1.652251808585807700e-24
-1.654571787760938735e-24
-1.656866737448796252e-24
-1.659136506569721130e-24
-1.661380816807360298e-24
-1.663599570428840685e-24
-1.665792733203710591e-24
-1.667960450438467081e-24
-1.670102737269312837e-24
-1.672219740879068271e-24
-1.674311477937762238e-24
-1.676378097482464550e-24
-1.678419617840308734e-24
-1.680436189732807966e-24
-1.682427833029766070e-24
-1.684394700248374413e-24
-1.686336812769596153e-24
-1.688254325421547573e-24
-1.690147260821148468e-24
-1.692015775718292265e-24
-1.693859894092716214e-24
-1.695679774849131540e-24
-1.697475443482897666e-24
-1.699247060591748818e-24
-1.700994653462224876e-24
-1.702718371256941388e-24
-1.704418175307807809e-24
-1.706094150549656383e-24
-1.707746246853112484e-24
-1.709374552125819610e-24
-1.710979019202218551e-24
-1.712559738727894412e-24
-1.714116665876903408e-24
-1.715649894386910862e-24
-1.717159381656004627e-24
-1.718645223976799119e-24
-1.720107381588002494e-24
-1.721545953531000751e-24
-1.722960902619653846e-24
-1.724352330126243200e-24
-1.725720201183915859e-24
-1.727064619894789487e-24
-1.728385553589512596e-24
-1.729683108759313936e-24
-1.730957254961767943e-24
-1.732208159200287518e-24
-1.733436083478394343e-24
-1.734641485203775402e-24
-1.735824681960280920e-24
-1.736986128993179045e-24
-1.738126141081541623e-24
-1.739245170859128430e-24
-1.740343530294877088e-24
-1.741421669967145544e-24
-1.742479899137604339e-24
-1.743518666135758850e-24
-1.744538277351927853e-24
-1.745539178577337243e-24
-1.746521673551041104e-24
-1.747486205367590189e-24
-1.748433074936454702e-24
-1.749362723155663631e-24
-1.750275447932242817e-24
-1.751171687419151370e-24
-1.752051736623096980e-24
-1.752916037584207193e-24
-1.753764915809156808e-24
-1.754598843836298181e-24
-1.755418150407117058e-24
-1.756223304581668459e-24
-1.757014631297055723e-24
-1.757792596470938086e-24
-1.758557521350988809e-24
-1.759309868699782250e-24
-1.760049956132749391e-24
-1.760778242728786350e-24
-1.761495042312636213e-24
-1.762200810507525663e-24
-1.762895857269993379e-24
-1.763580634790137817e-24
-1.764255448995309671e-24
-1.764920748437731557e-24
-1.765576835456064323e-24
-1.766224154864846099e-24
-1.766863004912113266e-24
-1.767493856396331888e-24
-1.768117154079456559e-24
-1.768733513727160124e-24
-1.769343404278549888e-24
-1.769947435224997682e-24
-1.770546069468916142e-24
-1.771139910188651629e-24
-1.771729413842880741e-24
-1.772315177714793876e-24
-1.772897651739786630e-24
-1.773477426707168242e-24
-1.774054946648395199e-24
-1.774630796076557833e-24
-1.775205412546512710e-24
-1.775779374404947042e-24
-1.776353112949708268e-24
-1.776927200203914312e-24
-1.777502061138142354e-24
-1.778078261454160140e-24
-1.778656219790617063e-24
-1.779236472689028343e-24
-1.779819317784237039e-24
-1.780405171429344350e-24
-1.780994303540053535e-24
-1.781587125619572996e-24
-1.782183903177631293e-24
-1.782785042504884920e-24
-1.783390804467552655e-24
-1.784001590328522391e-24
-1.784617656433479667e-24
-1.785239399219552846e-24
-1.785867070380276330e-24
-1.786501061196697694e-24
-1.787141618715097974e-24
-1.787789129527129173e-24
-1.788443835783220271e-24
-1.789106119298347242e-24
-1.789776216874745402e-24
-1.790454505561540996e-24
-1.791141217244073734e-24
-1.791836748824856069e-24
-1.792541451643264494e-24
-1.793255841729395465e-24
-1.793980288539481060e-24
-1.794715301481713492e-24
-1.795461243410308121e-24
-1.796218616865159748e-24
-1.796987778358545140e-24
-1.797769223780105236e-24
-1.798563302720756475e-24
-1.799370504714890199e-24
-1.800191172410253791e-24
-1.801025789202646934e-24
-1.801874690677249687e-24
-1.802738353904777526e-24
-1.803617107699010936e-24
-1.804511422769930643e-24
-1.805421621371112384e-24
-1.806348167827661892e-24
-1.807291377646428218e-24
-1.808251660704360064e-24
-1.809229084791091104e-24
-1.810223814260172424e-24
-1.811235864824881862e-24
-1.812265397820674798e-24
-1.813312425362751801e-24
-1.814377105597237916e-24
-1.815459446766632675e-24
-1.816559604059056323e-24
-1.817677581979789325e-24
-1.818813532415897097e-24
-1.819967456152768191e-24
-1.821139501736823649e-24
-1.822329666301340582e-24
-1.823538095025624627e-24
-1.824764781205096450e-24
-1.826009866696118420e-24
-1.827273341116215296e-24
-1.828555342872370375e-24
-1.829855857781968440e-24
-1.831175022450819531e-24
-1.832512826593466360e-24
-1.833869411115013149e-24
-1.835244763545042935e-24
-1.836639021166720866e-24
-1.838052167606139076e-24
-1.839484336661148411e-24
-1.840935507820542432e-24
-1.842405811656987973e-24
-1.843895223308439722e-24
-1.845403870164896292e-24
-1.846931723187865799e-24
-1.848478906457887612e-24
-1.850045386678379315e-24
-1.851631284752021296e-24
-1.853236563169791296e-24
-1.854861339622676327e-24
-1.856505572294008429e-24
-1.858169375724461138e-24
-1.859852703960057274e-24
-1.861555631308845702e-24
-1.863277923313108715e-24
-1.865019467642853368e-24
-1.866779990668948972e-24
-1.868559378911861309e-24
-1.870357356752960113e-24
-1.872173809640785583e-24
-1.874008459675145284e-24
-1.875861191440789432e-24
-1.877731724753123500e-24
-1.879619942995596847e-24
-1.881525564084479661e-24
-1.883448470108730921e-24
-1.885388376825713767e-24
-1.887345165372856827e-24
-1.889318549248937214e-24
-1.891308408580408822e-24
-1.893314454649309598e-24
-1.895336566597961117e-24
-1.897374453600639670e-24
-1.899427970987797889e-24
-1.901496712702749308e-24
-1.903580420166628463e-24
-1.905678663894102492e-24
-1.907791185269759078e-24
-1.909917554300308901e-24
-1.912057512512910212e-24
-1.914210629248052349e-24
-1.916376646205620338e-24
-1.918555131958785986e-24
-1.920745828555913658e-24
-1.922948303763651960e-24
-1.925162300077151925e-24
-1.927387384593334535e-24
-1.929623300174484895e-24
-1.931869613505466197e-24
-1.934126067526236538e-24
-1.936392228777471505e-24
-1.938667840500439252e-24
-1.940952468954105575e-24
-1.943245856071938715e-24
-1.945547559406138666e-24
-1.947857313070861653e-24
-1.950174672732210823e-24
-1.952499373316516061e-24
-1.954830970441267209e-24
-1.957169200013332029e-24
-1.959513617564173645e-24
-1.961863960028499226e-24
-1.964219783089771396e-24
-1.966580824916076688e-24
-1.968946641253925367e-24
-1.971316971733608000e-24
-1.973691372274985740e-24
-1.976069583976334050e-24
-1.978451163081144207e-24
-1.980835852226316802e-24
-1.983223208311823278e-24
-1.985612975546188786e-24
-1.988004711770767664e-24
-1.990398136657750870e-24
-1.992792678244445667e-24
-1.995187927924665645e-24
-1.997583290179632285e-24
-1.999978359438738893e-24
-2.002372542869816922e-24
-2.004765438551100301e-24
-2.007156456082546215e-24
-2.009545197373800392e-24
-2.011931074738435865e-24
-2.014313694010730905e-24
-2.016692470517007220e-24
-2.019067014105288008e-24
-2.021436743132054562e-24
-2.023801271679699872e-24
-2.026160021539844657e-24
-2.028512611072131528e-24
-2.030858465600134346e-24
-2.033197207960354938e-24
-2.035528267316401212e-24
-2.037851267503523485e-24
-2.040165623780274013e-24
-2.042470947435764476e-24
-2.044766653796751885e-24
-2.047052359892178471e-24
-2.049327485290546527e-24
-2.051591652534562167e-24
-2.053844285487615966e-24
-2.056085012609499952e-24
-2.058313262336925349e-24
-2.060528669181005675e-24
-2.062730666399792194e-24
-2.064918894729895483e-24
-2.067092792346062211e-24
-2.069252006515675166e-24
-2.071395980274845534e-24
-2.073524367676376389e-24
-2.075636617024993085e-24
-2.077732389189077391e-24
-2.079811137993727395e-24
-2.081872567055765320e-24
-2.083916314211558164e-24
-2.085942268277675481e-24
-2.087950106703081587e-24
-2.089939723829623519e-24
-2.091910801298944642e-24
-2.093863239018880884e-24
-2.095796723106726271e-24
-2.097711158992217609e-24
-2.099606237529657158e-24
-2.101481869754799874e-24
-2.103337751341712894e-24
-2.105173799182260891e-24
-2.106989713711045654e-24
-2.108785418137809181e-24
-2.110560617631037991e-24
-2.112315241849817959e-24
-2.114049000795041085e-24
-2.115761830761303469e-24
-2.117453446552196747e-24
-2.119123771732151806e-24
-2.120772427730530632e-24
-2.122399247269738475e-24
-2.124003838147745566e-24
-2.125586041045743412e-24
-2.127145470127905244e-24
-2.128681973936195371e-24
-2.130195173023033849e-24
-2.131684923968583966e-24
-2.133150853681613362e-24
-2.134592826817126301e-24
-2.136010476803968938e-24
-2.137403676528357386e-24
-2.138772065822580092e-24
-2.140115525716330893e-24
-2.141433702828031900e-24
-2.142726486156155642e-24
-2.143993529093729966e-24
-2.145234728721125018e-24
-2.146449745156313786e-24
-2.147638527601333518e-24
-2.148800963909703572e-24
-2.149937230781167956e-24
-2.151047264880915360e-24
-2.152131248424029575e-24
-2.153189122337600630e-24
-2.154221074360613367e-24
-2.155227049541523297e-24
-2.156207240896386375e-24
-2.157161597878431607e-24
-2.158090318751784783e-24
-2.158993356974455224e-24
-2.159870916449565365e-24
-2.160722954435256784e-24
-2.161549680047297129e-24
-2.162351054267766898e-24
-2.163127291458691474e-24
-2.163878356192106327e-24
-2.164604467924849028e-24
-2.165305594866733537e-24
-2.165981971054635158e-24
-2.166633618786048523e-24
-2.167260826230546266e-24
-2.167863628635942895e-24
-2.168442318036138886e-24
-2.168996932560846167e-24
-2.169527767773836262e-24
-2.170034864566796421e-24
-2.170518521992273198e-24
-2.170978783417939104e-24
-2.171415951264312005e-24
-2.171830071063544038e-24
-2.172221448733935324e-24
-2.172590131576219578e-24
-2.172936428592248560e-24
-2.173260388754380213e-24
-2.173562324173204741e-24
-2.173842285526510433e-24
-2.174100587199707833e-24
-2.174337281521248929e-24
-2.174552725552014439e-24
-2.174747173703399619e-24
-2.174921185135880801e-24
-2.175075053261264859e-24
-2.175209336601005886e-24
-2.175324327379258117e-24
-2.175420583273071769e-24
-2.175498394820226964e-24
-2.175558319035584522e-24
-2.175600644256126207e-24
-2.175625926675767786e-24
-2.175634452324978252e-24
-2.175626776395338157e-24
-2.175603182265375157e-24
-2.175564223831687921e-24
-2.175510181576240190e-24
-2.175441607935516774e-24
-2.175358780259351002e-24
-2.175262249032342457e-24
-2.175152288643826150e-24
-2.175029424631043381e-24
-2.174893813382520410e-24
-2.174745863955693889e-24
-2.174585707409671517e-24
-2.174413751648114688e-24
-2.174230125252586110e-24
-2.174035234832025005e-24
-2.173829206267258706e-24
-2.173612444556319428e-24
-2.173385072430470775e-24
-2.173147493241808221e-24
-2.172899826486122844e-24
-2.172642473438748818e-24
-2.172375550432120536e-24
-2.172099456279001508e-24
-2.171814303376419078e-24
-2.171520488296039143e-24
-2.171218119760182771e-24
-2.170907591324587838e-24
-2.170589008097084934e-24
-2.170262798706903204e-24
-2.169929255582657597e-24
-2.169588994218767923e-24
-2.169242338893795465e-24
-2.168889899264882473e-24
-2.168531993041888860e-24
-2.168169224074914864e-24
-2.167801903158320644e-24
-2.167430628244287327e-24
-2.167055703023815891e-24
-2.166677719354780716e-24
-2.166296973987524873e-24
-2.165914052106535887e-24
-2.165529243441398168e-24
-2.165143126598810929e-24
-2.164755983974780302e-24
-2.164368387487555784e-24
-2.163980612079327952e-24
-2.163593222726614658e-24
-2.163206487016990521e-24
-2.162820938450984140e-24
-2.162436715147529799e-24
-2.162054222218237814e-24
-2.161673567403046581e-24
-2.161295149502127495e-24
-2.160919070210016809e-24
-2.160545721886134904e-24
-2.160175200106650018e-24
-2.159807890868142546e-24
-2.159443883377479199e-24
-2.159083557420508623e-24
-2.158726995389660165e-24
-2.158374571006707233e-24
-2.158026359734668914e-24
-2.157682728824076747e-24
-2.157343747228874664e-24
-2.157009775467120023e-24
-2.156680875797999412e-24
-2.156357401912616382e-24
-2.156039409618593794e-24
-2.155727262716510696e-24
-2.155421095574733832e-24
-2.155121349743131725e-24
-2.154828169333529266e-24
-2.154541987746615372e-24
-2.154262941645686531e-24
-2.153991456430806990e-24
-2.153727661120318624e-24
-2.153471972866804256e-24
-2.153224513337926980e-24
-2.152985691383202004e-24
-2.152755621414383094e-24
-2.152534703913087131e-24
-2.152323045982610281e-24
-2.152121040067451530e-24
-2.151928785658336937e-24
-2.151746667300026518e-24
-2.151574776930809738e-24
-2.151413490896646450e-24
-2.151262893684666446e-24
-2.151123296932330432e-24
-2.150994493556403717e-24
-2.150876504594906328e-24
-2.150769061522769432e-24
-2.150672180655024426e-24
-2.150585588983896648e-24
-2.150509298330534548e-24
-2.150443031227881198e-24
-2.150386795114806108e-24
-2.150340307807724162e-24
-2.150303572214579530e-24
-2.150276301899331588e-24
-2.150258495399862625e-24
-2.150249861819007530e-24
-2.150250395369310233e-24
-2.150259800820877809e-24
-2.150278068113350957e-24
-2.150304897959573187e-24
-2.150340275724964927e-24
-2.150383898279490207e-24
-2.150435785029511630e-24
-2.150495822023781588e-24
-2.150564216661128922e-24
-2.150640887536381949e-24
-2.150726036221037733e-24
-2.150819575151905683e-24
-2.150921700137236466e-24
-2.151032318045667483e-24
-2.151151618533901589e-24
-2.151279503232362869e-24
-2.151416155955503910e-24
-2.151561472882150931e-24
-2.151715632482339862e-24
-2.151878525466699609e-24
-2.152050325070567146e-24
-2.152230916544606198e-24
-2.152420468183743472e-24
-2.152618860232040703e-24
-2.152826256046424091e-24
-2.153042530645120382e-24
-2.153267758580921143e-24
-2.153501389026958834e-24
-2.153743072845608576e-24
-2.153992174760824239e-24
-2.154248345720870645e-24
-2.154510950771630627e-24
-2.154779641257029017e-24
-2.155053782501589668e-24
-2.155333026709993148e-24
-2.155616739193754996e-24
-2.155904573250507286e-24
-2.156195894654012914e-24
-2.156490357911868943e-24
-2.156787329472595535e-24
-2.157086465110140266e-24
-2.157387132373485846e-24
-2.157688988454047508e-24
-2.157991402240269450e-24
-2.158294032704376561e-24
-2.158596250301682724e-24
-2.158897768302025035e-24
-2.159198221646818109e-24
-2.159497586617468478e-24
-2.159795550422984465e-24
-2.160092088811361917e-24
-2.160386888320786489e-24
-2.160679924686682854e-24
-2.160970883764951457e-24
-2.161259741446964665e-24
-2.161546183801022630e-24
-2.161830186612728941e-24
-2.162111436636515763e-24
-2.162389909776162069e-24
-2.162665293844220530e-24
-2.162937564995387470e-24
-2.163206412361310505e-24
-2.163471812716301520e-24
-2.163733456449112647e-24
-2.163991321582050941e-24
-2.164245100001077687e-24
-2.164494702381244095e-24
-2.164739479198450884e-24
-2.164979001502085080e-24
-2.165212556943766885e-24
-2.165439722401325946e-24
-2.165659791872020556e-24
-2.165872348598559093e-24
-2.166076692792261923e-24
-2.166272414798659919e-24
-2.166458821121025243e-24
-2.166635509405981526e-24
-2.166801792790334120e-24
-2.166957276625101241e-24
-2.167101280845717410e-24
-2.167233419028572318e-24
-2.167353018140653494e-24
-2.167459700374211042e-24
-2.167552799673149622e-24
-2.167631947191134319e-24
-2.167696484405280806e-24
-2.167746092100269882e-24
-2.167780322226629416e-24
-2.167799065894888920e-24
-2.167801921447912553e-24
-2.167788787016359967e-24
-2.167759266920326872e-24
-2.167713266460417611e-24
-2.167650396177146085e-24
-2.167570569005766202e-24
-2.167473401700324594e-24
-2.167358814938248308e-24
-2.167226432177982577e-24
-2.167076181844700897e-24
-2.166907694385461800e-24
-2.166720906117046638e-24
-2.166515454707847206e-24
-2.166291284413654521e-24
-2.166048040430343064e-24
-2.165785675078500595e-24
-2.165503841265800326e-24
-2.165202481516627807e-24
-2.164881166694578407e-24
-2.164539758360101757e-24
-2.164177818504830427e-24
-2.163795218389242087e-24
-2.163391529333652803e-24
-2.162966632340223760e-24
-2.162520108310833478e-24
-2.162051848099202687e-24
-2.161561442220939394e-24
-2.161048791537937559e-24
-2.160513496277989675e-24
-2.159955467286152821e-24
-2.159374314654206947e-24
-2.158769959233151126e-24
-2.158142021072634361e-24
-2.157490431086439115e-24
-2.156814819360845970e-24
-2.156115126850921355e-24
-2.155390993675217819e-24
-2.154642383564855603e-24
-2.153869010038038331e-24
-2.153070909769766205e-24
-2.152247818147856805e-24
-2.151399780939461587e-24
-2.150526542664212403e-24
-2.149628158173114448e-24
-2.148704381112619832e-24
-2.147755275280485904e-24
-2.146780603376577982e-24
-2.145780438104009805e-24
-2.144754551069714524e-24
-2.143703023782711770e-24
-2.142625636589465566e-24
-2.141522479833897572e-24
-2.140393342481823445e-24
-2.139238323437871434e-24
-2.138057220423304623e-24
-2.136850140744060815e-24
-2.135616890421744297e-24
-2.134357599632368965e-24
-2.133072155486597583e-24
-2.131760767995477802e-24
-2.130423346208878914e-24
-2.129060106469067022e-24
-2.127670964832423085e-24
-2.126256144026306035e-24
-2.124815566733447016e-24
-2.123349462166254110e-24
-2.121857759209318168e-24
-2.120340693151271245e-24
-2.118798198903528378e-24
-2.117230517576905470e-24
-2.115637590117732823e-24
-2.114019663041288348e-24
-2.112376682912002376e-24
-2.110708901587135101e-24
-2.109016271032024830e-24
-2.107299048069170671e-24
-2.105557189663032368e-24
-2.103790979642047754e-24
-2.102000489810132120e-24
-2.100186117905349226e-24
-2.098347960727435339e-24
-2.096486418267454445e-24
-2.094601589486691784e-24
-2.092693876717636293e-24
-2.090763380665239820e-24
-2.088810505439024315e-24
-2.086835353427197374e-24
-2.084838330166485006e-24
-2.082819539310525861e-24
-2.080779387818354442e-24
-2.078717980309085888e-24
-2.076635724473846705e-24
-2.074532725926666206e-24
-2.072409392666403931e-24
-2.070265830611127868e-24
-2.068102448031232712e-24
-2.065919351099304488e-24
-2.063716940860224642e-24
-2.061495289781089686e-24
-2.059254764185852512e-24
-2.056995430251334385e-24
-2.054717653846033359e-24
-2.052421501235767375e-24
-2.050107337465672696e-24
-2.047775228773154094e-24
-2.045425538852950941e-24
-2.043058333614713001e-24
-2.040673975276231607e-24
-2.038272529080514207e-24
-2.035854355331890143e-24
-2.033419518707284417e-24
-2.030968377025772703e-24
-2.028500994022351606e-24
-2.026017725187864199e-24
-2.023518632654809637e-24
-2.021004069206737833e-24
-2.018474095422943010e-24
-2.015929096535829910e-24
-2.013369307376634347e-24
-2.010795284226991888e-24
-2.008207292637408624e-24
-2.005605881958546085e-24
-2.002991312250853629e-24
-2.000364125716295157e-24
-1.997724576941880373e-24
-1.995073200888172756e-24
-1.992410246695818404e-24
-1.989736241959632541e-24
-1.987051429679358288e-24
-1.984356329820996897e-24
-1.981651179338909918e-24
-1.978936490538125679e-24
-1.976212493841201288e-24
-1.973479694011019198e-24
-1.970738314908061999e-24
-1.967988853360246911e-24
-1.965231526528474143e-24
-1.962466804736352284e-24
-1.959694806787242322e-24
-1.956915904256153473e-24
-1.954130192804702133e-24
-1.951338036904002385e-24
-1.948539527178103910e-24
-1.945735020889222422e-24
-1.942924603769899733e-24
-1.940108625956626762e-24
-1.937287167896334973e-24
-1.934460572846368426e-24
-1.931628915763353160e-24
-1.928792532897317454e-24
-1.925951493601684140e-24
-1.923106127325059795e-24
-1.920256497528166598e-24
-1.917402927197744562e-24
-1.914545473714009789e-24
-1.911684453082999700e-24
-1.908819916971296475e-24
-1.905952203199141626e-24
-1.903081501111392580e-24
-1.900208283920563864e-24
-1.897332761350081706e-24
-1.894455397052449032e-24
-1.891576392287992654e-24
-1.888696201175670157e-24
-1.885815016556750303e-24
-1.882933283104137375e-24
-1.880051184772348520e-24
-1.877169157567283314e-24
-1.874287376451512296e-24
-1.871406269380189865e-24
-1.868526002218642104e-24
-1.865646994372757693e-24
-1.862769402809417498e-24
-1.859893638263954767e-24
-1.857019849662765049e-24
-1.854148438802530428e-24
-1.851279546440451117e-24
-1.848413530252531169e-24
-1.845550343752258094e-24
-1.842690159223450639e-24
-1.839832889412867051e-24
-1.836978701860439359e-24
-1.834127504710030093e-24
-1.831279460652378273e-24
-1.828434473573291895e-24
-1.825592701571498235e-24
-1.822754044295126114e-24
-1.819918655317677878e-24
-1.817086430159054554e-24
-1.814257517780519427e-24
-1.811431810069731977e-24
-1.808609451666621524e-24
-1.805790330723016668e-24
-1.802974587635336733e-24
-1.800162107326303826e-24
-1.797353025632510564e-24
-1.794547224277980766e-24
-1.791744859411346538e-24
-1.788945930582327424e-24
-1.786150710166624486e-24
-1.783359216837506217e-24
-1.780571716996111970e-24
-1.777788223922151669e-24
-1.775008998609867548e-24
-1.772234049306383240e-24
-1.769463631436298501e-24
-1.766697748549945694e-24
-1.763936650785928520e-24
-1.761180337280756010e-24
-1.758429052865131939e-24
-1.755682792433431775e-24
-1.752941796080180146e-24
-1.750206054228579026e-24
-1.747475802441434607e-24
-1.744751027310243560e-24
-1.742031959635971524e-24
-1.739318582305033380e-24
-1.736611086020029921e-24
-1.733909269953572576e-24
-1.731213142370619063e-24
-1.728522466659510724e-24
-1.725837250477674163e-24
-1.723157257783577236e-24
-1.720482496137206148e-24
-1.717812729797159278e-24
-1.715147966303667547e-24
-1.712487970582583641e-24
-1.709832750293243242e-24
-1.707182071495063871e-24
-1.704535942036817267e-24
-1.701894129131113602e-24
-1.699256640947405353e-24
-1.696623246006606231e-24
-1.693993953596853256e-24
-1.691368533129439073e-24
-1.688746994960148588e-24
-1.686129110025316734e-24
-1.683514895770940798e-24
-1.680904155970876359e-24
-1.678296939523653704e-24
-1.675693057881976567e-24
-1.673092560725922124e-24
-1.670495260923182576e-24
-1.667901209417193611e-24
-1.665310220213227313e-24
-1.662722345600136205e-24
-1.660137401393884197e-24
-1.657555440862029019e-24
-1.654976282133610284e-24
-1.652399979838539228e-24
-1.649826353806791931e-24
-1.647255460616966410e-24
-1.644687122332982371e-24
-1.642121397136963839e-24
-1.639558109388228992e-24
-1.636997319113626260e-24
-1.634438853296691677e-24
-1.631882764555300103e-24
-1.629328836568707816e-24
-1.626777077898988285e-24
-1.624227266893285984e-24
-1.621679415187225316e-24
-1.619133304836601824e-24
-1.616588950721074996e-24
-1.614046138731035005e-24
-1.611504887170687910e-24
-1.608964985783599592e-24
-1.606426456152508466e-24
-1.603889092230771904e-24
-1.601352918932151640e-24
-1.598817734476803603e-24
-1.596283567186259593e-24
-1.593750219600698826e-24
-1.591217723487450955e-24
-1.588685885806768669e-24
-1.586154741840300694e-24
-1.583624103036134377e-24
-1.581093990150680237e-24
-1.578564129660659931e-24
-1.576034457088318893e-24
-1.573504687348749174e-24
-1.570974761392409083e-24
-1.568444400704192599e-24
-1.565913551626251417e-24
-1.563381942180830820e-24
-1.560849524198002042e-24
-1.558316032201629764e-24
-1.555781423478785399e-24
-1.553245439089283154e-24
-1.550708041762295967e-24
-1.548168979035561313e-24
-1.545628219114802801e-24
-1.543085515977587444e-24
-1.540540843290224104e-24
-1.537993961429956282e-24
-1.535444849441501303e-24
-1.532893274140712264e-24
-1.530339229214984297e-24
-1.527782534124879139e-24
-1.525223233705570226e-24
-1.522661162082332843e-24
-1.520096368251526142e-24
-1.517528691551487371e-24
-1.514958185150559049e-24
-1.512384693518043855e-24
-1.509808273916891496e-24
-1.507228775861356777e-24
-1.504646260593338782e-24
-1.502060582611322812e-24
-1.499471807078630473e-24
-1.496879793350715603e-24
-1.494284610424226191e-24
-1.491686122438745105e-24
-1.489084402061874399e-24
-1.486479318195431837e-24
-1.483870947009273749e-24
-1.481259162064356064e-24
-1.478644036849211010e-24
-1.476025419113403620e-24
-1.473403355548436435e-24
-1.470777692893944845e-24
-1.468148481690144261e-24
-1.465515573672781326e-24
-1.462879023043628538e-24
-1.460238686353762129e-24
-1.457594621370688693e-24
-1.454946689362334989e-24
-1.452294951493146963e-24
-1.449639273601589040e-24
-1.446979720081102535e-24
-1.444316161204688333e-24
-1.441648664469325914e-24
-1.438977104363281233e-24
-1.436301551379543772e-24
-1.433621884117882933e-24
-1.430938175846527689e-24
-1.428250309091985037e-24
-1.425558364045271400e-24
-1.422862248137930037e-24
-1.420162064999546230e-24
-1.417457729466650592e-24
-1.414749346969177166e-24
-1.412036835294309202e-24
-1.409320301573222470e-24
-1.406599666394510624e-24
-1.403875038383104840e-24
-1.401146340787964544e-24
-1.398413683572869123e-24
-1.395676992480849162e-24
-1.392936378664212427e-24
-1.390191770192594412e-24
-1.387443279268591289e-24
-1.384690836092333349e-24
-1.381934553762368457e-24
-1.379174364485829593e-24
-1.376410382101764715e-24
-1.373642540670992335e-24
-1.370870956799642521e-24
-1.368095577190052948e-24
-1.365316529719334598e-24
-1.362533764604445624e-24
-1.359747409739297759e-24
-1.356957416484272717e-24
-1.354163912626342734e-24
-1.351366850508384599e-24
-1.348566357693593526e-24
-1.345762387381865807e-24
-1.342955066749924420e-24
-1.340144349735549907e-24
-1.337330363022348307e-24
-1.334513061123192406e-24
-1.331692570101542055e-24
-1.328868844979484458e-24
-1.326042011052282336e-24
-1.323212023715411143e-24
-1.320379007423434185e-24
-1.317542917786592488e-24
-1.314703891527985998e-24
-1.311861950125674809e-24
-1.309017294271643581e-24
-1.306169957110069683e-24
-1.303320136661416929e-24
-1.300467864402712131e-24
-1.297613335585623892e-24
-1.294756579955508890e-24
-1.291897789960169827e-24
-1.289036993499565268e-24
-1.286174380130163115e-24
-1.283309975907646968e-24
-1.280443967449814238e-24
-1.277576378869059285e-24
-1.274707393815341342e-24
-1.271837034405903268e-24
-1.268965481282186298e-24
-1.266092754532387329e-24
-1.263219031738994097e-24
-1.260344330942942334e-24
-1.257468823564224986e-24
-1.254592510347915189e-24
-1.251715544514027976e-24
-1.248837922043493793e-24
-1.245959793375720768e-24
-1.243081152758305887e-24
-1.240202147849024564e-24
-1.237322771143313501e-24
-1.234443167555365787e-24
-1.231563327864218943e-24
-1.228683394154477955e-24
-1.225803355462065852e-24
-1.222923351113885404e-24
-1.220043368389088108e-24
-1.217163543820231236e-24
-1.214283863014662057e-24
-1.211404459713545774e-24
-1.208525317859926551e-24
-1.205646568396206253e-24
-1.202768193635438437e-24
-1.199890336906033905e-24
-1.197013054112465784e-24
-1.194136560264668251e-24
-1.191260923020477818e-24
-1.188386352948505009e-24
-1.185512914313666994e-24
-1.182640813298927931e-24
-1.179770110810835631e-24
-1.176901008738184675e-24
-1.174033564705067858e-24
-1.171167976364043871e-24
-1.168304298135081579e-24
-1.165442723519292744e-24
-1.162583303801985932e-24
-1.159726228416462217e-24
-1.156871545571065704e-24
-1.154019440714873055e-24
-1.151169959050720011e-24
-1.148323282176852270e-24
-1.145479452354169598e-24
-1.142638642599172327e-24
-1.139800868763786570e-24
-1.136966276677305544e-24
-1.134134875261652026e-24
-1.131306807293062674e-24
-1.128482079630938795e-24
-1.125660832062302504e-24
-1.122843069455338391e-24
-1.120028928675925252e-24
-1.117218412693837525e-24
-1.114411655535951479e-24
-1.111608658347570361e-24
-1.108809552412479066e-24
-1.106014337099326926e-24
-1.103223141054183552e-24
-1.100435961947892478e-24
-1.097652925876057264e-24
-1.094874028880716799e-24
-1.092099394581280731e-24
-1.089329017503349728e-24
-1.086563026647889288e-24
-1.083801453877845427e-24
-1.081044464223408941e-24
-1.078292095051741411e-24
-1.075544508231558106e-24
-1.072801738919923167e-24
-1.070063945919143710e-24
-1.067331162218330297e-24
-1.064603543627485786e-24
-1.061881121101278157e-24
-1.059164047560728292e-24
-1.056452351967577661e-24
-1.053746184435104501e-24
-1.051045572002284070e-24
-1.048350662060557458e-24
-1.045661479830857033e-24
-1.042978170062683249e-24
-1.040300756197484922e-24
-1.037629380429477112e-24
-1.034964064487830666e-24
-1.032304947118526576e-24
-1.029652043786945432e-24
-1.027005486230434236e-24
-1.024365287511055910e-24
-1.021731577100678437e-24
-1.019104366640717001e-24
-1.016483783433040647e-24
-1.013869837781865897e-24
-1.011262654782537312e-24
-1.008662243401128134e-24
-1.006068726660152550e-24
-1.003482112252890848e-24
-1.000902521157440010e-24
-9.983299598269819050e-25
-9.957645472270656185e-25
-9.932062886194843304e-25
-9.906553009851632799e-25
-9.881115884161053824e-25
-9.855752659807359557e-25
-9.830463366120754028e-25
-9.805249085962888165e-25
-9.780109593689780411e-25
-9.755045711743736278e-25
-9.730057159945546840e-25
-9.705144747669581807e-25
-9.680308189213169807e-25
-9.655548281058773193e-25
-9.630864732603999325e-25
-9.606258328004288843e-25
-9.581728772136540282e-25
-9.557276836631430543e-25
-9.532902221182701328e-25
-9.508605684709678112e-25
-9.484386921732713388e-25
-9.460246678709777631e-25
-9.436184644996058912e-25
-9.412201554464273760e-25
-9.388297091347568102e-25
-9.364471977100778391e-25
-9.340725890440808211e-25
-9.317059548019741848e-25
-9.293472662071709635e-25
-9.269965974762898906e-25
-9.246539199664616244e-25
-9.223193065576914144e-25
-9.199927279417398924e-25
-9.176742556289128822e-25
-9.153638596477018180e-25
-9.130616101560101301e-25
-9.107674765098245265e-25
-9.084815274902875969e-25
-9.062037317699029405e-25
-9.039341567471533453e-25
-9.016727703942883035e-25
-8.994196387255927402e-25
-8.971747290106853380e-25
-8.949381058843134436e-25
-8.927097359274244760e-25
-8.904896824009969419e-25
-8.882779112126582187e-25
-8.860744842999474984e-25
-8.838793669034971943e-25
-8.816926196574128120e-25
-8.795142071200748028e-25
-8.773441885755444305e-25
-8.751825279253533519e-25
-8.730292831381306530e-25
-8.708844175576263703e-25
-8.687479879785812581e-25
-8.666199570273857825e-25
-8.645003802049768814e-25
-8.623892195626142062e-25
-8.602865298092181923e-25
-8.581922734288780008e-25
-8.561065047752142876e-25
-8.540291850617065536e-25
-8.519603640411267489e-25
-8.498999980005683037e-25
-8.478481361527362477e-25
