0.000000000000000000e+00
0.000000000000000000e+00
4.044017605784563887e-13
8.140475237155146859e-14
2.848429157279626356e-14
1.275337440359931908e-14
6.611679162340491474e-15
3.779966658643173026e-15
2.319233829191008272e-15
1.503973399624969255e-15
1.018544620744454088e-15
7.126307858185481688e-16
5.142892058242061790e-16
3.813886199913541563e-16
2.892864105176520235e-16
2.235386080569024539e-16
1.754227783809133225e-16
1.394760028575491891e-16
1.121532074114459975e-16
9.107958568848061676e-17
7.461997928294468664e-17
6.162185345010463157e-17
5.126987725666700028e-17
4.299331533381183945e-17
3.633834815684295365e-17
3.094632431009044644e-17
2.654067407676893235e-17
2.291008381241775876e-17
1.989327014038003324e-17
1.736669709524603814e-17
1.523515146978755968e-17
1.342468198828807048e-17
1.187736289804237733e-17
1.054742274617019343e-17
9.398377232451302227e-18
8.400896999285251610e-18
7.531211842904918097e-18
6.769908110543985022e-18
6.101015019240967406e-18
5.511304998428716923e-18
4.989753320769559525e-18
4.527117451931176257e-18
4.115681935171955376e-18
3.749120554589680347e-18
3.421948718599826497e-18
3.129360689901633402e-18
2.867163605250697261e-18
2.631708228567566182e-18
2.419821998955476197e-18
2.228747222894369112e-18
2.056085547766877054e-18
1.899748981108035437e-18
1.757917168079218734e-18
1.629000427987145446e-18
1.511607928490772612e-18
1.404520390407579560e-18
1.306666707766643751e-18
1.217103945633326149e-18
1.135000223286026826e-18
1.059620056820891214e-18
9.903118024453766482e-19
9.264968815779503857e-19
8.676624925723713555e-19
8.133576694302933568e-19
7.631780770071067225e-19
7.167591184227529235e-19
6.737719428707077113e-19
6.339197977453390971e-19
5.969347275670628298e-19
5.625745924788175054e-19
5.306203946274959984e-19
5.008738785679599160e-19
4.731553893111639622e-19
4.473019564309969882e-19
4.231655873380770600e-19
4.006117428974315728e-19
3.795179793450196254e-19
3.597727362097665335e-19
3.412742559511627405e-19
3.239296189710224365e-19
3.076538826852731642e-19
2.923693114995046118e-19
2.780048080131589806e-19
2.644955669336960054e-19
2.517820423469866074e-19
2.398093665748148900e-19
2.285269525317574248e-19
2.178881296253820930e-19
2.078498126960796119e-19
1.983721991322911553e-19
1.894184938928418172e-19
1.809546579446043586e-19
1.729491800659362455e-19
1.653728678572767037e-19
1.581986582923584859e-19
1.514014440996875057e-19
1.449579163267287811e-19
1.388464197722527633e-19
1.330468219547769708e-19
1.275403926071841854e-19
1.223096944180892153e-19
1.173384822961057021e-19
1.126116324328311474e-19
1.081151072553042461e-19
1.038357995131576572e-19
9.976144438544976838e-20
9.588056089299752813e-20
9.218239678483538226e-20
8.865687824392323382e-20
8.529456249029107157e-20
8.208659456075686472e-20
7.902466661840257496e-20
7.610098077889465174e-20
7.330821419041407044e-20
7.063948713355350697e-20
6.808833300240078277e-20
6.564867083016707922e-20
6.331477951075654901e-20
6.108127420694435369e-20
5.894308397339146757e-20
5.689543154791811670e-20
5.493381417631160958e-20
5.305399526578408920e-20
5.125201113336678629e-20
4.952412092186868168e-20
4.786678380376803425e-20
4.627664789829444159e-20
4.475053935749456987e-20
4.328545249389351995e-20
4.187854003695781414e-20
4.052710432109629510e-20
3.922858864262123978e-20
3.798056941637908868e-20
3.678074850666892152e-20
3.562694629899364732e-20
3.451709486183973454e-20
3.344923184646635658e-20
3.242149441916245407e-20
3.143211384045717674e-20
3.047941008819938014e-20
2.956178707753834517e-20
2.867772790465286895e-20
2.782579571488182753e-20
2.700464253725382863e-20
2.621298684581121130e-20
2.544960507784086282e-20
2.471332910999797571e-20
2.400304364652855663e-20
2.331768388787872001e-20
2.265623310832237701e-20
2.201772052536689289e-20
2.140121902660375693e-20
2.080584324286750475e-20
2.023074748240354145e-20
1.967512393857253580e-20
1.913820079589851733e-20
1.861924063420543478e-20
1.811753868712304115e-20
1.763242139112691843e-20
1.716324481035015571e-20
1.670939331378375608e-20
1.627027814920753337e-20
1.584533899635180187e-20
1.543404988414966483e-20
1.503590821619107787e-20
1.465043094173781392e-20
1.427715393931148678e-20
1.391563125162460045e-20
1.356543449426308174e-20
1.322615211001914030e-20
1.289738880860294761e-20
1.257876486217125588e-20
1.226991556594745246e-20
1.197049058139279254e-20
1.168015343235109352e-20
1.139858087571836082e-20
1.112546244099469327e-20
1.086049984428130050e-20
1.060340655572003198e-20
1.035390725301972281e-20
1.011173742910691615e-20
9.876642882751346379e-21
9.648380570977501073e-21
9.426721382803111032e-21
9.211445490841655213e-21
9.002340726518980568e-21
8.799202394695233884e-21
8.601832990880756126e-21
8.410042015192324121e-21
8.223645697016980115e-21
8.042466814813824426e-21
7.866334430620284403e-21
7.695083715984065358e-21
7.528555699351293855e-21
7.366597099548851292e-21
7.209060085468174563e-21
7.055802118747368784e-21
6.906685726632151427e-21
6.761578353529844084e-21
6.620352147360233348e-21
6.482883820615168120e-21
6.349054449598951897e-21
6.218749877975512027e-21
6.091861964950015854e-21
5.968286604423287903e-21
5.847923021190264953e-21
5.730673706804909902e-21
5.616444293923599408e-21
5.505143493551730747e-21
5.396682972066359371e-21
5.290977290144554879e-21
5.187943783873728582e-21
5.087502505672962846e-21
4.989576110364109140e-21
4.894089798598130815e-21
4.800971207696833449e-21
4.710150357452925313e-21
4.621559546936516752e-21
4.535133304065327697e-21
4.450808286079978273e-21
4.368523233146798697e-21
4.288218872995393796e-21
4.209838029770424229e-21
4.133325944609974046e-21
4.058629715619087690e-21
3.985698062184269093e-21
3.914481298981605104e-21
3.844931264317879056e-21
3.777001297877834517e-21
3.710646171102320879e-21
3.645822064610074205e-21
3.582486503659794254e-21
3.520598336493810818e-21
3.460117672132383668e-21
3.401005860307074345e-21
3.343225431673115485e-21
3.286740080722269576e-21
3.231514608841339435e-21
3.177514907223133013e-21
3.124707903269140572e-21
3.073061545324728294e-21
3.022544751950096904e-21
2.973127353357202387e-21
2.924779920694771265e-21
2.877473905356127455e-21
2.831181638214247506e-21
2.785876315014558101e-21
2.741531950647086361e-21
2.698123367263380683e-21
2.655626149474647788e-21
2.614016635895231691e-21
2.573271876054161092e-21
2.533369622909958702e-21
2.494288292869029987e-21
2.456006959080024984e-21
2.418505313162943721e-21
2.381763660412548261e-21
2.345762883389939796e-21
2.310484437782972733e-21
2.275910318843378984e-21
2.242023056991828565e-21
2.208805686620847055e-21
2.176241672636109630e-21
2.144314685173203388e-21
2.113008835723392829e-21
2.082308719723501109e-21
2.052199411462073222e-21
2.022666433299702668e-21
1.993695752252994836e-21
1.965273750633156758e-21
1.937387223842386058e-21
1.910023353392739710e-21
1.883169704674506353e-21
1.856814201607882597e-21
1.830945125828307286e-21
1.805551092295435960e-21
1.780621049086557024e-21
1.756144255004181205e-21
1.732110279335478973e-21
1.708508980701420739e-21
1.685330507779796147e-21
1.662565279218100483e-21
1.640203911424137336e-21
1.618236997024729828e-21
1.596655350918959446e-21
1.575450064994103391e-21
1.554612507757429692e-21
1.534134303242746279e-21
1.514007331232566964e-21
1.494223707249998218e-21
1.474775783863858945e-21
1.455656131662611535e-21
1.436857540060099291e-21
1.418373000797565032e-21
1.400195710641945148e-21
1.382319052165553122e-21
1.364736598504352770e-21
1.347442095175664587e-21
1.330429465789074089e-21
1.313692794014534485e-21
1.297226327749775511e-21
1.281024466050967474e-21
1.265081682011985880e-21
1.249392286965495647e-21
1.233950698243171037e-21
1.218751505661304062e-21
1.203789474055160141e-21
1.189059527490409614e-21
1.174556750199489677e-21
1.160276369249143117e-21
1.146213762084455928e-21
1.132364438862196984e-21
1.118724044680502678e-21
1.105288348365212080e-21
1.092053244148342531e-21
1.079014738286745123e-21
1.066168955599311850e-21
1.053512123112829949e-21
1.041040576859336668e-21
1.028750747867847313e-21
1.016639167508098398e-21
1.004702456396032416e-21
9.929372931989812686e-22
9.813403080918491455e-22
9.699082006696365570e-22
9.586377636221277095e-22
9.475258889680804080e-22
9.365695524834258717e-22
9.257658202701506547e-22
9.151118372700340948e-22
9.046048318835156333e-22
8.942421048997583200e-22
8.840210336925663070e-22
8.739390622092452681e-22
8.639937060169908068e-22
8.541825419857708944e-22
8.445032146683864397e-22
8.349534245022112847e-22
8.255309337002970597e-22
8.162335572270128684e-22
8.070591669933209611e-22
7.980056836921509821e-22
7.890710599940429897e-22
7.802532053543787454e-22
7.715500677376964816e-22
7.629596484000742187e-22
7.544800057334442973e-22
7.461092460328076636e-22
7.378455300588986479e-22
7.296870624997481470e-22
7.216320976591565747e-22
7.136789311850801628e-22
7.058259048068205326e-22
6.980713978882172914e-22
6.904138326739370614e-22
6.828516665769987135e-22
6.753833973865269638e-22
6.680075544955847791e-22
6.607227054441118552e-22
6.535274477938934643e-22
6.464204143440839743e-22
6.394002652739649699e-22
6.324656769758800115e-22
6.256152868302606402e-22
6.188477537496812766e-22
6.121617689917661648e-22
6.055560596121341560e-22
5.990293816947308802e-22
5.925805253056564722e-22
5.862083072006750015e-22
5.799115750584661361e-22
5.736892015117402712e-22
5.675400886655584815e-22
5.614631613012411785e-22
5.554573717098580347e-22
5.495216930937728825e-22
5.436551240662973802e-22
5.378566828769712883e-22
5.321254118711161683e-22
5.264603712475180175e-22
5.208606438069288581e-22
5.153253288729824673e-22
5.098535522302905259e-22
5.044444724940632939e-22
4.990972709670287827e-22
4.938111417029947121e-22
4.885852951188188724e-22
4.834189533016130843e-22
4.783113546910376542e-22
4.732617486262869949e-22
4.682694002577791705e-22
4.633335839033412891e-22
4.584535889762996423e-22
4.536287137145264513e-22
4.488582707806920615e-22
4.441415818265524287e-22
4.394779817926090673e-22
4.348668140768360134e-22
4.303074347814484521e-22
4.257992079738127942e-22
4.213415098837402503e-22
4.169337242535738588e-22
4.125752473690703374e-22
4.082654860792896760e-22
4.040038587254930604e-22
3.997897902343306878e-22
3.956227160930170790e-22
3.915020774414436461e-22
3.874273255948189160e-22
3.833979174466125083e-22
3.794133195075621889e-22
3.754730037976720216e-22
3.715764516163320011e-22
3.677231493327472393e-22
3.639125922872611049e-22
3.601442808374313918e-22
3.564177236687192225e-22
3.527324344381578145e-22
3.490879350417751988e-22
3.454837522949846775e-22
3.419194206527667735e-22
3.383944787977287917e-22
3.349084791393945692e-22
3.314610007238155365e-22
3.280516337528947606e-22
3.246799701765084328e-22
3.213456070942079860e-22
3.180481431177664721e-22
3.147871821704667239e-22
3.115623299004598394e-22
3.083731969695189371e-22
3.052193958248659603e-22
3.021005442080989557e-22
2.990162616763862733e-22
2.959661726528505204e-22
2.929499034220247019e-22
2.899670852552638418e-22
2.870173513209307634e-22
2.841003398815976891e-22
2.812156911143009671e-22
2.783630498817730466e-22
2.755420631061337683e-22
2.727523881255823958e-22
2.699937053577470301e-22
2.672657035281152761e-22
2.645680711244592648e-22
2.619004996620364050e-22
2.592626804890730817e-22
2.566543079079534789e-22
2.540750764554123310e-22
2.515246836468019043e-22
2.490028272763845272e-22
2.465092083512314489e-22
2.440435281909480085e-22
2.416054914321664789e-22
2.391948032543652921e-22
2.368111721410126877e-22
2.344543071341172779e-22
2.321239207530968945e-22
2.298197260875204758e-22
2.275414396698459073e-22
2.252887788914488097e-22
2.230614678450105362e-22
2.208592442679305543e-22
2.186818516040622087e-22
2.165290328669557363e-22
2.144005336009448989e-22
2.122960991832883771e-22
2.102154774721772834e-22
2.081584163155377259e-22
2.061246662450335337e-22
2.041139777521452256e-22
2.021261041174540800e-22
2.001607987915561088e-22
1.982178180220832344e-22
1.962969183415218220e-22
1.943978592326768006e-22
1.925204004141617090e-22
1.906643046176294315e-22
1.888293350570710276e-22
1.870152578591916097e-22
1.852218396492865681e-22
1.834488534304129730e-22
1.816960857006097519e-22
1.799633282794755018e-22
1.782503724879602837e-22
1.765570115789017202e-22
1.748830383972083330e-22
1.732282478392461736e-22
1.715924346363787740e-22
1.699753955968976434e-22
1.683769274068395398e-22
1.667968289718612354e-22
1.652348991990716375e-22
1.636909393264914993e-22
1.621647506215476230e-22
1.606561367036378262e-22
1.591649013609762673e-22
1.576908507530651829e-22
1.562337913733600531e-22
1.547935320638128936e-22
1.533698820693943584e-22
1.519626529437830108e-22
1.505716562991775901e-22
1.491967062014343424e-22
1.478376171930410875e-22
1.464942063010956811e-22
1.451662910838185336e-22
1.438536916451873097e-22
1.425562286250391883e-22
1.412737252220547701e-22
1.400060052224107454e-22
1.387528949636675857e-22
1.375142214052185597e-22
1.362898140427015253e-22
1.350795030226733114e-22
1.338831210197962837e-22
1.327005013775576139e-22
1.315314799609001453e-22
1.303758933189956988e-22
1.292335805154353515e-22
1.281043813098085603e-22
1.269881384863453631e-22
1.258846975717127465e-22
1.247939069408725667e-22
1.237156155218204258e-22
1.226496745483256607e-22
1.215959358173170387e-22
1.205542534228019535e-22
1.195244820359870989e-22
1.185064786107296129e-22
1.175001006838491473e-22
1.165052080777196450e-22
1.155216611958593553e-22
1.145493227073896470e-22
1.135880558725188550e-22
1.126377261960282288e-22
1.116981997776995577e-22
1.107693449477894886e-22
1.098510306246141260e-22
1.089431279408564449e-22
1.080455086153817307e-22
1.071580452801145106e-22
1.062806061842417713e-22
1.054130608175348403e-22
1.045552796395608505e-22
1.037071356118243455e-22
1.028685026370161869e-22
1.020392570657371983e-22
1.012192761451390501e-22
1.004084395201596605e-22
9.960662769825622212e-23
9.881372353259817548e-23
9.802961070158621428e-23
9.725417522540468436e-23
9.648730387264422226e-23
9.572888567803219963e-23
9.497881044077908007e-23
9.423697017211832096e-23
9.350325759707626348e-23
9.277756762227601718e-23
9.205979587866824999e-23
9.134983910370780582e-23
9.064759084551043403e-23
8.995294600813935836e-23
8.926580039319183218e-23
8.858605216044582586e-23
8.791360031648008468e-23
8.724834613307467767e-23
8.659019168175508078e-23
8.593904123505219607e-23
8.529479984572247299e-23
8.465737470391687420e-23
8.402667373674511302e-23
8.340260697303737240e-23
8.278508511009171401e-23
8.217402089086310004e-23
8.156932773092218553e-23
8.097092098974213797e-23
8.037871668225942735e-23
7.979263271408361911e-23
7.921258760667262224e-23
7.863850055453029303e-23
7.807028668580782742e-23
7.750786206045348999e-23
7.695114358012269160e-23
7.640005024879023886e-23
7.585450189450223694e-23
7.531442033849769769e-23
7.477972818970990704e-23
7.425034998612774654e-23
7.372621099911051084e-23
7.320723836744792818e-23
7.269335993198667486e-23
7.218450534171348910e-23
7.168060485864569868e-23
7.118159057509184989e-23
7.068739512930909545e-23
7.019795293472055230e-23
6.971319892410328927e-23
6.923306969726440415e-23
6.875750236740958660e-23
6.828643481594990334e-23
6.781980200363527433e-23
6.735753984551884405e-23
6.689958489611621861e-23
6.644587549159428826e-23
6.599635057203197626e-23
6.555095079986871871e-23
6.510961739117243884e-23
6.467229324491396545e-23
6.423892176565626117e-23
6.380944798575538592e-23
6.338381738220493216e-23
6.296197705676020130e-23
6.254387451231825603e-23
6.212945879370314383e-23
6.171867932213699930e-23
6.131148699774253178e-23
6.090783307348070395e-23
6.050767023669102837e-23
6.011095152076005217e-23
5.971763041553634079e-23
5.932765695858431512e-23
5.894098185881199243e-23
5.855755632480186192e-23
5.817733312081493000e-23
5.780026544885782400e-23
5.742630804299041493e-23
5.705541604431602199e-23
5.668754607435294023e-23
5.632265510495872287e-23
5.596070153928289517e-23
5.560164411907313263e-23
5.524544294217698799e-23
5.489205843493425119e-23
5.454145233484565195e-23
5.419358664482305141e-23
5.384842467602481205e-23
5.350592995858065439e-23
5.316606730158574150e-23
5.282880170168264474e-23
5.249409928832249527e-23
5.216192607307251399e-23
5.183224916867736864e-23
5.150503588644006134e-23
5.118025469572672150e-23
5.085787421080649083e-23
5.053786418079336211e-23
5.022019447247957382e-23
4.990483606585349461e-23
4.959176003195640386e-23
4.928093849948337382e-23
4.897234367493342592e-23
4.866594882758085050e-23
4.836172726806888136e-23
4.805965332914215340e-23
4.775970136208358212e-23
4.746184671281996380e-23
4.716606473579500977e-23
4.687233175285075106e-23
4.658062408549350344e-23
4.629091855981412387e-23
4.600319025218148582e-23
4.571741481508393605e-23
4.543356797711203089e-23
4.515162645824137272e-23
4.487156701007972898e-23
4.459336735727508367e-23
4.431700523486840130e-23
4.404245931252882259e-23
4.376970827067980983e-23
4.349873168783364718e-23
4.322950913380832753e-23
4.296202105166929028e-23
4.269624785718098922e-23
4.243217083553317538e-23
4.216977121618614728e-23
4.190903106649893613e-23
4.164993239017044234e-23
4.139245799874796724e-23
4.113659062338105243e-23
4.088231387146000590e-23
4.062961152625858958e-23
4.037846819481263847e-23
4.012886835776899951e-23
3.988079724866098368e-23
3.963423996226986369e-23
3.938918231118627806e-23
3.914560995773521839e-23
3.890350929154182480e-23
3.866286651521636334e-23
3.842366855136839422e-23
3.818590213343548329e-23
3.794955468327715642e-23
3.771461343196440528e-23
3.748106627659096039e-23
3.724890092256911255e-23
3.701810572754472558e-23
3.678866885676218623e-23
3.656057910638326893e-23
3.633382505606969061e-23
3.610839622982716377e-23
3.588428314291693687e-23
3.566147717052608013e-23
3.543996938909932537e-23
3.521975141892508836e-23
3.500081457134370462e-23
3.478315069415731829e-23
3.456675132374712344e-23
3.435160851838508856e-23
3.413771403749563704e-23
3.392506014821795742e-23
3.371363880260357448e-23
3.350344246781424804e-23
3.329446328795038453e-23
3.308669391506854911e-23
3.288012667765504093e-23
3.267475439835900838e-23
3.247056958262003956e-23
3.226756523073332591e-23
3.206573401782502060e-23
3.186506931576669485e-23
3.166556504399733480e-23
3.146721576269532776e-23
3.127001567170597319e-23
3.107395938424077959e-23
3.087904112985079958e-23
3.068525557439060442e-23
3.049259701533512482e-23
3.030106015839975738e-23
3.011063934318181527e-23
2.992132932163047482e-23
2.973312446971531883e-23
2.954601957961881024e-23
2.936000907630123376e-23
2.917508779217380156e-23
2.899125018942311750e-23
2.880849112949879526e-23
2.862680510699480704e-23
2.844618701880254422e-23
2.826663140394716753e-23
2.808813331835126496e-23
2.791068793507983290e-23
2.773429090694220913e-23
2.755893751001347638e-23
2.738462338484159070e-23
2.721134378916402874e-23
2.703909434356274578e-23
2.686787029117472640e-23
2.669766723617923639e-23
2.652848040532299584e-23
2.636030537955851014e-23
2.619313736768911005e-23
2.602697193631156737e-23
2.586180428012033895e-23
2.569762994461516458e-23
2.553444411896069650e-23
2.537224232639096890e-23
2.521101974395911017e-23
2.505077189107649682e-23
2.489149393119060370e-23
2.473318162831586082e-23
2.457583141623256369e-23
2.441944026957844239e-23
2.426400477945016322e-23
2.410952181465404829e-23
2.395598784934451278e-23
2.380339964121854234e-23
2.365175356557686099e-23
2.350104628655604076e-23
2.335127408412227428e-23
2.320243352334903985e-23
2.305452079698170737e-23
2.290753237910527614e-23
2.276146437863185943e-23
2.261631318199379832e-23
2.247207482182091958e-23
2.232874560857932711e-23
2.218632149730712514e-23
2.204479872560694178e-23
2.190417319036407957e-23
2.176444133700120928e-23
2.162560038617826528e-23
2.148764806468833418e-23
2.135058170835447314e-23
2.121439887931075186e-23
2.107909675374294307e-23
2.094467273672366635e-23
2.081112386003230790e-23
2.067844738673343548e-23
2.054664020348938899e-23
2.041569943056415135e-23
2.028562182782761245e-23
2.015640437963277804e-23
2.002804372158583495e-23
1.990053672326731820e-23
1.977387990571529476e-23
1.964807002590509665e-23
1.952310349943610084e-23
1.939897697278119888e-23
1.927568676518474263e-23
1.915322932242890135e-23
1.903160035002725418e-23
1.891079570339834437e-23
1.879081093714866038e-23
1.867164186045620664e-23
1.855328399054604008e-23
1.843573309611210441e-23
1.831898465598957431e-23
1.820303440722136469e-23
1.808787779911593072e-23
1.797351053559574058e-23
1.785992803844050595e-23
1.774712598687559397e-23
1.763509978303327450e-23
1.752384508310766840e-23
1.741335727415062557e-23
1.730363199393124808e-23
1.719466461262059343e-23
1.708645075396386628e-23
1.697898577852736256e-23
1.687226557459488120e-23
1.676628683478671523e-23
1.666104673316149513e-23
1.655654213723246689e-23
1.645277011905822991e-23
1.634972745068597861e-23
1.624741111315173521e-23
1.614581779080922863e-23
1.604494437583078454e-23
1.594478747518460572e-23
1.584534390233263611e-23
1.574661019384673023e-23
1.564858309145425400e-23
1.555125906525276826e-23
1.545463479190953545e-23
1.535870668142341313e-23
1.526347135149782092e-23
1.516892515566070319e-23
1.507506466118104138e-23
1.498188617090159403e-23
1.488938600791425885e-23
1.479755946588863886e-23
1.470640188601118356e-23
1.461590839385374081e-23
1.452607436099821699e-23
1.443689494370948436e-23
1.434836554804677795e-23
1.426048136743479150e-23
1.417323784130247031e-23
1.408663020153199895e-23
1.400065392221347811e-23
1.391530427256812381e-23
1.383057676487079523e-23
1.374646670670577762e-23
1.366296964740344413e-23
1.358008094081032728e-23
1.349779617861858974e-23
1.341611075036740687e-23
1.333502029316759512e-23
1.325452024415840723e-23
1.317460640407763364e-23
1.309527488304577814e-23
1.301652213115589895e-23
1.293834438810825125e-23
1.286073810680354829e-23
1.278369953482507787e-23
1.270722513001700216e-23
1.263131114578412865e-23
1.255595404903631260e-23
1.248115010724036402e-23
1.240689579807774978e-23
1.233318740072344021e-23
1.226002140544950462e-23
1.218739410674532132e-23
1.211530201296478842e-23
1.204374143741123884e-23
1.197270890184835161e-23
1.190220074362149150e-23
1.183221350312690308e-23
1.176274353703535152e-23
1.169378728210280667e-23
1.162534049228670959e-23
1.155739901554695082e-23
1.148995854362017171e-23
1.142301499054438109e-23
1.135656411384530809e-23
1.129060189269963799e-23
1.122512415121987371e-23
1.116012693448677223e-23
1.109560613201678084e-23
1.103155785372790978e-23
1.096797805686229606e-23
1.090486291331119640e-23
1.084220844515841063e-23
1.078001089032687734e-23
1.071826633625278211e-23
1.065697108231187456e-23
1.059612128005346110e-23
1.053571329251234073e-23
1.047574333580030130e-23
1.041620780223865932e-23
1.035710280906258790e-23
1.029842465252885489e-23
1.024016949033822118e-23
1.018233368741268321e-23
1.012491347530964840e-23
1.006790529235267152e-23
1.001130544058188208e-23
9.955110428366104045e-24
9.899316626662088204e-24
9.843920613621676404e-24
9.788918830562423659e-24
9.734307923663252412e-24
9.680084404397198303e-24
9.626244986782100054e-24
9.572786250645529893e-24
9.519704973218450671e-24
9.466997800986114254e-24
9.414661577218377026e-24
9.362693014837350934e-24
9.311088950194950887e-24
9.259845808543986758e-24
9.208960148002239973e-24
9.158428406662956538e-24
9.108247226521215896e-24
9.058413129590896670e-24
9.008922840675610977e-24
8.959772963213192053e-24
8.910960300986911595e-24
8.862481540565939487e-24
8.814333562372252615e-24
8.766513130925370571e-24
8.719017206359455286e-24
8.671842627546959266e-24
8.624986429352599042e-24
8.578445527946615831e-24
8.532217029420816825e-24
8.486297922397353470e-24
8.440685385923745370e-24
8.395376481487712128e-24
8.350368416908286222e-24
8.305658122990166849e-24
8.261242680341441377e-24
8.217119058103569200e-24
8.173284416576361785e-24
8.129735804438995231e-24
8.086470458018495503e-24
8.043485501843079112e-24
8.000778247075665610e-24
7.958345894154304077e-24
7.916185826750696180e-24
7.874295316494690384e-24
7.832671819639933236e-24
7.791312679114072790e-24
7.750215419201490507e-24
7.709377453092922758e-24
7.668796372100167696e-24
7.628469658609223594e-24
7.588394968851805554e-24
7.548569848913671542e-24
7.508991911407210643e-24
7.469658233220016238e-24
7.430565970294625825e-24
7.391712184940292904e-24
7.353094123894693079e-24
7.314708938641838670e-24
7.276553964822125318e-24
7.238626443366545141e-24
7.200923794789215745e-24
7.163443344475057204e-24
7.126182596059599661e-24
7.089138958657889313e-24
7.052310017330629025e-24
7.015693259071459583e-24
6.979286346662072568e-24
6.943086846550815001e-24
6.907092496646505183e-24
6.871300937219547759e-24
6.835709978851886070e-24
6.800317335208960556e-24
6.765120923461402439e-24
6.730118697739639343e-24
6.695308808900094732e-24
6.660689306802132451e-24
6.626258398361503023e-24
6.592014188572735450e-24
6.557954939700366531e-24
6.524078810842844658e-24
6.490384118128832521e-24
6.456869072003361373e-24
6.423532039790958557e-24
6.390371285287579485e-24
6.357385227014187733e-24
6.324572178003343013e-24
6.291930603604598328e-24
6.259458866856403070e-24
6.227155478741443221e-24
6.195018847235532657e-24
6.163047530836875563e-24
6.131239981197053927e-24
6.099594708518044750e-24
6.068109756235487898e-24
6.036783235109512325e-24
6.005613162039445331e-24
5.974597714348837022e-24
5.943734974694221578e-24
5.913023183673615678e-24
5.882460486823222212e-24
5.852045185686920076e-24
5.821775485856563691e-24
5.791649746556988003e-24
5.761666232840955392e-24
5.731823360362766790e-24
5.702119449501026673e-24
5.672552970451572073e-24
5.643122298805179993e-24
5.613825957605330329e-24
5.584662374830283194e-24
5.555630124726522794e-24
5.526727685233876173e-24
5.497953690586081460e-24
5.469306715661011000e-24
5.440785489019516579e-24
5.412388640402014314e-24
5.384114940425092318e-24
5.355963061007609951e-24
5.327931813300079771e-24
5.300019910147635472e-24
5.272226202434400765e-24
5.244549442921377961e-24
5.216988520024966144e-24
5.189542225557521123e-24
5.162209484756040015e-24
5.134989124306251168e-24
5.107880104217778494e-24
5.080881287881568461e-24
5.053991668898427955e-24
5.027210143995268960e-24
5.000535738767435278e-24
4.973967382678250131e-24
4.947504102050974114e-24
4.921144709310272643e-24
4.894888117875180337e-24
4.868733147625127380e-24
4.842678747789527316e-24
4.816723773307887366e-24
4.790867210019524235e-24
4.765107947576357244e-24
4.739445004488915538e-24
4.713877303614813467e-24
4.688403896752612709e-24
4.663023739015653496e-24
4.637735912741192750e-24
4.612539404025692441e-24
4.587433324043312909e-24
4.562416688529103754e-24
4.537488637430829831e-24
4.512648214406208570e-24
4.487894586631863566e-24
4.463226826361703076e-24
4.438644217254873309e-24
4.414146309587524674e-24
4.389732853036968484e-24
4.365403491585001105e-24
4.341157977207336812e-24
4.316995955118831013e-24
4.292917177823804571e-24
4.268921291820274445e-24
4.245008049800460595e-24
4.221177098833995702e-24
4.197428192530982284e-24
4.173760978635936655e-24
4.150175211486776742e-24
4.126670538606319891e-24
4.103246714887584052e-24
4.079903388480554682e-24
4.056640313442773737e-24
4.033457138595263500e-24
4.010353618090634032e-24
3.987329401265686621e-24
3.964384180620553003e-24
3.941517305036041331e-24
3.918728174121393486e-24
3.896016091169270074e-24
3.873380469150024784e-24
3.850820625927660970e-24
3.828335987712193519e-24
3.805925887430141505e-24
3.783589764563805389e-24
3.761326964749130064e-24
3.739136939842893510e-24
3.717019049123221943e-24
3.694972756365609663e-24
3.672997432750010290e-24
3.651092553424692991e-24
3.629257502419627064e-24
3.607491765874082427e-24
3.585794738684825658e-24
3.564165918057142332e-24
3.542604709547460247e-24
3.521110716280047281e-24
3.499683831063973059e-24
3.478324130672769037e-24
3.457031591488764181e-24
3.435806276681458559e-24
3.414648151059324739e-24
3.393557265130562442e-24
3.372533571900968310e-24
3.351577110161284338e-24
3.330687820809575028e-24
3.309865729574207765e-24
3.289110767107280866e-24
3.268422946664788291e-24
3.247802188736487943e-24
3.227248495472406009e-24
3.206761776740625274e-24
3.186342023778271389e-24
3.165989136168737964e-24
3.145703094889903214e-24
3.125483790042448926e-24
3.105331233379249368e-24
3.085245509897457824e-24
3.065226820500727833e-24
3.045275272689886815e-24
3.025391048760272127e-24
3.005574238940858248e-24
2.985825007388004512e-24
2.966143427050457795e-24
2.946529644114673700e-24
2.926983715859144356e-24
2.907505771609701124e-24
2.888095853125117032e-24
2.868754073391579397e-24
2.849480458900549432e-24
2.830275107666266539e-24
2.811138031622452589e-24
2.792069314029970851e-24
2.773068952785265369e-24
2.754137016791188314e-24
2.735273490974752521e-24
2.716478432402286243e-24
2.697751819890016235e-24
2.679093703173881001e-24
2.660504050763476420e-24
2.641982899236291393e-24
2.623530205381700190e-24
2.605145993686795914e-24
2.586830209972286475e-24
2.568582866825219548e-24
2.550403899181532454e-24
2.532293308647560630e-24
2.514251020237029131e-24
2.496277024717985893e-24
2.478371237332693507e-24
2.460533638806773509e-24
2.442764135696915015e-24
2.425062699187958315e-24
2.407429226974035151e-24
2.389863681164396904e-24
2.372365951319759458e-24
2.354936077857703804e-24
2.337574374471884101e-24
2.320281296074128136e-24
2.303057217735442467e-24
2.285902567883601119e-24
2.268817695924617108e-24
2.251803004535855455e-24
2.234858818839180395e-24
2.217985516878096399e-24
2.201183400380531448e-24
2.184452823393357969e-24
2.167794065070732874e-24
2.151207456985963636e-24
2.134693256521951236e-24
2.118251773537048248e-24
2.101883244737429324e-24
2.085587958578527119e-24
2.069366131894528614e-24
2.053218032728067269e-24
2.037143858310590109e-24
2.021143840673589730e-24
2.005218073871766685e-24
1.989366688048348865e-24
1.973589746526475651e-24
1.957887364763764951e-24
1.942259592652988622e-24
1.926706532241636117e-24
1.911228220773916166e-24
1.895824747163845306e-24
1.880496136505764899e-24
1.865242465324915176e-24
1.850063747060917375e-24
1.834960046101908392e-24
1.819931365156672062e-24
1.804977757143703438e-24
1.790099214031236430e-24
1.775295777723547124e-24
1.760567430329307340e-24
1.745914203367444939e-24
1.731336069486280022e-24
1.716833099069529770e-24
1.702405498061298073e-24
1.688053565134275628e-24
1.673777536845639871e-24
1.659577692796336953e-24
1.645454251495994770e-24
1.631407474090129556e-24
1.617437561474499570e-24
1.603544757145547193e-24
1.589729245559338480e-24
1.575991252749785195e-24
1.562330946914023568e-24
1.548748537769891634e-24
1.535244177985530951e-24
1.521818061302036881e-24
1.508470325572364235e-24
1.495201149078925350e-24
1.482010655173175935e-24
1.468899007361561031e-24
1.455866315330849087e-24
1.442912680726673221e-24
1.430037961765314778e-24
1.417242012640476699e-24
1.404524640707782035e-24
1.391885696477054553e-24
1.379324984218873153e-24
1.366842351078295717e-24
1.354437598385814553e-24
1.342110570066056747e-24
1.329861065134123183e-24
1.317688924414113701e-24
1.305593944562488932e-24
1.293575963267969901e-24
1.281634775092608463e-24
1.269770215186951589e-24
1.257982076110911320e-24
1.246270190416432814e-24
1.234634348602475378e-24
1.223074380876518728e-24
1.211590076080219867e-24
1.200181265204872083e-24
1.188847751380545028e-24
1.177589379003500571e-24
1.166405952293747664e-24
1.155297312787794499e-24
1.144263262942552682e-24
1.133303641757816171e-24
1.122418249758337056e-24
1.111606923422060102e-24
1.100869461390950118e-24
1.090205698193899583e-24
1.079615430649061864e-24
1.069098490902860262e-24
1.058654674493818586e-24
1.048283811398245119e-24
1.037985695592034215e-24
1.027760155111864927e-24
1.017606982634185418e-24
1.007526004306052329e-24
9.975170114441895696e-25
9.875798015810686690e-25
9.777140315490820705e-25
9.679193666327147797e-25
9.581954407305401277e-25
9.485419224299897586e-25
9.389584496276832066e-25
9.294446942613129529e-25
9.200002980386137660e-25
9.106249362442523555e-25
9.013182546457817373e-25
8.920799315923937813e-25
8.829096165833541146e-25
8.738069911453168564e-25
8.647717085227077165e-25
8.558034533941396117e-25
8.469018825605434299e-25
8.380666837010745395e-25
8.292975171646784476e-25
8.205940737410435216e-25
8.119560171983246353e-25
8.033829871583650657e-25
7.948743829746576027e-25
7.864295837818588394e-25
7.780479479376721679e-25
7.697288674335605435e-25
7.614717138569973234e-25
7.532758918099914525e-25
7.451407856007138123e-25
7.370658120416321209e-25
7.290503681655152214e-25
7.210938826085887896e-25
7.131957647272988230e-25
7.053554547623016374e-25
6.975723739078289685e-25
6.898459738888707284e-25
6.821756875779160320e-25
6.745609776663924850e-25
6.670012884226627161e-25
6.594960932594907077e-25
6.520448477267902668e-25
6.446470107494197663e-25
6.373019249126165070e-25
6.300089377227638191e-25
6.227673817740660431e-25
6.155766191126959595e-25
6.084359971492903122e-25
6.013448920032941750e-25
5.943026656346225528e-25
5.873087081151410650e-25
5.803623954354944000e-25
5.734631310439069711e-25
5.666103047579655922e-25
5.598033331565812127e-25
5.530416194662874500e-25
5.463245930623469516e-25
5.396516702961936836e-25
5.330222930756148658e-25
5.264358904664444614e-25
5.198919166464463137e-25
5.133898131650399144e-25
5.069290136688064283e-25
5.005088111242560415e-25
4.941284927051750940e-25
4.877873363610772368e-25
4.814846463370186096e-25
4.752197178896734307e-25
4.689918718125448534e-25
4.628004201107927591e-25
4.566446998550115157e-25
4.505240395274072057e-25
4.444377920149095537e-25
4.383853017707987696e-25
4.323659371643331333e-25
4.263790582389534556e-25
4.204240483227255609e-25
4.145002827472845456e-25
4.086071595824657820e-25
4.027440690254372608e-25
3.969104233743857140e-25
3.911056273416435834e-25
3.853290772330594698e-25
3.795800432769054474e-25
3.738577892074006567e-25
3.681615741854216869e-25
3.624906803112699237e-25
3.568443852978857292e-25
3.512219892916483666e-25
3.456227880676077059e-25
3.400460993367849163e-25
3.344912365804505174e-25
3.289575344904395348e-25
3.234443238602678488e-25
3.179509559973532874e-25
3.124767785285213878e-25
3.070211589964578838e-25
3.015834614171021183e-25
2.961630691549317256e-25
2.907593622789865389e-25
2.853717395379153880e-25
2.799995965876493175e-25
2.746423500697626306e-25
2.692994250745573861e-25
2.639702668172073673e-25
2.586543176159839364e-25
2.533510365010572704e-25
2.480598798319546455e-25
2.427803201029204212e-25
2.375118273118492208e-25
2.322538870930795223e-25
2.270059828177000461e-25
2.217676128843208546e-25
2.165382736762467511e-25
2.113174760558765321e-25
2.061047291029344113e-25
2.008995558970569793e-25
1.957014778738575702e-25
1.905100299587329330e-25
1.853247457038574207e-25
1.801451715762387877e-25
1.749708529217249545e-25
1.698013472561147122e-25
1.646362101422693049e-25
1.594750088761667358e-25
1.543173100342032027e-25
1.491626916564036362e-25
1.440107313184024902e-25
1.388610175302927487e-25
1.337131386386956669e-25
1.285666933828287717e-25
1.234212805670721549e-25
1.182765088882919201e-25
1.131319873972074262e-25
1.079873345240561254e-25
1.028421692872008578e-25
9.769611961870144363e-26
9.254881428939871077e-26
8.739989046691854658e-26
8.224898647023826869e-26
7.709574848971462948e-26
7.193982413197975146e-26
6.678091167152900730e-26
6.161888294338440819e-26
5.645365675233230147e-26
5.128515042042146059e-26
4.611328428991517507e-26
4.093797759290661358e-26
3.575915216314354583e-26
3.057672910589073455e-26
2.539063172072582788e-26
2.020078295710234486e-26
1.500710755727615239e-26
9.809530292612602058e-27
4.607977318050137591e-27
-5.976247934037289499e-28
-5.807348497387429703e-27
-1.102126543890051066e-26
-1.623944670528262038e-26
-2.146196217846927190e-26
-2.668888160008828373e-26
-3.192027309891723612e-26
-3.715622216965741131e-26
-4.239688016947774331e-26
-4.764241502124439887e-26
-5.289299089117052505e-26
-5.814877177985320973e-26
-6.340991754371334181e-26
-6.867658833149204062e-26
-7.394893977319724351e-26
-7.922712823029846432e-26
-8.451130517239922530e-26
-8.980162325478073921e-26
-9.509822984464025831e-26
-1.004012739490113733e-25
-1.057108989016340091e-25
-1.110272501422698764e-25
-1.163504670333903437e-25
-1.216806914947595150e-25
-1.270180589797716824e-25
-1.323627079598135508e-25
-1.377147700242111192e-25
-1.430742910193350951e-25
-1.484409548859516343e-25
-1.538143664637605817e-25
-1.591941295772585068e-25
-1.645798590622994670e-25
-1.699711681717663177e-25
-1.753676814851080286e-25
-1.807690213841411237e-25
-1.861748219369270361e-25
-1.915847144285576165e-25
-1.969983421376031652e-25
-2.024153450143074792e-25
-2.078353753125491707e-25
-2.132580813783330961e-25
-2.186831241947253050e-25
-2.241101602679930367e-25
-2.295388590974877083e-25
-2.349688851350496159e-25
-2.403999161614025717e-25
-2.458316242896780072e-25
-2.512637031030195342e-25
-2.566958706118630258e-25
-2.621278660511537136e-25
-2.675594213511737819e-25
-2.729902822460708875e-25
-2.784201866241816322e-25
-2.838488865580182571e-25
-2.892761257395120990e-25
-2.947016623912599510e-25
-3.001252458207409314e-25
-3.055466402230919226e-25
-3.109656003324268619e-25
-3.163818962277195959e-25
-3.217952879072952244e-25
-3.272055511733969432e-25
-3.326124511248421104e-25
-3.380157690726741428e-25
-3.434152751157343026e-25
-3.488107559514465268e-25
-3.542019864350740169e-25
-3.595887078205421992e-25
-3.649704474135792202e-25
-3.703467025660485553e-25
-3.757169613485707030e-25
-3.810807331625464546e-25
-3.864375175086138008e-25
-3.917868355760789589e-25
-3.971281980059444460e-25
-4.024611374748933205e-25
-4.077851755712998715e-25
-4.130998562717147418e-25
-4.184047117554165704e-25
-4.236992970059740083e-25
-4.289831545563764066e-25
-4.342558501001130438e-25
-4.395169362915087239e-25
-4.447659893974133731e-25
-4.500025719771805382e-25
-4.552262705207172318e-25
-4.604366572999782365e-25
-4.656333300484639284e-25
-4.708158762580558071e-25
-4.759839091338404385e-25
-4.811370264333820377e-25
-4.862748508953343721e-25
-4.913969891002756756e-25
-4.965030731482464741e-25
-5.015927182105313982e-25
-5.066655655655487818e-25
-5.117212388746715604e-25
-5.167593883566425659e-25
-5.217796459879552047e-25
-5.267816707612583061e-25
-5.317651027316665694e-25
-5.367296094516188011e-25
-5.416748389939017949e-25
-5.466004674027457514e-25
-5.515061505652329648e-25
-5.563915727858458874e-25
-5.612563976497432078e-25
-5.661002999904740055e-25
-5.709228633641223395e-25
-5.757236841764418191e-25
-5.805023380051568887e-25
-5.852584314225829754e-25
-5.899915495818808133e-25
-5.947013091877112105e-25
-5.993873046970508137e-25
-6.040491626403145691e-25
-6.086864867827080985e-25
-6.132989132126326081e-25
-6.178860547379072566e-25
-6.224475570186881305e-25
-6.269830417978736103e-25
-6.314921640216610263e-25
-6.359745542469712564e-25
-6.404298766163383294e-25
-6.448577702164783414e-25
-6.492579082991833267e-25
-6.536299385157324168e-25
-6.579735573023655614e-25
-6.622884917616057433e-25
-6.665745177256682333e-25
-6.708313829249851635e-25
-6.750588699690908213e-25
-6.792567328495606224e-25
-6.834247609148983775e-25
-6.875627142644541097e-25
-6.916703889550246075e-25
-6.957475511034870246e-25
-6.997940032975694173e-25
-7.038095177039661650e-25
-7.077939033724922038e-25
-7.117469381838139744e-25
-7.156684376120024868e-25
-7.195581854443296448e-25
-7.234160035022731197e-25
-7.272416812596497463e-25
-7.310350467123258742e-25
-7.347958951090480469e-25
-7.385240865751899739e-25
-7.422195516627177840e-25
-7.458822846835840255e-25
-7.495122446433664559e-25
-7.531094285367130149e-25
-7.566737976102943885e-25
-7.602053516240498349e-25
-7.637040539341420598e-25
-7.671699068840356827e-25
-7.706028759007857765e-25
-7.740029658369180609e-25
-7.773701444102842958e-25
-7.807044191675669378e-25
-7.840057599567509879e-25
-7.872741769264133839e-25
-7.905096420633051806e-25
-7.937121683076584926e-25
-7.968817295662901634e-25
-8.000183414831282731e-25
-8.031219799291912259e-25
-8.061926898554778635e-25
-8.092305824857832723e-25
-8.122358374680174644e-25
-8.152085915149569742e-25
-8.181490232929020317e-25
-8.210572683882033527e-25
-8.239335047642754220e-25
-8.267778666570100766e-25
-8.295905314357412828e-25
-8.323716321157518800e-25
-8.351213454040592464e-25
-8.378398030400061538e-25
-8.405271810523875762e-25
-8.431836100661032542e-25
-8.458092654346492486e-25
-8.484042767761887754e-25
-8.509688188142664320e-25
-8.535030200217587169e-25
-8.560070545193750313e-25
-8.584810496995331186e-25
-8.609252024780439750e-25
-8.633397556548056607e-25
-8.657250206872868183e-25
-8.680812600602961915e-25
-8.704087817140381849e-25
-8.727078443324184151e-25
-8.749787525142328404e-25
-8.772217610221113083e-25
-8.794371712778525828e-25
-8.816252345088368425e-25
-8.837862487665594682e-25
-8.859204617188861947e-25
-8.880281683116622054e-25
-8.901096125661690065e-25
-8.921650862059947484e-25
-8.941948297068807336e-25
-8.961991317056743948e-25
-8.981782292288964708e-25
-9.001324079129863898e-25
-9.020619012628533437e-25
-9.039670235640856300e-25
-9.058481620974129775e-25
-9.077057833657930958e-25
-9.095402993611046517e-25
-9.113521698740594098e-25
-9.131417998444102270e-25
-9.149096425567917750e-25
-9.166560960584231931e-25
-9.183816069944537369e-25
-9.200865666465910948e-25
-9.217714152554951207e-25
-9.234365375130446417e-25
-9.250823673148971039e-25
-9.267092825723096381e-25
-9.283177110702397551e-25
-9.299080242809220988e-25
-9.314806438235768648e-25
-9.330359345354041799e-25
-9.345743121543018232e-25
-9.360961351912811171e-25
-9.376018367937268239e-25
-9.390918857271854243e-25
-9.405668244833754003e-25
-9.420271363576032368e-25
-9.434733555610964575e-25
-9.449059564804755716e-25
-9.463254649211148967e-25
-9.477323466211692525e-25
-9.491271191629197346e-25
-9.505102396153087328e-25
-9.518822174535678210e-25
-9.532435014671075608e-25
-9.545945932801080619e-25
-9.559359329098751499e-25
-9.572680142769378499e-25
-9.585912691027002984e-25
-9.599061836313616797e-25
-9.612131815104455694e-25
-9.625127413373961977e-25
-9.638052786676534983e-25
-9.650912812939495469e-25
-9.663712398007468091e-25
-9.676457165506091877e-25
-9.689152092552533738e-25
-9.701802712789258500e-25
-9.714413907333020844e-25
-9.726991118727697662e-25
-9.739539132814081222e-25
-9.752063304357894070e-25
-9.764568326179585440e-25
-9.777059466275771554e-25
-9.789541326732331253e-25
-9.802019088631703741e-25
-9.814497262595178738e-25
-9.826980945056897668e-25
-9.839474560839526553e-25
-9.851983120885815099e-25
-9.864510963163179475e-25
-9.877063016596743473e-25
-9.889643533551234271e-25
-9.902257337922521725e-25
-9.914908482157526544e-25
-9.927601591932515742e-25
-9.940340616281146748e-25
-9.953130104280430242e-25
-9.965973926016456538e-25
-9.978876555903513253e-25
-9.991841786243332187e-25
-1.000487401551128776e-24
-1.001797696015293499e-24
-1.003115494538044311e-24
-1.004441161241064539e-24
-1.005775121562152349e-24
-1.007117731861605395e-24
-1.008469410651096355e-24
-1.009830506958773929e-24
-1.011201432395864348e-24
-1.012582528602857214e-24
-1.013974200425291529e-24
-1.015376782289701147e-24
-1.016790631718126441e-24
-1.018215873963652843e-24
-1.019652659862756512e-24
-1.021101071190234329e-24
-1.022561256510634928e-24
-1.024033295104256080e-24
-1.025517333429646903e-24
-1.027013447848324407e-24
-1.028521782546636702e-24
-1.030042411244933787e-24
-1.031575475572645172e-24
-1.033121046991234892e-24
-1.034679264938410936e-24
-1.036250198119805809e-24
-1.037833983775788401e-24
-1.039430688129235844e-24
-1.041040446183909435e-24
-1.042663321598162260e-24
-1.044299447070611380e-24
-1.045948883770268247e-24
-1.047611794272762701e-24
-1.049288398488611601e-24
-1.050979016464174489e-24
-1.052683894619098956e-24
-1.054403347652895716e-24
-1.056137616264611612e-24
-1.057887009700304784e-24
-1.059651762913070505e-24
-1.061432179742836437e-24
-1.063228489712377539e-24
-1.065040991557250312e-24
-1.066869909386637971e-24
-1.068715536719508390e-24
-1.070578092199700613e-24
-1.072457864391107038e-24
-1.074355066472470310e-24
-1.076269981993280329e-24
-1.078202818863024378e-24
-1.080153855835910456e-24
-1.082123295427893544e-24
-1.084111344617517519e-24
-1.086117866624535595e-24
-1.088142732494260748e-24
-1.090185739653822768e-24
-1.092246760959300110e-24
-1.094325595290029752e-24
-1.096422117012992896e-24
-1.098536126348568126e-24
-1.100667499390917312e-24
-1.102816037709424620e-24
-1.104981619180792307e-24
-1.107164046589347563e-24
-1.109363199521072735e-24
-1.111578881901128260e-24
-1.113810974600974312e-24
-1.116059282789803796e-24
-1.118323688819093517e-24
-1.120603998995620853e-24
-1.122900097090074409e-24
-1.125211790414226887e-24
-1.127538937219426098e-24
-1.129881211637563951e-24
-1.132238340368816783e-24
-1.134609973845229785e-24
-1.136995842720616055e-24
-1.139395600775316524e-24
-1.141808982495481422e-24
-1.144235644890678109e-24
-1.146675326099483068e-24
-1.149127686364907906e-24
-1.151592467481481291e-24
-1.154069332779601888e-24
-1.156558027665751792e-24
-1.159058218398418507e-24
-1.161569653975917320e-24
-1.164092003587634920e-24
-1.166625019668127864e-24
-1.169168374393565765e-24
-1.171721823481760819e-24
-1.174285041898390792e-24
-1.176857804958550053e-24
-1.179439870750852456e-24
-1.182031097650409204e-24
-1.184631261131884348e-24
-1.187240221404069914e-24
-1.189857755146761637e-24
-1.192483724368876776e-24
-1.195117906881209101e-24
-1.197760166564805455e-24
-1.200410282333741507e-24
-1.203068119871013186e-24
-1.205733459251480852e-24
-1.208406167997204468e-24
-1.211086027202304343e-24
-1.213772906270397309e-24
-1.216466587329686238e-24
-1.219166941679348461e-24
-1.221873752480773648e-24
-1.224586892881278532e-24
-1.227306147052528833e-24
-1.230031307980666804e-24
-1.232761751810230556e-24
-1.235496867620098886e-24
-1.238235957513040082e-24
-1.240978419609793425e-24
-1.243723564209418236e-24
-1.246470798415039227e-24
-1.249219440736487371e-24
-1.251968907138114794e-24
-1.254718524163413306e-24
-1.257467716605224926e-24
-1.260215818917385231e-24
-1.262962264624826783e-24
-1.265706396095633219e-24
-1.268447655484216533e-24
-1.271185392980519897e-24
-1.273919059249745993e-24
-1.276648012364134647e-24
-1.279371711397228102e-24
-1.282089522117897546e-24
-1.284800968794053289e-24
-1.287505707325632574e-24
-1.290203550691327697e-24
-1.292894214542489475e-24
-1.295577515266343419e-24
-1.298253171317525661e-24
-1.300921002486291042e-24
-1.303580730094792410e-24
-1.306232177569374607e-24
-1.308875069018057911e-24
-1.311509231236297053e-24
-1.314134391390347473e-24
-1.316750379795165439e-24
-1.319356926653858759e-24
-1.321953865821366389e-24
-1.324540930218220957e-24
-1.327117957526324336e-24
-1.329684683834667120e-24
-1.332240950292899739e-24
-1.334786496207598516e-24
-1.337321134884691333e-24
-1.339844451359563023e-24
-1.342356106642238750e-24
-1.344855659964474386e-24
-1.347342778679788645e-24
-1.349817027933988887e-24
-1.352278081325660295e-24
-1.354725509964175922e-24
-1.357158993796762985e-24
-1.359578109955504312e-24
-1.361982544614646996e-24
-1.364371880671119670e-24
-1.366745810716261229e-24
-1.369103923896874731e-24
-1.371445919206917601e-24
-1.373771391765956836e-24
-1.376080046598001882e-24
-1.378371484958281661e-24
-1.380645418232077055e-24
-1.382901453702665708e-24
-1.385139324901555745e-24
-1.387358722630125182e-24
-1.389559464061027386e-24
-1.391741259992913701e-24
-1.393903932862232321e-24
-1.396047198259495618e-24
-1.398170883874382774e-24
-1.400274709875126280e-24
-1.402358509114936357e-24
-1.404422006485104837e-24
-1.406465039758013231e-24
-1.408487338879241128e-24
-1.410488746488605800e-24
-1.412468997384984157e-24
-1.414427939500767891e-24
-1.416365312321744783e-24
-1.418280968715137604e-24
-1.420174653090935440e-24
-1.422046223713773044e-24
-1.423895429877894204e-24
-1.425722178561862856e-24
-1.427526442497608711e-24
-1.429308351084687565e-24
-1.431067922143290351e-24
-1.432805286618357821e-24
-1.434520463593316362e-24
-1.436213585538810781e-24
-1.437884672906875150e-24
-1.439533859547943117e-24
-1.441161167183979199e-24
-1.442766731139996462e-24
-1.444350574380740174e-24
-1.445912834146303533e-24
-1.447453534407803374e-24
-1.448972813986218884e-24
-1.450470697967897693e-24
-1.451947326953750329e-24
-1.453402727274778435e-24
-1.454837040915928218e-24
-1.456250295688717353e-24
-1.457642621538859822e-24
-1.459013978874403480e-24
-1.460364431783120519e-24
-1.461693928792754872e-24
-1.463002536643455554e-24
-1.464290206519432937e-24
-1.465557007609309951e-24
-1.466802893216945078e-24
-1.468027935278993370e-24
-1.469232089117381621e-24
-1.470415428954155860e-24
-1.471577912653823019e-24
-1.472719616887113161e-24
-1.473840501830627936e-24
-1.474940646157493811e-24
-1.476020012135113726e-24
-1.477078680947767079e-24
-1.478116616846426569e-24
-1.479133903147046293e-24
-1.480130506106216942e-24
-1.481106564913217714e-24
-1.482062316160802931e-24
-1.482998167464570648e-24
-1.483914406776683981e-24
-1.484811439624215928e-24
-1.485689551336992357e-24
-1.486549144970821900e-24
-1.487390503230696541e-24
-1.488214027177496021e-24
-1.489019996980742089e-24
-1.489808811542362071e-24
-1.490580748357558458e-24
-1.491336203923750534e-24
-1.492075453251346485e-24
-1.492798890299036121e-24
-1.493506787442331140e-24
-1.494199536529882729e-24
-1.494877407155901953e-24
-1.495540788592286770e-24
-1.496189947741234124e-24
-1.496825275143537613e-24
-1.497447054461107927e-24
-1.498055693041448677e-24
-1.498651475412361915e-24
-1.499234805863920565e-24
-1.499805965604041538e-24
-1.500365356151582864e-24
-1.500913255493001370e-24
-1.501450062364574268e-24
-1.501976051580411738e-24
-1.502491618643004564e-24
-1.502997035058476355e-24
-1.503492693290614490e-24
-1.503978861471676711e-24
-1.504455929045737837e-24
-1.504924160634281754e-24
-1.505383942486809323e-24
-1.505835536090593026e-24
-1.506279324415462425e-24
-1.506715565386335638e-24
-1.507144667871996981e-24
-1.507567033778217719e-24
-1.507983214486526994e-24
-1.508393636004480306e-24
-1.508798843988660577e-24
-1.509199258944285232e-24
-1.509595420775342794e-24
-1.509987744143881693e-24
-1.510376763562871325e-24
-1.510762887789329267e-24
-1.511146645441243068e-24
-1.511528439904161853e-24
-1.511908794092590558e-24
-1.512288105538817330e-24
-1.512666891553556517e-24
-1.513045544008993987e-24
-1.513424574484799259e-24
-1.513804369139505911e-24
-1.514185433829865520e-24
-1.514568149003424441e-24
-1.514952990205765308e-24
-1.515340208862391811e-24
-1.515730152346158976e-24
-1.516123043379811552e-24
-1.516519225251451694e-24
-1.516918916994275971e-24
-1.517322457502614387e-24
-1.517730061917658286e-24
-1.518142064897321235e-24
-1.518558677794928050e-24
-1.518980231203356876e-24
-1.519406932575979126e-24
-1.519839108159358806e-24
-1.520276961510953402e-24
-1.520720814927744145e-24
-1.521170867859322677e-24
-1.521627438579303143e-24
-1.522090722044013579e-24
-1.522561032512915633e-24
-1.523038560816255559e-24
-1.523523643495773600e-24
-1.524016599762442382e-24
-1.524517894076102619e-24
-1.525027866120874172e-24
-1.525546974402933947e-24
-1.526075552690762671e-24
-1.526614053335208933e-24
-1.527162804417756792e-24
-1.527722252327446322e-24
-1.528292718974049633e-24
-1.528874645043347900e-24
-1.529468346262913485e-24
-1.530074257807100895e-24
-1.530692689127567925e-24
-1.531324069736849115e-24
-1.531968703066256331e-24
-1.532627012943658594e-24
-1.533299296966939403e-24
-1.533985973267084100e-24
-1.534687333457507258e-24
-1.535403745026577455e-24
-1.536135268331533807e-24
-1.536882041577703924e-24
-1.537644076775314340e-24
-1.538421509577180702e-24
-1.539214348965401178e-24
-1.540022727896265598e-24
-1.540846652091955382e-24
-1.541686252011038920e-24
-1.542541530232033052e-24
-1.543412614425645541e-24
-1.544299504043314685e-24
-1.545202323935580998e-24
-1.546121070485842703e-24
-1.547055865703910728e-24
-1.548006702748477747e-24
-1.548973700827389598e-24
-1.549956850012106733e-24
-1.550956266602588492e-24
-1.551971937480166761e-24
-1.553003978349810088e-24
-1.554052383988047879e-24
-1.555117278297120701e-24
-1.556198655096489563e-24
-1.557296635183849248e-24
-1.558411209050649096e-24
-1.559542494508220840e-24
-1.560690478524081039e-24
-1.561855276146102225e-24
-1.563036870638966753e-24
-1.564235374325276645e-24
-1.565450766916366564e-24
-1.566683157904501051e-24
-1.567932523380705595e-24
-1.569198970120012769e-24
-1.570482470633606199e-24
-1.571783128952542160e-24
-1.573100913929200783e-24
-1.574435926904192772e-24
-1.575788133217385772e-24
-1.577157598512246935e-24
-1.578544120474645395e-24
-1.579947598704973147e-24
-1.581367796192422322e-24
-1.582804611635558689e-24
-1.584257806422724826e-24
-1.585727278416229719e-24
-1.587212787155613126e-24
-1.588714229842697816e-24
-1.590231364164443349e-24
-1.591764086376001528e-24
-1.593312152637854967e-24
-1.594875458178420113e-24
-1.596453757410626127e-24
-1.598046944826197046e-24
-1.599654773005294973e-24
-1.601277135651308574e-24
-1.602913783546833259e-24
-1.604564609628834091e-24
-1.606229362973051948e-24
-1.607907915073263392e-24
-1.609599910787885843e-24
-1.611305118534669792e-24
-1.613023162131721888e-24
-1.614753810102131423e-24
-1.616496685979898348e-24
-1.618251558542684912e-24
-1.620018050903916449e-24
-1.621795932119439437e-24
-1.623584824794320700e-24
-1.625384498409186475e-24
-1.627194575025297493e-24
-1.629014824629565224e-24
-1.630844868853019098e-24
-1.632684478119153412e-24
-1.634533273844818668e-24
-1.636391026643356278e-24
-1.638257357942197293e-24
-1.640132038731526777e-24
-1.642014690331370129e-24
-1.643905082658033855e-24
-1.645802829356289641e-24
-1.647707693410313381e-24
-1.649619286912495228e-24
-1.651537373655673128e-24
-1.653461565820604472e-24
-1.655391628149514299e-24
-1.657327172878390604e-24
-1.659267965736460787e-24
-1.661213619215219948e-24
-1.663163900203802783e-24
-1.665118421371247018e-24
-1.667076950958954377e-24
-1.669039101905416380e-24
-1.671004643807802550e-24
-1.672973190000091030e-24
-1.674944511493042811e-24
-1.676918222296472921e-24
-1.678894094861573291e-24
-1.680871744113280935e-24
-1.682850921430927479e-24
-1.684831129928574033e-24
-1.686812010465333851e-24
-1.688793045940131532e-24
-1.690773879908781553e-24
-1.692753997680059725e-24
-1.694733046023647469e-24
-1.696710512441482283e-24
-1.698686047071017065e-24
-1.700659139844167931e-24
-1.702629444343587968e-24
-1.704596453183509770e-24
-1.706559823465813002e-24
-1.708519050501587234e-24
-1.710473795097403435e-24
-1.712423555601874861e-24
-1.714367996562613742e-24
-1.716306619447032906e-24
-1.718239092711615947e-24
-1.720164921201997316e-24
-1.722083774236957345e-24
-1.723995144511511906e-24
-1.725898690335937470e-24
-1.727793904494036833e-24
-1.729680450275398252e-24
-1.731557824186289668e-24
-1.733425694304339825e-24
-1.735283560902433007e-24
-1.737131097186765936e-24
-1.738967807431868683e-24
-1.740793370085340915e-24
-1.742607293633141988e-24
-1.744409261910717964e-24
-1.746198787695156738e-24
-1.747975560467938554e-24
-1.749739097250887486e-24
-1.751489093385796990e-24
-1.753225070482733221e-24
-1.754946729769162664e-24
-1.756653597656355296e-24
-1.758345410058788000e-24
-1.760021841220434972e-24
-1.761682775919126885e-24
-1.763327920523635052e-24
-1.764957164686394036e-24
-1.766570218535764243e-24
-1.768166976633115912e-24
-1.769747153105283602e-24
-1.771310647384807531e-24
-1.772857177817895682e-24
-1.774386648779515248e-24
-1.775898782904682985e-24
-1.777393489721616505e-24
-1.778870496104836325e-24
-1.780329717124891761e-24
-1.781770883873363599e-24
-1.783193917074019445e-24
-1.784598552118804333e-24
-1.785984715541050048e-24
-1.787352147007765927e-24
-1.788700768585371796e-24
-1.790030271638152261e-24
-1.791340531906286698e-24
-1.792631235228679378e-24
-1.793902263946884278e-24
-1.795153309169821614e-24
-1.796384259756357798e-24
-1.797594812102998222e-24
-1.798784861733480434e-24
-1.799954110303813914e-24
-1.801102460031257814e-24
-1.802229617968163901e-24
-1.803335493155979413e-24
-1.804419797942640169e-24
-1.805482448117355994e-24
-1.806523161645703558e-24
-1.807541860914770194e-24
-1.808538269495940233e-24
-1.809512316468098681e-24
-1.810463730964342165e-24
-1.811392480540465671e-24
-1.812298459563258756e-24
-1.813181800739115110e-24
-1.814042434415993724e-24
-1.814880498116235011e-24
-1.815695925962404363e-24
-1.816488860297929500e-24
-1.817259238900704434e-24
-1.818007208725371798e-24
-1.818732711442111847e-24
-1.819435898590739049e-24
-1.820116715395627521e-24
-1.820775318308773973e-24
-1.821411655934683957e-24
-1.822025889276452110e-24
-1.822617970252288968e-24
-1.823188064443063104e-24
-1.823736126966042603e-24
-1.824262327849353733e-24
-1.824766625448375358e-24
-1.825249208198354154e-24
-1.825710109993592311e-24
-1.826149594669552237e-24
-1.826567712846607770e-24
-1.826964731423762001e-24
-1.827340703277257204e-24
-1.827695898085186621e-24
-1.828030370876204966e-24
-1.828344394070196832e-24
-1.828638024605353874e-24
-1.828911537539021031e-24
-1.829164991454137248e-24
-1.829398664152914936e-24
-1.829612615527478932e-24
-1.829807125773042151e-24
-1.829982256008400397e-24
-1.830138288840688872e-24
-1.830275286641527260e-24
-1.830393533726141032e-24
-1.830493093671637331e-24
-1.830574282147447095e-24
-1.830637310895143661e-24
-1.830682643854057189e-24
-1.830710521290567010e-24
-1.830721406646560891e-24
-1.830715539253212857e-24
-1.830693381880083010e-24
-1.830655172501644526e-24
-1.830601373366507064e-24
-1.830532220657616576e-24
-1.830448175967158387e-24
-1.830349473596673661e-24
-1.830236574326618916e-24
-1.830109710284749447e-24
-1.829969341192274629e-24
-1.829815696795867667e-24
-1.829649235616496123e-24
-1.829470184819847274e-24
-1.829279001311155534e-24
-1.829075909819272760e-24
-1.828861353440184174e-24
-1.828635493385969679e-24
-1.828398710294694058e-24
-1.828151150873908826e-24
-1.827893194395101935e-24
-1.827624985116062345e-24
-1.827346900823874394e-24
-1.827059083140109780e-24
-1.826761908103738456e-24
-1.826455514325059060e-24
-1.826140276066698767e-24
-1.825816328857883031e-24
-1.825484044824978247e-24
-1.825143556479707422e-24
-1.824795233490589199e-24
-1.824439204705471388e-24
-1.824075837524135841e-24
-1.823705257353379671e-24
-1.823327828676323536e-24
-1.822943673512827004e-24
-1.822553180690421596e-24
-1.822156605591867551e-24
-1.821754470122379887e-24
-1.821347051602551879e-24
-1.820934866936544889e-24
-1.820518187861898425e-24
-1.820097526309089745e-24
-1.819673148142966456e-24
-1.819245560245970589e-24
-1.818815022455224473e-24
-1.818382036442333722e-24
-1.817946856154998539e-24
-1.817509977569808977e-24
-1.817071648680729618e-24
-1.816632359851929958e-24
-1.816192352863394059e-24
-1.815752112376379106e-24
-1.815311873858518126e-24
-1.814872116058358170e-24
-1.814433068216723426e-24
-1.813995184831011231e-24
-1.813558597656983074e-24
-1.813123664524578768e-24
-1.812690493770855149e-24
-1.812259437722825837e-24
-1.811830599470760958e-24
-1.811404325734567549e-24
-1.810980714301108770e-24
-1.810560106352985928e-24
-1.810142594167360734e-24
-1.809728513521906696e-24
-1.809317950815502313e-24
-1.808911236548004269e-24
-1.808508451148185213e-24
-1.808109919501682403e-24
-1.807715716424159167e-24
-1.807326160972698104e-24
-1.806941322198285350e-24
-1.806561513255270377e-24
-1.806186797638456986e-24
-1.805817493612543934e-24
-1.805453714469847757e-24
-1.805095827647085809e-24
-1.804743951446576366e-24
-1.804398446485177452e-24
-1.804059424862188305e-24
-1.803727240501183381e-24
-1.803401999136082867e-24
-1.803084047793204034e-24
-1.802773486089438016e-24
-1.802470654109887288e-24
-1.802175645435729118e-24
-1.801888793158438464e-24
-1.801610184782089207e-24
-1.801340146683648083e-24
-1.801078760037006426e-24
-1.800826344622329043e-24
-1.800582975335209205e-24
-1.800348965110935297e-24
-1.800124382653537847e-24
-1.799909490735746410e-24
-1.799704133923233081e-24
-1.799508351538005260e-24
-1.799321940538323302e-24
-1.799144936101088183e-24
-1.798977131268044874e-24
-1.798818557266823450e-24
-1.798669003245740206e-24
-1.798528496580043336e-24
-1.798396822313606368e-24
-1.798274003848635157e-24
-1.798159822515521069e-24
-1.798054297881894246e-24
-1.797957207392945840e-24
-1.797868566821834105e-24
-1.797788149839532072e-24
-1.797715968471528417e-24
-1.797651792846278640e-24
-1.797595630993011600e-24
-1.797547249679232490e-24
-1.797506677431433407e-24
-1.797473800140630092e-24
-1.797448764635001455e-24
-1.797431476479099545e-24
-1.797422077880195674e-24
-1.797420469526197780e-24
-1.797426789055410999e-24
-1.797440932770117477e-24
-1.797463033413716201e-24
-1.797492983177075135e-24
-1.797530910165854791e-24
-1.797576702279676678e-24
-1.797630483401310222e-24
-1.797692137123197387e-24
-1.797761783195931980e-24
-1.797839300910843075e-24
-1.797924806130874827e-24
-1.798018174223375067e-24
-1.798119517164831426e-24
-1.798228706214786321e-24
-1.798345788044749337e-24
-1.798470321562865692e-24
-1.798602042657176139e-24
-1.798740448140939620e-24
-1.798885273746161034e-24
-1.799036016345711947e-24
-1.799192411774684806e-24
-1.799353956929264905e-24
-1.799520388135630231e-24
-1.799691202069491458e-24
-1.799866135741579014e-24
-1.800044686003083576e-24
-1.800226590645840548e-24
-1.800411346872797739e-24
-1.800598693303157476e-24
-1.800788127844772960e-24
-1.800979390068945882e-24
-1.801171978786078046e-24
-1.801365634820900770e-24
-1.801559858073555323e-24
-1.801754420506333048e-24
-1.801948972946537822e-24
-1.802143437388186365e-24
-1.802337494849517715e-24
-1.802531067409074714e-24
-1.802723836070076154e-24
-1.802915723429680496e-24
-1.803106410465268432e-24
-1.803295820434852898e-24
-1.803483635037298487e-24
-1.803669777973118290e-24
-1.803853932059662347e-24
-1.804036021628550503e-24
-1.804215730926659926e-24
-1.804392985029876914e-24
-1.804567469834801937e-24
-1.804739111471309567e-24
-1.804907597436431060e-24
-1.805072855441611330e-24
-1.805234574787965708e-24
-1.805392642026662055e-24
-1.805546534460680072e-24
-1.805695927737240700e-24
-1.805840260989194176e-24
-1.805979214436330510e-24
-1.806112232227876895e-24
-1.806238999600868330e-24
-1.806358965607593885e-24
-1.806471821114514840e-24
-1.806577020138547555e-24
-1.806674259337118967e-24
-1.806762997972572610e-24
-1.806842938825797368e-24
-1.806913546537978153e-24
-1.806974530443109716e-24
-1.807025360751350515e-24
-1.807065753670962019e-24
-1.807095184930443654e-24
-1.807113377895561175e-24
-1.807119814272200943e-24
-1.807114245828781745e-24
-1.807096266285552367e-24
-1.807065739644012377e-24
-1.807022286081556890e-24
-1.806965775909609109e-24
-1.806895834760896415e-24
-1.806812339385636561e-24
-1.806714921078237306e-24
-1.806603463419292001e-24
-1.806477603363654515e-24
-1.806337231416525094e-24
-1.806181990606923730e-24
-1.806011778373377899e-24
-1.805826244060882451e-24
-1.805625292166250081e-24
-1.805408578548818109e-24
-1.805176014808078828e-24
-1.804927263578224721e-24
-1.804662243671022689e-24
-1.804380624653745590e-24
-1.804082326330467105e-24
-1.803766993611236224e-24
-1.803434522267955716e-24
-1.803084558439936768e-24
-1.802717005907184066e-24
-1.802331518520157332e-24
-1.801928008098827149e-24
-1.801506136413126553e-24
-1.801065823411849111e-24
-1.800606738808419833e-24
-1.800128810808487543e-24
-1.799631717148251172e-24
-1.799115394266289818e-24
-1.798579528045590990e-24
-1.798024063173584293e-24
-1.797448693755254678e-24
-1.796853372771721121e-24
-1.796237802612636392e-24
-1.795601944531265335e-24
-1.794945509196222985e-24
-1.794268472118835568e-24
-1.793570581988062788e-24
-1.792851852091730989e-24
-1.792112044952397598e-24
-1.791351181665857085e-24
-1.790569032611353365e-24
-1.789765626686574669e-24
-1.788940742124268751e-24
-1.788094415510230852e-24
-1.787226432870317133e-24
-1.786336838444835316e-24
-1.785425425931155735e-24
-1.784492247141595788e-24
-1.783537103306526338e-24
-1.782560053834337930e-24
-1.781560907388801953e-24
-1.780539730745753958e-24
-1.779496340116192282e-24
-1.778430809511023965e-24
-1.777342962309174591e-24
-1.776232896899914012e-24
-1.775100529853317158e-24
-1.773946051506703257e-24
-1.772769401671210818e-24
-1.771570775797497781e-24
-1.770350119387650274e-24
-1.769107633046099014e-24
-1.767843267645781819e-24
-1.766557229024247689e-24
-1.765249473068298043e-24
-1.763920210503982689e-24
-1.762569402083219229e-24
-1.761197263205375587e-24
-1.759803759490317755e-24
-1.758389110659721445e-24
-1.756953286851233762e-24
-1.755496512053416587e-24
-1.754018760737680740e-24
-1.752520260842334712e-24
-1.751000990835510891e-24
-1.749461196813736062e-24
-1.747900932049317687e-24
-1.746320516803985713e-24
-1.744720021178212037e-24
-1.743099767459833647e-24
-1.741459827719485505e-24
-1.739800526343356789e-24
-1.738121937023731283e-24
-1.736424385774929472e-24
-1.734707947859799185e-24
-1.732972950627844696e-24
-1.731219470564674444e-24
-1.729447836349910112e-24
-1.727658125440759118e-24
-1.725850667271741576e-24
-1.724025540294878057e-24
-1.722183074345861022e-24
-1.720323348295880572e-24
-1.718446692350147652e-24
-1.716553185756728345e-24
-1.714643159235399634e-24
-1.712716695984414287e-24
-1.710774129552163384e-24
-1.708815543920064355e-24
-1.706841271843790891e-24
-1.704851396986544181e-24
-1.702846251003303577e-24
-1.700825917140088427e-24
-1.698790725511715628e-24
-1.696740758697046463e-24
-1.694676345164407875e-24
-1.692597566542922321e-24
-1.690504749291171111e-24
-1.688397974171573334e-24
-1.686277565157425775e-24
-1.684143601832346358e-24
-1.681996405814846322e-24
-1.679836054961093296e-24
-1.677662868220619125e-24
-1.675476921763590544e-24
-1.673278555016416994e-24
-1.671067958301386802e-24
-1.668845582762741997e-24
-1.666611638309604585e-24
-1.664366570455904650e-24
-1.662110584701130405e-24
-1.659844120748680908e-24
-1.657567379702318880e-24
-1.655280795378406775e-24
-1.652984564507666289e-24
-1.650679114916077115e-24
-1.648364638385460122e-24
-1.646041556534193005e-24
-1.643710056273948233e-24
-1.641370552988945620e-24
-1.639023228318087357e-24
-1.636668491509929681e-24
-1.634306518905792941e-24
-1.631937713293001759e-24
-1.629562245601404855e-24
-1.627180505039699731e-24
-1.624792622394562804e-24
-1.622398946033781273e-24
-1.619999595249828122e-24
-1.617594911880812654e-24
-1.615185010429756036e-24
-1.612770226122532319e-24
-1.610350668798436956e-24
-1.607926667144742811e-24
-1.605498326015006170e-24
-1.603065967767679271e-24
-1.600629692105500703e-24
-1.598189814957801369e-24
-1.595746430788287738e-24
-1.593299849272904499e-24
-1.590850159402252014e-24
-1.588397664885884603e-24
-1.585942449091539827e-24
-1.583484809338535288e-24
-1.581024823681386022e-24
-1.578562797903548071e-24
-1.576098878648217942e-24
-1.573633438759515756e-24
-1.571166632993061937e-24
-1.568698826522104551e-24
-1.566230167363944511e-24
-1.563761013043730454e-24
-1.561291504877044453e-24
-1.558821992814064325e-24
-1.556352611081830252e-24
-1.553883702701044771e-24
-1.551415394722981003e-24
-1.548948023749508480e-24
-1.546481709569494554e-24
-1.544016781953046811e-24
-1.541553353591297795e-24
-1.539091747322921513e-24
-1.536632069451117945e-24
-1.534174635661149367e-24
-1.531719545762297869e-24
-1.529267086601589778e-24
-1.526817240336372299e-24
-1.524370177349616344e-24
-1.521925853087153342e-24
-1.519484433551772605e-24
-1.517045869950430873e-24
-1.514610323823244989e-24
-1.512177742428985920e-24
-1.509748283062473397e-24
-1.507321889055520756e-24
-1.504898713518296937e-24
-1.502478695950359880e-24
-1.500061985209878523e-24
-1.497648517378957974e-24
-1.495238437309121496e-24
-1.492831677583393202e-24
-1.490428379115170057e-24
-1.488028471411576455e-24
-1.485632091190816040e-24
-1.483239164913281541e-24
-1.480849838865287541e-24
-1.478464102612372561e-24
-1.476082164504132825e-24
-1.473704023339587060e-24
-1.471329882762131306e-24
-1.468959737364333593e-24
-1.466593786551724911e-24
-1.464232021007904947e-24
-1.461874635765143628e-24
-1.459521617874569326e-24
-1.457173158228758328e-24
-1.454829240478648311e-24
-1.452490051358495297e-24
-1.450155571259472659e-24
-1.447825983228901512e-24
-1.445501264208135896e-24
-1.443181593725360163e-24
-1.440866945798627085e-24
-1.438557496246209963e-24
-1.436253216266559108e-24
-1.433954254485798119e-24
-1.431660459038025252e-24
-1.429371856267030611e-24
-1.427088270164056992e-24
-1.424809726239239598e-24
-1.422536048641328837e-24
-1.420267262470007040e-24
-1.418003191809651604e-24
-1.415743861415329221e-24
-1.413489095611622582e-24
-1.411238918924875829e-24
-1.408993156305835269e-24
-1.406751832111682410e-24
-1.404514771936272659e-24
-1.402282000077204469e-24
-1.400053342900363593e-24
-1.397828825302886969e-24
-1.395608274078279296e-24
-1.393391714682421937e-24
-1.391178974860588713e-24
-1.388970078271576245e-24
-1.386764842942843434e-24
-1.384563281991331520e-24
-1.382365212843957891e-24
-1.380170649666636010e-24
-1.377979411470743118e-24
-1.375791513865996188e-24
-1.373606777216819172e-24
-1.371425218642027769e-24
-1.369246660411489585e-24
-1.367071120848846007e-24
-1.364898424541284795e-24
-1.362728591331185855e-24
-1.360561447616001187e-24
-1.358397015238325640e-24
-1.356235122842894494e-24
-1.354075793986214507e-24
-1.351918859608812304e-24
-1.349764345177726343e-24
-1.347612084198346353e-24
-1.345462101218255459e-24
-1.343314218363137330e-24
-1.341168447943516533e-24
-1.339024612417804824e-24
-1.336882726525891187e-24
-1.334742615691061475e-24
-1.332604297222311863e-24
-1.330467599610899579e-24
-1.328332542883907203e-24
-1.326198958614656420e-24
-1.324066869427286027e-24
-1.321936110271350176e-24
-1.319806706410558209e-24
-1.317678496216457637e-24
-1.315551507655628902e-24
-1.313425582564934248e-24
-1.311300751644451437e-24
-1.309176860277974223e-24
-1.307053941955443192e-24
-1.304931845662704745e-24
-1.302810590703332770e-24
-1.300689945433174019e-24
-1.298569848400337263e-24
-1.296450056439389595e-24
-1.294330512686266033e-24
-1.292210979513294353e-24
-1.290091404613294057e-24
-1.287971555868762729e-24
-1.285851385607622849e-24
-1.283730667191965552e-24
-1.281609357559037889e-24
-1.279487235577318650e-24
-1.277364262779961557e-24
-1.275240223493635402e-24
-1.273115083874710432e-24
-1.270988633675774998e-24
-1.268860843662443470e-24
-1.266731508978907220e-24
-1.264600604932013211e-24
-1.262467932088576396e-24
-1.260333476423717472e-24
-1.258197074499208091e-24
-1.256058747118059777e-24
-1.253918341693253491e-24
-1.251775882727797977e-24
-1.249631222208771406e-24
-1.247484388346880335e-24
-1.245335237634357402e-24
-1.243183801924491570e-24
-1.241029942142415791e-24
-1.238873693687526410e-24
-1.236714921866476759e-24
-1.234553665576093889e-24
-1.232389794397978072e-24
-1.230223350652506697e-24
-1.228054208135151777e-24
-1.225882412454191381e-24
-1.223707841599284873e-24
-1.221530544326661788e-24
-1.219350402733409645e-24
-1.217167466929977980e-24
-1.214981614465209898e-24
-1.212792889910182907e-24
-1.210601173192964371e-24
-1.208406511941024740e-24
-1.206208790091755718e-24
-1.204008058174774715e-24
-1.201804203987593558e-24
-1.199597280883093787e-24
-1.197387180437748837e-24
-1.195173958688540720e-24
-1.192957510870234657e-24
-1.190737895565676652e-24
-1.188515011556195360e-24
-1.186288919867256558e-24
-1.184059522645768449e-24
-1.181826883271510875e-24
-1.179590907172069122e-24
-1.177351659899679672e-24
-1.175109050010373413e-24
-1.172863146218760690e-24
-1.170613865400821205e-24
-1.168361283505211903e-24
-1.166105321244928270e-24
-1.163846056220143182e-24
-1.161583411749186028e-24
-1.159317467000980528e-24
-1.157048147774892284e-24
-1.154775534636236244e-24
-1.152499555748183826e-24
-1.150220292943519598e-24
-1.147937676610623947e-24
-1.145651789724624097e-24
-1.143362564759802485e-24
-1.141070085718420995e-24
-1.138774286997655744e-24
-1.136475253498072763e-24
-1.134172921436846789e-24
-1.131867376483248099e-24
-1.129558556546547812e-24
-1.127246551732856817e-24
-1.124931320488155756e-24
-1.122612972210217424e-24
-1.120291470175063178e-24
-1.117966923712648789e-24
-1.115639296966209410e-24
-1.113308699096193975e-24
-1.110975094980925314e-24
-1.108638593515538143e-24
-1.106299160210598971e-24
-1.103956903562328037e-24
-1.101611789615938455e-24
-1.099263926381570691e-24
-1.096913280305344618e-24
-1.094559958807296294e-24
-1.092203928680921618e-24
-1.089845296634790347e-24
-1.087484029698471809e-24
-1.085120233810047519e-24
-1.082753876105428452e-24
-1.080385072107118700e-24
-1.078013840926269053e-24
-1.075640348514640795e-24
-1.073264623130932796e-24
-1.070886828503375942e-24
-1.068506991502194645e-24
-1.066125273552701828e-24
-1.063741700083273756e-24
-1.061356430187852733e-24
-1.058969487759987847e-24
-1.056581029490218691e-24
-1.054191077738562424e-24
-1.051799786753752531e-24
-1.049407177281097169e-24
-1.047013401103722709e-24
-1.044618477309862575e-24
-1.042222555184164058e-24
-1.039825652130317669e-24
-1.037427914893298989e-24
-1.035029359177558447e-24
-1.032630127467264046e-24
-1.030230225364585479e-24
-1.027829784453816709e-24
-1.025428807138796299e-24
-1.023027422594695988e-24
-1.020625631686434418e-24
-1.018223561180790281e-24
-1.015821210389818548e-24
-1.013418703704835416e-24
-1.011016038916231094e-24
-1.008613337970907358e-24
-1.006210597117141559e-24
-1.003807935918372271e-24
-1.001405349071500546e-24
-9.990029537278681811e-25
-9.966007431043426974e-25
-9.941988319448771563e-25
-9.917972119939192633e-25
-9.893959955836869521e-25
-9.869951730164137257e-25
-9.845948667253160462e-25
-9.821951275509881723e-25
-9.797961368859314141e-25
-9.773979551590160243e-25
-9.750007600026941249e-25
-9.726046089560006567e-25
-9.702096759388018928e-25
-9.678160156307253170e-25
-9.654237983158860724e-25
-9.630330758785851581e-25
-9.606440150168543464e-25
-9.582566648857357097e-25
-9.558711886683916681e-25
-9.534876328494140642e-25
-9.511061571680600091e-25
-9.487268054873841700e-25
-9.463497341729313411e-25
-9.439749845268827880e-25
-9.416027096523904867e-25
-9.392329483445450248e-25
-9.368658463042067600e-25
-9.345014192712298052e-25
-9.321397892595552975e-25
-9.297809660030238191e-25
-9.274250689443271637e-25
-9.250721060677976509e-25
-9.227221942984969876e-25
-9.203753399310302819e-25
-9.180316574299899543e-25
-9.156911514773042499e-25
-9.133539341459854146e-25
-9.110200085671812204e-25
-9.086894845020259289e-25
-9.063623635711381531e-25
-9.040387533116135369e-25
-9.017186538993747281e-25
-8.994021707199786526e-25
-8.970893025624771314e-25
-8.947801527230510852e-25
-8.924747186967982757e-25
-8.901731084235060180e-25
-8.878753514017170321e-25
-8.855815864790787953e-25
-8.832918478744342657e-25
-8.810062717532437467e-25
-8.787248904404416363e-25
-8.764478374989105011e-25
-8.741751433956920402e-25
-8.719069391531375319e-25
-8.696432534913604394e-25
-8.673842149784016102e-25
-8.651298506227717136e-25
-8.628802866063770836e-25
-8.606355482847484170e-25
-8.583957595256534412e-25
-8.561609441187729095e-25
-8.539312236844961236e-25
-8.517066204796636115e-25
-8.494872539497455581e-25
-8.472731448749152838e-25
-8.450644094155781753e-25
-8.428610612555451355e-25
-8.406632088629347418e-25
-8.384708635446857281e-25
-8.362841318803141832e-25
-8.341030239870353147e-25
-8.319276446346879851e-25
-8.297580028196173552e-25
-8.275942014728223317e-25
-8.254362484695781948e-25
-8.232842450120371978e-25
-8.211381979084474502e-25
-8.189982066559592710e-25
-8.168642770231746276e-25
-8.147365068290365641e-25
-8.126149008425363146e-25
-8.104995552280100851e-25
-8.083904737732569955e-25
-8.062877510474616320e-25
-8.041913898665050082e-25
-8.021014785227187708e-25
-8.000179954712379226e-25
-7.979410042300168924e-25
-7.958704781500648155e-25
-7.938064797333743530e-25
-7.917489819376616893e-25
-7.896980462625243918e-25
-7.876536453228803396e-25
-7.856158396616792163e-25
-7.835846015808998049e-25
-7.815599906502888122e-25
-7.795419788041223067e-25
-7.775306246228823572e-25
-7.755258996733473865e-25
-7.735278615666577099e-25
-7.715364815019825240e-25
-7.695518161104057598e-25
-7.675738362264517460e-25
-7.656025975143019943e-25
-7.636380704107140246e-25
-7.616803104014624586e-25
-7.597292915444489595e-25
-7.577850722780296964e-25
-7.558476269691263485e-25
-7.539170129908505330e-25
-7.519932041985764302e-25
-7.500762568728373718e-25
-7.481661443585564631e-25
-7.462629218577326937e-25
-7.443665621971447588e-25
-7.424771194800201605e-25
-7.405945660056402896e-25
-7.387189547734390448e-25
-7.368502575411367328e-25
-7.349885262030221058e-25
-7.331337319729605195e-25
-7.312859256435993793e-25
-7.294450778961060923e-25
-7.276112384261114609e-25
-7.257843773942155863e-25
-7.239645434399022186e-25
-7.221517062081238726e-25
-7.203459132984258438e-25
-7.185471338272660091e-25
-7.167554143158439521e-25
-7.149707233727892965e-25
-7.131931064690842079e-25
-7.114225317859195441e-25
-7.096590438595322607e-25
-7.079026103131633525e-25
-7.061532746500224009e-25
-7.044110040512583630e-25
-7.026758413968089197e-25
-7.009477542486949529e-25
-6.992267852198521729e-25
-6.975129008613566669e-25
-6.958061400516621430e-25
-6.941064653452614250e-25
-6.924139152027844476e-25
