0.000000000000000000e+00
0.000000000000000000e+00
1.085173178441200166e-13
2.161515662842973114e-14
7.515178056411446033e-15
3.355474355112623775e-15
1.739968654447371180e-15
9.946346186635945948e-16
6.093343937207106603e-16
3.950258385229211537e-16
2.674760876815504447e-16
1.870221093537641551e-16
1.348727187368730480e-16
9.995936583539092121e-17
7.578605074978602739e-17
5.854335271412634426e-17
4.593242983789383705e-17
3.651513784051088541e-17
2.935934993477127122e-17
2.384133729456950747e-17
1.953203686327879658e-17
1.612924884309975793e-17
1.341904687827065742e-17
1.125123012969460601e-17
9.507029421865737631e-18
8.092939888253823748e-18
6.936937911921462397e-18
5.983978182980163331e-18
5.192003765944503503e-18
4.528753998321475255e-18
3.969324150506670391e-18
3.494339085240657269e-18
3.088598675158068956e-18
2.740075220832310522e-18
2.439169845147469143e-18
2.178158376090077691e-18
1.950775840177245348e-18
1.751902619815108437e-18
1.577325542488202765e-18
1.423554534575061984e-18
1.287680770046111787e-18
1.167266033513869995e-18
1.060270306688568989e-18
9.650067610786599448e-19
8.800209899262060761e-19
8.040477078290208713e-19
7.359884385727745016e-19
6.748903194930057697e-19
6.199267554112835441e-19
5.703801881546225369e-19
5.256269904392384152e-19
4.851243606507492351e-19
4.483990268614880131e-19
4.150375526362543734e-19
3.846780401458380572e-19
3.570030462710737614e-19
3.317335323128083448e-19
3.086236976489783492e-19
2.874565616351031713e-19
2.680401806155330393e-19
2.502044057120097102e-19
2.337981002526194192e-19
2.186868746687201099e-19
2.047512885723547943e-19
1.918845299907827134e-19
1.799908151551638063e-19
1.689841302100976664e-19
1.587871266690104100e-19
1.493301510971299533e-19
1.405503918476902486e-19
1.323911290962810675e-19
1.248010741554417231e-19
1.177337872564265167e-19
1.111471638308727698e-19
1.050029805669306731e-19
9.926649370260623908e-20
9.390608304034962253e-20
8.889293616511104810e-20
8.420076803471066877e-20
7.980557138672534524e-20
7.568539471904962725e-20
7.182014402918174843e-20
6.819138146477758941e-20
6.478211152660746991e-20
6.157673802395842026e-20
5.856095446668266817e-20
5.572162051279648500e-20
5.304665195821038126e-20
5.052492278159511539e-20
4.814617759718029185e-20
4.590095330349060032e-20
4.378050886509357311e-20
4.177676216857445006e-20
3.988223319138177655e-20
3.808999276789618930e-20
3.639361633830487061e-20
3.478714209171370635e-20
3.326503303730938616e-20
3.182214261190658052e-20
3.045368344524048373e-20
2.915519894710347382e-20
2.792253741901720116e-20
2.675182304941493010e-20
2.563942156134717509e-20
2.458194127090407550e-20
2.357621952914839043e-20
2.261930476641359382e-20
2.170844012118236554e-20
2.084104862205051145e-20
2.001471960847176175e-20
1.922719637733116836e-20
1.847636487248194313e-20
1.776024331328191979e-20
1.707697272776686068e-20
1.642480824728299474e-20
1.580211112494485504e-20
1.520734134087216873e-20
1.463905087488281542e-20
1.409587745398401276e-20
1.357653872707174457e-20
1.307982699826991093e-20
1.260460433606007071e-20
1.214979758277732709e-20
1.171439336081045503e-20
1.129743543815799005e-20
1.089802137663236474e-20
1.051529912261671318e-20
1.014846378769189381e-20
9.796754727596572860e-21
9.459452763084537185e-21
9.135877635248069411e-21
8.825385623857781252e-21
8.527367322180290097e-21
8.241245582387606522e-21
7.966473591340056321e-21
7.702533065062253324e-21
7.448932590887335753e-21
7.205206051023550255e-21
6.970911159599429880e-21
6.745628085791272733e-21
6.528958181552501149e-21
6.320522781378317528e-21
6.119962708588066661e-21
5.926938812841988517e-21
5.741128684491545762e-21
5.562225168206829090e-21
5.389935571538598249e-21
5.223980950287169834e-21
5.064095401741929260e-21
4.910025422197936111e-21
4.761529279934211052e-21
4.618376416097592079e-21
4.480346895158160287e-21
4.347230877664970847e-21
4.218828106957939788e-21
4.094947433448257882e-21
3.975406371566716391e-21
3.860030664951778766e-21
3.748653885592778283e-21
3.641117049336725287e-21
3.537268249766138881e-21
3.436962315797485685e-21
3.340060929264873525e-21
3.246433493629936541e-21
3.155955225855267327e-21
3.068506441458171431e-21
2.983972349907898034e-21
2.902242852049761424e-21
2.823212351662491740e-21
2.746779561131980314e-21
2.672847328425634916e-21
2.601322460013335192e-21
2.532115554820063663e-21
2.465140845835573393e-21
2.400316047076824721e-21
2.337562201273519916e-21
2.276803543854226648e-21
2.217967363983073280e-21
2.160983876194913390e-21
2.105786092960341669e-21
2.052309710057281808e-21
2.000492989175261313e-21
1.950276902869434150e-21
1.901605703070139220e-21
1.854425925272772829e-21
1.808686044357169226e-21
1.764336408493035725e-21
1.721329176444449552e-21
1.679618253896398881e-21
1.639159232284890035e-21
1.599909329184604085e-21
1.561827329542966546e-21
1.524873529398166048e-21
1.489009680546199801e-21
1.454198937318177813e-21
1.420405804550997053e-21
1.387596087565257047e-21
1.355736843568171976e-21
1.324796334716525308e-21
1.294743982738009251e-21
1.265550325278053004e-21
1.237186973614114113e-21
1.209626669243965048e-21
1.182843507434886937e-21
1.156812559103975019e-21
1.131509738093562569e-21
1.106911774492176663e-21
1.082996188209739257e-21
1.059741263473754938e-21
1.037126023430256088e-21
1.015130205857244933e-21
9.937342389420712001e-22
9.729192181756328512e-22
9.526668836203161230e-22
9.329595978787359597e-22
9.137803247517757996e-22
8.951126079258493995e-22
8.769405516452083086e-22
8.592488007950295069e-22
8.420225220068726111e-22
8.252473855317106288e-22
8.089095470496605300e-22
7.929956589200151628e-22
7.774929291833664764e-22
7.623890098210952628e-22
7.476719534834649762e-22
7.333302003598604697e-22
7.193525652025800535e-22
7.057282259159475222e-22
6.924467110437805934e-22
6.794978881106649970e-22
6.668719528964604894e-22
6.545594181621404595e-22
6.425511033025895154e-22
6.308381237548250843e-22
6.194118810607465860e-22
6.082640536225176625e-22
5.973865873455188629e-22
5.867716863099661203e-22
5.764118042453094930e-22
5.662996360018375191e-22
5.564281095688032208e-22
5.467903610230927249e-22
5.373796799575208762e-22
5.281895601709820897e-22
5.192137099718043800e-22
5.104460438327673222e-22
5.018806751381110069e-22
4.935119088194353891e-22
4.853342340102898082e-22
4.773423180778714435e-22
4.695309994940956617e-22
4.618952821975091725e-22
4.544303292965398471e-22
4.471314577213054007e-22
4.399941321184515804e-22
4.330139603530620000e-22
4.261866877031898346e-22
4.195081925946398107e-22
4.129744816058481839e-22
4.065816850211088274e-22
4.003260524664238768e-22
3.942039248013663899e-22
3.882116625316322269e-22
3.823457239998298955e-22
3.766026858993680475e-22
3.709792387562321989e-22
3.654721820001548310e-22
3.600784200903860798e-22
3.547949578036371732e-22
3.496188968402397859e-22
3.445474318023709332e-22
3.395778467215597167e-22
3.347075113909519800e-22
3.299338784886450475e-22
3.252544800258665150e-22
3.206669246528192975e-22
3.161688947481897310e-22
3.117581436130078814e-22
3.074324928964492047e-22
3.031898301096059257e-22
2.990281063435047446e-22
2.949453138346866551e-22
2.909394288264274307e-22
2.870084755643783890e-22
2.831505441740998736e-22
2.793637881253074578e-22
2.756464214680039228e-22
2.719967164095062920e-22
2.684130008089973592e-22
2.648936561278107821e-22
2.614371151455979029e-22
2.580418595316402801e-22
2.547064185583018259e-22
2.514293674783383652e-22
2.482093246882229739e-22
2.450449510397965650e-22
2.419349472653263537e-22
2.388780536927967060e-22
2.358730475467675043e-22
2.329187418678910084e-22
2.300139850094676551e-22
2.271576383684226809e-22
2.243485186896177274e-22
2.215854635882560651e-22
2.188673508854034892e-22
2.161930973302099267e-22
2.135616570661957361e-22
2.109720194618674321e-22
2.084232065822778145e-22
2.059142741313061893e-22
2.034443085629386010e-22
2.010124253395067256e-22
1.986177689932821762e-22
1.962595110403718877e-22
1.939368488154154907e-22
1.916490056824338972e-22
1.893952282545962829e-22
1.871747866947227102e-22
1.849869729144621893e-22
1.828311001198341485e-22
1.807065023064100108e-22
1.786125227608924576e-22
1.765484859875329672e-22
1.745137293442702648e-22
1.725076123671550366e-22
1.705295168826497484e-22
1.685788442372443191e-22
1.666550155165337309e-22
1.647574706522931962e-22
1.628856676381745257e-22
1.610390817207608446e-22
1.592172043740518028e-22
1.574195429005317779e-22
1.556456197974365855e-22
1.538949720902427511e-22
1.521671513640101628e-22
1.504617222345691951e-22
1.487782621445786464e-22
1.471163611001565108e-22
1.454756206276637487e-22
1.438556538447520821e-22
1.422560808122624830e-22
1.406765145130753055e-22
1.391165757359457248e-22
1.375758974561575265e-22
1.360541238331508611e-22
1.345509097134634945e-22
1.330659209653032541e-22
1.315988332475407460e-22
1.301493318823963105e-22
1.287171116660589722e-22
1.273018762766090961e-22
1.259033378851980048e-22
1.245212168452188965e-22
1.231552415605460586e-22
1.218051481920139523e-22
1.204706798885344214e-22
1.191515871855719740e-22
1.178476274745951750e-22
1.165585647633586234e-22
1.152841691899634622e-22
1.140242129197033635e-22
1.127784580330452391e-22
1.115466698982936695e-22
1.103286214754040380e-22
1.091240924511698087e-22
1.079328691241943620e-22
1.067547443356117542e-22
1.055895169944593499e-22
1.044369916726317148e-22
1.032969787042346330e-22
1.021692939686552062e-22
1.010537584744042686e-22
9.995019833842981425e-23
9.885844439533378617e-23
9.777833202804298458e-23
9.670970112796873065e-23
9.565239593262272504e-23
9.460626467959767263e-23
9.357115962021304400e-23
9.254693669320647172e-23
9.153345698807107379e-23
9.053058925092867798e-23
8.953820634654711971e-23
8.855618408629016026e-23
8.758440071774176091e-23
8.662273709965574177e-23
8.567107675950996005e-23
8.472930564592332548e-23
8.379731232092201906e-23
8.287498707205195801e-23
8.196222264134950977e-23
8.105891349216069797e-23
8.016495639044595170e-23
7.928025006051408590e-23
7.840469513445013643e-23
7.753819407077832147e-23
7.668065110885073307e-23
7.583197219287583080e-23
7.499206493088536639e-23
7.416083852370951047e-23
7.333820461947122621e-23
7.252407979722963778e-23
7.171838254138582950e-23
7.092103248966372037e-23
7.013195041336179421e-23
6.935105786754456541e-23
6.857827748956818556e-23
6.781353275912595876e-23
6.705674808937182907e-23
6.630784879142080380e-23
6.556676106408885088e-23
6.483341186789096586e-23
6.410772901235651614e-23
6.338964112419638373e-23
6.267907746244499402e-23
6.197596815957187482e-23
6.128024403782780273e-23
6.059183683863285141e-23
5.991067879058146530e-23
5.923670276041292713e-23
5.856984360974413297e-23
5.791004182627459179e-23
5.725723932350066590e-23
5.661137820005894853e-23
5.597240068331820438e-23
5.534024905613893629e-23
5.471486583142786639e-23
5.409619367581925922e-23
5.348417535928173758e-23
5.287875382980992232e-23
5.227987230259795693e-23
5.168747418658890171e-23
5.110150296847615188e-23
5.052190235176718760e-23
4.994861620873579484e-23
4.938158864651347707e-23
4.882076402322467863e-23
4.826608694519946429e-23
4.771750209744468198e-23
4.717495449377597749e-23
4.663839074371899157e-23
4.610776300245372570e-23
4.558302450586017570e-23
4.506412823197774812e-23
4.455102699679189856e-23
4.404367335901794903e-23
4.354201966065444989e-23
4.304601815419057061e-23
4.255562087534343728e-23
4.207077976777974655e-23
4.159144666453403294e-23
4.111757330274216214e-23
4.064911135748067487e-23
4.018601250353340200e-23
3.972822834745157623e-23
3.927571048881693602e-23
3.882841055006982422e-23
3.838628013918733053e-23
3.794927088023324366e-23
3.751733451346029961e-23
3.709042344943223540e-23
3.666849277807817583e-23
3.625149812134421630e-23
3.583939492407051357e-23
3.543213857508346684e-23
3.502968437927791501e-23
3.463198754972111778e-23
3.423900326367987268e-23
3.385068669313463222e-23
3.346699293876840784e-23
3.308787713959917414e-23
3.271329444491311336e-23
3.234320004319696381e-23
3.197754917217633017e-23
3.161629718192664104e-23
3.125939943457866023e-23
3.090681143873960416e-23
3.055848881984870841e-23
3.021438730960140490e-23
2.987446275361276927e-23
2.953867210947198685e-23
2.920697610123077699e-23
2.887933629843353800e-23
2.855571413208891496e-23
2.823607092832650113e-23
2.792036789432717560e-23
2.760856618163312489e-23
2.730062691568384886e-23
2.699651117669538738e-23
2.669618001742620714e-23
2.639959451409003073e-23
2.610671575557891327e-23
2.581750490818081563e-23
2.553192315084640009e-23
2.524993175241900031e-23
2.497149204862379052e-23
2.469656547813705085e-23
2.442511361443175812e-23
2.415709812877507196e-23
2.389248085213992663e-23
2.363122353973919208e-23
2.337328731209696507e-23
2.311863333580421073e-23
2.286722301050864263e-23
2.261901796912137183e-23
2.237398009454383290e-23
2.213207153730315560e-23
2.189325469395575339e-23
2.165749224225554307e-23
2.142474712380919352e-23
2.119498256647818865e-23
2.096816207356420591e-23
2.074424943650910726e-23
2.052320873245079554e-23
2.030500433186380428e-23
2.008960089772099685e-23
1.987696339249223357e-23
1.966705707678269368e-23
1.945984751763374047e-23
1.925530058469069204e-23
1.905338286910198825e-23
1.885406286881941544e-23
1.865730969008738138e-23
1.846309263132404822e-23
1.827138119066494407e-23
1.808214506753558927e-23
1.789535417130185355e-23
1.771097862389623081e-23
1.752898876428098252e-23
1.734935515214136463e-23
1.717204857846962298e-23
1.699704006001196678e-23
1.682430084929291113e-23
1.665380243356157273e-23
1.648551654079791113e-23
1.631941513981963701e-23
1.615547044720654984e-23
1.599365492223814504e-23
1.583394127789219453e-23
1.567630247385255952e-23
1.552071142201537670e-23
1.536714010283378483e-23
1.521556052626562808e-23
1.506594504202727250e-23
1.491826633829722085e-23
1.477249744077770667e-23
1.462861170838721572e-23
1.448658282810428875e-23
1.434638481609826767e-23
1.420799201113975641e-23
1.407137907554530397e-23
1.393652098727313356e-23
1.380339306231038843e-23
1.367197090707746260e-23
1.354223044966114141e-23
1.341414792302437800e-23
1.328769987391395443e-23
1.316286313925793188e-23
1.303961487164564565e-23
1.291793252514330134e-23
1.279779377979620155e-23
1.267917634073818807e-23
1.256205816043510012e-23
1.244641747754440767e-23
1.233223286099218970e-23
1.221948315787548467e-23
1.210814752575508930e-23
1.199820539284077436e-23
1.188963648952648325e-23
1.178242081988600748e-23
1.167653868168196940e-23
1.157197063853159420e-23
1.146869754954183491e-23
1.136670052166147007e-23
1.126596094903187030e-23
1.116646048584329679e-23
1.106818104542547866e-23
1.097110480316306223e-23
1.087521418576828033e-23
1.078049187413309092e-23
1.068692071127234422e-23
1.059448343067834349e-23
1.050316294097529656e-23
1.041294240233292114e-23
1.032380524288165042e-23
1.023573515102306476e-23
1.014871605620089502e-23
1.006273214785915594e-23
9.977767847897373293e-24
9.893807829245651595e-24
9.810836989011941213e-24
9.728840474961178569e-24
9.647803650830666406e-24
9.567712106097901394e-24
9.488551670849419813e-24
9.410308384441893341e-24
9.332968518401220394e-24
9.256518553477086516e-24
9.180945171176702882e-24
9.106235270238060712e-24
9.032375814823427247e-24
8.959353447098326285e-24
8.887154904013766080e-24
8.815767147828732767e-24
8.745177364663803340e-24
8.675372964075390414e-24
8.606341570458987634e-24
8.538071022681034231e-24
8.470549372827332392e-24
8.403764878717687314e-24
8.337706002855647080e-24
8.272361398378285946e-24
8.207719935322478668e-24
8.143770666186560064e-24
8.080502838702323857e-24
8.017905882158829167e-24
7.955969406941261420e-24
7.894683204182320398e-24
7.834037238924329927e-24
7.774021662387857722e-24
7.714626651195472426e-24
7.655841962947144508e-24
7.597657416565229986e-24
7.540063028694407691e-24
7.483049006579895315e-24
7.426605740767614800e-24
7.370723816241244585e-24
7.315393999056885572e-24
7.260607241474811020e-24
7.206354663162090831e-24
7.152627562302807261e-24
7.099417408513240267e-24
7.046715831133050397e-24
6.994514634933353965e-24
6.942805777384698845e-24
6.891581373272916350e-24
6.840833699872446883e-24
6.790555179628290074e-24
6.740738396131788501e-24
6.691376071777526086e-24
6.642461071972381039e-24
6.593986406053852908e-24
6.545945215323737997e-24
6.498330788854339217e-24
6.451136548110341162e-24
6.404356046249393903e-24
6.357982968297320421e-24
6.312011125447080683e-24
6.266434460222320121e-24
6.221247035919850792e-24
6.176443032269985581e-24
6.132016749595048562e-24
6.087962613942717692e-24
6.044275162070460535e-24
6.000949046802680793e-24
5.957979026989204752e-24
5.915359972923333105e-24
5.873086860964134299e-24
5.831154774374624167e-24
5.789558902483595845e-24
5.748294363748385131e-24
5.707355688383870359e-24
5.666737364554999740e-24
5.626434017373272441e-24
5.586440400323144901e-24
5.546751389433943804e-24
5.507361987761874687e-24
5.468267315440280707e-24
5.429462610084396194e-24
5.390943229395455290e-24
5.352704639308276451e-24
5.314742420714550872e-24
5.277052257918634996e-24
5.239629945268090234e-24
5.202471383726181678e-24
5.165572575528170418e-24
5.128929621097362229e-24
5.092538721470373562e-24
5.056396167771260685e-24
5.020498347398668070e-24
4.984841712443290502e-24
4.949422693681264017e-24
4.914237780472405259e-24
4.879283555813544859e-24
4.844556693775209181e-24
4.810053957824045160e-24
4.775772191366773458e-24
4.741708323295368537e-24
4.707859369177851333e-24
4.674222415772309784e-24
4.640794636248420726e-24
4.607573274810078751e-24
4.574555651654648179e-24
4.541739157962682140e-24
4.509121254214907806e-24
4.476699471852459340e-24
4.444471408389065863e-24
4.412434732212206047e-24
4.380587171422975769e-24
4.348926515466095434e-24
4.317450600987486015e-24
4.286157260077694325e-24
4.255044368893599167e-24
4.224109862195541317e-24
4.193351735235277652e-24
4.162768035942611264e-24
4.132356869950202220e-24
4.102116392858769920e-24
4.072044812363395602e-24
4.042140389372160974e-24
4.012401431406291829e-24
3.982826290905460336e-24
3.953413370278040841e-24
3.924161111650591954e-24
3.895068004750047955e-24
3.866132576816263248e-24
3.837353397683366608e-24
3.808729075329950091e-24
3.780258260856076849e-24
3.751939638669570301e-24
3.723771828880941170e-24
3.695753091869031280e-24
3.667881636852433080e-24
3.640155726595793766e-24
3.612573671753394514e-24
3.585133823730155811e-24
3.557834589466344929e-24
3.530674419113963506e-24
3.503651805806568124e-24
3.476765283533841339e-24
3.450013429422094806e-24
3.423394854365563136e-24
3.396908212602448139e-24
3.370552192382198973e-24
3.344325520735265616e-24
3.318226954355831701e-24
3.292255284444447165e-24
3.266409330055129526e-24
3.240687945137813719e-24
3.215090011906861696e-24
3.189614490158785020e-24
3.164260546112558121e-24
3.139027409607765042e-24
3.113914326931203730e-24
3.088920563553184512e-24
3.064045395962751684e-24
3.039288118681068151e-24
3.014648036251409571e-24
2.990124470137156960e-24
2.965716748853300480e-24
2.941424214829821811e-24
2.917246216776557124e-24
2.893182118396844667e-24
2.869231286948393242e-24
2.845393101872192075e-24
2.821666949365052464e-24
2.798052221285738655e-24
2.774548317517690545e-24
2.751154646683219523e-24
2.727870619171753227e-24
2.704695600979983383e-24
2.681628752497916869e-24
2.658669194308686723e-24
2.635816062536105986e-24
2.613068505852331855e-24
2.590425680554768607e-24
2.567886756460242392e-24
2.545450912017539643e-24
2.523117340025601911e-24
2.500885237811266252e-24
2.478753814621699044e-24
2.456722285321312620e-24
2.434789874361616506e-24
2.412955811271232044e-24
2.391219332974877154e-24
2.369579682571200819e-24
2.348036109995344595e-24
2.326587867784050831e-24
2.305234216391629424e-24
2.283974421474093094e-24
2.262807871897758200e-24
2.241734441425128912e-24
2.220754110254265635e-24
2.199866839431946242e-24
2.179072574965855712e-24
2.158371243016015643e-24
2.137762755362953271e-24
2.117247006078107851e-24
2.096823875451821068e-24
2.076493222702783318e-24
2.056254893985835142e-24
2.036108717891115069e-24
2.016054506650686934e-24
1.996092057055112497e-24
1.976221152844633604e-24
1.956441560454647437e-24
1.936753033960045513e-24
1.917155310900832307e-24
1.897648114700204186e-24
1.878231155487855740e-24
1.858904138776011181e-24
1.839666791002894174e-24
1.820518834532703736e-24
1.801459976047276184e-24
1.782489908841802449e-24
1.763608312489294246e-24
1.744814852814449516e-24
1.726109181614742894e-24
1.707490939933118786e-24
1.688959754468753823e-24
1.670515240814674660e-24
1.652157001062054212e-24
1.633884627974579246e-24
1.615697701581773536e-24
1.597595792244860694e-24
1.579578459365922052e-24
1.561645252365348498e-24
1.543795709466882208e-24
1.526029360619404284e-24
1.508345725305985200e-24
1.490744417768644567e-24
1.473225440998479924e-24
1.455788878825261112e-24
1.438434789556224977e-24
1.421163210004704077e-24
1.403974152930760489e-24
1.386867611824180297e-24
1.369843556646780713e-24
1.352901938542353286e-24
1.336042688207849895e-24
1.319265717932447774e-24
1.302570921656862941e-24
1.285958175323707390e-24
1.269427337748168019e-24
1.252978250968292197e-24
1.236610741068742060e-24
1.220324618530984194e-24
1.204119678277704592e-24
1.187995702255215455e-24
1.171952456488336566e-24
1.155989772182024209e-24
1.140107768815173200e-24
1.124306620272050150e-24
1.108586477073884202e-24
1.092947468333889730e-24
1.077389700654906650e-24
1.061913262024652218e-24
1.046518219361991914e-24
1.031204621665120682e-24
1.015972498906064303e-24
1.000821863815334213e-24
9.857527114471141521e-25
9.707650214964526775e-25
9.558587566630512462e-25
9.410338655122690602e-25
9.262902825716677027e-25
9.116279287555271481e-25
8.970467098568119568e-25
8.825465219506216262e-25
8.681272470850262984e-25
8.537888259210503889e-25
8.395314630266557345e-25
8.253554132558397771e-25
8.112609117568160767e-25
7.972481755650462767e-25
7.833174038586374652e-25
7.694687785210550858e-25
7.557024644230841764e-25
7.420186113446945821e-25
7.284173537295303278e-25
7.148988116246261587e-25
7.014630904866490621e-25
6.881102829452988524e-25
6.748404681738161607e-25
6.616537143772111120e-25
6.485500769425712613e-25
6.355296004731440888e-25
6.225923193445522749e-25
6.097382572960088349e-25
5.969674284037957869e-25
5.842798791534030325e-25
5.716758095587732853e-25
5.591554473047993920e-25
5.467190072538994351e-25
5.343666918092176717e-25
5.220986912102890965e-25
5.099151845159587067e-25
4.978163395616917713e-25
4.858023141796720396e-25
4.738732555625493525e-25
4.620293020075545901e-25
4.502705822813398500e-25
4.385972164545078047e-25
4.270093161339881083e-25
4.155069854687250683e-25
4.040903205831311075e-25
3.927594105600640225e-25
3.815143373952524709e-25
3.703551768948804526e-25
3.592819983882497006e-25
3.482948967729612543e-25
3.373940847686074629e-25
3.265797976939194644e-25
3.158522619565682440e-25
3.052116953015799265e-25
2.946583077612199758e-25
2.841923014647566998e-25
2.738138710042496993e-25
2.635232037932707039e-25
2.533204800767324494e-25
2.432058737311707884e-25
2.331795519425253415e-25
2.232416759473482868e-25
2.133924008672882813e-25
2.036318762429450079e-25
1.939602458860340244e-25
1.843776481507436188e-25
1.748842162734800667e-25
1.654800784715196401e-25
1.561653581335917820e-25
1.469401560160452224e-25
1.378044974233956036e-25
1.287583872585529278e-25
1.198018280483528948e-25
1.109348202117670838e-25
1.021573619357939152e-25
9.346944946408939581e-26
8.487107686613546512e-26
7.636223635244358269e-26
6.794291820404129884e-26
5.961311074886924646e-26
5.137280049590842140e-26
4.322197214672698084e-26
3.516060848213850398e-26
2.718869055491010806e-26
1.930619756719920839e-26
1.151310691586672632e-26
3.809394186322568434e-27
-3.804966846921886818e-27
-1.133000425691804048e-26
-1.876577996047390142e-26
-2.611248449219243886e-26
-3.337033903283095687e-26
-4.053956318106329792e-26
-4.762037511421685860e-26
-5.461299160584895083e-26
-6.151762818026836965e-26
-6.833449911846749568e-26
-7.506381767881100496e-26
-8.170579610066489787e-26
-8.826064576926340445e-26
-9.472857717662036492e-26
-1.011098003181580820e-25
-1.074045244355015348e-25
-1.136129584357094734e-25
-1.197353107745319882e-25
-1.257717897312836207e-25
-1.317226034763963601e-25
-1.375879600761398279e-25
-1.433680675998717514e-25
-1.490632138891734164e-25
-1.546740022046703924e-25
-1.602011078809565403e-25
-1.656451982260889752e-25
-1.710069327115771122e-25
-1.762869630990783651e-25
-1.814859339254733066e-25
-1.866044825380911926e-25
-1.916432392663402196e-25
-1.966028276372461683e-25
-2.014838646562985987e-25
-2.062869610311016444e-25
-2.110127213400501057e-25
-2.156617438671296516e-25
-2.202346213661051237e-25
-2.247319409007923431e-25
-2.291542841166592256e-25
-2.335022271671626019e-25
-2.377763412479866603e-25
-2.419771925197192958e-25
-2.461053868736075977e-25
-2.501617004590487815e-25
-2.541469451235672182e-25
-2.580619237660250361e-25
-2.619074303511224863e-25
-2.656842501316369507e-25
-2.693931601113830350e-25
-2.730349287975309499e-25
-2.766103169881334971e-25
-2.801200770042089007e-25
-2.835649539807102585e-25
-2.869456853920508388e-25
-2.902630017360443927e-25
-2.935176258395469313e-25
-2.967102737058205073e-25
-2.998416546457806946e-25
-3.029124707829684586e-25
-3.059234178211294625e-25
-3.088751852766642636e-25
-3.117684558144481541e-25
-3.146039977264243899e-25
-3.173829352427027023e-25
-3.201064692047117040e-25
-3.227757846259858676e-25
-3.253920518053316768e-25
-3.279564256589977400e-25
-3.304700466658314819e-25
-3.329340403496030491e-25
-3.353495182329424395e-25
-3.377175771042264712e-25
-3.400392999737549989e-25
-3.423157560889016133e-25
-3.445480009381164742e-25
-3.467370764272260353e-25
-3.488840112835756242e-25
-3.509898212261359188e-25
-3.530555089710016892e-25
-3.550820645784857547e-25
-3.570704654749833622e-25
-3.590216765631587565e-25
-3.609366966386565398e-25
-3.628166932900597932e-25
-3.646628638767062075e-25
-3.664763888570399632e-25
-3.682584323130341522e-25
-3.700101418440098888e-25
-3.717326490900797195e-25
-3.734270696249287629e-25
-3.750945036814159649e-25
-3.767360356355034714e-25
-3.783527349048180105e-25
-3.799456556802905371e-25
-3.815158373770981816e-25
-3.830643039086341233e-25
-3.845920652312331199e-25
-3.861001166281804696e-25
-3.875894393645803733e-25
-3.890610001863055539e-25
-3.905157521943602606e-25
-3.919546345528354472e-25
-3.933786248739161355e-25
-3.947888941701250816e-25
-3.961866474606371724e-25
-3.975730710199873334e-25
-3.989493325694352695e-25
-4.003165815324935083e-25
-4.016759499834397154e-25
-4.030285516964688650e-25
-4.043754831382945826e-25
-4.057178231597308809e-25
-4.070566342541044133e-25
-4.083929613043170851e-25
-4.097278330869469580e-25
-4.110622614447198795e-25
-4.123972421295453788e-25
-4.137337546441117315e-25
-4.150727630970464829e-25
-4.164152151157065442e-25
-4.177620438458692134e-25
-4.191141666573884579e-25
-4.204724562050629770e-25
-4.218376509814978023e-25
-4.232104480964449101e-25
-4.245915328722463497e-25
-4.259815803600613348e-25
-4.273812536751549298e-25
-4.287912058144157315e-25
-4.302120784078418298e-25
-4.316445028768353802e-25
-4.330890998260880601e-25
-4.345464800579878781e-25
-4.360172438623856706e-25
-4.375019821212432349e-25
-4.390012750207530856e-25
-4.405156942093700345e-25
-4.420458007182625010e-25
-4.435921469096456348e-25
-4.451552753372671014e-25
-4.467357202461048877e-25
-4.483340061540085632e-25
-4.499506744653113459e-25
-4.515863565574856064e-25
-4.532416994232459676e-25
-4.549173379226861173e-25
-4.566138968456548104e-25
-4.583319897180192233e-25
-4.600722201444928541e-25
-4.618351813723736611e-25
-4.636214568531311630e-25
-4.654316192843720219e-25
-4.672662324530581651e-25
-4.691258500278346535e-25
-4.710110166356984777e-25
-4.729222668638756518e-25
-4.748601268877520438e-25
-4.768251134774553860e-25
-4.788177350719156669e-25
-4.808384905145730190e-25
-4.828878712206128677e-25
-4.849663587889149954e-25
-4.870743531353505948e-25
-4.892119482659678876e-25
-4.913791628256069514e-25
-4.935760139341923991e-25
-4.958025192112099736e-25
-4.980586953906124623e-25
-5.003445595339262861e-25
-5.026601276320039992e-25
-5.050054166514818940e-25
-5.073804414503065180e-25
-5.097852179194239666e-25
-5.122197607723111541e-25
-5.146840849638652694e-25
-5.171782049210045199e-25
-5.197021353659768444e-25
-5.222558899855881766e-25
-5.248394831047075596e-25
-5.274529277592730111e-25
-5.300962379882087876e-25
-5.327694265574831805e-25
-5.354724582662095273e-25
-5.382051038206887090e-25
-5.409670896801861998e-25
-5.437581459297365444e-25
-5.465780080349847834e-25
-5.494264149719972570e-25
-5.523031106865472920e-25
-5.552078421934729874e-25
-5.581403613362034443e-25
-5.611004235290100240e-25
-5.640877885647166183e-25
-5.671022196826769027e-25
-5.701434840612374095e-25
-5.732113521695843603e-25
-5.763055989212031002e-25
-5.794260017419078572e-25
-5.825723426854304452e-25
-5.857444058340529117e-25
-5.889419797790583000e-25
-5.921648552924629675e-25
-5.954127908701050733e-25
-5.986853995593788918e-25
-6.019822647071972519e-25
-6.053029751698799149e-25
-6.086471264373658819e-25
-6.120143192621969557e-25
-6.154041610951746137e-25
-6.188162643854372190e-25
-6.222502476827435733e-25
-6.257057342512862649e-25
-6.291823535551647975e-25
-6.326797395043948379e-25
-6.361975316061255773e-25
-6.397353735360904672e-25
-6.432929146592077934e-25
-6.468698085987115548e-25
-6.504657140738617271e-25
-6.540802934316703604e-25
-6.577132142240873293e-25
-6.613641473535225363e-25
-6.650326826227032342e-25
-6.687180711433204294e-25
-6.724194893859292833e-25
-6.761361238880794648e-25
-6.798671731160125933e-25
-6.836118447106349117e-25
-6.873693577944300927e-25
-6.911389405350155871e-25
-6.949198321239691717e-25
-6.987112803187637325e-25
-7.025125430675436375e-25
-7.063228867819010005e-25
-7.101415880372850141e-25
-7.139679309992616600e-25
-7.178012099848496861e-25
-7.216407264358077939e-25
-7.254857907625793613e-25
-7.293357208236766247e-25
-7.331898426496494653e-25
-7.370474888663569092e-25
-7.409079814833539544e-25
-7.447705683711654621e-25
-7.486344878832765427e-25
-7.524989857351598050e-25
-7.563633166265074271e-25
-7.602267425707373287e-25
-7.640885349942331346e-25
-7.679479717939524189e-25
-7.718043398922716572e-25
-7.756569322564758517e-25
-7.795050509373463166e-25
-7.833480031918904588e-25
-7.871851050013050674e-25
-7.910156780183920643e-25
-7.948390518507048346e-25
-7.986545609564525290e-25
-8.024615478499718639e-25
-8.062593599702019054e-25
-8.100473525032734824e-25
-8.138248852141350698e-25
-8.175913035871422878e-25
-8.213458705348176447e-25
-8.250878363579412260e-25
-8.288164568967630421e-25
-8.325309969376994410e-25
-8.362307264529574453e-25
-8.399149240612062833e-25
-8.435828727625079104e-25
-8.472338648420270588e-25
-8.508671971211907316e-25
-8.544821740341745687e-25
-8.580781047045444568e-25
-8.616543065550997635e-25
-8.652101009407997844e-25
-8.687448172753675189e-25
-8.722577891126809873e-25
-8.757483573584173868e-25
-8.792158667949306932e-25
-8.826596698248951722e-25
-8.860791229792358428e-25
-8.894735943830782571e-25
-8.928424691553533319e-25
-8.961851435742814642e-25
-8.995010183555483280e-25
-9.027895000514366574e-25
-9.060499989701514716e-25
-9.092819320986976140e-25
-9.124847190007683206e-25
-9.156577867878026473e-25
-9.188005655002284749e-25
-9.219124921052870209e-25
-9.249930063540053880e-25
-9.280415542922413351e-25
-9.310575856418765546e-25
-9.340405568490298283e-25
-9.369899274053121914e-25
-9.399051634456215341e-25
-9.427857335097351701e-25
-9.456311137588106684e-25
-9.484407826632592913e-25
-9.512142401021539617e-25
-9.539510458557351150e-25
-9.566507801511341039e-25
-9.593130248964256111e-25
-9.619373674297072711e-25
-9.645233983356317708e-25
-9.670707130685437750e-25
-9.695789097926576472e-25
-9.720475915179802754e-25
-9.744763639278037397e-25
-9.768648397210181779e-25
-9.792126320864485693e-25
-9.815193612358199752e-25
-9.837846500234956740e-25
-9.860081267346887829e-25
-9.881894222783262793e-25
-9.903281735849460121e-25
-9.924240207256318632e-25
-9.944766093071832202e-25
-9.964855880485011121e-25
-9.984506703949255962e-25
-1.000371807485901833e-24
-1.002249013242039653e-24
-1.004082299581894298e-24
-1.005871681272647344e-24
-1.007617171749108585e-24
-1.009318787388512535e-24
-1.010976542778229444e-24
-1.012590456647970448e-24
-1.014160546644438393e-24
-1.015686832928449644e-24
-1.017169335250749550e-24
-1.018608076509740313e-24
-1.020003079318727447e-24
-1.021354369535851444e-24
-1.022661972250637628e-24
-1.023925915898557179e-24
-1.025146228774379745e-24
-1.026322943210844823e-24
-1.027456090338922689e-24
-1.028545728190737674e-24
-1.029592006221950559e-24
-1.030595098320317703e-24
-1.031555176978950396e-24
-1.032472416884537447e-24
-1.033346991967985593e-24
-1.034179078491534354e-24
-1.034968850853795056e-24
-1.035716486496004726e-24
-1.036422162246774981e-24
-1.037086056857718746e-24
-1.037708349182954260e-24
-1.038289219503622534e-24
-1.038828847677466579e-24
-1.039327416841115323e-24
-1.039785108628849246e-24
-1.040202107963089928e-24
-1.040578598392453562e-24
-1.040914766775315332e-24
-1.041210799885784196e-24
-1.041466951201564655e-24
-1.041683731078528979e-24
-1.041861713743955363e-24
-1.042001467570757346e-24
-1.042103561081769912e-24
-1.042168556527344825e-24
-1.042197015786910830e-24
-1.042189496325324698e-24
-1.042146555363048926e-24
-1.042068744054692653e-24
-1.041956613357035382e-24
-1.041810709463619791e-24
-1.041631577843727921e-24
-1.041419759296461162e-24
-1.041175793424015475e-24
-1.040900216351809732e-24
-1.040593562545642024e-24
-1.040256362458844044e-24
-1.039889146134313349e-24
-1.039492439094888862e-24
-1.039066794762719897e-24
-1.038612880727047466e-24
-1.038131390194193159e-24
-1.037623010515697158e-24
-1.037088426347131086e-24
-1.036528316615420478e-24
-1.035943356424986013e-24
-1.035334215225416166e-24
-1.034701559917142012e-24
-1.034046051825943812e-24
-1.033368349209968583e-24
-1.032669104244357139e-24
-1.031948967274681496e-24
-1.031208581472493688e-24
-1.030448587663104760e-24
-1.029669620756573797e-24
-1.028872313948102440e-24
-1.028057293436947621e-24
-1.027225183161366620e-24
-1.026376600742685298e-24
-1.025512186663904867e-24
-1.024632677680535593e-24
-1.023738832486688519e-24
-1.022831401851662240e-24
-1.021911131639562892e-24
-1.020978760436959292e-24
-1.020035023193392794e-24
-1.019080645912317488e-24
-1.018116352232084930e-24
-1.017142856387277010e-24
-1.016160869102818850e-24
-1.015171093585372068e-24
-1.014174228419953062e-24
-1.013170964839053182e-24
-1.012161990026318774e-24
-1.011147982846082870e-24
-1.010129618722495470e-24
-1.009107565463044643e-24
-1.008082486324693215e-24
-1.007055036567336131e-24
-1.006025882410835299e-24
-1.004995739929258537e-24
-1.003965334194004033e-24
-1.002935382157237190e-24
-1.001906595422019105e-24
-1.000879677651034325e-24
-9.998553271906920789e-25
-9.988342334983048629e-25
-9.978170819079625985e-25
-9.968045490533923604e-25
-9.957973063740148270e-25
-9.947960173247903385e-25
-9.938013397181577614e-25
-9.928139240612154444e-25
-9.918344159408642762e-25
-9.908634525788143088e-25
-9.899016659078479645e-25
-9.889496812566126703e-25
-9.880081171293220135e-25
-9.870775861273712300e-25
-9.861586732558642834e-25
-9.852518707571794024e-25
-9.843576463580544655e-25
-9.834764608283988681e-25
-9.826087720460618867e-25
-9.817550310853502475e-25
-9.809156856526425268e-25
-9.800911784461726591e-25
-9.792819477801915401e-25
-9.784884260096800680e-25
-9.777110416885843213e-25
-9.769502181608658270e-25
-9.762063750156190167e-25
-9.754799256599988379e-25
-9.747712809666103790e-25
-9.740808451967431164e-25
-9.734090190831395628e-25
-9.727561990605061965e-25
-9.721227764986499665e-25
-9.715091380476510048e-25
-9.709156445318562310e-25
-9.703425616879939195e-25
-9.697901303101204266e-25
-9.692585871092589502e-25
-9.687481676043848054e-25
-9.682591033343557807e-25
-9.677916236258093571e-25
-9.673459544456620199e-25
-9.669223191125700520e-25
-9.665209376311868385e-25
-9.661420280233878112e-25
-9.657858045045917988e-25
-9.654524794063207923e-25
-9.651422613151251462e-25
-9.648553570050656182e-25
-9.645919696296153460e-25
-9.643523005277613669e-25
-9.641365475530627242e-25
-9.639449068413629128e-25
-9.637775699766498570e-25
-9.636347079393444318e-25
-9.635164073448892156e-25
-9.634227349519298094e-25
-9.633537542605817804e-25
-9.633095292027135263e-25
-9.632901204507827085e-25
-9.632955891302411856e-25
-9.633259937290283050e-25
-9.633813921003003019e-25
-9.634618401006331338e-25
-9.635673934199463124e-25
-9.636981048119283769e-25
-9.638540268601374674e-25
-9.640352097894782481e-25
-9.642417036954503528e-25
-9.644735563248029285e-25
-9.647308147836752310e-25
-9.650135244067034688e-25
-9.653217298874742508e-25
-9.656554736694153491e-25
-9.660147355055923947e-25
-9.663992465080434489e-25
-9.668086779917193509e-25
-9.672427032951053024e-25
-9.677009982818908167e-25
-9.681832412805302066e-25
-9.686891130606678621e-25
-9.692182957260152425e-25
-9.697704748056366930e-25
-9.703453365974960459e-25
-9.709425706809852464e-25
-9.715618679030523689e-25
-9.722029217660020033e-25
-9.728654269644101497e-25
-9.735490807503754998e-25
-9.742535815160622476e-25
-9.749786306304559299e-25
-9.757239305417961407e-25
-9.764891860753717014e-25
-9.772741024859992735e-25
-9.780783804915228082e-25
-9.789016871736233588e-25
-9.797436842852864562e-25
-9.806040349651090259e-25
-9.814824048288930132e-25
-9.823784608247096611e-25
-9.832918727552840810e-25
-9.842223117112557900e-25
-9.851694509797008466e-25
-9.861329655711279847e-25
-9.871125320487534872e-25
-9.881078286268592069e-25
-9.891185360479414917e-25
-9.901443360245577906e-25
-9.911849127931718607e-25
-9.922399513634889291e-25
-9.933091386843032753e-25
-9.943921634423597605e-25
-9.954887156362641249e-25
-9.965984858209275654e-25
-9.977211177929754133e-25
-9.988560585106114087e-25
-1.000002709940799330e-24
-1.001160477740647330e-24
-1.002328771627681681e-24
-1.003507004875751631e-24
-1.004694595169183453e-24
-1.005890963079416183e-24
-1.007095533422308752e-24
-1.008307734865204928e-24
-1.009527000162832433e-24
-1.010752764668853982e-24
-1.011984468242054795e-24
-1.013221553158127579e-24
-1.014463465533600813e-24
-1.015709654301820805e-24
-1.016959573201763049e-24
-1.018212677583680515e-24
-1.019468427393766271e-24
-1.020726284685468108e-24
-1.021985727652115087e-24
-1.023246282980149022e-24
-1.024507491723227864e-24
-1.025768897796339687e-24
-1.027030047171446989e-24
-1.028290488455834500e-24
-1.029549772878287393e-24
-1.030807452985692677e-24
-1.032063085075430329e-24
-1.033316226569611139e-24
-1.034566438073842840e-24
-1.035813281711057782e-24
-1.037056322746588325e-24
-1.038295127246955859e-24
-1.039529264398316497e-24
-1.040758305195766875e-24
-1.041981823731446453e-24
-1.043199395213091543e-24
-1.044410597890317166e-24
-1.045615011600722480e-24
-1.046812192336838616e-24
-1.048001593427825901e-24
-1.049182645570257368e-24
-1.050354782082439752e-24
-1.051517440528771829e-24
-1.052670061015234078e-24
-1.053812089019942710e-24
-1.054942970661888498e-24
-1.056062157992332025e-24
-1.057169104763893155e-24
-1.058263268835958506e-24
-1.059344110293817026e-24
-1.060411094445963220e-24
-1.061463688175159360e-24
-1.062501362931032518e-24
-1.063523592849989996e-24
-1.064529856013503570e-24
-1.065519632506629948e-24
-1.066492407538995485e-24
-1.067447668841462450e-24
-1.068384944540609543e-24
-1.069303913258724439e-24
-1.070204294320917960e-24
-1.071085806244208254e-24
-1.071948171140974797e-24
-1.072791111421032400e-24
-1.073614352577977469e-24
-1.074417620316394973e-24
-1.075200644115784297e-24
-1.075963152981490627e-24
-1.076704879762816595e-24
-1.077425557979174675e-24
-1.078124923880424064e-24
-1.078802713648643305e-24
-1.079458667537422967e-24
-1.080092526296355667e-24
-1.080704034771582975e-24
-1.081292937084677440e-24
-1.081858982070758815e-24
-1.082401918495943867e-24
-1.082921508594763047e-24
-1.083417551985371369e-24
-1.083889861360540496e-24
-1.084338249567121665e-24
-1.084762533103133853e-24
-1.085162528659946489e-24
-1.085538057230559479e-24
-1.085888938749883264e-24
-1.086214997505323503e-24
-1.086516056700582553e-24
-1.086791943355068310e-24
-1.087042485852956529e-24
-1.087267515841639916e-24
-1.087466865706965912e-24
-1.087640371158225175e-24
-1.087787869215917212e-24
-1.087909200991228810e-24
-1.088004206915267070e-24
-1.088072732936499071e-24
-1.088114623556890994e-24
-1.088129764176024800e-24
-1.088118182524781457e-24
-1.088079947204097149e-24
-1.088015122715806994e-24
-1.087923777395909484e-24
-1.087805978531240056e-24
-1.087661796146097655e-24
-1.087491298502089613e-24
-1.087294558004556929e-24
-1.087071644596973576e-24
-1.086822632498301381e-24
-1.086547592771305344e-24
-1.086246601479567373e-24
-1.085919731526760561e-24
-1.085567060865396237e-24
-1.085188664921282112e-24
-1.084784623609278847e-24
-1.084355014249223017e-24
-1.083899918773994005e-24
-1.083419416476028028e-24
-1.082913607923692205e-24
-1.082382657620675798e-24
-1.081826750695396039e-24
-1.081246068851670326e-24
-1.080640797726237669e-24
-1.080011119596245935e-24
-1.079357220729679009e-24
-1.078679283326241355e-24
-1.077977494958836809e-24
-1.077252039702163958e-24
-1.076503105171656572e-24
-1.075730876726402631e-24
-1.074935543324446248e-24
-1.074117290413888059e-24
-1.073276307642035046e-24
-1.072412781162544347e-24
-1.071526901390506633e-24
-1.070618855794388758e-24
-1.069688835599921764e-24
-1.068737028961299159e-24
-1.067763672037300567e-24
-1.066769170654909838e-24
-1.065753976074590494e-24
-1.064718534531332058e-24
-1.063663294507672005e-24
-1.062588698324933761e-24
-1.061495191780616687e-24
-1.060383213901606129e-24
-1.059253206558322227e-24
-1.058105605520981432e-24
-1.056940849398982537e-24
-1.055759371327627507e-24
-1.054561606096633119e-24
-1.053347982928412171e-24
-1.052118933452612649e-24
-1.050874884256289301e-24
-1.049616263176649628e-24
-1.048343492340060842e-24
-1.047056997026737643e-24
-1.045757196154103603e-24
-1.044444506547541773e-24
-1.043119320552303600e-24
-1.041782027526513959e-24
-1.040433011750796531e-24
-1.039072660516264699e-24
-1.037701354708495705e-24
-1.036319477757332112e-24
-1.034927407779731541e-24
-1.033525524924867554e-24
-1.032114203365598495e-24
-1.030693819966008515e-24
-1.029264746740711780e-24
-1.027827357350758966e-24
-1.026382018580075373e-24
-1.024929100903692747e-24
-1.023468967714171637e-24
-1.022001986244563981e-24
-1.020528516561375858e-24
-1.019048922069912195e-24
-1.017563558898982932e-24
-1.016072815385580288e-24
-1.014577184197300675e-24
-1.013077188464132390e-24
-1.011573343139859875e-24
-1.010066165495203306e-24
-1.008556163898979116e-24
-1.007043848589035901e-24
-1.005529720820534501e-24
-1.004014284476941945e-24
-1.002498034316996831e-24
-1.000981467885375531e-24
-9.994650735389827573e-25
-9.979493419155865219e-25
-9.964347538539204199e-25
-9.949217937063944552e-25
-9.934109366526486665e-25
-9.919026596466195922e-25
-9.903974310850981964e-25
-9.888957217367587408e-25
-9.873979927553565462e-25
-9.859046873410452883e-25
-9.844161534561665333e-25
-9.829327208577624336e-25
-9.814547115071817475e-25
-9.799824506158926046e-25
-9.785162551337149837e-25
-9.770564463163794245e-25
-9.756033361482405252e-25
-9.741572403179977828e-25
-9.727184664417198308e-25
-9.712873252832324422e-25
-9.698641201093350293e-25
-9.684491568821683270e-25
-9.670427328773546084e-25
-9.656451498339014413e-25
-9.642567007697130509e-25
-9.628776822123289423e-25
-9.615083823917267291e-25
-9.601490927010597939e-25
-9.588000966807961177e-25
-9.574616726063999329e-25
-9.561340590823170036e-25
-9.548174903751100050e-25
-9.535121927623971302e-25
-9.522183962853412032e-25
-9.509363240725745185e-25
-9.496662025635753312e-25
-9.484082496175301040e-25
-9.471626875489151115e-25
-9.459297296436876360e-25
-9.447095930331037532e-25
-9.435024881346485739e-25
-9.423086285903999856e-25
-9.411282198227760157e-25
-9.399614715576552655e-25
-9.388085853862212078e-25
-9.376697671551275975e-25
-9.365452141676458177e-25
-9.354351279422926682e-25
-9.343397015998768163e-25
-9.332591156679748694e-25
-9.321934795050444792e-25
-9.311428900409485885e-25
-9.301074372657806513e-25
-9.290872160308309492e-25
-9.280823138037332207e-25
-9.270928223774202589e-25
-9.261188262315306509e-25
-9.251604141386456380e-25
-9.242176686881591163e-25
-9.232906767183401897e-25
-9.223795184837921810e-25
-9.214842779210844707e-25
-9.206050329367252328e-25
-9.197418651673479677e-25
-9.188948497296382499e-25
-9.180640654876178705e-25
-9.172495853363385903e-25
-9.164514858525232521e-25
-9.156698371211066581e-25
-9.149046912118936526e-25
-9.141560042745024997e-25
-9.134237153131126537e-25
-9.127077576150669753e-25
-9.120080700071698010e-25
-9.113245853582264726e-25
-9.106572412323420089e-25
-9.100059697129416501e-25
-9.093707082695747514e-25
-9.087513889992986138e-25
-9.081479489843801831e-25
-9.075603202625602135e-25
-9.069884398805170080e-25
-9.064322391575223779e-25
-9.058916537514804171e-25
-9.053666146977031745e-25
-9.048570575740318240e-25
-9.043629129832993491e-25
-9.038841159863051824e-25
-9.034205966350304099e-25
-9.029722576901694458e-25
-9.025388704719093919e-25
-9.021201801712133532e-25
-9.017159283262447796e-25
-9.013258624438438287e-25
-9.009497263750160237e-25
-9.005872698780730558e-25
-9.002382389259330353e-25
-8.999023853494399265e-25
-8.995794573644457946e-25
-8.992692089062266718e-25
-8.989713902696181563e-25
-8.986857575019325108e-25
-8.984120628920889710e-25
-8.981500645297139703e-25
-8.978995167255042940e-25
-8.976601795222012799e-25
-8.974318092591430480e-25
-8.972141678857885273e-25
-8.970070136195177953e-25
-8.968101164868794415e-25
-8.966232668349113302e-25
-8.964462666035580805e-25
-8.962789135902463632e-25
-8.961210111158326022e-25
-8.959723583154510805e-25
-8.958327598031505978e-25
-8.957020159900179023e-25
-8.955799329098736053e-25
-8.954663122924567527e-25
-8.953609614854598486e-25
-8.952636834883885489e-25
-8.951742869867065198e-25
-8.950925762400477084e-25
-8.950183612130975901e-25
-8.949514473565801503e-25
-8.948916460523658535e-25
-8.948387639496361345e-25
-8.947926137061555159e-25
-8.947530031245140811e-25
-8.947197107411169577e-25
-8.946923689789741321e-25
-8.946705823068089829e-25
-8.946539516117763342e-25
-8.946420853967485051e-25
-8.946345884213976850e-25
-8.946310732001087858e-25
-8.946311485430035543e-25
-8.946344310132729718e-25
-8.946405332752992538e-25
-8.946490758024618510e-25
-8.946596750231302570e-25
-8.946719553247458293e-25
-8.946855370319822898e-25
-8.947000483644414363e-25
-8.947151134240227224e-25
-8.947303643011553546e-25
-8.947454289043693261e-25
-8.947599429862401478e-25
-8.947735382332450047e-25
-8.947858731967338716e-25
-8.947966777684306964e-25
-8.948057081832349667e-25
-8.948127157126267013e-25
-8.948174589798577286e-25
-8.948196912459594394e-25
-8.948191732220094841e-25
-8.948156606137326712e-25
-8.948089168746239513e-25
-8.947986997431387184e-25
-8.947847746261597626e-25
-8.947669019225681289e-25
-8.947448493169121957e-25
-8.947183798263480029e-25
-8.946872633872525189e-25
-8.946512645232025897e-25
-8.946101561047738364e-25
-8.945637056035912848e-25
-8.945116876591263939e-25
-8.944538725933805440e-25
-8.943900333135445358e-25
-8.943199210045188210e-25
-8.942432902272886463e-25
-8.941598906944775436e-25
-8.940694796617547239e-25
-8.939718096002239660e-25
-8.938666404059983809e-25
-8.937537275732641195e-25
-8.936328339261950281e-25
-8.935037179912716484e-25
-8.933661451557744840e-25
-8.932198762509062389e-25
-8.930646799000875891e-25
-8.929003206397628189e-25
-8.927265703186196373e-25
-8.925431964080112371e-25
-8.923499728205077990e-25
-8.921466703184479482e-25
-8.919330660077454107e-25
-8.917089339397620872e-25
-8.914740679257009800e-25
-8.912283120845584537e-25
-8.909715301959152520e-25
-8.907035813497695687e-25
-8.904243315515313737e-25
-8.901336427792591763e-25
-8.898313833099007197e-25
-8.895174171370747996e-25
-8.891916149572636917e-25
-8.888538427470885909e-25
-8.885039730480669509e-25
-8.881418748304679604e-25
-8.877674224674035755e-25
-8.873804874087107482e-25
-8.869809469087508626e-25
-8.865686743969741728e-25
-8.861435489954835673e-25
-8.857054470908311745e-25
-8.852542511824646613e-25
-8.847898401627143209e-25
-8.843121172358725240e-25
-8.838210573323084526e-25
-8.833166599942421785e-25
-8.827989201361497570e-25
-8.822678383524946605e-25
-8.817234111479326820e-25
-8.811656401675920426e-25
-8.805945235462322857e-25
-8.800100639326444230e-25
-8.794122606125413327e-25
-8.788011172759838203e-25
-8.781766347955597097e-25
-8.775388185072375271e-25
-8.768876703440233257e-25
-8.762231967264003935e-25
-8.755454006867859970e-25
-8.748542906903517262e-25
-8.741498713591995923e-25
-8.734321517351537142e-25
-8.727011385538323543e-25
-8.719568493994885674e-25
-8.711993268519089395e-25
-8.704286251871460094e-25
-8.696447940161657823e-25
-8.688478881964840366e-25
-8.680379594185001212e-25
-8.672150630590667085e-25
-8.663792513810678143e-25
-8.655305812736400625e-25
-8.646691051021742497e-25
-8.637948802313082402e-25
-8.629079610746220852e-25
-8.620084059756160803e-25
-8.610962704375645602e-25
-8.601716131947746926e-25
-8.592344903270703020e-25
-8.582849624523297454e-25
-8.573230861928911835e-25
-8.563489226083830157e-25
-8.553625297453819092e-25
-8.543639955307071649e-25
-8.533535113396286849e-25
-8.523312969978183500e-25
-8.512975689409385966e-25
-8.502525464385132547e-25
-8.491964444621779747e-25
-8.481294802918385421e-25
-8.470518678625137508e-25
-8.459638239196571043e-25
-8.448655613852873236e-25
-8.437572964063900446e-25
-8.426392404080721970e-25
-8.415116084191214153e-25
-8.403746108543988866e-25
-8.392284611452400548e-25
-8.380733686374887690e-25
-8.369095461563588517e-25
-8.357372019206365969e-25
-8.345565471342471823e-25
-8.333677889092498889e-25
-8.321711391513800623e-25
-8.309668155565074086e-25
-8.297550404675333087e-25
-8.285360330452606713e-25
-8.273100133488239220e-25
-8.260771987104199779e-25
-8.248378082552196666e-25
-8.235920575123953339e-25
-8.223401646573684223e-25
-8.210823438420366173e-25
-8.198188108861877124e-25
-8.185497785126450130e-25
-8.172754610758787789e-25
-8.159960694258117680e-25
-8.147118164505641995e-25
-8.134229110780619260e-25
-8.121295646662148343e-25
-8.108319847468306669e-25
-8.095303811127704482e-25
-8.082249589386328336e-25
-8.069159380290912419e-25
-8.056035824634429840e-25
-8.042881698925705421e-25
-8.029699742146886719e-25
-8.016492701772041256e-25
-8.003263293569285889e-25
-7.990014235860620174e-25
-7.976748216046081615e-25
-7.963467928406305940e-25
-7.950176027772375199e-25
-7.936875174812711083e-25
-7.923568006572931015e-25
-7.910257153897712168e-25
-7.896945223399881783e-25
-7.883634819974834958e-25
-7.870328522389059072e-25
-7.857028906442888144e-25
-7.843738520180480420e-25
-7.830459910373461821e-25
-7.817195597134803000e-25
-7.803948007712925904e-25
-7.790719178737069019e-25
-7.777511056314944096e-25
-7.764325561322448377e-25
-7.751164616855536103e-25
-7.738030123834736091e-25
-7.724923976567289106e-25
-7.711848052097919333e-25
-7.698804219247248098e-25
-7.685794332026695632e-25
-7.672820240071523329e-25
-7.659883774530667919e-25
-7.646986754279699307e-25
-7.634130990758779719e-25
-7.621318281664353060e-25
-7.608550415261071254e-25
-7.595829165765820780e-25
-7.583156292165532598e-25
-7.570533545056483788e-25
-7.557962660981089945e-25
-7.545445387874039859e-25
-7.532983571496010344e-25
-7.520579068005030435e-25
-7.508233722530304134e-25
-7.495949366799817605e-25
-7.483727817365792701e-25
-7.471570878580756725e-25
-7.459480347116416380e-25
-7.447457997852327476e-25
-7.435505598883649869e-25
-7.423624902229338492e-25
-7.411817650067444773e-25
-7.400085569815406452e-25
-7.388430375242988187e-25
-7.376853766161848187e-25
-7.365357432051585634e-25
-7.353943045641506637e-25
-7.342612271848999697e-25
-7.331366757907662523e-25
-7.320208143985601276e-25
-7.309137858440284815e-25
-7.298156554472367345e-25
-7.287264681632527753e-25
-7.276462687201704924e-25
-7.265751008267895722e-25
-7.255130079581187517e-25
-7.244600324597192861e-25
-7.234162164150232515e-25
-7.223816009851930907e-25
-7.213562269542079863e-25
-7.203401341430197927e-25
-7.193333620672333086e-25
-7.183359491914603641e-25
-7.173479337413312982e-25
-7.163693528776633407e-25
-7.154002435201272088e-25
-7.144406415302107577e-25
-7.134905826185370612e-25
-7.125501013118190374e-25
-7.116192320475622563e-25
-7.106980082917423702e-25
-7.097864640016030487e-25
-7.088846321433385924e-25
-7.079925456447950946e-25
-7.071102361888621326e-25
-7.062377355017261386e-25
-7.053750740092686934e-25
-7.045222821487931423e-25
-7.036793891442933773e-25
-7.028464241541803487e-25
-7.020234152658857868e-25
-7.012103903959593494e-25
-7.004073764312680603e-25
-6.996144000561875520e-25
-6.988314870712541319e-25
-6.980586629361080822e-25
-6.972959522923073308e-25
-6.965433794105084604e-25
-6.958009678701759064e-25
-6.950687408166411732e-25
-6.943466978427765677e-25
-6.936347467180362599e-25
-6.929327723597260836e-25
-6.922406597570328930e-25
-6.915582940931318852e-25
-6.908855605615549137e-25
-6.902223446334898221e-25
-6.895685317072636404e-25
-6.889240075354319178e-25
-6.882886576421702013e-25
-6.876623680487117326e-25
-6.870450245520587879e-25
-6.864365133687089140e-25
-6.858367204895152522e-25
-6.852455324597769151e-25
-6.846628354470879460e-25
-6.840885162591213784e-25
-6.835224612534749480e-25
-6.829645575350785876e-25
-6.824146916784541993e-25
-6.818727492877636598e-25
-6.813386083523380225e-25
-6.808121459372901420e-25
-6.802932385918684628e-25
-6.797817637189696513e-25
-6.792775982701791543e-25
-6.787806200255191339e-25
-6.782907063343465295e-25
-6.778077353337672792e-25
-6.773315847238936225e-25
-6.768621330622863578e-25
-6.763992584192138244e-25
-6.759428398180523545e-25
-6.754927556475812268e-25
-6.750488853775813143e-25
-6.746111078205321303e-25
-6.741793028293931047e-25
-6.737533497196127123e-25
-6.733331287431655120e-25
-6.729185196597846808e-25
-6.725093922380844770e-25
-6.721055723572868067e-25
-6.717068761418770201e-25
-6.713131195806452571e-25
-6.709241198798464830e-25
-6.705396940697704953e-25
-6.701596604038187901e-25
-6.697838369566002646e-25
-6.694120430735867580e-25
-6.690440978799957129e-25
-6.686798218632229456e-25
-6.683190352170755584e-25
-6.679615595732165274e-25
-6.676072161995507243e-25
-6.672558278292434332e-25
-6.669072167657369476e-25
-6.665612068398745540e-25
-6.662176215170702118e-25
-6.658762858179195700e-25
-6.655370243830542387e-25
-6.651996634672069674e-25
-6.648640295110754571e-25
-6.645299505929797311e-25
-6.641972545206931755e-25
-6.638657704772229768e-25
-6.635353275216944610e-25
-6.632057560977058646e-25
-6.628768863975234358e-25
-6.625485501697851167e-25
-6.622205788300260765e-25
-6.618928053555310646e-25
-6.615650624516371513e-25
-6.612371844014522403e-25
-6.609090051605469692e-25
-6.605803603431901771e-25
-6.602510852416214540e-25
-6.599210168178669014e-25
-6.595899917018435993e-25
-6.592578481980134118e-25
-6.589244243407210803e-25
-6.585895605560331315e-25
-6.582530997790692024e-25
-6.579148873897077347e-25
-6.575747683148186468e-25
-6.572325894220527951e-25
-6.568881970498181226e-25
-6.565414395445305832e-25
-6.561921645714341541e-25
-6.558402219885711986e-25
-6.554854609530742676e-25
-6.551277328687749384e-25
-6.547668883619733153e-25
-6.544027804242673683e-25
-6.540352611775890821e-25
-6.536641852413664219e-25
-6.532894061800903256e-25
-6.529107802973542286e-25
-6.525281627119304030e-25
-6.521414113743165122e-25
-6.517503830137971283e-25
-6.513549420172150297e-25
-6.509549703818346659e-25
-6.505503578935382314e-25
-6.501409926760706634e-25
-6.497267660157865018e-25
-6.493075674683759333e-25
-6.488832899197207115e-25
-6.484538243952233447e-25
-6.480190652802858736e-25
-6.475789051303857732e-25
-6.471332398593429711e-25
-6.466819635807292865e-25
-6.462249737965199630e-25
-6.457621661277360916e-25
-6.452934397364043135e-25
-6.448186918126512314e-25
-6.443378231900507597e-25
-6.438507325806882302e-25
-6.433573225376679589e-25
-6.428574933036927166e-25
-6.423511601670557094e-25
-6.418382796620667479e-25
-6.413188233713618574e-25
-6.407927598724594586e-25
-6.402600619840344072e-25
-6.397206993737703398e-25
-6.391746460694291526e-25
-6.386218728229176661e-25
-6.380623549199162300e-25
-6.374960642338044279e-25
-6.369229772526211386e-25
-6.363430669900226696e-25
-6.357563112347578374e-25
-6.351626840570248024e-25
-6.345621645212870845e-25
-6.339547278650051529e-25
-6.333403543884461667e-25
-6.327190204575144073e-25
-6.320907076458879519e-25
-6.314553934819370979e-25
-6.308130633840711729e-25
-6.301637095220263203e-25
-6.295073319429779752e-25
-6.288439265082036585e-25
-6.281734943874287987e-25
-6.274960324680712717e-25
-6.268115429839138086e-25
-6.261200237892311538e-25
-6.254214781849672894e-25
-6.247159050592019050e-25
-6.240033087151668122e-25
-6.232836889970683263e-25
-6.225570513494769685e-25
-6.218233965026754000e-25
-6.210827309091192529e-25
-6.203350562163596445e-25
-6.195803799096738697e-25
-6.188187044961540760e-25
-6.180500385128462613e-25
-6.172743852999315826e-25
-6.164917687320376169e-25
-6.157022652978807917e-25
-6.149059716378824434e-25
-6.141029788462516046e-25
-6.132933837293487309e-25
-6.124772775367889020e-25
-6.116547572059393984e-25
-6.108259140895164400e-25
-6.099908452446118660e-25
-6.091496420472294497e-25
-6.083024016237250145e-25
-6.074492153415991015e-25
-6.065901804653438242e-25
-6.057253882824924959e-25
-6.048549360709498962e-25
-6.039789150172662923e-25
-6.030974224641932523e-25
-6.022105494977548789e-25
-6.013183933325489684e-25
-6.004210449405373659e-25
-5.995186047409509345e-25
-5.986111797918489622e-25
-5.976988866118906879e-25
-5.967818351355932186e-25
-5.958601415161902317e-25
-5.949339153199855144e-25
-5.940032722734874480e-25
-5.930683215144491098e-25
-5.921291783951744888e-25
-5.911859514875415796e-25
-5.902387557659810594e-25
-5.892876992413981106e-25
-5.883328964286406597e-25
-5.873744547188157583e-25
-5.864124881179041445e-25
-5.854471033554246290e-25
-5.844784139245294379e-25
-5.835065258286955000e-25
-5.825315519918947073e-25
-5.815535977176789284e-25
-5.805727793497818123e-25
-5.795892216081931030e-25
-5.786030602284670858e-25
-5.776144230234105182e-25
-5.766234448275491433e-25
-5.756302523737228345e-25
-5.746349795759936466e-25
-5.736377521263053379e-25
-5.726387029714415697e-25
-5.716379566480880684e-25
-5.706356451343066313e-25
-5.696318918025869715e-25
-5.686268276223455606e-25
-5.676205748416874289e-25
-5.666132632732764852e-25
-5.656050139257414350e-25
-5.645959555658096810e-25
-5.635862079638664955e-25
-5.625758987035507778e-25
-5.615651463566529649e-25
-5.605540791941563800e-25
-5.595428240060994416e-25
-5.585315172823620882e-25
-5.575202863088420711e-25
-5.565092661904579460e-25
-5.554985828581081466e-25
-5.544883700665514576e-25
-5.534787523013200405e-25
-5.524698619393814452e-25
-5.514618220008088723e-25
-5.504547635071818147e-25
-5.494488080035351516e-25
-5.484440850334870226e-25
-5.474407147081186154e-25
-5.464388251392595833e-25
-5.454385349238128717e-25
-5.444399706928097986e-25
-5.434432495433725767e-25
-5.424484965991513943e-25
-5.414558275047766755e-25
-5.404653617876628675e-25
-5.394771930411212787e-25
-5.384914188726475805e-25
-5.375081275111262956e-25
-5.365274151670439974e-25
-5.355493687872845494e-25
-5.345740831592765639e-25
-5.336016439300223228e-25
-5.326321445098312558e-25
-5.316656692022997322e-25
-5.307023100771522715e-25
-5.297421500830325778e-25
-5.287852799257558811e-25
-5.278317811770256903e-25
-5.268817431732889687e-25
-5.259352461669789664e-25
-5.249923780633593566e-25
-5.240532178031755283e-25
-5.231178519012812635e-25
-5.221863579996558955e-25
-5.212588201956329022e-25
-5.203353098083155940e-25
-5.194159045382110764e-25
-5.185006734818666344e-25
-5.175896929499049650e-25
-5.166830308246651062e-25
-5.157807620813288264e-25
-5.148829533736683451e-25
-5.139896782658998166e-25
-5.131010022401411190e-25
-5.122169974753594868e-25
-5.113377282919969344e-25
-5.104632654897942563e-25
-5.095936722697147278e-25
-5.087290181146451686e-25
-5.078693650241663524e-25
-5.070147811989539526e-25
-5.061653274437320713e-25
-5.053210706495277282e-25
-5.044820705071641911e-25
-5.036483817803418607e-25
-5.028200088138483862e-25
-5.019969511139286613e-25
-5.011792014813716758e-25
-5.003667586491240076e-25
-4.995596147166141053e-25
-4.987577676878413574e-25
-4.979612090091691324e-25
-4.971699359826428365e-25
-4.963839393609834276e-25
-4.956032157188267244e-25
-4.948277551917630995e-25
-4.940575536605306581e-25
-4.932926006253859231e-25
-4.925328912745513190e-25
-4.917784145014846437e-25
-4.910291648196712585e-25
-4.902851305791542697e-25
-4.895463056174675424e-25
-4.888126777192278086e-25
-4.880842389833543811e-25
-4.873609715958305180e-25
-4.866428619676086203e-25
-4.859298907619826656e-25
-4.852220438491123582e-25
-4.845193013886659985e-25
-4.838216487532804498e-25
-4.831290656702641494e-25
-4.824415369377341273e-25
-4.817590419147180020e-25
-4.810815648861618364e-25
-4.804090848039869538e-25
-4.797415854978903833e-25
-4.790790455147178195e-25
-4.784214482618225589e-25
-4.777687718863269316e-25
-4.771209994027061042e-25
-4.764781086368204436e-25
-4.758400822138835600e-25
-4.752068975986002420e-25
-4.745785282333085567e-25
-4.739549070107282681e-25
-4.733359629189208209e-25
-4.727216200681650664e-25
-4.721118074874039386e-25
-4.715064494111714599e-25
-4.709054749237685424e-25
-4.703088083642952164e-25
-4.697163789459044829e-25
-4.691281110976399654e-25
-4.685439341649033812e-25
-4.679637727145800356e-25
-4.673875562750214540e-25
-4.668152095634024661e-25
-4.662466622700493618e-25
-4.656818393272833852e-25
-4.651206706158024121e-25
-4.645630812976031198e-25
-4.640090014989471843e-25
-4.634583566361356186e-25
-4.629110737369433457e-25
-4.623670621057748648e-25
-4.618262326310961488e-25
-4.612884917910394971e-25
-4.607537508809338136e-25
-4.602219168383996500e-25
-4.596929014275360678e-25
-4.591666120373990915e-25
-4.586429609285741684e-25
-4.581218560509534839e-25
-4.576032101101907278e-25
-4.570869316715603064e-25
-4.565729339206189170e-25
-4.560611260790258995e-25
-4.555514218237298544e-25
-4.550437310370360384e-25
-4.545379679404666159e-25
-4.540340430961963174e-25
-4.535318713341841016e-25
-4.530313639093892741e-25
-4.525324344774123562e-25
-4.520349860845145535e-25
-4.515389241475194075e-25
-4.510441507623572363e-25
-4.505505720710662089e-25
-4.500580910080351826e-25
-4.495666145318375285e-25
-4.490760463986324804e-25
-4.485862944563227521e-25
-4.480972632924692933e-25
-4.476088616268022437e-25
-4.471209949213536471e-25
-4.466335728405904633e-25
-4.461465017090732671e-25
-4.456596921913441633e-25
-4.451730515031283100e-25
-4.446864913475836519e-25
-4.441999198028258490e-25
-4.437132496434644674e-25
-4.432263898792496333e-25
-4.427392539705218790e-25
-4.422517499126843065e-25
-4.417637902353162456e-25
-4.412752835671432674e-25
-4.407861435663567561e-25
-4.402962798976334239e-25
-4.398056073706203298e-25
-4.393140367194616097e-25
-4.388214839366121770e-25
-4.383278608075264276e-25
-4.378330845565903035e-25
-4.373370680852679455e-25
-4.368397298145033115e-25
-4.363409837908109668e-25
-4.358407496550527127e-25
-4.353389426112786670e-25
-4.348354835218776160e-25
-4.343302888112024954e-25
-4.338232805747672569e-25
-4.333143764542558575e-25
-4.328035031585830305e-25
-4.322905963072275209e-25
-4.317756005701150867e-25
-4.312584560417953751e-25
-4.307391085404478827e-25
-4.302174992746801300e-25
-4.296935752006228787e-25
-4.291672786950978332e-25
-4.286385578707533110e-25
-4.281073562396990523e-25
-4.275736231056232709e-25
-4.270373031315691134e-25
-4.264983467848710800e-25
-4.259566998920696461e-25
-4.254123140828881862e-25
-4.248651363630426610e-25
-4.243151195380990358e-25
-4.237622118069642302e-25
-4.232063671452378383e-25
-4.226475349196006122e-25
-4.220856717942554984e-25
-4.215207358961404715e-25
-4.209526925962155547e-25
-4.203815026464833910e-25
-4.198071325117678944e-25
-4.192295440460286932e-25
-4.186487048256918933e-25
-4.180645778129553812e-25
-4.174771316588742086e-25
-4.168863304222555744e-25
-4.162921438333429250e-25
-4.156945370274454820e-25
-4.150934807921033406e-25
-4.144889413168808717e-25
-4.138808904699261581e-25
-4.132692954787330778e-25
-4.126541292496212991e-25
-4.120353600823389636e-25
-4.114129619029178392e-25
-4.107869039980289463e-25
-4.101571674635493315e-25
-4.095237532699863245e-25
-4.088866739859186543e-25
-4.082459374701866747e-25
-4.076015569332439481e-25
-4.069535409391161800e-25
-4.063019033472854297e-25
-4.056466533799586384e-25
-4.049878055681228703e-25
-4.043253697498024045e-25
-4.036593610602970428e-25
-4.029897899315071111e-25
-4.023166720643334566e-25
-4.016400184845669622e-25
-4.009598454580149229e-25
-4.002761645347795688e-25
-3.995889925204020739e-25
-3.988983414723715141e-25
-3.982042286924816363e-25
-3.975066667163562312e-25
-3.968056766887527381e-25
-3.961012883433695015e-25
-3.953935399743930683e-25
-3.946824649601212631e-25
-3.939681018412322930e-25
-3.932504841850970143e-25
-3.925296507819954874e-25
-3.918056353298055789e-25
-3.910784768036499329e-25
-3.903482090344502899e-25
-3.896148711427777559e-25
-3.888784970435128372e-25
-3.881391260225466960e-25
-3.873967920434787986e-25
-3.866515344594229722e-25
-3.859033873046735562e-25
-3.851523899424081248e-25
-3.843985763690329518e-25
-3.836419859736595880e-25
-3.828826527364915873e-25
-3.821206188540698012e-25
-3.813559325962047510e-25
-3.805886502953885474e-25
-3.798188228960718904e-25
-3.790465064576492472e-25
-3.782717516700239853e-25
-3.774946142867549977e-25
-3.767151447115243028e-25
-3.759333983318653626e-25
-3.751494252568177610e-25
-3.743632804946021727e-25
-3.735750137936852535e-25
-3.727846797337279680e-25
-3.719923277408341310e-25
-3.711980118923955316e-25
-3.704017812311786445e-25
-3.696036893699256222e-25
-3.688037849000468122e-25
-3.680021209101952159e-25
-3.671987455383300563e-25
-3.663937153409614433e-25
-3.655870979074393868e-25
-3.647789690096030183e-25
-3.639693996012232541e-25
-3.631584646145635996e-25
-3.623462342549962431e-25
-3.615327825836619637e-25
-3.607181790929785905e-25
-3.599024969885770375e-25
-3.590858050285327005e-25
-3.582681755579195790e-25
-3.574496765285113257e-25
-3.566303793555939185e-25
-3.558103511880807560e-25
-3.549896625335937461e-25
-3.541683796905977060e-25
-3.533465722661884793e-25
-3.525243057052954812e-25
-3.517016486864334356e-25
-3.508786657700286916e-25
-3.500554247474776617e-25
-3.492319896542576880e-25
-3.484084276826145186e-25
-3.475848021035627646e-25
-3.467611790759339427e-25
-3.459376209905822691e-25
-3.451141929634387440e-25
-3.442909565236837655e-25
-3.434679757491417680e-25
-3.426453112714733663e-25
-3.418230261613720365e-25
-3.410011801241642588e-25
-3.401798352116173837e-25
-3.393590501919876363e-25
-3.385388861245582522e-25
-3.377194008168913925e-25
-3.369006543772970159e-25
-3.360827036263736300e-25
-3.352656076652376494e-25
-3.344494223718283101e-25
-3.336342057514379534e-25
-3.328200123378590197e-25
-3.320068987712746843e-25
-3.311949185521482877e-25
-3.303841273374566173e-25
-3.295745776872134419e-25
-3.287663242724632078e-25
-3.279594187182480993e-25
-3.271539147270823136e-25
-3.263498629235097579e-25
-3.255473161306481678e-25
-3.247463239742996189e-25
-3.239469384620099073e-25
-3.231492082030278285e-25
-3.223531843397395150e-25
-3.215589144880575515e-25
-3.207664489058213368e-25
-3.199758343253752291e-25
-3.191871200839908890e-25
-3.184003519979304123e-25
-3.176155764557667170e-25
-3.168328277562719227e-25
-3.160521409361177842e-25
-3.152735473721305524e-25
-3.144970813812201790e-25
-3.137227735609044709e-25
-3.129506575048257565e-25
-3.121807630666083344e-25
-3.114131231533744702e-25
-3.106477668850915357e-25
-3.098847264750741279e-25
-3.091240303295429027e-25
-3.083657099661031969e-25
-3.076097931182967740e-25
-3.068563106535569845e-25
-3.061052896340063612e-25
-3.053567602710366481e-25
-3.046107490137242223e-25
-3.038672853893196719e-25
-3.031263952334668206e-25
-3.023881056668935740e-25
-3.016524329734560246e-25
-3.009193947965519041e-25
-3.001890051394726534e-25
-2.994612811550188910e-25
-2.987362363281649512e-25
-2.980138873834165501e-25
-2.972942473462845656e-25
-2.965773324886333487e-25
-2.958631553980457447e-25
-2.951517319241856813e-25
-2.944430742516857698e-25
-2.937371978089568437e-25
-2.930341143860358766e-25
-2.923338390612770405e-25
-2.916363832124861797e-25
-2.909417615705910651e-25
-2.902499851661071941e-25
-2.895610683555784070e-25
-2.888750218392349874e-25
-2.881918560596186074e-25
-2.875115632172137253e-25
-2.868341353868206220e-25
-2.861595610486116489e-25
-2.854878321584264618e-25
-2.848189371268086573e-25
-2.841528678425476932e-25
-2.834896126201792161e-25
-2.828291632936358064e-25
-2.821715081133127664e-25
-2.815166388768755994e-25
-2.808645438254968903e-25
-2.802152147195686397e-25
-2.795686397884963669e-25
-2.789248107730068786e-25
-2.782837159146800962e-25
-2.776453470216876871e-25
-2.770096922892230044e-25
-2.763767435862116719e-25
-2.757464891380897111e-25
-2.751189183144288411e-25
-2.744940067585904854e-25
-2.738717312753976333e-25
-2.732520651803222054e-25
-2.726349854972146198e-25
-2.720204657559293702e-25
-2.714084832509453828e-25
-2.707990116840138229e-25
-2.701920286312952158e-25
-2.695875080460025702e-25
-2.689854277407803446e-25
-2.683857619708603928e-25
-2.677884888295962802e-25
-2.671935828055529181e-25
-2.666010223297081655e-25
-2.660107821845308728e-25
-2.654228411059568017e-25
-2.648371741727416434e-25
-2.642537604481153834e-25
-2.636725753391671929e-25
-2.630935971065256418e-25
-2.625167958604028989e-25
-2.619421445361904902e-25
-2.613696125443872050e-25
-2.607991732387371772e-25
-2.602307964304704547e-25
-2.596644559045043821e-25
-2.591001218921689693e-25
-2.585377686323240050e-25
-2.579773667753984539e-25
-2.574188910010419613e-25
-2.568623124151583032e-25
-2.563076061413779432e-25
-2.557547437529972366e-25
-2.552037008263758983e-25
-2.546544494029233123e-25
-2.541069655164657790e-25
-2.535612216932006494e-25
-2.530171944326272294e-25
-2.524748567509953987e-25
-2.519341827066192074e-25
-2.513951313404998895e-25
-2.508576627665571425e-25
-2.503217337759127268e-25
-2.497873051122774128e-25
-2.492543342393651142e-25
-2.487227825239137145e-25
-2.481926080983137368e-25
-2.476637729702280432e-25
-2.471362359390203098e-25
-2.466099596477035951e-25
-2.460849035711494143e-25
-2.455610309912805662e-25
-2.450383020523276509e-25
-2.445166806818538774e-25
-2.439961276919619303e-25
-2.434766076595541948e-25
-2.429580820607524821e-25
-2.424405161137697273e-25
-2.419238719728357646e-25
-2.414081158912543552e-25
-2.408932126522947798e-25
-2.403791311072555325e-25
-2.398658370838063595e-25
-2.393533000385457243e-25
-2.388414864370873257e-25
-2.383303663501676608e-25
-2.378199068775358253e-25
-2.373100786968832529e-25
-2.368008495336856568e-25
-2.362921906634146280e-25
-2.357840704358613527e-25
-2.352764607236531900e-25
-2.347693304880768392e-25
-2.342626521928280657e-25
-2.337563954039759072e-25
-2.332505331620406661e-25
-2.327450356429448749e-25
-2.322398764470574895e-25
-2.317350263521306862e-25
-2.312304601958498204e-25
-2.307261527501125588e-25
-2.302220827728699273e-25
-2.297182262625357702e-25
-2.292145624747651922e-25
-2.287110679418177003e-25
-2.282077223963640983e-25
-2.277045028861712929e-25
-2.272013896160940925e-25
-2.266983601439575605e-25
-2.261953951318909249e-25
-2.256924726350767866e-25
-2.251895737580950289e-25
-2.246866770419579555e-25
-2.241837640234488711e-25
-2.236808137067593377e-25
-2.231778080544423157e-25
-2.226747265293820026e-25
-2.221715514953678506e-25
-2.216682628549507194e-25
-2.211648439770862907e-25
-2.206612782189387981e-25
-2.201575523463476675e-25
-2.196536507060524040e-25
-2.191495603836201009e-25
-2.186452660845113745e-25
-2.181407552146907881e-25
-2.176360128225670468e-25
-2.171310266089833035e-25
-2.166257819556186361e-25
-2.161202668436265546e-25
-2.156144669718480588e-25
-2.151083705876229922e-25
-2.146019636906107259e-25
-2.140952347830853849e-25
-2.135881701425441189e-25
-2.130807585112384538e-25
-2.125729864362175522e-25
-2.120648428846212643e-25
-2.115563146579200405e-25
-2.110473926851133493e-25
-2.105380727653591614e-25
-2.100283547345878528e-25
-2.095182362716392125e-25
-2.090077172814983535e-25
-2.084967955440804975e-25
-2.079854710227465876e-25
-2.074737415802823146e-25
-2.069616072283372868e-25
-2.064490659014399799e-25
-2.059361176394011503e-25
-2.054227604378805133e-25
-2.049089943557222828e-25
-2.043948174293409764e-25
-2.038802297236086835e-25
-2.033652293138497719e-25
-2.028498162537369921e-25
-2.023339886400139640e-25
-2.018177465109981989e-25
-2.013010879663012929e-25
-2.007840152593872428e-25
-2.002665376623331080e-25
-1.997486685030276426e-25
-1.992304191388366580e-25
-1.987118027152627863e-25
-1.981928304206032185e-25
-1.976735152046561368e-25
-1.971538680815057170e-25
-1.966339018001797469e-25
-1.961136271823117987e-25
-1.955930567666382208e-25
-1.950722011841682228e-25
-1.945510727570221865e-25
-1.940296819117492754e-25
-1.935080407478072722e-25
-1.929861594816793801e-25
-1.924640499856636675e-25
-1.919417222596538195e-25
-1.914191879402920063e-25
-1.908964568102857860e-25
-1.903735408834198367e-25
-1.898504528087146751e-25
-1.893272074255329488e-25
-1.888038177416967103e-25
-1.882802983087576776e-25
-1.877566618654728714e-25
-1.872329226731914768e-25
-1.867090932001704842e-25
-1.861851874236416579e-25
-1.856612175445857969e-25
-1.851371972428974792e-25
-1.846131384485423449e-25
-1.840890545526147905e-25
-1.835649572104820829e-25
-1.830408595194173082e-25
-1.825167728716575015e-25
-1.819927100700739003e-25
-1.814686822413043336e-25
-1.809447018921413430e-25
-1.804207798868124012e-25
-1.798969307957194027e-25
-1.793731769482292469e-25
-1.788495442838872669e-25
-1.783260570813491010e-25
-1.778027408520766311e-25
-1.772796194678463094e-25
-1.767567180157794601e-25
-1.762340599624424824e-25
-1.757116699783870328e-25
-1.751895711312903110e-25
-1.746677876792066822e-25
-1.741463422964252763e-25
-1.736252588367608312e-25
-1.731045595879999114e-25
-1.725842680056304099e-25
-1.720644059964909729e-25
-1.715449966225108851e-25
-1.710260614144854636e-25
-1.705076230569590395e-25
-1.699897027087664694e-25
-1.694723222213868600e-25
-1.689555001288281157e-25
-1.684392556448306874e-25
-1.679236065239155071e-25
-1.674085716482342530e-25
-1.668941684622658725e-25
-1.663804155244835903e-25
-1.658673299730714871e-25
-1.653549300479784636e-25
-1.648432325926311879e-25
-1.643322555353402227e-25
-1.638220154310819478e-25
-1.633125299069866994e-25
-1.628038152331132511e-25
-1.622958887469659494e-25
-1.617887664426393025e-25
-1.612824653756002874e-25
-1.607770012700100065e-25
-1.602723909054810297e-25
-1.597686497500149549e-25
-1.592657953922987005e-25
-1.587638484255465395e-25
-1.582628315221884613e-25
-1.577627660423652095e-25
-1.572636743397385571e-25
-1.567655774741550961e-25
-1.562684974891518485e-25
-1.557724551448839021e-25
-1.552774721803158099e-25
-1.547835690728975311e-25
-1.542907672675721758e-25
-1.537990869597612874e-25
-1.533085493076777206e-25
-1.528191742304128577e-25
-1.523309826073274518e-25
-1.518439940940299363e-25
-1.513582292982677580e-25
-1.508737076136340928e-25
-1.503904493850026525e-25
-1.499084737503240964e-25
-1.494278001542418050e-25
-1.489484443071359544e-25
-1.484704222380876906e-25
-1.479937488158447927e-25
-1.475184398593762073e-25
-1.470445100384125506e-25
-1.465719749737743700e-25
-1.461008491464055473e-25
-1.456311479682980609e-25
-1.451628857276702797e-25
-1.446960776458863294e-25
-1.442307378253388274e-25
-1.437668812969528147e-25
-1.433045219800229239e-25
-1.428436747164410670e-25
-1.423843532480101274e-25
-1.419265722292444063e-25
-1.414703452246400865e-25
-1.410156867091208430e-25
-1.405626100691506803e-25
-1.401111283918099089e-25
-1.396612488588660522e-25
-1.392129783735045285e-25
-1.387663228078586486e-25
-1.383212889587014241e-25
-1.378778825974487307e-25
-1.374361104149088256e-25
-1.369959780882744571e-25
-1.365574922078290494e-25
-1.361206583608236633e-25
-1.356854830338704221e-25
-1.352519717159634772e-25
-1.348201307870530969e-25
-1.343899656375959656e-25
-1.339614825432688625e-25
-1.335346867957509701e-25
-1.331095845632473612e-25
-1.326861810393008429e-25
-1.322644822866043907e-25
-1.318444933944836405e-25
-1.314262198867482462e-25
-1.310096646058308606e-25
-1.305948308275097619e-25
-1.301817208847034565e-25
-1.297703379714405136e-25
-1.293606843397196486e-25
-1.289527630959389213e-25
-1.285465764113052741e-25
-1.281421273062359672e-25
-1.277394178696396094e-25
-1.273384510315660467e-25
-1.269392287969200311e-25
-1.265417540041983754e-25
-1.261460285720087506e-25
-1.257520552461636839e-25
-1.253598358583804158e-25
-1.249693730609037535e-25
-1.245806685996499058e-25
-1.241937250331619258e-25
-1.238085440227852419e-25
-1.234251280385302286e-25
-1.230434786569767052e-25
-1.226635982608083054e-25
-1.222854883397009644e-25
-1.219091511827888021e-25
-1.215345881959975694e-25
-1.211618015775847905e-25
-1.207907926609436687e-25
-1.204215635686702309e-25
-1.200541155433868333e-25
-1.196884506187045803e-25
-1.193245699627361085e-25
-1.189624755756949369e-25
-1.186021686649394637e-25
-1.182436512454565777e-25
-1.178869243735454336e-25
-1.175319896050970122e-25
-1.171788474373406025e-25
-1.168274994218019000e-25
