0.000000000000000000e+00
0.000000000000000000e+00
1.085173178029649609e-11
2.161515662779716479e-12
7.515178056780002226e-13
3.355474355068680799e-13
1.739968654513881219e-13
9.946346186509248655e-14
6.093343937287904222e-14
3.950258385154724254e-14
2.674760876810833305e-14
1.870221093549448530e-14
1.348727187388688177e-14
9.995936583489443681e-15
7.578605074981720909e-15
5.854335271426157622e-15
4.593242983802144615e-15
3.651513784041709281e-15
2.935934993486743361e-15
2.384133729440678753e-15
1.953203686316662881e-15
1.612924884311948118e-15
1.341904687828230741e-15
1.125123012969455935e-15
9.507029421836268499e-16
8.092939888260256354e-16
6.936937911919733097e-16
5.983978182970437785e-16
5.192003765948025890e-16
4.528753998315528692e-16
3.969324150511121045e-16
3.494339085246607253e-16
3.088598675162938015e-16
2.740075220834010687e-16
2.439169845150124846e-16
2.178158376091101546e-16
1.950775840181084281e-16
1.751902619815769770e-16
1.577325542490843246e-16
1.423554534574453768e-16
1.287680770045395357e-16
1.167266033515455390e-16
1.060270306687672099e-16
9.650067610794421266e-17
8.800209899270014929e-17
8.040477078296573680e-17
7.359884385721938722e-17
6.748903194930695257e-17
6.199267554107351625e-17
5.703801881544108811e-17
5.256269904393126675e-17
4.851243606506112306e-17
4.483990268613303488e-17
4.150375526361275336e-17
3.846780401456800443e-17
3.570030462708028678e-17
3.317335323126102937e-17
3.086236976490191886e-17
2.874565616350871533e-17
2.680401806155747010e-17
2.502044057119085026e-17
2.337981002526204476e-17
2.186868746686694271e-17
2.047512885723559209e-17
1.918845299907452040e-17
1.799908151551710411e-17
1.689841302101417365e-17
1.587871266691414464e-17
1.493301510970705499e-17
1.405503918477337582e-17
1.323911290962731404e-17
1.248010741554387716e-17
1.177337872564721371e-17
1.111471638308993746e-17
1.050029805669538444e-17
9.926649370262775846e-18
9.390608304034808179e-18
8.889293616511754570e-18
8.420076803472852263e-18
7.980557138673704382e-18
7.568539471906202013e-18
7.182014402918987393e-18
6.819138146478873092e-18
6.478211152661765182e-18
6.157673802398276112e-18
5.856095446669452034e-18
5.572162051281793215e-18
5.304665195821219067e-18
5.052492278161404680e-18
4.814617759718502097e-18
4.590095330350799099e-18
4.378050886510325452e-18
4.177676216858541437e-18
3.988223319138435898e-18
3.808999276790980804e-18
3.639361633830923934e-18
3.478714209171799154e-18
3.326503303732019038e-18
3.182214261191758673e-18
3.045368344524026224e-18
2.915519894710521848e-18
2.792253741902000772e-18
2.675182304941901801e-18
2.563942156135002499e-18
2.458194127090849755e-18
2.357621952915344395e-18
2.261930476641418388e-18
2.170844012118198240e-18
2.084104862205044429e-18
2.001471960847197673e-18
1.922719637733317061e-18
1.847636487248572674e-18
1.776024331328240308e-18
1.707697272776747565e-18
1.642480824728390727e-18
1.580211112494508579e-18
1.520734134087268392e-18
1.463905087488386072e-18
1.409587745398626730e-18
1.357653872707174132e-18
1.307982699826995661e-18
1.260460433605985849e-18
1.214979758277708677e-18
1.171439336081066742e-18
1.129743543815880748e-18
1.089802137663316689e-18
1.051529912261769943e-18
1.014846378769233714e-18
9.796754727597996844e-19
9.459452763086274855e-19
9.135877635249679368e-19
8.825385623858867958e-19
8.527367322181617906e-19
8.241245582388481797e-19
7.966473591341757760e-19
7.702533065064965996e-19
7.448932590888436843e-19
7.205206051024226076e-19
6.970911159600657239e-19
6.745628085792193688e-19
6.528958181554045264e-19
6.320522781379575310e-19
6.119962708589342920e-19
5.926938812843710750e-19
5.741128684492095494e-19
5.562225168207731027e-19
5.389935571539695187e-19
5.223980950288428339e-19
5.064095401743153158e-19
4.910025422198329121e-19
4.761529279935206006e-19
4.618376416098717153e-19
4.480346895158744927e-19
4.347230877665862613e-19
4.218828106958603843e-19
4.094947433448758233e-19
3.975406371567568766e-19
3.860030664952522145e-19
3.748653885593344927e-19
3.641117049337295904e-19
3.537268249766474294e-19
3.436962315798073846e-19
3.340060929265481653e-19
3.246433493630248090e-19
3.155955225855707507e-19
3.068506441458626146e-19
2.983972349908152949e-19
2.902242852050009915e-19
2.823212351662487618e-19
2.746779561132252562e-19
2.672847328425857195e-19
2.601322460013495029e-19
2.532115554820298401e-19
2.465140845835730733e-19
2.400316047077004810e-19
2.337562201273888461e-19
2.276803543854551422e-19
2.217967363983262217e-19
2.160983876195157517e-19
2.105786092960571712e-19
2.052309710057563520e-19
2.000492989175558870e-19
1.950276902869664088e-19
1.901605703070412973e-19
1.854425925273082543e-19
1.808686044357520001e-19
1.764336408493387011e-19
1.721329176444732920e-19
1.679618253896682587e-19
1.639159232285233219e-19
1.599909329184935450e-19
1.561827329543205519e-19
1.524873529398438289e-19
1.489009680546453452e-19
1.454198937318429267e-19
1.420405804551277975e-19
1.387596087565483486e-19
1.355736843568426462e-19
1.324796334716754810e-19
1.294743982738222254e-19
1.265550325278323815e-19
1.237186973614337205e-19
1.209626669244200884e-19
1.182843507435070050e-19
1.156812559104185599e-19
1.131509738093728342e-19
1.106911774492279136e-19
1.082996188209834312e-19
1.059741263473765056e-19
1.037126023430332794e-19
1.015130205857295827e-19
9.937342389421568438e-20
9.729192181756132985e-20
9.526668836203056959e-20
9.329595978786813340e-20
9.137803247517627845e-20
8.951126079257856633e-20
8.769405516451778323e-20
8.592488007950252488e-20
8.420225220068356724e-20
8.252473855316796484e-20
8.089095470495749052e-20
7.929956589199388929e-20
7.774929291832605578e-20
7.623890098210138622e-20
7.476719534833799043e-20
7.333302003597898385e-20
7.193525652024688461e-20
7.057282259158511881e-20
6.924467110437047825e-20
6.794978881105837393e-20
6.668719528963636212e-20
6.545594181620399012e-20
6.425511033024991321e-20
6.308381237547321620e-20
6.194118810606741868e-20
6.082640536224323875e-20
5.973865873454276934e-20
5.867716863099060968e-20
5.764118042452337799e-20
5.662996360017832658e-20
5.564281095687388563e-20
5.467903610230258252e-20
5.373796799574713136e-20
5.281895601709088216e-20
5.192137099717608322e-20
5.104460438327397084e-20
5.018806751380685838e-20
4.935119088194036639e-20
4.853342340102504507e-20
4.773423180778419565e-20
4.695309994940677319e-20
4.618952821974810886e-20
4.544303292965142383e-20
4.471314577212871758e-20
4.399941321184310008e-20
4.330139603530474163e-20
4.261866877031763569e-20
4.195081925946338204e-20
4.129744816058419040e-20
4.065816850211074149e-20
4.003260524664182137e-20
3.942039248013600573e-20
3.882116625316161988e-20
3.823457239998292786e-20
3.766026858993606541e-20
3.709792387562245008e-20
3.654721820001449211e-20
3.600784200903680279e-20
3.547949578036236635e-20
3.496188968402228230e-20
3.445474318023531334e-20
3.395778467215363441e-20
3.347075113909253781e-20
3.299338784886100008e-20
3.252544800258280115e-20
3.206669246527794360e-20
3.161688947481513252e-20
3.117581436129577790e-20
3.074324928963927189e-20
3.031898301095320896e-20
2.990281063434399400e-20
2.949453138346203591e-20
2.909394288263503390e-20
2.870084755642968021e-20
2.831505441740111436e-20
2.793637881252138753e-20
2.756464214679030353e-20
2.719967164094053405e-20
2.684130008088900168e-20
2.648936561276979159e-20
2.614371151454832085e-20
2.580418595315267405e-20
2.547064185581813669e-20
2.514293674782197305e-20
2.482093246881000887e-20
2.450449510396728052e-20
2.419349472652010611e-20
2.388780536926743436e-20
2.358730475466484145e-20
2.329187418677734834e-20
2.300139850093469422e-20
2.271576383683097526e-20
2.243485186895083462e-20
2.215854635881503026e-20
2.188673508853126602e-20
2.161930973301180632e-20
2.135616570661144596e-20
2.109720194617897686e-20
2.084232065822099367e-20
2.059142741312392670e-20
2.034443085628796834e-20
2.010124253394520755e-20
1.986177689932280733e-20
1.962595110403253240e-20
1.939368488153728127e-20
1.916490056823928790e-20
1.893952282545563443e-20
1.871747866946865943e-20
1.849869729144251048e-20
1.828311001198002360e-20
1.807065023063756929e-20
1.786125227608574673e-20
1.765484859874992710e-20
1.745137293442357297e-20
1.725076123671190034e-20
1.705295168826129301e-20
1.685788442372037683e-20
1.666550155164938977e-20
1.647574706522481616e-20
1.628856676381303675e-20
1.610390817207131938e-20
1.592172043740015640e-20
1.574195429004814348e-20
1.556456197973870709e-20
1.538949720901935666e-20
1.521671513639606030e-20
1.504617222345166496e-20
1.487782621445258836e-20
1.471163611001075199e-20
1.454756206276158337e-20
1.438556538447034242e-20
1.422560808122170675e-20
1.406765145130333271e-20
1.391165757359060072e-20
1.375758974561203508e-20
1.360541238331204412e-20
1.345509097134344626e-20
1.330659209652749350e-20
1.315988332475179827e-20
1.301493318823769308e-20
1.287171116660426460e-20
1.273018762765985956e-20
1.259033378851877188e-20
1.245212168452132852e-20
1.231552415605412795e-20
1.218051481920156111e-20
1.204706798885379563e-20
1.191515871855763374e-20
1.178476274745993494e-20
1.165585647633653190e-20
1.152841691899712402e-20
1.140242129197121562e-20
1.127784580330530867e-20
1.115466698983006811e-20
1.103286214754111719e-20
1.091240924511777889e-20
1.079328691241999743e-20
1.067547443356179289e-20
1.055895169944640777e-20
1.044369916726374902e-20
1.032969787042380203e-20
1.021692939686587322e-20
1.010537584744085690e-20
9.995019833843150650e-21
9.885844439533446467e-21
9.777833202804221345e-21
9.670970112796852471e-21
9.565239593262245139e-21
9.460626467959859751e-21
9.357115962021389082e-21
9.254693669320797024e-21
9.153345698807217546e-21
9.053058925093212735e-21
8.953820634655036784e-21
8.855618408629589950e-21
8.758440071774709624e-21
8.662273709966382306e-21
8.567107675951920649e-21
8.472930564593348269e-21
8.379731232093269255e-21
8.287498707206389163e-21
8.196222264136292922e-21
8.105891349217413387e-21
8.016495639046082029e-21
7.928025006052954318e-21
7.840469513446522790e-21
7.753819407079425883e-21
7.668065110886654159e-21
7.583197219289163508e-21
7.499206493089972717e-21
7.416083852372251661e-21
7.333820461948377720e-21
7.252407979724114869e-21
7.171838254139551369e-21
7.092103248967197375e-21
7.013195041336782778e-21
6.935105786754869986e-21
6.857827748957087039e-21
6.781353275912701623e-21
6.705674808937137533e-21
6.630784879141835031e-21
6.556676106408532157e-21
6.483341186788522757e-21
6.410772901235041767e-21
6.338964112418940176e-21
6.267907746243632734e-21
6.197596815956281364e-21
6.128024403781850363e-21
6.059183683862326079e-21
5.991067879057168613e-21
5.923670276040336612e-21
5.856984360973647721e-21
5.791004182626737332e-21
5.725723932349503669e-21
5.661137820005438620e-21
5.597240068331448606e-21
5.534024905613728073e-21
5.471486583142751468e-21
5.409619367582049678e-21
5.348417535928482443e-21
5.287875382981397167e-21
5.227987230260254065e-21
5.168747418659498748e-21
5.110150296848316770e-21
5.052190235177523997e-21
4.994861620874432329e-21
4.938158864652320029e-21
4.882076402323350660e-21
4.826608694520857743e-21
4.771750209745336065e-21
4.717495449378461173e-21
4.663839074372633629e-21
4.610776300245990904e-21
4.558302450586469971e-21
4.506412823198073740e-21
4.455102699679333925e-21
4.404367335901802285e-21
4.354201966065256369e-21
4.304601815418660896e-21
4.255562087533840099e-21
4.207077976777293738e-21
4.159144666452587266e-21
4.111757330273174397e-21
4.064911135746903771e-21
4.018601250352033920e-21
3.972822834743778697e-21
3.927571048880233779e-21
3.882841055005515005e-21
3.838628013917200067e-21
3.794927088021750920e-21
3.751733451344466954e-21
3.709042344941666527e-21
3.666849277806365189e-21
3.625149812133040706e-21
3.583939492405746393e-21
3.543213857507188751e-21
3.502968437926743689e-21
3.463198754971160780e-21
3.423900326367200299e-21
3.385068669312811810e-21
3.346699293876328269e-21
3.308787713959532204e-21
3.271329444491053315e-21
3.234320004319574905e-21
3.197754917217634216e-21
3.161629718192786144e-21
3.125939943458043193e-21
3.090681143874229276e-21
3.055848881985182841e-21
3.021438730960523654e-21
2.987446275361692182e-21
2.953867210947656305e-21
2.920697610123550389e-21
2.887933629843809492e-21
2.855571413209299110e-21
2.823607092833028599e-21
2.792036789433052835e-21
2.760856618163624983e-21
2.730062691568635642e-21
2.699651117669697053e-21
2.669618001742719055e-21
2.639959451409030415e-21
2.610671575557881582e-21
2.581750490817969539e-21
2.553192315084479413e-21
2.524993175241669717e-21
2.497149204862068416e-21
2.469656547813357538e-21
2.442511361442765553e-21
2.415709812877036587e-21
2.389248085213507148e-21
2.363122353973395478e-21
2.337328731209135855e-21
2.311863333579810192e-21
2.286722301050237713e-21
2.261901796911483855e-21
2.237398009453733171e-21
2.213207153729652734e-21
2.189325469394905942e-21
2.165749224224890823e-21
2.142474712380243760e-21
2.119498256647155310e-21
2.096816207355768697e-21
2.074424943650247853e-21
2.052320873244443870e-21
2.030500433185756805e-21
2.008960089771492014e-21
1.987696339248622350e-21
1.966705707677691495e-21
1.945984751762787828e-21
1.925530058468517204e-21
1.905338286909654077e-21
1.885406286881418096e-21
1.865730969008223565e-21
1.846309263131900523e-21
1.827138119066011537e-21
1.808214506753093725e-21
1.789535417129719906e-21
1.771097862389178897e-21
1.752898876427670596e-21
1.734935515213719280e-21
1.717204857846568414e-21
1.699704006000803757e-21
1.682430084928905422e-21
1.665380243355762954e-21
1.648551654079430436e-21
1.631941513981601931e-21
1.615547044720287795e-21
1.599365492223457036e-21
1.583394127788864254e-21
1.567630247384914870e-21
1.552071142201191357e-21
1.536714010283030137e-21
1.521556052626218200e-21
1.506594504202374860e-21
1.491826633829366944e-21
1.477249744077411624e-21
1.462861170838364375e-21
1.448658282810058194e-21
1.434638481609462893e-21
1.420799201113608358e-21
1.407137907554162385e-21
1.393652098726937997e-21
1.380339306230672653e-21
1.367197090707373382e-21
1.354223044965742379e-21
1.341414792302065333e-21
1.328769987391022671e-21
1.316286313925418212e-21
1.303961487164200473e-21
1.291793252513966930e-21
1.279779377979260136e-21
1.267917634073461809e-21
1.256205816043170694e-21
1.244641747754103453e-21
1.233223286098893040e-21
1.221948315787225894e-21
1.210814752575193115e-21
1.199820539283776757e-21
1.188963648952350578e-21
1.178242081988332135e-21
1.167653868167936792e-21
1.157197063852905390e-21
1.146869754953946388e-21
1.136670052165920290e-21
1.126596094902977568e-21
1.116646048584142100e-21
1.106818104542371718e-21
1.097110480316147584e-21
1.087521418576682119e-21
1.078049187413181763e-21
1.068692071127127164e-21
1.059448343067741873e-21
1.050316294097457727e-21
1.041294240233242960e-21
1.032380524288137935e-21
1.023573515102297519e-21
1.014871605620096361e-21
1.006273214785936653e-21
9.977767847897795472e-22
9.893807829246231525e-22
9.810836989012662437e-22
9.728840474962136715e-22
9.647803650831690673e-22
9.567712106099046914e-22
9.488551670850678768e-22
9.410308384443174160e-22
9.332968518402659258e-22
9.256518553478497991e-22
9.180945171178260060e-22
9.106235270239612952e-22
9.032375814825016045e-22
8.959353447099802294e-22
8.887154904015269067e-22
8.815767147830157936e-22
8.745177364665140817e-22
8.675372964076713609e-22
8.606341570460296312e-22
8.538071022682246871e-22
8.470549372828454343e-22
8.403764878718790868e-22
8.337706002856656066e-22
8.272361398379193956e-22
8.207719935323322085e-22
8.143770666187375093e-22
8.080502838703064301e-22
8.017905882159489618e-22
7.955969406941868034e-22
7.894683204182959103e-22
7.834037238924902099e-22
7.774021662388355544e-22
7.714626651195981121e-22
7.655841962947674656e-22
7.597657416565768950e-22
7.540063028695029174e-22
7.483049006580506572e-22
7.426605740768238576e-22
7.370723816241896396e-22
7.315393999057581641e-22
7.260607241475510850e-22
7.206354663162776555e-22
7.152627562303516142e-22
7.099417408513957260e-22
7.046715831133738003e-22
6.994514634934005953e-22
6.942805777385322856e-22
6.891581373273548825e-22
6.840833699872971036e-22
6.790555179628743227e-22
6.740738396132169890e-22
6.691376071777782343e-22
6.642461071972500940e-22
6.593986406053819348e-22
6.545945215323556060e-22
6.498330788853981191e-22
6.451136548109855507e-22
6.404356046248720697e-22
6.357982968296485321e-22
6.312011125446012953e-22
6.266434460221106482e-22
6.221247035918457655e-22
6.176443032268430049e-22
6.132016749593356233e-22
6.087962613940915953e-22
6.044275162068556557e-22
6.000949046800695648e-22
5.957979026987131121e-22
5.915359972921188974e-22
5.873086860961963602e-22
5.831154774372385085e-22
5.789558902481403930e-22
5.748294363746204060e-22
5.707355688381782034e-22
5.666737364553037340e-22
5.626434017371390739e-22
5.586440400321414015e-22
5.546751389432353771e-22
5.507361987760463477e-22
5.468267315438985459e-22
5.429462610083277975e-22
5.390943229394521095e-22
5.352704639307483639e-22
5.314742420713915459e-22
5.277052257918147195e-22
5.239629945267776494e-22
5.202471383725982902e-22
5.165572575528101064e-22
5.128929621097395319e-22
5.092538721470523027e-22
5.056396167771511153e-22
5.020498347398926591e-22
4.984841712443585433e-22
4.949422693681593214e-22
4.914237780472725082e-22
4.879283555813870470e-22
4.844556693775546989e-22
4.810053957824289428e-22
4.775772191366977906e-22
4.741708323295512123e-22
4.707859369177983047e-22
4.674222415772358626e-22
4.640794636248432217e-22
4.607573274809984800e-22
4.574555651654506914e-22
4.541739157962448041e-22
4.509121254214650666e-22
4.476699471852117271e-22
4.444471408388684738e-22
4.412434732211782780e-22
4.380587171422527553e-22
4.348926515465632965e-22
4.317450600986995833e-22
4.286157260077192124e-22
4.255044368893131938e-22
4.224109862195063831e-22
4.193351735234810893e-22
4.162768035942186911e-22
4.132356869949790386e-22
4.102116392858398405e-22
4.072044812363024969e-22
4.042140389371856198e-22
4.012401431406020702e-22
3.982826290905239078e-22
3.953413370277843564e-22
3.924161111650436260e-22
3.895068004749944570e-22
3.866132576816209527e-22
3.837353397683339895e-22
3.808729075329928139e-22
3.780258260856103856e-22
3.751939638669610268e-22
3.723771828880992128e-22
3.695753091869098695e-22
3.667881636852510662e-22
3.640155726595882251e-22
3.612573671753499544e-22
3.585133823730239507e-22
3.557834589466438587e-22
3.530674419114066832e-22
3.503651805806684116e-22
3.476765283533955920e-22
3.450013429422180559e-22
3.423394854365663612e-22
3.396908212602554933e-22
3.370552192382292425e-22
3.344325520735375848e-22
3.318226954355934998e-22
3.292255284444560483e-22
3.266409330055260550e-22
3.240687945137944595e-22
3.215090011907026015e-22
3.189614490158965135e-22
3.164260546112776102e-22
3.139027409607994440e-22
3.113914326931460105e-22
3.088920563553490287e-22
3.064045395963069626e-22
3.039288118681432555e-22
3.014648036251791989e-22
2.990124470137583576e-22
2.965716748853765094e-22
2.941424214830297563e-22
2.917246216777071521e-22
2.893182118397391963e-22
2.869231286948966810e-22
2.845393101872792459e-22
2.821666949365679135e-22
2.798052221286362652e-22
2.774548317518349146e-22
2.751154646683909877e-22
2.727870619172451809e-22
2.704695600980695277e-22
2.681628752498610689e-22
2.658669194309390447e-22
2.635816062536784658e-22
2.613068505853017565e-22
2.590425680555437287e-22
2.567886756460886945e-22
2.545450912018154794e-22
2.523117340026194698e-22
2.500885237811842509e-22
2.478753814622242372e-22
2.456722285321823445e-22
2.434789874362083030e-22
2.412955811271661908e-22
2.391219332975253798e-22
2.369579682571529928e-22
2.348036109995623672e-22
2.326587867784264507e-22
2.305234216391768308e-22
2.283974421474175202e-22
2.262807871897768794e-22
2.241734441425078042e-22
2.220754110254116788e-22
2.199866839431725631e-22
2.179072574965575298e-22
2.158371243015641968e-22
2.137762755362522350e-22
2.117247006077594146e-22
2.096823875451236289e-22
2.076493222702124512e-22
2.056254893985118281e-22
2.036108717890344414e-22
2.016054506649859665e-22
1.996092057054247378e-22
1.976221152843718525e-22
1.956441560453710362e-22
1.936753033959080550e-22
1.917155310899850784e-22
1.897648114699213714e-22
1.878231155486872234e-22
1.858904138775043779e-22
1.839666791001944345e-22
1.820518834531781120e-22
1.801459976046383484e-22
1.782489908840951230e-22
1.763608312488500067e-22
1.744814852813711100e-22
1.726109181614061725e-22
1.707490939932497582e-22
1.688959754468185633e-22
1.670515240814175193e-22
1.652157001061618897e-22
1.633884627974201876e-22
1.615697701581468143e-22
1.597595792244613304e-22
1.579578459365733694e-22
1.561645252365225710e-22
1.543795709466812957e-22
1.526029360619381333e-22
1.508345725306010378e-22
1.490744417768714252e-22
1.473225440998584176e-22
1.455788878825405213e-22
1.438434789556396570e-22
1.421163210004893339e-22
1.403974152930975097e-22
1.386867611824411355e-22
1.369843556647019375e-22
1.352901938542609074e-22
1.336042688208111553e-22
1.319265717932712437e-22
1.302570921657132761e-22
1.285958175323984123e-22
1.269427337748431249e-22
1.252978250968554905e-22
1.236610741069000103e-22
1.220324618531224274e-22
1.204119678277942953e-22
1.187995702255437190e-22
1.171952456488547119e-22
1.155989772182219738e-22
1.140107768815348202e-22
1.124306620272209547e-22
1.108586477074029493e-22
1.092947468334015515e-22
1.077389700655014678e-22
1.061913262024736810e-22
1.046518219362061915e-22
1.031204621665171918e-22
1.015972498906101670e-22
1.000821863815347077e-22
9.857527114471121685e-23
9.707650214964323856e-23
9.558587566630144606e-23
9.410338655122180437e-23
9.262902825716072823e-23
9.116279287554489851e-23
8.970467098567261677e-23
8.825465219505232961e-23
8.681272470849251912e-23
8.537888259209397602e-23
8.395314630265460903e-23
8.253554132557239064e-23
8.112609117566995595e-23
7.972481755649316550e-23
7.833174038585223475e-23
7.694687785209373013e-23
7.557024644229736359e-23
7.420186113445863375e-23
7.284173537294248198e-23
7.148988116245279278e-23
7.014630904865510994e-23
6.881102829452016133e-23
6.748404681737280978e-23
6.616537143771275087e-23
6.485500769424885469e-23
6.355296004730667303e-23
6.225923193444797726e-23
6.097382572959381216e-23
5.969674284037300180e-23
5.842798791533335755e-23
5.716758095587078360e-23
5.591554473047344496e-23
5.467190072538323585e-23
5.343666918091496987e-23
5.220986912102179680e-23
5.099151845158870015e-23
4.978163395616180274e-23
4.858023141795933770e-23
4.738732555624699405e-23
4.620293020074724193e-23
4.502705822812524520e-23
4.385972164544181328e-23
4.270093161338964491e-23
4.155069854686302353e-23
4.040903205830314494e-23
3.927594105599621108e-23
3.815143373951482762e-23
3.703551768947734790e-23
3.592819983881405375e-23
3.482948967728496778e-23
3.373940847684937338e-23
3.265797976938041007e-23
3.158522619564496715e-23
3.052116953014613467e-23
2.946583077611006466e-23
2.841923014646363972e-23
2.738138710041284195e-23
2.635232037931493212e-23
2.533204800766113643e-23
2.432058737310486913e-23
2.331795519424028623e-23
2.232416759472267922e-23
2.133924008671674754e-23
2.036318762428250625e-23
1.939602458859159019e-23
1.843776481506260363e-23
1.748842162733650106e-23
1.654800784714055997e-23
1.561653581334804902e-23
1.469401560159348913e-23
1.378044974232878053e-23
1.287583872584473527e-23
1.198018280482504890e-23
1.109348202116679538e-23
1.021573619356980463e-23
9.346944946399769899e-24
8.487107686604803635e-24
7.636223635236020249e-24
6.794291820396272990e-24
5.961311074879532072e-24
5.137280049584023125e-24
4.322197214666445831e-24
3.516060848208238698e-24
2.718869055486037983e-24
1.930619756715655103e-24
1.151310691583135513e-24
3.809394186295025706e-25
-3.804966846941165557e-25
-1.133000425692859232e-24
-1.876577996047540614e-24
-2.611248449218437433e-24
-3.337033903281326293e-24
-4.053956318103564901e-24
-4.762037511417960140e-24
-5.461299160580186493e-24
-6.151762818021218745e-24
-6.833449911840252804e-24
-7.506381767873662923e-24
-8.170579610058319826e-24
-8.826064576917449346e-24
-9.472857717652472973e-24
-1.011098003180573155e-23
-1.074045244353955512e-23
-1.136129584356001910e-23
-1.197353107744204173e-23
-1.257717897311711598e-23
-1.317226034762840104e-23
-1.375879600760289631e-23
-1.433680675997641386e-23
-1.490632138890710336e-23
-1.546740022045745152e-23
-1.602011078808677023e-23
-1.656451982260092069e-23
-1.710069327115073255e-23
-1.762869630990190514e-23
-1.814859339254268406e-23
-1.866044825380559526e-23
-1.916432392663167556e-23
-1.966028276372359360e-23
-2.014838646563017881e-23
-2.062869610311163261e-23
-2.110127213400768133e-23
-2.156617438671689939e-23
-2.202346213661570879e-23
-2.247319409008550612e-23
-2.291542841167334416e-23
-2.335022271672463559e-23
-2.377763412480787548e-23
-2.419771925198195140e-23
-2.461053868737153813e-23
-2.501617004591624885e-23
-2.541469451236859358e-23
-2.580619237661469606e-23
-2.619074303512475681e-23
-2.656842501317621464e-23
-2.693931601115078560e-23
-2.730349287976556276e-23
-2.766103169882568046e-23
-2.801200770043295946e-23
-2.835649539808259326e-23
-2.869456853921615832e-23
-2.902630017361479060e-23
-2.935176258396434468e-23
-2.967102737059105685e-23
-2.998416546458594545e-23
-3.029124707830375630e-23
-3.059234178211862370e-23
-3.088751852767095238e-23
-3.117684558144804287e-23
-3.146039977264426266e-23
-3.173829352427035472e-23
-3.201064692046953150e-23
-3.227757846259553305e-23
-3.253920518052842144e-23
-3.279564256589333027e-23
-3.304700466657518862e-23
-3.329340403495051414e-23
-3.353495182328286443e-23
-3.377175771040961713e-23
-3.400392999736108852e-23
-3.423157560887441154e-23
-3.445480009379430300e-23
-3.467370764270399178e-23
-3.488840112833820331e-23
-3.509898212259326813e-23
-3.530555089707897530e-23
-3.550820645782677115e-23
-3.570704654747616695e-23
-3.590216765629360554e-23
-3.609366966384336037e-23
-3.628166932898385101e-23
-3.646628638764890992e-23
-3.664763888568285597e-23
-3.682584323128307659e-23
-3.700101418438123488e-23
-3.717326490898925551e-23
-3.734270696247514286e-23
-3.750945036812518934e-23
-3.767360356353495973e-23
-3.783527349046759410e-23
-3.799456556801621970e-23
-3.815158373769818884e-23
-3.830643039085329169e-23
-3.845920652311438742e-23
-3.861001166281051774e-23
-3.875894393645179288e-23
-3.890610001862539074e-23
-3.905157521943213573e-23
-3.919546345528060103e-23
-3.933786248738971494e-23
-3.947888941701130714e-23
-3.961866474606355524e-23
-3.975730710199921052e-23
-3.989493325694468536e-23
-4.003165815325097466e-23
-4.016759499834621104e-23
-4.030285516964975636e-23
-4.043754831383251987e-23
-4.057178231597665315e-23
-4.070566342541407764e-23
-4.083929613043563172e-23
-4.097278330869852332e-23
-4.110622614447613561e-23
-4.123972421295865725e-23
-4.137337546441529436e-23
-4.150727630970859281e-23
-4.164152151157447625e-23
-4.177620438459057418e-23
-4.191141666574225105e-23
-4.204724562050921624e-23
-4.218376509815243905e-23
-4.232104480964683906e-23
-4.245915328722654001e-23
-4.259815803600763665e-23
-4.273812536751661264e-23
-4.287912058144205033e-23
-4.302120784078425902e-23
-4.316445028768326325e-23
-4.330890998260799382e-23
-4.345464800579758880e-23
-4.360172438623678472e-23
-4.375019821212242212e-23
-4.390012750207331059e-23
-4.405156942093452278e-23
-4.420458007182333965e-23
-4.435921469096174964e-23
-4.451552753372361491e-23
-4.467357202460746151e-23
-4.483340061539790436e-23
-4.499506744652856247e-23
-4.515863565574623831e-23
-4.532416994232247279e-23
-4.549173379226698624e-23
-4.566138968456387171e-23
-4.583319897180067851e-23
-4.600722201444838799e-23
-4.618351813723676110e-23
-4.636214568531287569e-23
-4.654316192843707325e-23
-4.672662324530578051e-23
-4.691258500278374123e-23
-4.710110166356995357e-23
-4.729222668638767905e-23
-4.748601268877519336e-23
-4.768251134774521130e-23
-4.788177350719091062e-23
-4.808384905145618958e-23
-4.828878712205918594e-23
-4.849663587888881280e-23
-4.870743531353113186e-23
-4.892119482659205445e-23
-4.913791628255457375e-23
-4.935760139341197132e-23
-4.958025192111212421e-23
-4.980586953905114506e-23
-5.003445595338113705e-23
-5.026601276318776225e-23
-5.050054166513403975e-23
-5.073804414501578253e-23
-5.097852179192599851e-23
-5.122197607721408654e-23
-5.146840849636846877e-23
-5.171782049208199599e-23
-5.197021353657919905e-23
-5.222558899853974306e-23
-5.248394831045218866e-23
-5.274529277590918454e-23
-5.300962379880373381e-23
-5.327694265573209954e-23
-5.354724582660635934e-23
-5.382051038205588904e-23
-5.409670896800755160e-23
-5.437581459296512843e-23
-5.465780080349249985e-23
-5.494264149719624367e-23
-5.523031106865414880e-23
-5.552078421934907521e-23
-5.581403613362502400e-23
-5.611004235290866589e-23
-5.640877885648174279e-23
-5.671022196828045835e-23
-5.701434840613909915e-23
-5.732113521697573306e-23
-5.763055989213966123e-23
-5.794260017421168050e-23
-5.825723426856545422e-23
-5.857444058342880069e-23
-5.889419797793031628e-23
-5.921648552927124294e-23
-5.954127908703520042e-23
-5.986853995596213412e-23
-6.019822647074299998e-23
-6.053029751700993172e-23
-6.086471264375715860e-23
-6.120143192623858540e-23
-6.154041610953424412e-23
-6.188162643855872929e-23
-6.222502476828690353e-23
-6.257057342513871040e-23
-6.291823535552410320e-23
-6.326797395044435915e-23
-6.361975316061452999e-23
-6.397353735360857579e-23
-6.432929146591785823e-23
-6.468698085986578347e-23
-6.504657140737790237e-23
-6.540802934315661235e-23
-6.577132142239605889e-23
-6.613641473533791003e-23
-6.650326826225392564e-23
-6.687180711431369531e-23
-6.724194893857331080e-23
-6.761361238878732757e-23
-6.798671731157895212e-23
-6.836118447104072332e-23
-6.873693577941927199e-23
-6.911389405347728365e-23
-6.949198321237250289e-23
-6.987112803185177897e-23
-7.025125430672914095e-23
-7.063228867816505247e-23
-7.101415880370378554e-23
-7.139679309990149494e-23
-7.178012099846077143e-23
-7.216407264355744436e-23
-7.254857907623574905e-23
-7.293357208234606019e-23
-7.331898426494431771e-23
-7.370474888661637497e-23
-7.409079814831758339e-23
-7.447705683709973297e-23
-7.486344878831276994e-23
-7.524989857350191938e-23
-7.563633166263887132e-23
-7.602267425706327427e-23
-7.640885349941458872e-23
-7.679479717938768970e-23
-7.718043398922193257e-23
-7.756569322564315796e-23
-7.795050509373186154e-23
-7.833480031918816903e-23
-7.871851050013112902e-23
-7.910156780184059168e-23
-7.948390518507365289e-23
-7.986545609564952178e-23
-8.024615478500226930e-23
-8.062593599702610034e-23
-8.100473525033387003e-23
-8.138248852142037848e-23
-8.175913035872133354e-23
-8.213458705348875940e-23
-8.250878363580107344e-23
-8.288164568968318673e-23
-8.325309969377674507e-23
-8.362307264530176673e-23
-8.399149240612630523e-23
-8.435828727625532184e-23
-8.472338648420771422e-23
-8.508671971212285237e-23
-8.544821740342004663e-23
-8.580781047045626476e-23
-8.616543065551118417e-23
-8.652101009408061394e-23
-8.687448172753653736e-23
-8.722577891126750069e-23
-8.757483573584030311e-23
-8.792158667949115253e-23
-8.826596698248739693e-23
-8.860791229792109003e-23
-8.894735943830499718e-23
-8.928424691553281028e-23
-8.961851435742506589e-23
-8.995010183555215855e-23
-9.027895000514164316e-23
-9.060499989701341918e-23
-9.092819320986818770e-23
-9.124847190007584611e-23
-9.156577867877974164e-23
-9.188005655002279459e-23
-9.219124921052937726e-23
-9.249930063540128377e-23
-9.280415542922593790e-23
-9.310575856418993445e-23
-9.340405568490621250e-23
-9.369899274053510489e-23
-9.399051634456622503e-23
-9.427857335097798021e-23
-9.456311137588637052e-23
-9.484407826633182718e-23
-9.512142401022137577e-23
-9.539510458558026766e-23
-9.566507801512051919e-23
-9.593130248964949799e-23
-9.619373674297770661e-23
-9.645233983357030718e-23
-9.670707130686150908e-23
-9.695789097927263401e-23
-9.720475915180527005e-23
-9.744763639278754595e-23
-9.768648397210857394e-23
-9.792126320865129497e-23
-9.815193612358800503e-23
-9.837846500235549556e-23
-9.860081267347416728e-23
-9.881894222783720501e-23
-9.903281735849832827e-23
-9.924240207256595461e-23
-9.944766093072071783e-23
-9.964855880485121985e-23
-9.984506703949277635e-23
-1.000371807485897182e-22
-1.002249013242017524e-22
-1.004082299581862993e-22
-1.005871681272605585e-22
-1.007617171749051463e-22
-1.009318787388444063e-22
-1.010976542778149298e-22
-1.012590456647877019e-22
-1.014160546644334383e-22
-1.015686832928333432e-22
-1.017169335250621113e-22
-1.018608076509607563e-22
-1.020003079318583236e-22
-1.021354369535699761e-22
-1.022661972250479811e-22
-1.023925915898393748e-22
-1.025146228774205030e-22
-1.026322943210673002e-22
-1.027456090338750045e-22
-1.028545728190564178e-22
-1.029592006221781706e-22
-1.030595098320139733e-22
-1.031555176978783556e-22
-1.032472416884370431e-22
-1.033346991967833470e-22
-1.034179078491391671e-22
-1.034968850853659389e-22
-1.035716486495882923e-22
-1.036422162246666189e-22
-1.037086056857624060e-22
-1.037708349182871696e-22
-1.038289219503555590e-22
-1.038828847677421513e-22
-1.039327416841081932e-22
-1.039785108628837910e-22
-1.040202107963094123e-22
-1.040578598392479217e-22
-1.040914766775357128e-22
-1.041210799885845174e-22
-1.041466951201651708e-22
-1.041683731078635868e-22
-1.041861713744082273e-22
-1.042001467570901307e-22
-1.042103561081938250e-22
-1.042168556527530465e-22
-1.042197015787122632e-22
-1.042189496325546081e-22
-1.042146555363285186e-22
-1.042068744054944804e-22
-1.041956613357305966e-22
-1.041810709463897421e-22
-1.041631577844011744e-22
-1.041419759296752530e-22
-1.041175793424303053e-22
-1.040900216352096700e-22
-1.040593562545926119e-22
-1.040256362459113453e-22
-1.039889146134566866e-22
-1.039492439095131925e-22
-1.039066794762939619e-22
-1.038612880727243590e-22
-1.038131390194359212e-22
-1.037623010515836425e-22
-1.037088426347231341e-22
-1.036528316615488928e-22
-1.035943356425018854e-22
-1.035334215225419641e-22
-1.034701559917106299e-22
-1.034046051825875390e-22
-1.033368349209857381e-22
-1.032669104244218937e-22
-1.031948967274503739e-22
-1.031208581472293259e-22
-1.030448587662879307e-22
-1.029669620756321653e-22
-1.028872313947831878e-22
-1.028057293436665995e-22
-1.027225183161066002e-22
-1.026376600742382608e-22
-1.025512186663602964e-22
-1.024632677680246752e-22
-1.023738832486410926e-22
-1.022831401851391090e-22
-1.021911131639321365e-22
-1.020978760436730563e-22
-1.020035023193191483e-22
-1.019080645912143904e-22
-1.018116352231933438e-22
-1.017142856387158366e-22
-1.016160869102730086e-22
-1.015171093585315946e-22
-1.014174228419927304e-22
-1.013170964839057715e-22
-1.012161990026347390e-22
-1.011147982846136465e-22
-1.010129618722570246e-22
-1.009107565463143598e-22
-1.008082486324807863e-22
-1.007055036567465391e-22
-1.006025882410975448e-22
-1.004995739929414995e-22
-1.003965334194157295e-22
-1.002935382157394281e-22
-1.001906595422173829e-22
-1.000879677651181042e-22
-9.998553271908362460e-23
-9.988342334984471565e-23
-9.978170819080875609e-23
-9.968045490535081980e-23
-9.957973063741233031e-23
-9.947960173248796687e-23
-9.938013397182400019e-23
-9.928139240612844166e-23
-9.918344159409214199e-23
-9.908634525788617988e-23
-9.899016659078820465e-23
-9.889496812566357908e-23
-9.880081171293355904e-23
-9.870775861273834111e-23
-9.861586732558664140e-23
-9.852518707571808056e-23
-9.843576463580478974e-23
-9.834764608283886780e-23
-9.826087720460557374e-23
-9.817550310853391391e-23
-9.809156856526372444e-23
-9.800911784461641367e-23
-9.792819477801863753e-23
-9.784884260096817724e-23
-9.777110416885871058e-23
-9.769502181608718661e-23
-9.762063750156202951e-23
-9.754799256600059497e-23
-9.747712809666182769e-23
-9.740808451967498167e-23
-9.734090190831434199e-23
-9.727561990605096495e-23
-9.721227764986468441e-23
-9.715091380476508946e-23
-9.709156445318448214e-23
-9.703425616879780723e-23
-9.697901303100953739e-23
-9.692585871092189540e-23
-9.687481676043413635e-23
-9.682591033342985194e-23
-9.677916236257461228e-23
-9.673459544455895287e-23
-9.669223191124900229e-23
-9.665209376310959728e-23
-9.661420280232960565e-23
-9.657858045044902067e-23
-9.654524794062162982e-23
-9.651422613150243843e-23
-9.648553570049601396e-23
-9.645919696295121964e-23
-9.643523005276726979e-23
-9.641365475529768984e-23
-9.639449068412937350e-23
-9.637775699765888121e-23
-9.636347079393046560e-23
-9.635164073448686445e-23
-9.634227349519349081e-23
-9.633537542606135335e-23
-9.633095292027733295e-23
-9.632901204508743677e-23
-9.632955891303633415e-23
-9.633259937291794883e-23
-9.633813921004782864e-23
-9.634618401008357082e-23
-9.635673934201785974e-23
-9.636981048121853840e-23
-9.638540268604237738e-23
-9.640352097897831566e-23
-9.642417036957669649e-23
-9.644735563251367689e-23
-9.647308147840178288e-23
-9.650135244070506069e-23
-9.653217298878232477e-23
-9.656554736697586376e-23
-9.660147355059266098e-23
-9.663992465083660633e-23
-9.668086779920242521e-23
-9.672427032953873109e-23
-9.677009982821437463e-23
-9.681832412807559162e-23
-9.686891130608612750e-23
-9.692182957261760428e-23
-9.697704748057611337e-23
-9.703453365975858317e-23
-9.709425706810481059e-23
-9.715618679030807791e-23
-9.722029217659898810e-23
-9.728654269643685519e-23
-9.735490807503050142e-23
-9.742535815159644318e-23
-9.749786306303356254e-23
-9.757239305416561687e-23
-9.764891860752159851e-23
-9.772741024858279305e-23
-9.780783804913525232e-23
-9.789016871734451980e-23
-9.797436842851133720e-23
-9.806040349649384616e-23
-9.814824048287293917e-23
-9.823784608245590068e-23
-9.832918727551511546e-23
-9.842223117111319737e-23
-9.851694509795935754e-23
-9.861329655710437311e-23
-9.871125320486883574e-23
-9.881078286268132230e-23
-9.891185360479182022e-23
-9.901443360245464985e-23
-9.911849127931859079e-23
-9.922399513635233858e-23
-9.933091386843546517e-23
-9.943921634424193727e-23
-9.954887156363353599e-23
-9.965984858210133692e-23
-9.977211177930650888e-23
-9.988560585107074172e-23
-1.000002709940897263e-22
-1.001160477740743016e-22
-1.002328771627774450e-22
-1.003507004875839146e-22
-1.004694595169266994e-22
-1.005890963079491466e-22
-1.007095533422377541e-22
-1.008307734865258648e-22
-1.009527000162882833e-22
-1.010752764668885316e-22
-1.011984468242075932e-22
-1.013221553158131678e-22
-1.014463465533603627e-22
-1.015709654301805318e-22
-1.016959573201736035e-22
-1.018212677583638587e-22
-1.019468427393718054e-22
-1.020726284685403603e-22
-1.021985727652041288e-22
-1.023246282980067855e-22
-1.024507491723141377e-22
-1.025768897796246448e-22
-1.027030047171349356e-22
-1.028290488455733782e-22
-1.029549772878177337e-22
-1.030807452985584825e-22
-1.032063085075316328e-22
-1.033316226569493472e-22
-1.034566438073734253e-22
-1.035813281710945515e-22
-1.037056322746475154e-22
-1.038295127246840175e-22
-1.039529264398204392e-22
-1.040758305195656026e-22
-1.041981823731330528e-22
-1.043199395212984948e-22
-1.044410597890210475e-22
-1.045615011600622872e-22
-1.046812192336742093e-22
-1.048001593427729202e-22
-1.049182645570166473e-22
-1.050354782082348166e-22
-1.051517440528688648e-22
-1.052670061015155900e-22
-1.053812089019867324e-22
-1.054942970661817961e-22
-1.056062157992259343e-22
-1.057169104763829193e-22
-1.058263268835899922e-22
-1.059344110293758046e-22
-1.060411094445903071e-22
-1.061463688175103796e-22
-1.062501362930978878e-22
-1.063523592849939619e-22
-1.064529856013445934e-22
-1.065519632506574927e-22
-1.066492407538937004e-22
-1.067447668841406093e-22
-1.068384944540549042e-22
-1.069303913258664297e-22
-1.070204294320846534e-22
-1.071085806244134212e-22
-1.071948171140894966e-22
-1.072791111420948455e-22
-1.073614352577890468e-22
-1.074417620316290288e-22
-1.075200644115670369e-22
-1.075963152981366267e-22
-1.076704879762681627e-22
-1.077425557979028282e-22
-1.078124923880263161e-22
-1.078802713648471712e-22
-1.079458667537241802e-22
-1.080092526296158786e-22
-1.080704034771365163e-22
-1.081292937084448461e-22
-1.081858982070512027e-22
-1.082401918495683553e-22
-1.082921508594480649e-22
-1.083417551985072727e-22
-1.083889861360221459e-22
-1.084338249566782660e-22
-1.084762533102779882e-22
-1.085162528659578464e-22
-1.085538057230173865e-22
-1.085888938749478159e-22
-1.086214997504907525e-22
-1.086516056700157222e-22
-1.086791943354632422e-22
-1.087042485852516387e-22
-1.087267515841185154e-22
-1.087466865706506859e-22
-1.087640371157775915e-22
-1.087787869215468401e-22
-1.087909200990782379e-22
-1.088004206914838594e-22
-1.088072732936089345e-22
-1.088114623556500223e-22
-1.088129764175656892e-22
-1.088118182524436406e-22
-1.088079947203788178e-22
-1.088015122715531091e-22
-1.087923777395675061e-22
-1.087805978531043697e-22
-1.087661796145941975e-22
-1.087491298501980895e-22
-1.087294558004486840e-22
-1.087071644596942264e-22
-1.086822632498311108e-22
-1.086547592771356390e-22
-1.086246601479656938e-22
-1.085919731526888323e-22
-1.085567060865560865e-22
-1.085188664921468950e-22
-1.084784623609504454e-22
-1.084355014249461752e-22
-1.083899918774257947e-22
-1.083419416476311286e-22
-1.082913607923996878e-22
-1.082382657620974043e-22
-1.081826750695693865e-22
-1.081246068851968740e-22
-1.080640797726525753e-22
-1.080011119596533365e-22
-1.079357220729960070e-22
-1.078679283326505489e-22
-1.077977494959084016e-22
-1.077252039702389168e-22
-1.076503105171863782e-22
-1.075730876726593288e-22
-1.074935543324618451e-22
-1.074117290414030073e-22
-1.073276307642156239e-22
-1.072412781162648614e-22
-1.071526901390583554e-22
-1.070618855794451118e-22
-1.069688835599956324e-22
-1.068737028961321383e-22
-1.067763672037308699e-22
-1.066769170654900757e-22
-1.065753976074567939e-22
-1.064718534531292840e-22
-1.063663294507627938e-22
-1.062588698324874810e-22
-1.061495191780556296e-22
-1.060383213901538913e-22
-1.059253206558251154e-22
-1.058105605520907802e-22
-1.056940849398904903e-22
-1.055759371327543863e-22
-1.054561606096552811e-22
-1.053347982928325023e-22
-1.052118933452531378e-22
-1.050874884256207795e-22
-1.049616263176565345e-22
-1.048343492339983539e-22
-1.047056997026659025e-22
-1.045757196154027725e-22
-1.044444506547466291e-22
-1.043119320552226017e-22
-1.041782027526440733e-22
-1.040433011750729572e-22
-1.039072660516193603e-22
-1.037701354708434433e-22
-1.036319477757271773e-22
-1.034927407779679136e-22
-1.033525524924810447e-22
-1.032114203365554980e-22
-1.030693819965965845e-22
-1.029264746740672262e-22
-1.027827357350721762e-22
-1.026382018580046316e-22
-1.024929100903662133e-22
-1.023468967714151081e-22
-1.022001986244553328e-22
-1.020528516561369378e-22
-1.019048922069915934e-22
-1.017563558898987024e-22
-1.016072815385597685e-22
-1.014577184197325485e-22
-1.013077188464163937e-22
-1.011573343139901994e-22
-1.010066165495254308e-22
-1.008556163899041292e-22
-1.007043848589106923e-22
-1.005529720820617322e-22
-1.004014284477029608e-22
-1.002498034317087124e-22
-1.000981467885478570e-22
-9.994650735390922105e-23
-9.979493419157025211e-23
-9.964347538540312984e-23
-9.949217937065084708e-23
-9.934109366527613083e-23
-9.919026596467337620e-23
-9.903974310852034913e-23
-9.888957217368604211e-23
-9.873979927554552437e-23
-9.859046873411384830e-23
-9.844161534562464522e-23
-9.829327208578276147e-23
-9.814547115072384504e-23
-9.799824506159326155e-23
-9.785162551337388536e-23
-9.770564463163848391e-23
-9.756033361482259197e-23
-9.741572403179670143e-23
-9.727184664416704747e-23
-9.712873252831678709e-23
-9.698641201092529945e-23
-9.684491568820641194e-23
-9.670427328772425177e-23
-9.656451498337686986e-23
-9.642567007695602881e-23
-9.628776822121684285e-23
-9.615083823915532188e-23
-9.601490927008751605e-23
-9.588000966805979955e-23
-9.574616726061875284e-23
-9.561340590821114978e-23
-9.548174903748956757e-23
-9.535121927621778271e-23
-9.522183962851249637e-23
-9.509363240723587859e-23
-9.496662025633578280e-23
-9.484082496173115355e-23
-9.471626875487015095e-23
-9.459297296434774649e-23
-9.447095930329027951e-23
-9.435024881344500476e-23
-9.423086285902062274e-23
-9.411282198225879954e-23
-9.399614715574732035e-23
-9.388085853860465514e-23
-9.376697671549636674e-23
-9.365452141674895063e-23
-9.354351279421444090e-23
-9.343397015997324729e-23
-9.332591156678371750e-23
-9.321934795049153071e-23
-9.311428900408235012e-23
-9.301074372656573273e-23
-9.290872160307156406e-23
-9.280823138036225479e-23
-9.270928223773126130e-23
-9.261188262314216752e-23
-9.251604141385467790e-23
-9.242176686880616091e-23
-9.232906767182429396e-23
-9.223795184836944020e-23
-9.214842779209863757e-23
-9.206050329366236260e-23
-9.197418651672475438e-23
-9.188948497295348799e-23
-9.180640654875107168e-23
-9.172495853362276677e-23
-9.164514858524081638e-23
-9.156698371209838924e-23
-9.149046912117655825e-23
-9.141560042743612934e-23
-9.134237153129646663e-23
-9.127077576149134925e-23
-9.120080700069998025e-23
-9.113245853580442562e-23
-9.106572412321505944e-23
-9.100059697127397442e-23
-9.093707082693669093e-23
-9.087513889990867530e-23
-9.081479489841600057e-23
-9.075603202623319986e-23
-9.069884398802838340e-23
-9.064322391572854129e-23
-9.058916537512482570e-23
-9.053666146974712789e-23
-9.048570575738108384e-23
-9.043629129830790247e-23
-9.038841159860942987e-23
-9.034205966348300983e-23
-9.029722576899838426e-23
-9.025388704717447492e-23
-9.021201801710673054e-23
-9.017159283261196041e-23
-9.013258624437424570e-23
-9.009497263749414019e-23
-9.005872698780256614e-23
-9.002382389259124274e-23
-8.999023853494370025e-23
-8.995794573644725298e-23
-8.992692089062828384e-23
-8.989713902696995740e-23
-8.986857575020347641e-23
-8.984120628922158583e-23
-8.981500645298584165e-23
-8.978995167256616487e-23
-8.976601795223785812e-23
-8.974318092593320234e-23
-8.972141678859824397e-23
-8.970070136197161012e-23
-8.968101164870808184e-23
-8.966232668351099520e-23
-8.964462666037505824e-23
-8.962789135904322309e-23
-8.961210111160110276e-23
-8.959723583156120204e-23
-8.958327598032949926e-23
-8.957020159901416745e-23
-8.955799329099827426e-23
-8.954663122925428063e-23
-8.953609614855250298e-23
-8.952636834884318364e-23
-8.951742869867323293e-23
-8.950925762400558193e-23
-8.950183612130847993e-23
-8.949514473565459728e-23
-8.948916460523181578e-23
-8.948387639495682938e-23
-8.947926137060788663e-23
-8.947530031244290341e-23
-8.947197107410240716e-23
-8.946923689788702846e-23
-8.946705823067059802e-23
-8.946539516116720679e-23
-8.946420853966431294e-23
-8.946345884212885624e-23
-8.946310732000051806e-23
-8.946311485429081703e-23
-8.946344310131837444e-23
-8.946405332752163888e-23
-8.946490758023842317e-23
-8.946596750230593306e-23
-8.946719553246821616e-23
-8.946855370319250579e-23
-8.947000483643881570e-23
-8.947151134239794201e-23
-8.947303643011134849e-23
-8.947454289043312915e-23
-8.947599429862116127e-23
-8.947735382332232654e-23
-8.947858731967090907e-23
-8.947966777684044975e-23
-8.948057081832116038e-23
-8.948127157126002601e-23
-8.948174589798266074e-23
-8.948196912459277084e-23
-8.948191732219726177e-23
-8.948156606136918668e-23
-8.948089168745804800e-23
-8.947986997430904790e-23
-8.947847746261097894e-23
-8.947669019225087444e-23
-8.947448493168576748e-23
-8.947183798262907049e-23
-8.946872633871909965e-23
-8.946512645231400534e-23
-8.946101561047149221e-23
-8.945637056035407826e-23
-8.945116876590783456e-23
-8.944538725933388653e-23
-8.943900333135055755e-23
-8.943199210044900949e-23
-8.942432902272721306e-23
-8.941598906944709682e-23
-8.940694796617662732e-23
-8.939718096002478579e-23
-8.938666404060334694e-23
-8.937537275733134388e-23
-8.936328339262580272e-23
-8.935037179913538595e-23
-8.933661451558672746e-23
-8.932198762510096677e-23
-8.930646799002001353e-23
-8.929003206398849087e-23
-8.927265703187548779e-23
-8.925431964081475798e-23
-8.923499728206533840e-23
-8.921466703185919903e-23
-8.919330660078917304e-23
-8.917089339398983270e-23
-8.914740679258332231e-23
-8.912283120846827769e-23
-8.909715301960298701e-23
-8.907035813498714547e-23
-8.904243315516143563e-23
-8.901336427793331223e-23
-8.898313833099548071e-23
-8.895174171371097045e-23
-8.891916149572826245e-23
-8.888538427470910080e-23
-8.885039730480469161e-23
-8.881418748304355755e-23
-8.877674224673506415e-23
-8.873804874086440830e-23
-8.869809469086705763e-23
-8.865686743968802875e-23
-8.861435489953866184e-23
-8.857054470907222576e-23
-8.852542511823519828e-23
-8.847898401625947438e-23
-8.843121172357621304e-23
-8.838210573321976769e-23
-8.833166599941437823e-23
-8.827989201360560628e-23
-8.822678383524164534e-23
-8.817234111478597058e-23
-8.811656401675388295e-23
-8.805945235461923189e-23
-8.800100639326131989e-23
-8.794122606125336038e-23
-8.788011172759875819e-23
-8.781766347955797372e-23
-8.775388185072728360e-23
-8.768876703440668337e-23
-8.762231967264566262e-23
-8.755454006868526475e-23
-8.748542906904280599e-23
-8.741498713592844850e-23
-8.734321517352410093e-23
-8.727011385539145875e-23
-8.719568493995642399e-23
-8.711993268519908862e-23
-8.704286251872096110e-23
-8.696447940162178714e-23
-8.688478881965251201e-23
-8.680379594185303608e-23
-8.672150630590818577e-23
-8.663792513810588218e-23
-8.655305812736194399e-23
-8.646691051021320421e-23
-8.637948802312493332e-23
-8.629079610745443924e-23
-8.620084059755237011e-23
-8.610962704374584130e-23
-8.601716131946490469e-23
-8.592344903269316892e-23
-8.582849624521815082e-23
-8.573230861927325212e-23
-8.563489226082190196e-23
-8.553625297452144380e-23
-8.543639955305344701e-23
-8.533535113394573273e-23
-8.523312969976470805e-23
-8.512975689407751588e-23
-8.502525464383559809e-23
-8.491964444620338959e-23
-8.481294802917067398e-23
-8.470518678623921239e-23
-8.459638239195490249e-23
-8.448655613851945771e-23
-8.437572964063147836e-23
-8.426392404080057228e-23
-8.415116084190722723e-23
-8.403746108543698593e-23
-8.392284611452226428e-23
-8.380733686374873731e-23
-8.369095461563724066e-23
-8.357372019206584023e-23
-8.345565471342831083e-23
-8.333677889092944328e-23
-8.321711391514323424e-23
-8.309668155565642731e-23
-8.297550404675892843e-23
-8.285360330453250075e-23
-8.273100133488909252e-23
-8.260771987104866137e-23
-8.248378082552870702e-23
-8.235920575124650333e-23
-8.223401646574336806e-23
-8.210823438421008507e-23
-8.198188108862444079e-23
-8.185497785127027849e-23
-8.172754610759345450e-23
-8.159960694258654403e-23
-8.147118164506162849e-23
-8.134229110781050409e-23
-8.121295646662615676e-23
-8.108319847468748288e-23
-8.095303811128099853e-23
-8.082249589386733845e-23
-8.069159380291321822e-23
-8.056035824634873810e-23
-8.042881698926147958e-23
-8.029699742147354933e-23
-8.016492701772480120e-23
-8.003263293569786099e-23
-7.990014235861121780e-23
-7.976748216046589245e-23
-7.963467928406863382e-23
-7.950176027772953432e-23
-7.936875174813310108e-23
-7.923568006573550905e-23
-7.910257153898300834e-23
-7.896945223400516146e-23
-7.883634819975484308e-23
-7.870328522389697219e-23
-7.857028906443471336e-23
-7.843738520181101302e-23
-7.830459910373994173e-23
-7.817195597135299977e-23
-7.803948007713402677e-23
-7.790719178737401427e-23
-7.777511056315211227e-23
-7.764325561322677378e-23
-7.751164616855615632e-23
-7.738030123834776756e-23
-7.724923976567192385e-23
-7.711848052097752560e-23
-7.698804219246965833e-23
-7.685794332026343021e-23
-7.672820240071058862e-23
-7.659883774530114812e-23
-7.646986754279092348e-23
-7.634130990758090402e-23
-7.621318281663620654e-23
-7.608550415260321986e-23
-7.595829165764998705e-23
-7.583156292164723270e-23
-7.570533545055688456e-23
-7.557962660980290351e-23
-7.545445387873366081e-23
-7.532983571495357724e-23
-7.520579068004487393e-23
-7.508233722529850907e-23
-7.495949366799525274e-23
-7.483727817365607488e-23
-7.471570878580721387e-23
-7.459480347116527428e-23
-7.447457997852601844e-23
-7.435505598884057655e-23
-7.423624902229913052e-23
-7.411817650068194371e-23
-7.400085569816320620e-23
-7.388430375244070928e-23
-7.376853766163105929e-23
-7.365357432052983444e-23
-7.353943045643043963e-23
-7.342612271850666327e-23
-7.331366757909439136e-23
-7.320208143987489377e-23
-7.309137858442245025e-23
-7.298156554474460533e-23
-7.287264681634655324e-23
-7.276462687203857144e-23
-7.265751008270055435e-23
-7.255130079583428229e-23
-7.244600324599438422e-23
-7.234162164152493909e-23
-7.223816009854198509e-23
-7.213562269544326159e-23
-7.203401341432410979e-23
-7.193333620674525309e-23
-7.183359491916813424e-23
-7.173479337415517327e-23
-7.163693528778751611e-23
-7.154002435203365166e-23
-7.144406415304204549e-23
-7.134905826187411638e-23
-7.125501013120182800e-23
-7.116192320477568264e-23
-7.106980082919361982e-23
-7.097864640017914547e-23
-7.088846321435217601e-23
-7.079925456449790668e-23
-7.071102361890452636e-23
-7.062377355019047476e-23
-7.053750740094428613e-23
-7.045222821489656975e-23
-7.036793891444647607e-23
-7.028464241543452007e-23
-7.020234152660481814e-23
-7.012103903961204399e-23
-7.004073764314238574e-23
-6.996144000563421185e-23
-6.988314870714017666e-23
-6.980586629362506770e-23
-6.972959522924462595e-23
-6.965433794106432492e-23
-6.958009678703007660e-23
-6.950687408167661025e-23
-6.943466978428909213e-23
-6.936347467181454891e-23
-6.929327723598340013e-23
-6.922406597571261464e-23
-6.915582940932189452e-23
-6.908855605616374297e-23
-6.902223446335628643e-23
-6.895685317073279547e-23
-6.889240075354874635e-23
-6.882886576422132354e-23
-6.876623680487517105e-23
-6.870450245520805235e-23
-6.864365133687239383e-23
-6.858367204895261145e-23
-6.852455324597766322e-23
-6.846628354470786192e-23
-6.840885162591042198e-23
-6.835224612534491276e-23
-6.829645575350457913e-23
-6.824146916784115178e-23
-6.818727492877118352e-23
-6.813386083522825539e-23
-6.808121459372279915e-23
-6.802932385917987597e-23
-6.797817637188929944e-23
-6.792775982700957604e-23
-6.787806200254323457e-23
-6.782907063342512410e-23
-6.778077353336718768e-23
-6.773315847237948590e-23
-6.768621330621789176e-23
-6.763992584191039340e-23
-6.759428398179354369e-23
-6.754927556474647867e-23
-6.750488853774633645e-23
-6.746111078204105438e-23
-6.741793028292720545e-23
-6.737533497194920331e-23
-6.733331287430449541e-23
-6.729185196596636232e-23
-6.725093922379607342e-23
-6.721055723571640116e-23
-6.717068761417594633e-23
-6.713131195805277995e-23
-6.709241198797328567e-23
-6.705396940696607371e-23
-6.701596604037118752e-23
-6.697838369564971884e-23
-6.694120430734883912e-23
-6.690440978798982387e-23
-6.686798218631300815e-23
-6.683190352169847514e-23
-6.679615595731281229e-23
-6.676072161994687557e-23
-6.672558278291635106e-23
-6.669072167656574144e-23
-6.665612068397984113e-23
-6.662176215169962916e-23
-6.658762858178464543e-23
-6.655370243829822066e-23
-6.651996634671351851e-23
-6.648640295110025838e-23
-6.645299505929063876e-23
-6.641972545206189174e-23
-6.638657704771461398e-23
-6.635353275216172531e-23
-6.632057560976257877e-23
-6.628768863974432891e-23
-6.625485501697035815e-23
-6.622205788299412426e-23
-6.618928053554468845e-23
-6.615650624515543891e-23
-6.612371844013701357e-23
-6.609090051604669879e-23
-6.605803603431111031e-23
-6.602510852415461930e-23
-6.599210168177954680e-23
-6.595899917017730108e-23
-6.592578481979489065e-23
-6.589244243406656962e-23
-6.585895605559852668e-23
-6.582530997790298711e-23
-6.579148873896785898e-23
-6.575747683147977855e-23
-6.572325894220437769e-23
-6.568881970498224205e-23
-6.565414395445453540e-23
-6.561921645714620317e-23
-6.558402219886115218e-23
-6.554854609531224041e-23
-6.551277328688338564e-23
-6.547668883620390364e-23
-6.544027804243415567e-23
-6.540352611776684647e-23
-6.536641852414525342e-23
-6.532894061801777236e-23
-6.529107802974415348e-23
-6.525281627120189839e-23
-6.521414113744048983e-23
-6.517503830138792549e-23
-6.513549420172902540e-23
-6.509549703818975145e-23
-6.505503578935849794e-23
-6.501409926761049768e-23
-6.497267660158087370e-23
-6.493075674683784422e-23
-6.488832899197066827e-23
-6.484538243951912904e-23
-6.480190652802372890e-23
-6.475789051303183843e-23
-6.471332398592569690e-23
-6.466819635806272315e-23
-6.462249737964028544e-23
-6.457621661276056337e-23
-6.452934397362650615e-23
-6.448186918124991077e-23
-6.443378231898915243e-23
-6.438507325805184264e-23
-6.433573225375006824e-23
-6.428574933035226630e-23
-6.423511601668921908e-23
-6.418382796619100766e-23
-6.413188233712162099e-23
-6.407927598723257388e-23
-6.402600619839138015e-23
-6.397206993736646408e-23
-6.391746460693434921e-23
-6.386218728228473459e-23
-6.380623549198713261e-23
-6.374960642337796433e-23
-6.369229772526200549e-23
-6.363430669900422452e-23
-6.357563112347990421e-23
-6.351626840570885583e-23
-6.345621645213686308e-23
-6.339547278651026748e-23
-6.333403543885625480e-23
-6.327190204576408685e-23
-6.320907076460261680e-23
-6.314553934820895191e-23
-6.308130633842303385e-23
-6.301637095221940523e-23
-6.295073319431446676e-23
-6.288439265083727570e-23
-6.281734943875928831e-23
-6.274960324682358886e-23
-6.268115429840749982e-23
-6.261200237893829248e-23
-6.254214781851120221e-23
-6.247159050593373807e-23
-6.240033087152966124e-23
-6.232836889971886382e-23
-6.225570513495889637e-23
-6.218233965027711036e-23
-6.210827309092090423e-23
-6.203350562164347549e-23
-6.195803799097410676e-23
-6.188187044962152788e-23
-6.180500385128956908e-23
-6.172743852999735992e-23
-6.164917687320739323e-23
-6.157022652979109174e-23
-6.149059716379050900e-23
-6.141029788462716468e-23
-6.132933837293592038e-23
-6.124772775367997680e-23
-6.116547572059486848e-23
-6.108259140895217627e-23
-6.099908452446160794e-23
-6.091496420472306950e-23
-6.083024016237222264e-23
-6.074492153415933783e-23
-6.065901804653382810e-23
-6.057253882824831177e-23
-6.048549360709407568e-23
-6.039789150172518374e-23
-6.030974224641741983e-23
-6.022105494977324269e-23
-6.013183933325226814e-23
-6.004210449405072182e-23
-5.995186047409130138e-23
-5.986111797918080183e-23
-5.976988866118393739e-23
-5.967818351355375663e-23
-5.958601415161253370e-23
-5.949339153199107419e-23
-5.940032722734070185e-23
-5.930683215143606097e-23
-5.921291783950762358e-23
-5.911859514874369899e-23
-5.902387557658676535e-23
-5.892876992412793195e-23
-5.883328964285171520e-23
-5.873744547186881620e-23
-5.864124881177757658e-23
-5.854471033552903067e-23
-5.844784139243894512e-23
-5.835065258285609683e-23
-5.825315519917550109e-23
-5.815535977175440331e-23
-5.805727793496522140e-23
-5.795892216080649704e-23
-5.786030602283452642e-23
-5.776144230232959553e-23
-5.766234448274447778e-23
-5.756302523736246734e-23
-5.746349795759086289e-23
-5.736377521262266349e-23
-5.726387029713747575e-23
-5.716379566480318247e-23
-5.706356451342560777e-23
-5.696318918025467145e-23
-5.686268276223147076e-23
-5.676205748416642312e-23
-5.666132632732633931e-23
-5.656050139257285743e-23
-5.645959555658032194e-23
-5.635862079638641739e-23
-5.625758987035539075e-23
-5.615651463566524543e-23
-5.605540791941589698e-23
-5.595428240060971347e-23
-5.585315172823555678e-23
-5.575202863088281342e-23
-5.565092661904408279e-23
-5.554985828580828330e-23
-5.544883700665188524e-23
-5.534787523012784280e-23
-5.524698619393306271e-23
-5.514618220007468650e-23
-5.504547635071126662e-23
-5.494488080034576314e-23
-5.484440850333994299e-23
-5.474407147080238338e-23
-5.464388251391554859e-23
-5.454385349237040210e-23
-5.444399706926969291e-23
-5.434432495432547004e-23
-5.424484965990311559e-23
-5.414558275046548318e-23
-5.404653617875390585e-23
-5.394771930410029615e-23
-5.384914188725307620e-23
-5.375081275110144584e-23
-5.365274151669376446e-23
-5.355493687871861900e-23
-5.345740831591842325e-23
-5.336016439299368276e-23
-5.326321445097563805e-23
-5.316656692022351682e-23
-5.307023100770888316e-23
-5.297421500829810213e-23
-5.287852799257132731e-23
-5.278317811769870863e-23
-5.268817431732577556e-23
-5.259352461669551296e-23
-5.249923780633396266e-23
-5.240532178031599052e-23
-5.231178519012680465e-23
-5.221863579996430900e-23
-5.212588201956189615e-23
-5.203353098083010840e-23
-5.194159045381908946e-23
-5.185006734818426837e-23
-5.175896929498787588e-23
-5.166830308246288716e-23
-5.157807620812878605e-23
-5.148829533736168511e-23
-5.139896782658422431e-23
-5.131010022400770288e-23
-5.122169974752824699e-23
-5.113377282919161853e-23
-5.104632654897071705e-23
-5.095936722696224184e-23
-5.087290181145464345e-23
-5.078693650240642424e-23
-5.070147811988480956e-23
-5.061653274436202230e-23
-5.053210706494198693e-23
-5.044820705070535367e-23
-5.036483817802348687e-23
-5.028200088137443880e-23
-5.019969511138303275e-23
-5.011792014812815080e-23
-5.003667586490417964e-23
-4.995596147165407214e-23
-4.987577676877759448e-23
-4.979612090091120070e-23
-4.971699359825967681e-23
-4.963839393609527730e-23
-4.956032157188047647e-23
-4.948277551917518625e-23
-4.940575536605298426e-23
-4.932926006253967634e-23
-4.925328912745678273e-23
-4.917784145015114377e-23
-4.910291648197049842e-23
-4.902851305791932374e-23
-4.895463056175104810e-23
-4.888126777192765365e-23
-4.880842389834082995e-23
-4.873609715958829194e-23
-4.866428619676649082e-23
-4.859298907620360000e-23
-4.852220438491623057e-23
-4.845193013887105130e-23
-4.838216487533228631e-23
-4.831290656703007661e-23
-4.824415369377654211e-23
-4.817590419147437343e-23
-4.810815648861822091e-23
-4.804090848040012030e-23
-4.797415854978992987e-23
-4.790790455147177975e-23
-4.784214482618201454e-23
-4.777687718863201431e-23
-4.771209994026899999e-23
-4.764781086368000120e-23
-4.758400822138595505e-23
-4.752068975985723277e-23
-4.745785282332824717e-23
-4.739549070106981570e-23
-4.733359629188913821e-23
-4.727216200681385810e-23
-4.721118074873771667e-23
-4.715064494111472558e-23
-4.709054749237439929e-23
-4.703088083642763571e-23
-4.697163789458887203e-23
-4.691281110976265464e-23
-4.685439341648935437e-23
-4.679637727145719981e-23
-4.673875562750177365e-23
-4.668152095634027012e-23
-4.662466622700525576e-23
-4.656818393272871578e-23
-4.651206706158069451e-23
-4.645630812976094968e-23
-4.640090014989571429e-23
-4.634583566361446222e-23
-4.629110737369521729e-23
-4.623670621057827847e-23
-4.618262326311002520e-23
-4.612884917910424578e-23
-4.607537508809321863e-23
-4.602219168383963660e-23
-4.596929014275271193e-23
-4.591666120373891659e-23
-4.586429609285590082e-23
-4.581218560509340699e-23
-4.576032101101672216e-23
-4.570869316715325280e-23
-4.565729339205857167e-23
-4.560611260789929599e-23
-4.555514218236923672e-23
-4.550437310369956271e-23
-4.545379679404221088e-23
-4.540340430961488789e-23
-4.535318713341344737e-23
-4.530313639093384928e-23
-4.525324344773622948e-23
-4.520349860844613220e-23
-4.515389241474684498e-23
-4.510441507623074798e-23
-4.505505720710173634e-23
-4.500580910079876228e-23
-4.495666145317928487e-23
-4.490760463985875067e-23
-4.485862944562816613e-23
-4.480972632924336575e-23
-4.476088616267685254e-23
-4.471209949213224230e-23
-4.466335728405648375e-23
-4.461465017090509070e-23
-4.456596921913253884e-23
-4.451730515031146045e-23
-4.446864913475702880e-23
-4.441999198028165479e-23
-4.437132496434591079e-23
-4.432263898792467240e-23
-4.427392539705249132e-23
-4.422517499126875501e-23
-4.417637902353238422e-23
-4.412752835671528109e-23
-4.407861435663668397e-23
-4.402962798976465343e-23
-4.398056073706323640e-23
-4.393140367194786287e-23
-4.388214839366318995e-23
-4.383278608075462640e-23
-4.378330845566143497e-23
-4.373370680852924142e-23
-4.368397298145260059e-23
-4.363409837908370040e-23
-4.358407496550788932e-23
-4.353389426113079368e-23
-4.348354835219086197e-23
-4.343302888112364047e-23
-4.338232805747985030e-23
-4.333143764542899174e-23
-4.328035031586194708e-23
-4.322905963072631347e-23
-4.317756005701564972e-23
-4.312584560418352685e-23
-4.307391085404914789e-23
-4.302174992747247951e-23
-4.296935752006663169e-23
-4.291672786951436848e-23
-4.286385578707978806e-23
-4.281073562397470492e-23
-4.275736231056700849e-23
-4.270373031316172352e-23
-4.264983467849190511e-23
-4.259566998921159238e-23
-4.254123140829298134e-23
-4.248651363630838106e-23
-4.243151195381362365e-23
-4.237622118069986612e-23
-4.232063671452688163e-23
-4.226475349196242176e-23
-4.220856717942787842e-23
-4.215207358961519069e-23
-4.209526925962183832e-23
-4.203815026464802613e-23
-4.198071325117593794e-23
-4.192295440460099771e-23
-4.186487048256667084e-23
-4.180645778129194919e-23
-4.174771316588295141e-23
-4.168863304222032576e-23
-4.162921438332831291e-23
-4.156945370273785266e-23
-4.150934807920293102e-23
-4.144889413168002695e-23
-4.138808904698410046e-23
-4.132692954786414352e-23
-4.126541292495269069e-23
-4.120353600822417833e-23
-4.114129619028177294e-23
-4.107869039979284728e-23
-4.101571674634495412e-23
-4.095237532698878787e-23
-4.088866739858236284e-23
-4.082459374700946849e-23
-4.076015569331580598e-23
-4.069535409390351168e-23
-4.063019033472105617e-23
-4.056466533798931982e-23
-4.049878055680649423e-23
-4.043253697497529309e-23
-4.036593610602549656e-23
-4.029897899314710362e-23
-4.023166720643088576e-23
-4.016400184845487953e-23
-4.009598454580042976e-23
-4.002761645347772857e-23
-3.995889925204086750e-23
-3.988983414723834803e-23
-3.982042286925020660e-23
-3.975066667163807752e-23
-3.968056766887852479e-23
-3.961012883434048068e-23
-3.953935399744326476e-23
-3.946824649601655737e-23
-3.939681018412780215e-23
-3.932504841851466477e-23
-3.925296507820464213e-23
-3.918056353298576754e-23
-3.910784768037004553e-23
-3.903482090344991905e-23
-3.896148711428313603e-23
-3.888784970435630345e-23
-3.881391260225966857e-23
-3.873967920435269737e-23
-3.866515344594697274e-23
-3.859033873047177163e-23
-3.851523899424495297e-23
-3.843985763690711664e-23
-3.836419859736947371e-23
-3.828826527365222273e-23
-3.821206188540941449e-23
-3.813559325962286668e-23
-3.805886502954072947e-23
-3.798188228960860606e-23
-3.790465064576583224e-23
-3.782717516700303366e-23
-3.774946142867551061e-23
-3.767151447115198837e-23
-3.759333983318570607e-23
-3.751494252568068859e-23
-3.743632804945860629e-23
-3.735750137936641148e-23
-3.727846797337030090e-23
-3.719923277408046389e-23
-3.711980118923639825e-23
-3.704017812311435284e-23
-3.696036893698894354e-23
-3.688037849000076866e-23
-3.680021209101536346e-23
-3.671987455382892556e-23
-3.663937153409189437e-23
-3.655870979073972343e-23
-3.647789690095605976e-23
-3.639693996011825085e-23
-3.631584646145240497e-23
-3.623462342549604695e-23
-3.615327825836274887e-23
-3.607181790929459871e-23
-3.599024969885489965e-23
-3.590858050285069149e-23
-3.582681755578972226e-23
-3.574496765284915885e-23
-3.566303793555776158e-23
-3.558103511880679761e-23
-3.549896625335860209e-23
-3.541683796905930665e-23
-3.533465722661870485e-23
-3.525243057052981334e-23
-3.517016486864387327e-23
-3.508786657700375831e-23
-3.500554247474900154e-23
-3.492319896542741449e-23
-3.484084276826314824e-23
-3.475848021035824890e-23
-3.467611790759572671e-23
-3.459376209906076616e-23
-3.451141929634651871e-23
-3.442909565237138839e-23
-3.434679757491720572e-23
-3.426453112715064804e-23
-3.418230261614055179e-23
-3.410011801241972002e-23
-3.401798352116506832e-23
-3.393590501920216981e-23
-3.385388861245922405e-23
-3.377194008169239482e-23
-3.369006543773287653e-23
-3.360827036264056990e-23
-3.352656076652680451e-23
-3.344494223718553869e-23
-3.336342057514626168e-23
-3.328200123378814441e-23
-3.320068987712938283e-23
-3.311949185521627665e-23
-3.303841273374681115e-23
-3.295745776872205444e-23
-3.287663242724673146e-23
-3.279594187182487054e-23
-3.271539147270784418e-23
-3.263498629235009454e-23
-3.255473161306370337e-23
-3.247463239742836965e-23
-3.239469384619901939e-23
-3.231492082030048090e-23
-3.223531843397135475e-23
-3.215589144880277087e-23
-3.207664489057884340e-23
-3.199758343253405814e-23
-3.191871200839533485e-23
-3.184003519978915072e-23
-3.176155764557264747e-23
-3.168328277562294910e-23
-3.160521409360763260e-23
-3.152735473720880491e-23
-3.144970813811801259e-23
-3.137227735608626601e-23
-3.129506575047860174e-23
-3.121807630665692731e-23
-3.114131231533347128e-23
-3.106477668850544047e-23
-3.098847264750375462e-23
-3.091240303295077903e-23
-3.083657099660694638e-23
-3.076097931182631714e-23
-3.068563106535254923e-23
-3.061052896339752878e-23
-3.053567602710072093e-23
-3.046107490136940709e-23
-3.038672853892891091e-23
-3.031263952334369373e-23
-3.023881056668632738e-23
-3.016524329734234653e-23
-3.009193947965190618e-23
-3.001890051394385181e-23
-2.994612811549822945e-23
-2.987362363281291794e-23
-2.980138873833786276e-23
-2.972942473462433039e-23
-2.965773324885903348e-23
-2.958631553980022000e-23
-2.951517319241393705e-23
-2.944430742516371466e-23
-2.937371978089073131e-23
-2.930341143859835304e-23
-2.923338390612233002e-23
-2.916363832124315174e-23
-2.909417615705356919e-23
-2.902499851660508457e-23
-2.895610683555226445e-23
-2.888750218391788226e-23
-2.881918560595636475e-23
-2.875115632171579609e-23
-2.868341353867661543e-23
-2.861595610485592825e-23
-2.854878321583752433e-23
-2.848189371267585628e-23
-2.841528678424998799e-23
-2.834896126201335151e-23
-2.828291632935929008e-23
-2.821715081132713321e-23
-2.815166388768370065e-23
-2.808645438254618183e-23
-2.802152147195352777e-23
-2.795686397884637561e-23
-2.789248107729779725e-23
-2.782837159146531333e-23
-2.776453470216621825e-23
-2.770096922891992576e-23
-2.763767435861899068e-23
-2.757464891380692116e-23
-2.751189183144094693e-23
-2.744940067585716481e-23
-2.738717312753791321e-23
-2.732520651803047677e-23
-2.726349854971961003e-23
-2.720204657559116367e-23
-2.714084832509262865e-23
-2.707990116839952684e-23
-2.701920286312760277e-23
-2.695875080459830075e-23
-2.689854277407603116e-23
-2.683857619708402073e-23
-2.677884888295754960e-23
-2.671935828055316637e-23
-2.666010223296875870e-23
-2.660107821845100812e-23
-2.654228411059364638e-23
-2.648371741727228961e-23
-2.642537604480957967e-23
-2.636725753391491747e-23
-2.630935971065082959e-23
-2.625167958603868864e-23
-2.619421445361772402e-23
-2.613696125443752517e-23
-2.607991732387270404e-23
-2.602307964304626064e-23
-2.596644559044987214e-23
-2.591001218921661720e-23
-2.585377686323225007e-23
-2.579773667754011979e-23
-2.574188910010465898e-23
-2.568623124151641072e-23
-2.563076061413861717e-23
-2.557547437530080218e-23
-2.552037008263905920e-23
-2.546544494029383899e-23
-2.541069655164836594e-23
-2.535612216932197659e-23
-2.530171944326484838e-23
-2.524748567510181922e-23
-2.519341827066423738e-23
-2.513951313405237520e-23
-2.508576627665808857e-23
-2.503217337759375610e-23
-2.497873051123026253e-23
-2.492543342393903727e-23
-2.487227825239390537e-23
-2.481926080983390742e-23
-2.476637729702532263e-23
-2.471362359390449419e-23
-2.466099596477277423e-23
-2.460849035711724686e-23
-2.455610309913025332e-23
-2.450383020523497906e-23
-2.445166806818740170e-23
-2.439961276919822847e-23
-2.434766076595723654e-23
-2.429580820607695763e-23
-2.424405161137849371e-23
-2.419238719728506033e-23
-2.414081158912681672e-23
-2.408932126523070986e-23
-2.403791311072667878e-23
-2.398658370838168104e-23
-2.393533000385540391e-23
-2.388414864370958866e-23
-2.383303663501749268e-23
-2.378199068775429591e-23
-2.373100786968893380e-23
-2.368008495336901457e-23
-2.362921906634193704e-23
-2.357840704358658141e-23
-2.352764607236590619e-23
-2.347693304880816642e-23
-2.342626521928329458e-23
-2.337563954039815404e-23
-2.332505331620474344e-23
-2.327450356429524311e-23
-2.322398764470667429e-23
-2.317350263521405364e-23
-2.312304601958633239e-23
-2.307261527501266445e-23
-2.302220827728871464e-23
-2.297182262625542567e-23
-2.292145624747867570e-23
-2.287110679418413075e-23
-2.282077223963902402e-23
-2.277045028862001770e-23
-2.272013896161256894e-23
-2.266983601439903311e-23
-2.261953951319257912e-23
-2.256924726351126612e-23
-2.251895737581323857e-23
-2.246866770419961077e-23
-2.241837640234871848e-23
-2.236808137067977984e-23
-2.231778080544798856e-23
-2.226747265294174824e-23
-2.221715514954014771e-23
-2.216682628549814733e-23
-2.211648439771139607e-23
-2.206612782189620472e-23
-2.201575523463662293e-23
-2.196536507060666036e-23
-2.191495603836286674e-23
-2.186452660845139551e-23
-2.181407552146870228e-23
-2.176360128225578247e-23
-2.171310266089665251e-23
-2.166257819555971502e-23
-2.161202668435993640e-23
-2.156144669718141788e-23
-2.151083705875845112e-23
-2.146019636905675485e-23
-2.140952347830383119e-23
-2.135881701424924228e-23
-2.130807585111837199e-23
-2.125729864361606399e-23
-2.120648428845624914e-23
-2.115563146578611207e-23
-2.110473926850551476e-23
-2.105380727653032152e-23
-2.100283547345332603e-23
-2.095182362715880124e-23
-2.090077172814513815e-23
-2.084967955440376581e-23
-2.079854710227081526e-23
-2.074737415802489783e-23
-2.069616072283093431e-23
-2.064490659014169852e-23
-2.059361176393840469e-23
-2.054227604378697327e-23
-2.049089943557168507e-23
-2.043948174293420215e-23
-2.038802297236151065e-23
-2.033652293138614129e-23
-2.028498162537517795e-23
-2.023339886400321355e-23
-2.018177465110196590e-23
-2.013010879663246945e-23
-2.007840152594128474e-23
-2.002665376623603015e-23
-1.997486685030541904e-23
-1.992304191388636751e-23
-1.987118027152887721e-23
-1.981928304206283769e-23
-1.976735152046795062e-23
-1.971538680815267978e-23
-1.966339018001994456e-23
-1.961136271823296524e-23
-1.955930567666520540e-23
-1.950722011841795140e-23
-1.945510727570313884e-23
-1.940296819117561410e-23
-1.935080407478118108e-23
-1.929861594816827294e-23
-1.924640499856640045e-23
-1.919417222596526357e-23
-1.914191879402896158e-23
-1.908964568102833468e-23
-1.903735408834164030e-23
-1.898504528087118264e-23
-1.893272074255313086e-23
-1.888038177416955899e-23
-1.882802983087577961e-23
-1.877566618654744757e-23
-1.872329226731955892e-23
-1.867090932001763341e-23
-1.861851874236491866e-23
-1.856612175445945195e-23
-1.851371972429086556e-23
-1.846131384485551918e-23
-1.840890545526286218e-23
-1.835649572104975030e-23
-1.830408595194341398e-23
-1.825167728716749714e-23
-1.819927100700918285e-23
-1.814686822413234914e-23
-1.809447018921599783e-23
-1.804207798868298224e-23
-1.798969307957353481e-23
-1.793731769482431306e-23
-1.788495442839000817e-23
-1.783260570813587942e-23
-1.778027408520834930e-23
-1.772796194678501196e-23
-1.767567180157797824e-23
-1.762340599624395042e-23
-1.757116699783819084e-23
-1.751895711312811771e-23
-1.746677876791947426e-23
-1.741463422964108434e-23
-1.736252588367431914e-23
-1.731045595879803330e-23
-1.725842680056094338e-23
-1.720644059964685632e-23
-1.715449966224873504e-23
-1.710260614144617232e-23
-1.705076230569358143e-23
-1.699897027087448145e-23
-1.694723222213670043e-23
-1.689555001288109691e-23
-1.684392556448168129e-23
-1.679236065239053611e-23
-1.674085716482284223e-23
-1.668941684622651911e-23
-1.663804155244869368e-23
-1.658673299730804622e-23
-1.653549300479928331e-23
-1.648432325926509417e-23
-1.643322555353646362e-23
-1.638220154311119808e-23
-1.633125299070214518e-23
-1.628038152331518247e-23
-1.622958887470086933e-23
-1.617887664426852846e-23
-1.612824653756490989e-23
-1.607770012700616860e-23
-1.602723909055341721e-23
-1.597686497500688449e-23
-1.592657953923526355e-23
-1.587638484256000365e-23
-1.582628315222395659e-23
-1.577627660424135250e-23
-1.572636743397843113e-23
-1.567655774741978841e-23
-1.562684974891903450e-23
-1.557724551449183955e-23
-1.552774721803463167e-23
-1.547835690729236252e-23
-1.542907672675931372e-23
-1.537990869597775313e-23
-1.533085493076896620e-23
-1.528191742304208162e-23
-1.523309826073308746e-23
-1.518439940940299134e-23
-1.513582292982643564e-23
-1.508737076136278820e-23
-1.503904493849930814e-23
-1.499084737503133516e-23
-1.494278001542298296e-23
-1.489484443071236861e-23
-1.484704222380753855e-23
-1.479937488158325676e-23
-1.475184398593651035e-23
-1.470445100384030034e-23
-1.465719749737662297e-23
-1.461008491463992245e-23
-1.456311479682938797e-23
-1.451628857276679893e-23
-1.446960776458865241e-23
-1.442307378253408992e-23
-1.437668812969580658e-23
-1.433045219800304425e-23
-1.428436747164506482e-23
-1.423843532480214755e-23
-1.419265722292572770e-23
-1.414703452246539500e-23
-1.410156867091358186e-23
-1.405626100691659287e-23
-1.401111283918253722e-23
-1.396612488588808745e-23
-1.392129783735182845e-23
-1.387663228078713191e-23
-1.383212889587126436e-23
-1.378778825974589134e-23
-1.374361104149161513e-23
-1.369959780882800563e-23
-1.365574922078322829e-23
-1.361206583608245220e-23
-1.356854830338696709e-23
-1.352519717159602299e-23
-1.348201307870478246e-23
-1.343899656375884360e-23
-1.339614825432594062e-23
-1.335346867957400729e-23
-1.331095845632351508e-23
-1.326861810392871851e-23
-1.322644822865902370e-23
-1.318444933944696824e-23
-1.314262198867342688e-23
-1.310096646058172047e-23
-1.305948308274972502e-23
-1.301817208846925703e-23
-1.297703379714314651e-23
-1.293606843397119501e-23
-1.289527630959336297e-23
-1.285465764113023225e-23
-1.281421273062360398e-23
-1.277394178696416839e-23
-1.273384510315713144e-23
-1.269392287969277012e-23
-1.265417540042095555e-23
-1.261460285720225222e-23
-1.257520552461804632e-23
-1.253598358583998308e-23
-1.249693730609261210e-23
-1.245806685996750724e-23
-1.241937250331888685e-23
-1.238085440228146283e-23
-1.234251280385624427e-23
-1.230434786570101103e-23
-1.226635982608435381e-23
-1.222854883397375792e-23
-1.219091511828258936e-23
-1.215345881960358272e-23
-1.211618015776228517e-23
-1.207907926609816243e-23
-1.204215635687074665e-23
-1.200541155434221569e-23
-1.196884506187384603e-23
-1.193245699627673592e-23
-1.189624755757234436e-23
-1.186021686649640435e-23
-1.182436512454772150e-23
-1.178869243735607857e-23
-1.175319896051073069e-23
-1.171788474373444826e-23
-1.168274994217983726e-23
