0.000000000000000000e+00
0.000000000000000000e+00
4.735500470091354379e-12
9.539218157887415498e-13
3.339251918624746388e-13
1.495334442396028113e-13
7.752111744218274165e-14
4.432021962299766103e-14
2.719577825155046336e-14
1.763616619530775463e-14
1.194396757114828757e-14
8.357054377874193789e-15
6.031407824955794919e-15
4.472982770093974491e-15
3.392891995531502758e-15
2.621814785005880391e-15
2.057495971807042040e-15
1.635886570044092069e-15
1.315418909966260995e-15
1.068244747983344654e-15
8.751878913933770602e-16
7.227312653759371674e-16
6.013130459768851594e-16
5.042414615091046366e-16
4.261932530865046085e-16
3.629602436179074016e-16
3.112970802025677294e-16
2.687242111355805942e-16
2.333493032040335706e-16
2.037230832479224974e-16
1.787286956050962361e-16
1.574988031184539720e-16
1.393541095724304236e-16
1.237579136800728986e-16
1.102824547069833641e-16
9.858388844264781687e-17
8.838356181326959354e-17
7.945390358245041951e-17
7.160770654738048264e-17
6.468992169746627276e-17
5.857132144753135435e-17
5.314356750726124678e-17
4.831623908214523824e-17
4.401524852514928472e-17
4.017633570263851383e-17
3.674316136135361276e-17
3.366655165608755377e-17
3.090369710238115684e-17
2.841737389930591586e-17
2.617522277107332827e-17
2.414909973727286805e-17
2.231450261423605905e-17
2.065007030177288447e-17
1.913714926721173457e-17
1.775942011285790537e-17
1.650257718965411854e-17
1.535405411767139059e-17
1.430278892316908767e-17
1.333902304544954081e-17
1.245412921978811166e-17
1.164046402996027740e-17
1.089124139100473427e-17
1.020044836251309697e-17
9.562801716933648680e-18
8.973563558088846522e-18
8.428459739340276924e-18
7.923633817832973701e-18
7.455604820069065580e-18
7.021228911395645937e-18
6.617664694802963071e-18
6.242342035903422341e-18
5.892934040866931507e-18
5.567332012555874752e-18
5.263623027805186592e-18
4.980069946478503329e-18
4.715093544980093606e-18
4.467256590132435712e-18
4.235249619716367821e-18
4.017878263511132956e-18
3.814051915797987616e-18
3.622773627168153831e-18
3.443131062402887824e-18
3.274290003845850071e-18
3.115490701947941956e-18
2.966035007630306898e-18
2.825279415036250323e-18
2.692630462431317873e-18
2.567540511123571894e-18
2.449503899846609587e-18
2.338053420554042296e-18
2.232757114276679480e-18
2.133215335981702358e-18
2.039058089374168714e-18
1.949942583423198958e-18
1.865551015948375842e-18
1.785588540631079209e-18
1.709781422603719253e-18
1.637875343868170646e-18
1.569633866735797185e-18
1.504837020122692412e-18
1.443280017396571776e-18
1.384772073991691951e-18
1.329135597926262012e-18
1.276205834496515195e-18
1.225828944689900820e-18
1.177860953400231497e-18
1.132167067606965929e-18
1.088621034245555148e-18
1.047104553556274836e-18
1.007506725760590857e-18
9.697235461052313846e-19
9.336574290067810317e-19
8.992167732050606544e-19
8.663155529160507424e-19
8.348729442363985467e-19
8.048129733725869312e-19
7.760641946164566593e-19
7.485593880463738612e-19
7.222352828217987679e-19
6.970322946323895202e-19
6.728942885657546207e-19
6.497683540329590555e-19
6.276047085488756279e-19
6.063567813444854159e-19
5.859806187277472253e-19
5.664346148186286190e-19
5.476793817507591811e-19
5.296776217557213239e-19
5.123940114802203449e-19
4.957950877125136609e-19
4.798491440658550306e-19
4.645261295780084405e-19
4.497975566959829899e-19
4.356364112839338762e-19
4.220170713200778938e-19
4.089152266207336597e-19
3.963078072463863323e-19
3.841729122589105078e-19
3.724897460858669365e-19
3.612385553696516210e-19
3.504005728632442326e-19
3.399579615531333012e-19
3.298938228067071294e-19
3.201922947807862153e-19
3.108382965238634649e-19
3.018174302948290615e-19
2.931159515976207385e-19
2.847207382103880631e-19
2.766192625596168534e-19
2.687995630490629234e-19
2.612502188577824502e-19
2.539603230665970914e-19
2.469194599036049858e-19
2.401176803473145969e-19
2.335454809877433291e-19
2.271937816750260504e-19
2.210539067210874624e-19
2.151175643648242190e-19
2.093768296892632110e-19
2.038241260637097853e-19
1.984522095799877994e-19
1.932541522596435568e-19
1.882233589822439226e-19
1.833536335564781832e-19
1.786390544798000065e-19
1.740739311865559560e-19
1.696527966426273373e-19
1.653703981963249138e-19
1.612216905066700224e-19
1.572018266588222911e-19
1.533061514906910701e-19
1.495301932183477868e-19
1.458696570338868907e-19
1.423204173133202400e-19
1.388785116498571517e-19
1.355401334010368070e-19
1.323016262480091879e-19
1.291594772653083673e-19
1.261103118170456638e-19
1.231508871018792302e-19
1.202780875314956001e-19
1.174889187181969296e-19
1.147805167020628741e-19
1.121501784383545614e-19
1.095953099492254176e-19
1.071134079812344201e-19
1.047020577478745961e-19
1.023589295227754058e-19
1.000817763935350648e-19
9.786843095870958322e-20
9.571680316526901458e-20
9.362487713481249380e-20
9.159070908444411948e-20
8.961242431605032946e-20
8.768821523364814175e-20
8.581633848658696792e-20
8.399511310241379507e-20
8.222291779116461861e-20
8.049818918856322580e-20
7.881941932371158244e-20
7.718515397879671312e-20
7.559399031245194705e-20
7.404458132848894204e-20
7.253564980550349687e-20
7.106596595569167146e-20
6.963433940931708837e-20
6.823961843752552046e-20
6.688068844646196460e-20
6.555647122193400175e-20
6.426592346015713323e-20
6.300803603718266285e-20
6.178183259126272235e-20
6.058636881978504330e-20
5.942073112367996204e-20
5.828403593604339567e-20
5.717542842578578906e-20
5.609408185628694705e-20
5.503919636141191951e-20
5.400999835059053131e-20
5.300573932923593130e-20
5.202569535304634170e-20
5.106916589844772948e-20
5.013547501170191790e-20
4.922397471284881336e-20
4.833403886669994314e-20
4.746506053702594834e-20
4.661645167363359297e-20
4.578764225592924321e-20
4.497808002599866929e-20
4.418722965836558540e-20
4.341457249058958989e-20
4.265960575467272965e-20
4.192184231961728472e-20
4.120080995176378473e-20
4.049605107698516590e-20
3.980712207038313998e-20
3.913359305479216727e-20
3.847504722482761486e-20
3.783108064561003796e-20
3.720130161716072785e-20
3.658533049509461872e-20
3.598279908943420789e-20
3.539335002548759723e-20
3.481663486663504304e-20
3.425231558619567429e-20
3.370006450566701196e-20
3.315956412693112725e-20
3.263050659386241819e-20
3.211259355644361041e-20
3.160553564297828786e-20
3.110905236441323899e-20
3.062287160643842895e-20
3.014672954497960108e-20
2.968037017484741610e-20
2.922354523410632762e-20
2.877601375259497303e-20
2.833754199867711745e-20
2.790790304963720834e-20
2.748687674574871570e-20
2.707424929427476885e-20
2.666981322022729763e-20
2.627336699811267909e-20
2.588471422785776712e-20
2.550366108736174158e-20
2.513001898508818362e-20
2.476360502182987904e-20
2.440424193474881421e-20
2.405175773562202290e-20
2.370598567432614415e-20
2.336676389342014131e-20
2.303393540542369820e-20
2.270734777540613738e-20
2.238685309742701263e-20
2.207230769608367400e-20
2.176357211950521008e-20
2.146051085184583732e-20
2.116299231319792013e-20
2.087088859554309060e-20
2.058407546195771211e-20
2.030243209707284474e-20
2.002584111734709548e-20
1.975418833407146230e-20
1.948736194478376171e-20
1.922525003578845034e-20
1.896774334615710315e-20
1.871473587079137222e-20
1.846612485917954014e-20
1.822181056788698740e-20
1.798169626594403858e-20
1.774568799980766265e-20
1.751369461118525954e-20
1.728562751337809176e-20
1.706140070281838427e-20
1.684093056508674141e-20
1.662413590868391231e-20
1.641093773843235560e-20
1.620125931347511110e-20
1.599502593275815129e-20
1.579216500409303448e-20
1.559260583127034439e-20
1.539627966457767218e-20
1.520311954665970314e-20
1.501305946217865155e-20
1.482603171942455543e-20
1.464196991553981934e-20
1.446080966157267923e-20
1.428248861560530102e-20
1.410694629829544775e-20
1.393412410669261357e-20
1.376396511102995338e-20
1.359641414656916756e-20
1.343141760611755030e-20
1.326892346850184069e-20
1.310888116733446251e-20
1.295124161266315406e-20
1.279595703378860315e-20
1.264298105828276472e-20
1.249226851933609339e-20
1.234377553763343109e-20
1.219745935635183379e-20
1.205327840557746488e-20
1.191119217171279348e-20
1.177116084364933573e-20
1.163314409283569035e-20
1.149710242202705475e-20
1.136299743134520647e-20
1.123079189330390320e-20
1.110044956926942013e-20
1.097193528825842389e-20
1.084521481171455673e-20
1.072025488902217695e-20
1.059702312707660084e-20
1.047548804067934573e-20
1.035561893453071933e-20
1.023738596359391547e-20
1.012076001136452804e-20
1.000571276593306270e-20
9.892216580634250174e-21
9.780244544209399394e-21
9.669770374257806499e-21
9.560768467246315462e-21
9.453213802061620314e-21
9.347081756761690205e-21
9.242347261982643490e-21
9.138985718045141720e-21
9.036973154519667131e-21
8.936286276334976722e-21
8.836902355008181327e-21
8.738799306885894857e-21
8.641955568816542945e-21
8.546350165965640905e-21
8.451962614244722093e-21
8.358772976801046394e-21
8.266761764313914765e-21
8.175909997432324970e-21
8.086199115735091001e-21
7.997611039641954088e-21
7.910128066781000143e-21
7.823732949666704712e-21
7.738408799673797197e-21
7.654139148971379202e-21
7.570907857633692292e-21
7.488698990895509460e-21
7.407496191912120133e-21
7.327283368094728534e-21
7.248044809722291909e-21
7.169765231177084459e-21
7.092429691065367125e-21
7.016023651167670202e-21
6.940532890328285305e-21
6.865943554823467227e-21
6.792242087906262742e-21
6.719415283480109285e-21
6.647450205834187851e-21
6.576334247017607287e-21
6.506055048872423216e-21
6.436600556427848975e-21
6.367958949666263192e-21
6.300118696413189698e-21
6.233068478542354665e-21
6.166797248269632596e-21
6.101294156252834091e-21
6.036548662633142283e-21
5.972550593418485169e-21
5.909290042309097957e-21
5.846757259896302757e-21
5.784942696305512775e-21
5.723836945498969518e-21
5.663430800594598724e-21
5.603715189189906432e-21
5.544681231379028916e-21
5.486320160986242410e-21
5.428623395624566520e-21
5.371582462342018807e-21
5.315189063810901557e-21
5.259435013852546775e-21
5.204312288243643016e-21
5.149812967395827425e-21
5.095929286542612440e-21
5.042653579507952783e-21
4.989978328315427035e-21
4.937896108020751524e-21
4.886399643672071741e-21
4.835481779610953498e-21
4.785135498531725698e-21
4.735353865814191332e-21
4.686130076477163062e-21
4.637457396892025344e-21
4.589329218221628450e-21
4.541739001836954214e-21
4.494680327026170606e-21
4.448146842213834759e-21
4.402132309491663600e-21
4.356630554645832994e-21
4.311635513249287868e-21
4.267141183715755364e-21
4.223141666408124419e-21
4.179631123781410568e-21
4.136603818982719366e-21
4.094054076427523610e-21
4.051976313936894231e-21
4.010365002211297734e-21
3.969214771549265574e-21
3.928520548260390697e-21
3.888277389779011808e-21
3.848480378948207951e-21
3.809124664145786058e-21
3.770205415983799623e-21
3.731717872169516268e-21
3.693657294812412343e-21
3.656019009254247348e-21
3.618798365633685530e-21
3.581990780341235275e-21
3.545591694624283624e-21
3.509596610618108380e-21
3.474001055580211000e-21
3.438800618825456509e-21
3.403990914959881280e-21
3.369567621674422670e-21
3.335526441921673378e-21
3.301863136674013335e-21
3.268573493662127755e-21
3.235653421301337601e-21
3.203099084190761936e-21
3.170906744237782898e-21
3.139072664380678756e-21
3.107593147142758088e-21
3.076464496565069850e-21
3.045683055068813102e-21
3.015245171030998489e-21
2.985147231192892575e-21
2.955385628479227832e-21
2.925956796676710880e-21
2.896857175878126025e-21
2.868083248016767758e-21
2.839631503811445575e-21
2.811498475425707326e-21
2.783680703764705039e-21
2.756174773016278650e-21
2.728977276030722569e-21
2.702084848332320681e-21
2.675494137337402139e-21
2.649201868638576110e-21
2.623204919730856497e-21
2.597500235327522827e-21
2.572084757452071153e-21
2.546955460480636154e-21
2.522109318976770319e-21
2.497543339030366337e-21
2.473254528552533430e-21
2.449239929170741475e-21
2.425496583768850905e-21
2.402021570002360011e-21
2.378811969083870542e-21
2.355864896910386504e-21
2.333177474124565791e-21
2.310746857707794977e-21
2.288570208639447454e-21
2.266644724833872520e-21
2.244967610981150219e-21
2.223536107374388180e-21
2.202347461141426321e-21
2.181398993439306328e-21
2.160688176404763469e-21
2.140212544393127759e-21
2.119969627397467422e-21
2.099956979864300055e-21
2.080172152775985476e-21
2.060612722817749084e-21
2.041276265932257812e-21
2.022160383911945984e-21
2.003262678160263113e-21
1.984580777485742803e-21
1.966112311637284045e-21
1.947854938961622036e-21
1.929806318951322861e-21
1.911964139825328083e-21
1.894326092490791906e-21
1.876889896700674987e-21
1.859653276754383002e-21
1.842613985425493943e-21
1.825769780759603486e-21
1.809118448871550598e-21
1.792657777586278534e-21
1.776385584392505786e-21
1.760299692701872285e-21
1.744397955722592087e-21
1.728678233165543971e-21
1.713138415201216828e-21
1.697776398496866488e-21
1.682590110278546733e-21
1.667577484826500523e-21
1.652736486839209174e-21
1.638065088427533240e-21
1.623561291894012676e-21
1.609223107254156568e-21
1.595048574575725856e-21
1.581035741811913690e-21
1.567182686853522396e-21
1.553487495621336396e-21
1.539948283857955759e-21
1.526563175443835790e-21
1.513330329931910216e-21
1.500247938592147301e-21
1.487314226298933920e-21
1.474527424369445190e-21
1.461885791438394012e-21
1.449387592676019002e-21
1.437031120442626145e-21
1.424814673776886633e-21
1.412736578715124139e-21
1.400795168019071016e-21
1.388988801464260571e-21
1.377315845511375895e-21
1.365774693381829702e-21
1.354363745084659572e-21
1.343081427124119756e-21
1.331926172826799367e-21
1.320896441834947711e-21
1.309990700516890261e-21
1.299207441356978572e-21
1.288545163533743847e-21
1.278002377588689101e-21
1.267577544512463240e-21
1.257269140339305181e-21
1.247075652127742973e-21
1.236995596240206536e-21
1.227027499734871397e-21
1.217169918343414074e-21
1.207421417973527005e-21
1.197780592622471249e-21
1.188246046070019438e-21
1.178816409579137354e-21
1.169490323762878604e-21
1.160266456683823223e-21
1.151143484852779682e-21
1.142120111340074165e-21
1.133195047868946456e-21
1.124367032090830076e-21
1.115634809717746375e-21
1.106997152041170231e-21
1.098452838550665592e-21
1.090000663116774168e-21
1.081639387424601922e-21
1.073367790092684652e-21
1.065184659568878289e-21
1.057088811583502432e-21
1.049079071137427357e-21
1.041154289449380143e-21
1.033313326489930697e-21
1.025555067725668311e-21
1.017878407182784569e-21
1.010282263664069658e-21
1.002765564055954067e-21
9.953272596337907292e-22
9.879663089763841170e-22
9.806816944182420878e-22
9.734724056822829382e-22
9.663374550679247039e-22
9.592758620909892508e-22
9.522866682409140266e-22
9.453689217830176888e-22
9.385216788050662349e-22
9.317439476863845965e-22
9.250347476563734979e-22
9.183931073775999748e-22
9.118180800084847489e-22
9.053087279641199248e-22
8.988641368852830032e-22
8.924834012673851803e-22
8.861656380973213137e-22
8.799099725972529233e-22
8.737155517751789414e-22
8.675815305294561116e-22
8.615070848636615304e-22
8.554913976361840941e-22
8.495336731010683652e-22
8.436331215921835493e-22
8.377889742054845046e-22
8.320004678235140741e-22
8.262668588234662875e-22
8.205874093210237175e-22
8.149613912365314298e-22
8.093880452339604847e-22
8.038666237723528779e-22
7.983963863290727288e-22
7.929766130493396429e-22
7.876065907094198955e-22
7.822856260816974028e-22
7.770130320038253766e-22
7.717881408728808693e-22
7.666102906105067134e-22
7.614788380713173274e-22
7.563931449384182880e-22
7.513525918213528895e-22
7.463565636682340837e-22
7.414044633927254658e-22
7.364956979793851779e-22
7.316296916527857337e-22
7.268058724527806903e-22
7.220236851528313425e-22
7.172825782848606750e-22
7.125820060059002126e-22
7.079213830326993825e-22
7.033001321647808718e-22
6.987176817025402598e-22
6.941734780622348904e-22
6.896669724507394958e-22
6.851976339365454390e-22
6.807649360397930988e-22
6.763683695524591745e-22
6.720074290667723841e-22
6.676816258856134713e-22
6.633904749960865715e-22
6.591335072217714410e-22
6.549102569728251691e-22
6.507202739813115756e-22
6.465631108349375770e-22
6.424383354285180047e-22
6.383455179787592388e-22
6.342842436796047763e-22
6.302540996907079159e-22
6.262546864589174607e-22
6.222856029096067735e-22
6.183464608870722159e-22
6.144368743585322580e-22
6.105564708690183430e-22
6.067048794624024112e-22
6.028817424993770921e-22
5.990867035298858471e-22
5.953194191769914073e-22
5.915795469499624468e-22
5.878667567823239018e-22
5.841807193493019087e-22
5.805211178246061618e-22
5.768876357017466464e-22
5.732799684994508433e-22
5.696978117962034758e-22
5.661408728797800543e-22
5.626088589892986164e-22
5.591014887589750861e-22
5.556184806792332757e-22
5.521595594413203526e-22
5.487244299727121757e-22
5.453128041943906315e-22
5.419243947408418942e-22
5.385589258847218498e-22
5.352161220947311942e-22
5.318957192715391593e-22
5.285974532715037299e-22
5.253210709363134148e-22
5.220663190795552605e-22
5.188329550755947652e-22
5.156207360497674441e-22
5.124294294026279947e-22
5.092588020741216467e-22
5.061086312439330071e-22
5.029786933016787800e-22
4.998687745104014790e-22
4.967786602576212249e-22
4.937081454547609532e-22
4.906570239469001996e-22
4.876250996268099359e-22
4.846121772084867840e-22
4.816180709000881045e-22
4.786425933787624643e-22
4.756855662802127851e-22
4.727468095652389568e-22
4.698261517379569229e-22
4.669234194936062467e-22
4.640384481868834559e-22
4.611710709281342147e-22
4.583211294032314190e-22
4.554884630304551331e-22
4.526729194299624951e-22
4.498743439372898828e-22
4.470925898254015705e-22
4.443275080744525781e-22
4.415789574396523428e-22
4.388467943772613932e-22
4.361308828666507828e-22
4.334310843025719505e-22
4.307472710596894288e-22
4.280793262222933147e-22
4.254271429082424703e-22
4.227906107359541064e-22
4.201696258752891778e-22
4.175640808728456325e-22
4.149738747370607545e-22
4.123989028218104846e-22
4.098390667673851062e-22
4.072942647077862321e-22
4.047644008929036733e-22
4.022493758707684249e-22
3.997490963921287458e-22
3.972634654090234067e-22
3.947923919895234452e-22
3.923357813952373668e-22
3.898935448379142571e-22
3.874655897971548108e-22
3.850518297096687273e-22
3.826521741834286842e-22
3.802665409766221622e-22
3.778948535881448473e-22
3.755370430406716656e-22
3.731930361512508430e-22
3.708627647626210030e-22
3.685461562297498459e-22
3.662431432034618757e-22
3.639536540251562054e-22
3.616776219942580231e-22
3.594149761237064754e-22
3.571656504304431887e-22
3.549295745238388022e-22
3.527066830601205390e-22
3.504969063890797021e-22
3.483001798000227834e-22
3.461164342364994573e-22
3.439456054811104451e-22
3.417876250077172844e-22
3.396424291628342068e-22
3.375099500884457150e-22
3.353901260119039747e-22
3.332828960231866315e-22
3.311882048813735928e-22
3.291059929413474471e-22
3.270362050027256830e-22
3.249787813839064126e-22
3.229336668248507860e-22
3.209008016439651440e-22
3.188801305559784151e-22
3.168715938502887489e-22
3.148751361274373646e-22
3.128906976215755879e-22
3.109182229177686437e-22
3.089576522336980532e-22
3.070089300511995255e-22
3.050719966671296747e-22
3.031467964395541998e-22
3.012332696592171441e-22
2.993313607743051268e-22
2.974410100452023225e-22
2.955621647911213421e-22
2.936947796833741213e-22
2.918388157699547482e-22
2.899942296113492751e-22
2.881609811806054174e-22
2.863390258252881242e-22
2.845283223712433103e-22
2.827288251605539330e-22
2.809404920727370013e-22
2.791632764777693391e-22
2.773971352346958717e-22
2.756420208302173286e-22
2.738978891913426122e-22
2.721646919540025379e-22
2.704423841454302051e-22
2.687309166334855052e-22
2.670302436778586925e-22
2.653403153554796010e-22
2.636610851884846167e-22
2.619925026884658817e-22
2.603345237626598250e-22
2.586871127565262546e-22
2.570502399424001272e-22
2.554238710179338905e-22
2.538079744873404165e-22
2.522025143345758797e-22
2.506074573762841219e-22
2.490227660548346736e-22
2.474484056695473121e-22
2.458843371029984445e-22
2.443305241181934375e-22
2.427869262479047568e-22
2.412535057921378596e-22
2.397302209552950936e-22
2.382170328186327581e-22
2.367138983657243119e-22
2.352207774767558147e-22
2.337376260155988625e-22
2.322644026785403328e-22
2.308010623107691696e-22
2.293475614792614706e-22
2.279038485095059552e-22
2.264698737005192637e-22
2.250455837820506569e-22
2.236309285643613171e-22
2.222258543921648855e-22
2.208303106518369307e-22
2.194442432869703856e-22
2.180676013619928994e-22
2.167003305216493134e-22
2.153423794870822543e-22
2.139936936246088773e-22
2.126542214093600257e-22
2.113239080200847459e-22
2.100027017026187086e-22
2.086905474995964494e-22
2.073873934794207835e-22
2.060931845238643818e-22
2.048078685736033357e-22
2.035313904337806856e-22
2.022637010561096014e-22
2.010047602740426253e-22
1.997545335450662254e-22
1.985129827035466150e-22
1.972800720865718488e-22
1.960557624831100044e-22
1.948400172355897335e-22
1.936327961749933002e-22
1.924340616693448021e-22
1.912437727098655174e-22
1.900618908065377867e-22
1.888883741893307246e-22
1.877231835888265211e-22
1.865662765158882079e-22
1.854176129967498709e-22
1.842771498948332948e-22
1.831448466006565218e-22
1.820206593691716298e-22
1.809045470529905167e-22
1.797964653637259812e-22
1.786963705495132448e-22
1.776042075695085709e-22
1.765199222022358399e-22
1.754434576206823122e-22
1.743747599331388701e-22
1.733137726458992369e-22
1.722604422465579218e-22
1.712147126528740593e-22
1.701765307189968912e-22
1.691458407902767235e-22
1.681225901034374264e-22
1.671067234185291838e-22
1.660981883976804534e-22
1.650969302284780715e-22
1.641028969854378237e-22
1.631160343790847685e-22
1.621362909606020705e-22
1.611636128370613187e-22
1.601979490735343098e-22
1.592392463172066377e-22
1.582874553987819928e-22
1.573425301841976378e-22
1.564044284661676355e-22
1.554731055226542685e-22
1.545485192060409154e-22
1.536306249136991141e-22
1.527193805814473275e-22
1.518147416994040445e-22
1.509166663344280767e-22
1.500251101666009033e-22
1.491400314126041801e-22
1.482613859125155462e-22
1.473891320530252549e-22
1.465232258758743129e-22
1.456636260022134326e-22
1.448102887160576379e-22
1.439631728153288579e-22
1.431222348877229004e-22
1.422874339693184724e-22
1.414587268934156212e-22
1.406360716727691033e-22
1.398194189440337651e-22
1.390087206584311407e-22
1.382039268593535521e-22
1.374049902355521632e-22
1.366118615651689283e-22
1.358244942649802046e-22
1.350428398592495697e-22
1.342668525037152797e-22
1.334964844562229967e-22
1.327316906003594227e-22
1.319724239571692841e-22
1.312186401052325444e-22
1.304702927957142070e-22
1.297273383525929532e-22
1.289897312648902503e-22
1.282574285484132105e-22
1.275303854166448661e-22
1.268085596052722637e-22
1.260919070590936025e-22
1.253803858016279226e-22
1.246739504452247157e-22
1.239725577186240182e-22
1.232761626645021746e-22
1.225847228020944163e-22
1.218981940274262948e-22
1.212165347083530705e-22
1.205397015547255025e-22
1.198676537436026971e-22
1.192003487808347434e-22
1.185377466505655534e-22
1.178798056729987615e-22
1.172264866191813993e-22
1.165777486222249063e-22
1.159335532387772913e-22
1.152938603940536647e-22
1.146586323755524589e-22
1.140278298811080488e-22
1.134014159639409649e-22
1.127793520927446143e-22
1.121616013116461381e-22
1.115481221055184853e-22
1.109388746342340033e-22
1.103338175823855638e-22
1.097329120619752261e-22
1.091361177111122809e-22
1.085433965831015150e-22
1.079547092415358954e-22
1.073700186368487752e-22
1.067892862806193336e-22
1.062124759940795920e-22
1.056395501762639530e-22
1.050704735580955127e-22
1.045052093844773403e-22
1.039437232377783668e-22
1.033859792460135038e-22
1.028319438024758523e-22
1.022815818615643843e-22
1.017348606499840951e-22
1.011917459551342280e-22
1.006522052512884454e-22
1.001162024355440104e-22
9.958370314210741512e-23
9.905467164880026399e-23
9.852907452514330261e-23
9.800687698266331351e-23
9.748804648281645093e-23
9.697254912720882401e-23
9.646035325564631371e-23
9.595142586133186020e-23
9.544573613511748775e-23
9.494325190568373876e-23
9.444394321657735285e-23
9.394777873395053626e-23
9.345472929988070318e-23
9.296476440623547537e-23
9.247785568222380846e-23
9.199397343323721764e-23
9.151309005086607239e-23
9.103517658841973713e-23
9.056020507892267295e-23
9.008814182498276473e-23
8.961895423526158858e-23
8.915260855271437035e-23
8.868907320886712417e-23
8.822831545123310543e-23
8.777030471395044443e-23
8.731500925486926213e-23
8.686239946465155148e-23
8.641244455372807678e-23
8.596511585051388263e-23
8.552038351165835439e-23
8.507821978519513114e-23
8.463859570566404761e-23
8.420148439828749262e-23
8.376685779670524182e-23
8.333468987419639240e-23
8.290495339768365077e-23
8.247762316097649461e-23
8.205267276117055570e-23
8.163007806544344215e-23
8.120981473441812733e-23
8.079186063880131832e-23
8.037619242735532422e-23
7.996278864083319644e-23
7.955162658692180142e-23
7.914268546807665270e-23
7.873594323868862900e-23
7.833137974522539759e-23
7.792897355575023489e-23
7.752870512875948860e-23
7.713055367039057915e-23
7.673450025139280724e-23
7.634052466652705275e-23
7.594860854631354345e-23
7.555873228363679941e-23
7.517087805452546744e-23
7.478502678901661433e-23
7.440116123159490696e-23
7.401926283440414840e-23
7.363931387490372460e-23
7.326129147144386201e-23
7.288517365836517124e-23
7.251093731783445047e-23
7.213856125027051283e-23
7.176802309477636313e-23
7.139930237949601001e-23
7.103237746705721283e-23
7.066722858648214256e-23
7.030383479108360970e-23
6.994217697261264196e-23
6.958223486911674857e-23
6.922399002117596947e-23
6.886742280282626653e-23
6.851251538186303006e-23
6.815924876810067251e-23
6.780760573720846810e-23
6.745756790181854756e-23
6.710911862671551839e-23
6.676224009910565035e-23
6.641691634243535005e-23
6.607313050041533072e-23
6.573086752677386714e-23
6.539011117314285834e-23
6.505084688500030302e-23
6.471305890743564115e-23
6.437673315992141150e-23
6.404185436648470066e-23
6.370840891154063443e-23
6.337638198645312156e-23
6.304576041457233278e-23
6.271652984475055452e-23
6.238867753124655063e-23
6.206218953046821866e-23
6.173705350340139814e-23
6.141325593668296770e-23
6.109078488430871683e-23
6.076962722297251477e-23
6.044977138087356671e-23
6.013120461803851691e-23
5.981391541575068466e-23
5.949788988641007835e-23
5.918311540717082188e-23
5.886957821127008708e-23
5.855726608310569155e-23
5.824616565444746467e-23
5.793626512759185709e-23
5.762755152958341438e-23
5.732001343391959048e-23
5.701363824561847439e-23
5.670841491772279349e-23
5.640433122265013836e-23
5.610137646061804027e-23
5.579953875689209977e-23
5.549880773915584352e-23
5.519917187008873529e-23
5.490062110487205898e-23
5.460314422367277257e-23
5.430673149129076570e-23
5.401137201430939283e-23
5.371705730439277534e-23
5.342378152209228712e-23
5.313154110531984538e-23
5.284033122207961419e-23
5.255014835667753973e-23
5.226098771020819304e-23
5.197284579143094725e-23
5.168571783461752595e-23
5.139960036836453351e-23
5.111448865099663543e-23
5.083037923927581556e-23
5.054726741635014144e-23
5.026514976438422968e-23
4.998402158000301423e-23
4.970387946820034634e-23
4.942471874888869633e-23
4.914653603259701275e-23
4.886932666260916204e-23
4.859308726580042317e-23
4.831781320650168909e-23
4.804350050406365890e-23
4.777014151503790024e-23
4.749772932830990171e-23
4.722625585692505293e-23
4.695571433497507358e-23
4.668609683549454254e-23
4.641739673690999307e-23
4.614960627879952646e-23
4.588271898493241721e-23
4.561672723347081498e-23
4.535162468319341722e-23
4.508740386273801671e-23
4.482405856093211243e-23
4.456158143629237509e-23
4.429996640161978012e-23
4.403920625735573103e-23
4.377929503613481781e-23
4.352022565677254711e-23
4.326199227315655055e-23
4.300458792044778741e-23
4.274800788775896574e-23
4.249225042843718261e-23
4.223731590053215744e-23
4.198320345381770127e-23
4.172991330240418560e-23
4.147744447620322475e-23
4.122579705618249934e-23
4.097496994898056555e-23
4.072496311324960355e-23
4.047577532802482531e-23
4.022740641268589907e-23
3.997985504066039593e-23
3.973312089861250316e-23
3.948720255477824071e-23
3.924209957912619284e-23
3.899781042854069137e-23
3.875433455804968360e-23
3.851167031669176625e-23
3.826981705195612013e-23
3.802877301423537243e-23
3.778853796825418190e-23
3.754911268127773586e-23
3.731049936217585852e-23
3.707269908787033491e-23
3.683571385044468124e-23
3.659954452586364614e-23
3.636419289481723561e-23
3.612965963189349275e-23
3.589594630812451317e-23
3.566305341600836402e-23
3.543098233011808662e-23
3.519973336239149590e-23
3.496930769698173399e-23
3.473970546803142019e-23
3.451092768564413145e-23
3.428297431451605198e-23
3.405584619306972062e-23
3.382954312260921137e-23
3.360406577440219544e-23
3.337941379909273331e-23
3.315558769622158444e-23
3.293258687526524382e-23
3.271041158357287259e-23
3.248906108448045176e-23
3.226853547985341244e-23
3.204883390452536159e-23
3.182995632738129876e-23
3.161190176342210387e-23
3.139467005038361818e-23
3.117826008394736818e-23
3.096267158144496623e-23
3.074790333051738906e-23
3.053395492934150594e-23
3.032082505889047439e-23
3.010851320745311295e-23
2.989701796215252076e-23
2.968633870706672718e-23
2.947647393286073304e-23
2.926742292465374624e-23
2.905918408512586179e-23
2.885175760340891918e-23
2.864514675628053133e-23
2.843935649586958828e-23
2.823439080877216985e-23
2.803025434824179702e-23
2.782695081124581306e-23
2.762448456029105439e-23
2.742285901881645066e-23
2.722207827144930297e-23
2.702214547819326866e-23
2.682306445280836632e-23
2.662483810112540040e-23
2.642746998394696245e-23
2.623096276201442792e-23
2.603531975172003075e-23
2.584054338140666885e-23
2.564663672614458599e-23
2.545360199102943787e-23
2.526144202125121406e-23
2.507015880124438324e-23
2.487975478398935858e-23
2.469023085469878781e-23
2.450158838003368310e-23
2.431382791033551731e-23
2.412695064438119061e-23
2.394095697946131262e-23
2.375584796172276491e-23
2.357162384458936657e-23
2.338828552454059658e-23
2.320583311684781134e-23
2.302426737707427243e-23
2.284358828801815108e-23
2.266379646701321897e-23
2.248489177537339774e-23
2.230687470003836781e-23
2.212974498031507063e-23
2.195350297797392974e-23
2.177814832081347862e-23
2.160368125282169333e-23
2.143010129485738747e-23
2.125740909476467650e-23
2.108560663600039393e-23
2.091469697569138538e-23
2.074468241553080083e-23
2.057556580424647701e-23
2.040734924696117265e-23
2.024003539078056694e-23
2.007362614878553706e-23
1.990812397561632652e-23
1.974353060605546119e-23
1.957984830378033926e-23
1.941707862671455460e-23
1.925522366101026201e-23
1.909428479601998153e-23
1.893426394381804979e-23
1.877516233330226947e-23
1.861698170816077925e-23
1.845972313999941136e-23
1.830338821187698508e-23
1.814797784781576124e-23
1.799349297428153896e-23
1.783993185790822486e-23
1.768729280940160954e-23
1.753557355666637992e-23
1.738477236765569112e-23
1.723488693447317722e-23
1.708591548616509633e-23
1.693785568071602986e-23
1.679070570992702655e-23
1.664446320534527972e-23
1.649912632290719689e-23
1.635469266705891091e-23
1.621116035730958474e-23
1.606852697419779448e-23
1.592679060816536091e-23
1.578594881689474192e-23
1.564599966089328329e-23
1.550694067414116276e-23
1.536876989028976210e-23
1.523148482458336019e-23
1.509508348619428610e-23
1.495956338899319184e-23
1.482492253344140560e-23
1.469115841914130848e-23
1.455826902009288103e-23
1.442625182264023289e-23
1.429510477810655393e-23
1.416482535717180978e-23
1.403541148838699067e-23
1.390686062711994351e-23
1.377917068610605793e-23
1.365233910588508369e-23
1.352636377764343312e-23
1.340124213371323703e-23
1.327697204615861806e-23
1.315355093528549908e-23
1.303097665670048086e-23
1.290924662177568364e-23
1.278835867005634996e-23
1.266831020298480841e-23
1.254909875947237381e-23
1.243072031368610072e-23
1.231317100113588377e-23
1.219644655652616377e-23
1.208054315408305539e-23
1.196545657562384178e-23
1.185118303474872896e-23
1.173771835807414625e-23
1.162505879859036748e-23
1.151320023094809906e-23
1.140213894398667482e-23
1.129187085627188011e-23
1.118239229398257541e-23
1.107369921983950075e-23
1.096578799709255593e-23
1.085865463026705824e-23
1.075229551779845679e-23
1.064670670596533875e-23
1.054188462985646740e-23
1.043782537591490896e-23
1.033452479255994305e-23
1.023197593294532284e-23
1.013017165674779568e-23
1.002910454741787110e-23
9.928767612910501247e-24
9.829153589493060584e-24
9.730255630645258974e-24
9.632066619297884415e-24
9.534579849694909502e-24
9.437788351895442318e-24
9.341685556308950660e-24
9.246264635347699016e-24
9.151519153141747030e-24
9.057442418557306011e-24
8.964028128281427634e-24
8.871269725959528533e-24
8.779161034494016144e-24
8.687695629029702457e-24
8.596867455871432358e-24
8.506670220561338750e-24
8.417097703263108481e-24
8.328142312968970936e-24
8.239796550839863166e-24
8.152052711603186930e-24
8.064903463675574938e-24
7.978341272440741603e-24
7.892358968001459878e-24
7.806949183444863595e-24
7.722104909518889292e-24
7.637818940752408135e-24
7.554084421500969286e-24
7.470894305590309600e-24
7.388241888269104041e-24
7.306120277685436446e-24
7.224522916091201348e-24
7.143443062728872121e-24
7.062874303883309049e-24
6.982810044981485013e-24
6.903244013375292170e-24
6.824169758131639676e-24
6.745580785098429686e-24
6.667469008917324666e-24
6.589826323805595677e-24
6.512644483896703586e-24
6.435915576877709989e-24
6.359631553381473752e-24
6.283784688407772897e-24
6.208367122441225537e-24
6.133371314970455875e-24
6.058789593512040443e-24
5.984614596677763869e-24
5.910838833033257055e-24
5.837455116624203219e-24
5.764456132738550068e-24
5.691834864590883900e-24
5.619584170909262716e-24
5.547697201935691146e-24
5.476166984914487726e-24
5.404986830942711803e-24
5.334149931808241006e-24
5.263649414241447340e-24
5.193476932066960485e-24
5.123624095799960577e-24
5.054082431544418735e-24
4.984843757996182497e-24
4.915899811888188707e-24
4.847242616769667055e-24
4.778864114333392244e-24
4.710756527420012184e-24
4.642911998834895570e-24
4.575322943699314023e-24
4.507981701538125718e-24
4.440880875735779355e-24
4.374012996942483177e-24
4.307370852562332029e-24
4.240947159229039037e-24
4.174734883634115706e-24
4.108726924744430010e-24
4.042916423446563526e-24
3.977296455529401319e-24
3.911860380063285625e-24
3.846601683597551029e-24
3.781514124490137237e-24
3.716591397651188539e-24
3.651827415310074931e-24
3.587216029210957649e-24
3.522751301519225887e-24
3.458427236110695449e-24
3.394238041505719351e-24
3.330177870975031243e-24
3.266241075039341998e-24
3.202421952209129676e-24
3.138714991709766598e-24
3.075114633765324998e-24
3.011615503798900779e-24
2.948212179832860499e-24
2.884899419097405305e-24
2.821671934972402916e-24
2.758524613072275927e-24
2.695452298418887733e-24
2.632449980877670016e-24
2.569512525703696273e-24
2.506634939464588933e-24
2.443812194481909629e-24
2.381039419927268109e-24
2.318311713932841799e-24
2.255624325107196562e-24
2.192972474954140875e-24
2.130351528868757076e-24
2.067756827888308659e-24
2.005183850993243771e-24
1.942628056522613715e-24
1.880085034604894504e-24
1.817550357502178695e-24
1.755019723901394312e-24
1.692488817645548591e-24
1.629953442735823749e-24
1.567409392429779266e-24
1.504852573707139868e-24
1.442278886001255936e-24
1.379684853127668835e-24
1.317069044596567914e-24
1.254430610145152699e-24
1.191768657484848087e-24
1.129082350500416498e-24
1.066370815594089144e-24
1.003633230245005717e-24
9.408687391384414673e-25
8.780765331875300121e-25
8.152557750559778102e-25
7.524056690097136617e-25
6.895253955538193880e-25
6.266141719858742835e-25
5.636711965258347993e-25
5.006956993112356049e-25
4.376868961979180508e-25
3.746440299848309365e-25
3.115663340213074168e-25
2.484530636963190219e-25
1.853034696594284194e-25
1.221166091447586542e-25
5.889070254116042846e-26
-4.376213087027889375e-27
-6.768607933028772037e-26
-1.310408145012748358e-25
-1.944423109628555878e-25
-2.578924432392113865e-25
-3.213930552959063297e-25
-3.849459786416691973e-25
-4.485530096119778414e-25
-5.122159375096989791e-25
-5.759365117410994530e-25
-6.397164800879798610e-25
-7.035575457499382509e-25
-7.674614158035717915e-25
-8.314297479368402401e-25
-8.954642091150151744e-25
-9.595664121864711402e-25
-1.023737984749666879e-24
-1.087980495353994965e-24
-1.152294513299212253e-24
-1.216676492002479188e-24
-1.281121961770921988e-24
-1.345626460420948312e-24
-1.410185632450131865e-24
-1.474795123140706461e-24
-1.539450688247772436e-24
-1.604148077178250576e-24
-1.668883154001553705e-24
-1.733651769560607067e-24
-1.798449893109870830e-24
-1.863273474156821029e-24
-1.928118584404818405e-24
-1.992981268986351228e-24
-2.057857699229760608e-24
-2.122744013169052272e-24
-2.187636479260015996e-24
-2.252531325932409650e-24
-2.317424916084284422e-24
-2.382313565380571118e-24
-2.447193812560979770e-24
-2.512062475056513563e-24
-2.576916591199365570e-24
-2.641753133187166254e-24
-2.706569214048798026e-24
-2.771361874262600648e-24
-2.836128299652272421e-24
-2.900865597148116086e-24
-2.965571023208859737e-24
-3.030241749062665782e-24
-3.094875099754169251e-24
-3.159468308647526964e-24
-3.224018768231704326e-24
-3.288523772125590311e-24
-3.352980778412337076e-24
-3.417387139076834323e-24
-3.481740375393948914e-24
-3.546037896479166388e-24
-3.610277285346021381e-24
-3.674456005539839323e-24
-3.738571152435268354e-24
-3.802617517473558316e-24
-3.866589563799869219e-24
-3.930481661657468926e-24
-3.994288407612478724e-24
-4.058004298103839318e-24
-4.121624060181762022e-24
-4.185142313253337138e-24
-4.248553911515038775e-24
-4.311853595141407285e-24
-4.375036343340146084e-24
-4.438097013139396727e-24
-4.501030705517163643e-24
-4.563832391699929316e-24
-4.626497291149699757e-24
-4.689020486693001094e-24
-4.751397314702124346e-24
-4.813622967192116299e-24
-4.875692893602156652e-24
-4.937602392975074233e-24
-4.999347008541788638e-24
-5.060922055394313229e-24
-5.122323097891030259e-24
-5.183545537753478642e-24
-5.244585048856566090e-24
-5.305437134218862601e-24
-5.366097575225633627e-24
-5.426561973535011521e-24
-5.486826215926814131e-24
-5.546886001471254108e-24
-5.606737319637208876e-24
-5.666375964882576153e-24
-5.725798027439446017e-24
-5.784999394466285087e-24
-5.843976254514648395e-24
-5.902724586667853188e-24
-5.961240676951830853e-24
-6.019520594059015104e-24
-6.077560718867131422e-24
-6.135357208315005838e-24
-6.192906383787773359e-24
-6.250203728376130375e-24
-6.307244905052547796e-24
-6.364025348112021398e-24
-6.420540830712878442e-24
-6.476786890473236668e-24
-6.532759410394838346e-24
-6.588454028475445655e-24
-6.643866734236463721e-24
-6.698993266140094179e-24
-6.753829717321925338e-24
-6.808371923828541623e-24
-6.862616082599926408e-24
-6.916558126131002883e-24
-6.970194352064374747e-24
-7.023520788051013955e-24
-7.076533831494932084e-24
-7.129229602116983472e-24
-7.181604596166151607e-24
-7.233655025868823174e-24
-7.285377595146282284e-24
-7.336769159324822561e-24
-7.387827068011957727e-24
-7.438548361530218705e-24
-7.488930468770288499e-24
-7.538970503246232244e-24
-7.588665972640320772e-24
-7.638014061895348306e-24
-7.687012357085487795e-24
-7.735658113520251893e-24
-7.783948993639618910e-24
-7.831882323422002794e-24
-7.879455840851881067e-24
-7.926666938788376795e-24
-7.973513430287361094e-24
-8.019992777177644506e-24
-8.066102866685021286e-24
-8.111841227112788161e-24
-8.157205817877397467e-24
-8.202194234696060755e-24
-8.246804854209231075e-24
-8.291037060934458086e-24
-8.334891004867783201e-24
-8.378366439586051264e-24
-8.421463541166724185e-24
-8.464182084095502783e-24
-8.506522271549905850e-24
-8.548483897541056754e-24
-8.590067190405231638e-24
-8.631271963335955412e-24
-8.672098469077435123e-24
-8.712546542556566902e-24
-8.752616463088135291e-24
-8.792308085620771784e-24
-8.831621715092673559e-24
-8.870557226657809408e-24
-8.909114953090789501e-24
-8.947294787384351519e-24
-8.985097089250084715e-24
-9.022521770090807951e-24
-9.059569478291525706e-24
-9.096241456954643866e-24
-9.132539681244748776e-24
-9.168465644358114746e-24
-9.204021311845889938e-24
-9.239208165399331414e-24
-9.274028164088200951e-24
-9.308482775571330004e-24
-9.342573953652428755e-24
-9.376303153412258456e-24
-9.409672322615813508e-24
-9.442682903131508778e-24
-9.475336836500015264e-24
-9.507635553186678273e-24
-9.539580988532157562e-24
-9.571174562808635827e-24
-9.602418205657090183e-24
-9.633313325587909624e-24
-9.663861846839885672e-24
-9.694065166879871526e-24
-9.723925511727122470e-24
-9.753445797185563280e-24
-9.782629755662002139e-24
-9.811480564329264023e-24
-9.840001912051884753e-24
-9.868196929054879038e-24
-9.896069262735829452e-24
-9.923621995094730556e-24
-9.950858734003177665e-24
-9.977782517685610248e-24
-1.000439691238875299e-23
-1.003070491236783346e-23
-1.005671004531448275e-23
-1.008241526061246583e-23
-1.010782404616261853e-23
-1.013293930769346403e-23
-1.015776449492363196e-23
-1.018230247109747823e-23
-1.020655664880724793e-23
-1.023052984806440737e-23
-1.025422574637869450e-23
-1.027764862080897419e-23
-1.030080359164152299e-23
-1.032369516258137379e-23
-1.034632838164924990e-23
-1.036870767616778527e-23
-1.039083802418134149e-23
-1.041272377838089078e-23
-1.043436984526101616e-23
-1.045578050426772355e-23
-1.047696059295363842e-23
-1.049791431946107198e-23
-1.051864645302171902e-23
-1.053916112824121819e-23
-1.055946304863527464e-23
-1.057955627909991285e-23
-1.059944545675236514e-23
-1.061913457448918179e-23
-1.063862820620259848e-23
-1.065793027624536109e-23
-1.067704561917174842e-23
-1.069597971074314465e-23
-1.071473892361184329e-23
-1.073332895454337186e-23
-1.075175607869892611e-23
-1.077002588800165274e-23
-1.078814455876540404e-23
-1.080611758110288230e-23
-1.082395103462402358e-23
-1.084165030746167647e-23
-1.085922138391300548e-23
-1.087666955463168683e-23
-1.089400071158837606e-23
-1.091122004240044217e-23
-1.092833334845246867e-23
-1.094534571981454993e-23
-1.096226286765861378e-23
-1.097908978709928925e-23
-1.099583209949184755e-23
-1.101249470484112758e-23
-1.102908326378214381e-23
-1.104560321523891616e-23
-1.106206075707485607e-23
-1.107846135057408419e-23
-1.109481109560212479e-23
-1.111111534828297275e-23
-1.112738010912141906e-23
-1.114361062981909956e-23
-1.115981281522480696e-23
-1.117599181510669222e-23
-1.119215343972420072e-23
-1.120830273943680319e-23
-1.122444542965895557e-23
-1.124058646041394363e-23
-1.125673145477139280e-23
-1.127288526881441856e-23
-1.128905343221668289e-23
-1.130524070581658203e-23
-1.132145252977949613e-23
-1.133769357104521074e-23
-1.135396919775927811e-23
-1.137028407082064329e-23
-1.138664355225547004e-23
-1.140305222781621632e-23
-1.141951537118803141e-23
-1.143603747686424550e-23
-1.145262373241635976e-23
-1.146927854241166509e-23
-1.148600700685271289e-23
-1.150281344259464995e-23
-1.151970286513611770e-23
-1.153667950435092515e-23
-1.155374829401826335e-23
-1.157091337428872913e-23
-1.158817959903884848e-23
-1.160555102361754377e-23
-1.162303242229182655e-23
-1.164062776497165784e-23
-1.165834174786146034e-23
-1.167617825742691244e-23
-1.169414141359031627e-23
-1.171223253840164483e-23
-1.173045321775078241e-23
-1.174880424461122023e-23
-1.176728718180234947e-23
-1.178590279640755257e-23
-1.180465263001380108e-23
-1.182353741886084869e-23
-1.184255868131880864e-23
-1.186171712590371332e-23
-1.188101424442033384e-23
-1.190045072199248549e-23
-1.192002802799308355e-23
-1.193974681836392724e-23
-1.195960853990902511e-23
-1.197961382246509757e-23
-1.199976408975052118e-23
-1.202005994448346602e-23
-1.204050278643641606e-23
-1.206109319201124095e-23
-1.208183293662745909e-23
-1.210272457180294917e-23
-1.212377183226596643e-23
-1.214497760324867374e-23
-1.216634555738333475e-23
-1.218787851328424227e-23
-1.220958008024656230e-23
-1.223145300996511955e-23
-1.225350084894229505e-23
-1.227572628558971227e-23
-1.229813280708943339e-23
-1.232072303876065460e-23
-1.234350040716239084e-23
-1.236646747391892751e-23
-1.238962760797920803e-23
-1.241298330726768464e-23
-1.243653788243382236e-23
-1.246029376995600090e-23
-1.248425422470630346e-23
-1.250842162027854659e-23
-1.253279836199959428e-23
-1.255738280362691987e-23
-1.258217337059079808e-23
-1.260716763789229209e-23
-1.263236405342263183e-23
-1.265776021028296030e-23
-1.268335457531311489e-23
-1.270914475838851801e-23
-1.273512924775161179e-23
-1.276130567010546401e-23
-1.278767253570173837e-23
-1.281422748647905407e-23
-1.284096905380521743e-23
-1.286789489396724616e-23
-1.289500355450936808e-23
-1.292229270721592905e-23
-1.294976091802256241e-23
-1.297740587295148664e-23
-1.300522615558946862e-23
-1.303321946462389824e-23
-1.306138413471056112e-23
-1.308971654958776369e-23
-1.311821374600153800e-23
-1.314687187551177135e-23
-1.317568801752421435e-23
-1.320465835910559856e-23
-1.323378002097052235e-23
-1.326304922436657745e-23
-1.329246312927878088e-23
-1.332201799123438039e-23
-1.335171100958182705e-23
-1.338153847248462332e-23
-1.341149761819198704e-23
-1.344158476570847218e-23
-1.347179719199592257e-23
-1.350213124698251921e-23
-1.353258424458656097e-23
-1.356315256635450841e-23
-1.359383356143575129e-23
-1.362462364075198372e-23
-1.365552033804759687e-23
-1.368652082652156456e-23
-1.371762340331226562e-23
-1.374882540396539637e-23
-1.378012514777623746e-23
-1.381151998499760933e-23
-1.384300825667043307e-23
-1.387458732687607405e-23
-1.390625555922249692e-23
-1.393801033127438987e-23
-1.396985002837632726e-23
-1.400177204223315695e-23
-1.403377478033626643e-23
-1.406585564687190553e-23
-1.409801307195736233e-23
-1.413024447241726410e-23
-1.416254830114395504e-23
-1.419492198758154678e-23
-1.422736400682757170e-23
-1.425987180066216412e-23
-1.429244295951845339e-23
-1.432507041417480818e-23
-1.435774729019855608e-23
-1.439046570075681097e-23
-1.442321887314366144e-23
-1.445599901232902407e-23
-1.448879944670018634e-23
-1.452161247324753679e-23
-1.455443152010248512e-23
-1.458724897427316684e-23
-1.462005836330309257e-23
-1.465285216284067110e-23
-1.468562399877232251e-23
-1.471836643548097415e-23
-1.475107319606037803e-23
-1.478373693260244942e-23
-1.481635146407332800e-23
-1.484890953103085298e-23
-1.488140504717298428e-23
-1.491383083940976108e-23
-1.494618156121688809e-23
-1.497845333372574823e-23
-1.501064408887429829e-23
-1.504275062548753512e-23
-1.507477091355029146e-23
-1.510670178277658758e-23
-1.513854124116344627e-23
-1.517028615009019005e-23
-1.520193455829385748e-23
-1.523348335790175869e-23
-1.526493063531137031e-23
-1.529627331658574266e-23
-1.532750952756220969e-23
-1.535863622801458701e-23
-1.538965158348621250e-23
-1.542055258376511934e-23
-1.545133743746369167e-23
-1.548200316966410122e-23
-1.551254802788757163e-23
-1.554296907310611842e-23
-1.557326422858962363e-23
-1.560342876442036167e-23
-1.563345883606083026e-23
-1.566334941289733203e-23
-1.569309672274262845e-23
-1.572269580222435824e-23
-1.575214295038081308e-23
-1.578143327168382299e-23
-1.581056313763469682e-23
-1.583952772125686548e-23
-1.586832346512047460e-23
-1.589694560782627019e-23
-1.592539066525364759e-23
-1.595365394725118506e-23
-1.598173204286622437e-23
-1.600962032999665593e-23
-1.603731546653421158e-23
-1.606481290034726893e-23
-1.609210936206218964e-23
-1.611920036828800109e-23
-1.614608291755039169e-23
-1.617275355404418221e-23
-1.619921030503491959e-23
-1.622544995659134758e-23
-1.625147059507386475e-23
-1.627726906004176203e-23
-1.630284349686493411e-23
-1.632819079612901556e-23
-1.635330916120483772e-23
-1.637819553543329298e-23
-1.640284817738047056e-23
-1.642726408703619292e-23
-1.645144157759037878e-23
-1.647537770337792930e-23
-1.649907083720618087e-23
-1.652251808585240818e-23
-1.654571787760352531e-23
-1.656866737448167657e-23
-1.659136506569212802e-23
-1.661380816806854468e-23
-1.663599570428286512e-23
-1.665792733203278303e-23
-1.667960450438095771e-23
-1.670102737268985756e-23
-1.672219740878775132e-23
-1.674311477937535441e-23
-1.676378097482291900e-23
-1.678419617840213372e-23
-1.680436189732844333e-23
-1.682427833029745058e-23
-1.684394700248444355e-23
-1.686336812769694233e-23
-1.688254325421731244e-23
-1.690147260821472243e-23
-1.692015775718609795e-23
-1.693859894093109932e-23
-1.695679774849527388e-23
-1.697475443483271987e-23
-1.699247060592153409e-23
-1.700994653462642250e-23
-1.702718371257323571e-23
-1.704418175308174637e-23
-1.706094150550006092e-23
-1.707746246853505172e-23
-1.709374552126196062e-23
-1.710979019202437046e-23
-1.712559738728091968e-23
-1.714116665877062027e-23
-1.715649894387056256e-23
-1.717159381656097564e-23
-1.718645223976718230e-23
-1.720107381587888839e-23
-1.721545953530809806e-23
-1.722960902619357107e-23
-1.724352330125977832e-23
-1.725720201183594655e-23
-1.727064619894484226e-23
-1.728385553589016317e-23
-1.729683108758836464e-23
-1.730957254961202677e-23
-1.732208159199692644e-23
-1.733436083477883296e-23
-1.734641485203211018e-23
-1.735824681959654896e-23
-1.736986128992555739e-23
-1.738126141080897452e-23
-1.739245170858572568e-23
-1.740343530294210436e-23
-1.741421669966605919e-23
-1.742479899137111440e-23
-1.743518666135263379e-23
-1.744538277351417615e-23
-1.745539178576874392e-23
-1.746521673550545119e-23
-1.747486205367144823e-23
-1.748433074936061278e-23
-1.749362723155233327e-23
-1.750275447931923743e-23
-1.751171687418832738e-23
-1.752051736622889432e-23
-1.752916037583938739e-23
-1.753764915808960941e-23
-1.754598843836113849e-23
-1.755418150406927951e-23
-1.756223304581533057e-23
-1.757014631296972189e-23
-1.757792596470957555e-23
-1.758557521350870231e-23
-1.759309868699666831e-23
-1.760049956132760044e-23
-1.760778242728818603e-23
-1.761495042312544819e-23
-1.762200810507525369e-23
-1.762895857269985004e-23
-1.763580634790185866e-23
-1.764255448995337295e-23
-1.764920748437684537e-23
-1.765576835456072331e-23
-1.766224154864877543e-23
-1.766863004912202236e-23
-1.767493856396289791e-23
-1.768117154079472649e-23
-1.768733513727077987e-23
-1.769343404278450044e-23
-1.769947435224863014e-23
-1.770546069468819678e-23
-1.771139910188467517e-23
-1.771729413842787951e-23
-1.772315177714607414e-23
-1.772897651739640134e-23
-1.773477426706938801e-23
-1.774054946648114182e-23
-1.774630796076286661e-23
-1.775205412546209800e-23
-1.775779374404675650e-23
-1.776353112949478239e-23
-1.776927200203649973e-23
-1.777502061137869786e-23
-1.778078261453958910e-23
-1.778656219790308423e-23
-1.779236472688868622e-23
-1.779819317783995696e-23
-1.780405171429247077e-23
-1.780994303539956410e-23
-1.781587125619494164e-23
-1.782183903177668321e-23
-1.782785042504936275e-23
-1.783390804467663813e-23
-1.784001590328642292e-23
-1.784617656433753483e-23
-1.785239399219731153e-23
-1.785867070380605689e-23
-1.786501061196919495e-23
-1.787141618715465978e-23
-1.787789129527433185e-23
-1.788443835783675261e-23
-1.789106119298808918e-23
-1.789776216875215158e-23
-1.790454505562033675e-23
-1.791141217244531442e-23
-1.791836748825277998e-23
-1.792541451643592456e-23
-1.793255841729725485e-23
-1.793980288539777432e-23
-1.794715301482095748e-23
-1.795461243410663488e-23
-1.796218616865244163e-23
-1.796987778358742329e-23
-1.797769223780253348e-23
-1.798563302720832955e-23
-1.799370504714967487e-23
-1.800191172410390516e-23
-1.801025789202764850e-23
-1.801874690677206561e-23
-1.802738353904633749e-23
-1.803617107698929753e-23
-1.804511422769793845e-23
-1.805421621370983080e-23
-1.806348167827480645e-23
-1.807291377646231470e-23
-1.808251660704205560e-23
-1.809229084790978404e-23
-1.810223814260021814e-23
-1.811235864824725962e-23
-1.812265397820556441e-23
-1.813312425362725206e-23
-1.814377105597118824e-23
-1.815459446766555534e-23
-1.816559604059008422e-23
-1.817677581979707407e-23
-1.818813532415899448e-23
-1.819967456152984041e-23
-1.821139501736994169e-23
-1.822329666301580603e-23
-1.823538095025911301e-23
-1.824764781205377320e-23
-1.826009866696421110e-23
-1.827273341116615478e-23
-1.828555342872779226e-23
-1.829855857782278844e-23
-1.831175022451253582e-23
-1.832512826593946550e-23
-1.833869411115462628e-23
-1.835244763545473900e-23
-1.836639021167151465e-23
-1.838052167606595462e-23
-1.839484336661640943e-23
-1.840935507821048188e-23
-1.842405811657410195e-23
-1.843895223308900956e-23
-1.845403870165437240e-23
-1.846931723188362446e-23
-1.848478906458331068e-23
-1.850045386678835847e-23
-1.851631284752532636e-23
-1.853236563170256278e-23
-1.854861339623058657e-23
-1.856505572294425068e-23
-1.858169375724847729e-23
-1.859852703960413889e-23
-1.861555631309247795e-23
-1.863277923313490750e-23
-1.865019467643223796e-23
-1.866779990669330493e-23
-1.868559378912161134e-23
-1.870357356753264933e-23
-1.872173809641154982e-23
-1.874008459675507042e-23
-1.875861191441230830e-23
-1.877731724753505830e-23
-1.879619942995957063e-23
-1.881525564084818424e-23
-1.883448470109089814e-23
-1.885388376826035779e-23
-1.887345165373154962e-23
-1.889318549249320719e-23
-1.891308408580833837e-23
-1.893314454649657324e-23
-1.895336566598289300e-23
-1.897374453601006131e-23
-1.899427970988076775e-23
-1.901496712703122674e-23
-1.903580420166905072e-23
-1.905678663894368888e-23
-1.907791185270007842e-23
-1.909917554300561264e-23
-1.912057512513084773e-23
-1.914210629248288771e-23
-1.916376646205836996e-23
-1.918555131959057158e-23
-1.920745828556113860e-23
-1.922948303763826374e-23
-1.925162300077381587e-23
-1.927387384593471187e-23
-1.929623300174678411e-23
-1.931869613505620995e-23
-1.934126067526396626e-23
-1.936392228777661421e-23
-1.938667840500503978e-23
-1.940952468954231427e-23
-1.943245856072053840e-23
-1.945547559406235644e-23
-1.947857313070957603e-23
-1.950174672732321467e-23
-1.952499373316604150e-23
-1.954830970441400627e-23
-1.957169200013423276e-23
-1.959513617564400736e-23
-1.961863960028460655e-23
-1.964219783089817975e-23
-1.966580824916201437e-23
-1.968946641254128654e-23
-1.971316971733843466e-23
-1.973691372275247435e-23
-1.976069583976516472e-23
-1.978451163081276524e-23
-1.980835852226511126e-23
-1.983223208311928705e-23
-1.985612975546437623e-23
-1.988004711770910560e-23
-1.990398136658021234e-23
-1.992792678244570196e-23
-1.995187927924810818e-23
-1.997583290179765631e-23
-1.999978359438861439e-23
-2.002372542870016682e-23
-2.004765438551340323e-23
-2.007156456082712842e-23
-2.009545197373945418e-23
-2.011931074738528436e-23
-2.014313694010884895e-23
-2.016692470517100892e-23
-2.019067014105283159e-23
-2.021436743132142063e-23
-2.023801271679862678e-23
-2.026160021539992475e-23
-2.028512611072082157e-23
-2.030858465600161382e-23
-2.033197207960436855e-23
-2.035528267316483644e-23
-2.037851267503576676e-23
-2.040165623780328967e-23
-2.042470947435814655e-23
-2.044766653796758718e-23
-2.047052359892151582e-23
-2.049327485290615661e-23
-2.051591652534589277e-23
-2.053844285487649688e-23
-2.056085012609486875e-23
-2.058313262337049951e-23
-2.060528669181016549e-23
-2.062730666399828340e-23
-2.064918894729942503e-23
-2.067092792346067207e-23
-2.069252006515677737e-23
-2.071395980274971018e-23
-2.073524367676310488e-23
-2.075636617025037093e-23
-2.077732389189125733e-23
-2.079811137993757885e-23
-2.081872567055817923e-23
-2.083916314211673289e-23
-2.085942268277777675e-23
-2.087950106703309853e-23
-2.089939723829732987e-23
-2.091910801299104582e-23
-2.093863239019068669e-23
-2.095796723106988994e-23
-2.097711158992438381e-23
-2.099606237529983725e-23
-2.101481869755114245e-23
-2.103337751341985095e-23
-2.105173799182613759e-23
-2.106989713711422914e-23
-2.108785418138109153e-23
-2.110560617631406288e-23
-2.112315241850136151e-23
-2.114049000795487185e-23
-2.115761830761664419e-23
-2.117453446552571509e-23
-2.119123771732553164e-23
-2.120772427730840449e-23
-2.122399247270148869e-23
-2.124003838148231486e-23
-2.125586041046257617e-23
-2.127145470128399246e-23
-2.128681973936629422e-23
-2.130195173023432047e-23
-2.131684923968961006e-23
-2.133150853682008695e-23
-2.134592826817461831e-23
-2.136010476804378966e-23
-2.137403676528718336e-23
-2.138772065822900561e-23
-2.140115525716589134e-23
-2.141433702828354720e-23
-2.142726486156499400e-23
-2.143993529094134997e-23
-2.145234728721446074e-23
-2.146449745156718376e-23
-2.147638527601785496e-23
-2.148800963910222259e-23
-2.149937230781615084e-23
-2.151047264881425966e-23
-2.152131248424611150e-23
-2.153189122338146721e-23
-2.154221074361217277e-23
-2.155227049542139109e-23
-2.156207240897059052e-23
-2.157161597879137859e-23
-2.158090318752414040e-23
-2.158993356975169484e-23
-2.159870916450198883e-23
-2.160722954436008954e-23
-2.161549680048032695e-23
-2.162351054268498423e-23
-2.163127291459513585e-23
-2.163878356192868929e-23
-2.164604467925632054e-23
-2.165305594867532432e-23
-2.165981971055472477e-23
-2.166633618786828243e-23
-2.167260826231286239e-23
-2.167863628636647897e-23
-2.168442318036564855e-23
-2.168996932561476599e-23
-2.169527767774453323e-23
-2.170034864567329140e-23
-2.170518521992773811e-23
-2.170978783418445301e-23
-2.171415951264732097e-23
-2.171830071063754892e-23
-2.172221448734223908e-23
-2.172590131576640920e-23
-2.172936428592535601e-23
-2.173260388754574243e-23
-2.173562324173439399e-23
-2.173842285526637092e-23
-2.174100587199830819e-23
-2.174337281521427017e-23
-2.174552725552121776e-23
-2.174747173703557355e-23
-2.174921185135971829e-23
-2.175075053261406800e-23
-2.175209336601173027e-23
-2.175324327379461845e-23
-2.175420583273237587e-23
-2.175498394820466104e-23
-2.175558319035807646e-23
-2.175600644256326775e-23
-2.175625926676024411e-23
-2.175634452325314002e-23
-2.175626776395685516e-23
-2.175603182265658304e-23
-2.175564223832075173e-23
-2.175510181576570430e-23
-2.175441607936170422e-23
-2.175358780259907231e-23
-2.175262249032785104e-23
-2.175152288644351302e-23
-2.175029424631563904e-23
-2.174893813383057391e-23
-2.174745863956245343e-23
-2.174585707410264921e-23
-2.174413751648671505e-23
-2.174230125253195016e-23
-2.174035234832653748e-23
-2.173829206267768136e-23
-2.173612444556843698e-23
-2.173385072431059771e-23
-2.173147493242384140e-23
-2.172899826486765913e-23
-2.172642473439283301e-23
-2.172375550432657443e-23
-2.172099456279485738e-23
-2.171814303376982728e-23
-2.171520488296619397e-23
-2.171218119760574137e-23
-2.170907591325043269e-23
-2.170589008097475419e-23
-2.170262798707292440e-23
-2.169929255582991584e-23
-2.169588994219074947e-23
-2.169242338894155901e-23
-2.168889899265093181e-23
-2.168531993042157460e-23
-2.168169224075092584e-23
-2.167801903158586085e-23
-2.167430628244298935e-23
-2.167055703023781287e-23
-2.166677719354797981e-23
-2.166296973987468670e-23
-2.165914052106474835e-23
-2.165529243441282014e-23
-2.165143126598596989e-23
-2.164755983974665470e-23
-2.164368387487400399e-23
-2.163980612079092339e-23
-2.163593222726337755e-23
-2.163206487016891559e-23
-2.162820938450711278e-23
-2.162436715147272880e-23
-2.162054222218029678e-23
-2.161673567402786209e-23
-2.161295149501908265e-23
-2.160919070209767237e-23
-2.160545721885843895e-23
-2.160175200106370397e-23
-2.159807890867942418e-23
-2.159443883377229040e-23
-2.159083557420246708e-23
-2.158726995389505073e-23
-2.158374571006580573e-23
-2.158026359734555038e-23
-2.157682728823962871e-23
-2.157343747228695548e-23
-2.157009775467066465e-23
-2.156680875798003967e-23
-2.156357401912629900e-23
-2.156039409618599745e-23
-2.155727262716575349e-23
-2.155421095574739562e-23
-2.155121349743165226e-23
-2.154828169333590318e-23
-2.154541987746631609e-23
-2.154262941645801583e-23
-2.153991456431115851e-23
-2.153727661120507952e-23
-2.153471972867056914e-23
-2.153224513338104994e-23
-2.152985691383500800e-23
-2.152755621414687841e-23
-2.152534703913368515e-23
-2.152323045982940007e-23
-2.152121040067680017e-23
-2.151928785658731756e-23
-2.151746667300406717e-23
-2.151574776931176713e-23
-2.151413490897014820e-23
-2.151262893685152513e-23
-2.151123296932833764e-23
-2.150994493556861351e-23
-2.150876504595403856e-23
-2.150769061523371873e-23
-2.150672180655638108e-23
-2.150585588984455962e-23
-2.150509298331153226e-23
-2.150443031228550935e-23
-2.150386795115425961e-23
-2.150340307808356137e-23
-2.150303572215241774e-23
-2.150276301899895825e-23
-2.150258495400566967e-23
-2.150249861819734427e-23
-2.150250395369991946e-23
-2.150259800821639823e-23
-2.150278068114118261e-23
-2.150304897960319846e-23
-2.150340275725771022e-23
-2.150383898280154361e-23
-2.150435785030111647e-23
-2.150495822024491807e-23
-2.150564216661859271e-23
-2.150640887536971826e-23
-2.150726036221556861e-23
-2.150819575152335179e-23
-2.150921700137598004e-23
-2.151032318046062376e-23
-2.151151618534316097e-23
-2.151279503232716913e-23
-2.151416155955782943e-23
-2.151561472882383165e-23
-2.151715632482596855e-23
-2.151878525466889451e-23
-2.152050325070698434e-23
-2.152230916544764964e-23
-2.152420468183769773e-23
-2.152618860232050034e-23
-2.152826256046397643e-23
-2.153042530645103778e-23
-2.153267758580804916e-23
-2.153501389026762085e-23
-2.153743072845530773e-23
-2.153992174760636748e-23
-2.154248345720800997e-23
-2.154510950771380247e-23
-2.154779641256972887e-23
-2.155053782501310341e-23
-2.155333026709829019e-23
-2.155616739193562362e-23
-2.155904573250330741e-23
-2.156195894653798974e-23
-2.156490357911626791e-23
-2.156787329472446394e-23
-2.157086465110002219e-23
-2.157387132373333766e-23
-2.157688988453882498e-23
-2.157991402240010327e-23
-2.158294032704253649e-23
-2.158596250301601541e-23
-2.158897768301993076e-23
-2.159198221646795260e-23
-2.159497586617476413e-23
-2.159795550423024578e-23
-2.160092088811336791e-23
-2.160386888320850333e-23
-2.160679924686779244e-23
-2.160970883765059382e-23
-2.161259741447125046e-23
-2.161546183801275729e-23
-2.161830186612888808e-23
-2.162111436636614357e-23
-2.162389909776357788e-23
-2.162665293844435792e-23
-2.162937564995551084e-23
-2.163206412361600044e-23
-2.163471812716555794e-23
-2.163733456449397778e-23
-2.163991321582371557e-23
-2.164245100001299048e-23
-2.164494702381611731e-23
-2.164739479198831156e-23
-2.164979001502370725e-23
-2.165212556944025347e-23
-2.165439722401540694e-23
-2.165659791872339923e-23
-2.165872348598762380e-23
-2.166076692792470941e-23
-2.166272414798852406e-23
-2.166458821121323525e-23
-2.166635509406048455e-23
-2.166801792790456518e-23
-2.166957276625320618e-23
-2.167101280845888665e-23
-2.167233419028675101e-23
-2.167353018140722113e-23
-2.167459700374341743e-23
-2.167552799673143671e-23
-2.167631947191191991e-23
-2.167696484405292487e-23
-2.167746092100298388e-23
-2.167780322226540005e-23
-2.167799065894846456e-23
-2.167801921447849958e-23
-2.167788787016272319e-23
-2.167759266920242677e-23
-2.167713266460256054e-23
-2.167650396177106559e-23
-2.167570569005856715e-23
-2.167473401700188237e-23
-2.167358814938163158e-23
-2.167226432177992496e-23
-2.167076181844652482e-23
-2.166907694385390095e-23
-2.166720906117035397e-23
-2.166515454707736122e-23
-2.166291284413526245e-23
-2.166048040430201563e-23
-2.165785675078421396e-23
-2.165503841265752572e-23
-2.165202481516613334e-23
-2.164881166694687508e-23
-2.164539758360194254e-23
-2.164177818504881341e-23
-2.163795218389306298e-23
-2.163391529333791364e-23
-2.162966632340315669e-23
-2.162520108310985925e-23
-2.162051848099401640e-23
-2.161561442221130926e-23
-2.161048791538201090e-23
-2.160513496278289133e-23
-2.159955467286353683e-23
-2.159374314654540567e-23
-2.158769959233493489e-23
-2.158142021072917141e-23
-2.157490431086890872e-23
-2.156814819361323514e-23
-2.156115126851268714e-23
-2.155390993675649740e-23
-2.154642383565187606e-23
-2.153869010038392596e-23
-2.153070909770091891e-23
-2.152247818148204310e-23
-2.151399780939721959e-23
-2.150526542664448237e-23
-2.149628158173284968e-23
-2.148704381112802327e-23
-2.147755275280671632e-23
-2.146780603376707948e-23
-2.145780438104180692e-23
-2.144754551069893934e-23
-2.143703023782774953e-23
-2.142625636589492970e-23
-2.141522479833954951e-23
-2.140393342481820066e-23
-2.139238323437779451e-23
-2.138057220423273032e-23
-2.136850140743995576e-23
-2.135616890421642544e-23
-2.134357599632214535e-23
-2.133072155486502367e-23
-2.131760767995355110e-23
-2.130423346208821168e-23
-2.129060106468922509e-23
-2.127670964832320670e-23
-2.126256144026235652e-23
-2.124815566733289132e-23
-2.123349462166130022e-23
-2.121857759209146546e-23
-2.120340693151046505e-23
-2.118798198903388494e-23
-2.117230517576693293e-23
-2.115637590117680881e-23
-2.114019663041206725e-23
-2.112376682911827595e-23
-2.110708901586947610e-23
-2.109016271031904415e-23
-2.107299048069052313e-23
-2.105557189662938623e-23
-2.103790979642015501e-23
-2.102000489809983861e-23
-2.100186117905194428e-23
-2.098347960727216917e-23
-2.096486418267291051e-23
-2.094601589486494080e-23
-2.092693876717410671e-23
-2.090763380665017431e-23
-2.088810505438823893e-23
-2.086835353426915035e-23
-2.084838330166220519e-23
-2.082819539310133026e-23
-2.080779387817957713e-23
-2.078717980308699150e-23
-2.076635724473532921e-23
-2.074532725926270946e-23
-2.072409392666044817e-23
-2.070265830610796526e-23
-2.068102448030998789e-23
-2.065919351099026704e-23
-2.063716940859925993e-23
-2.061495289780887134e-23
-2.059254764185594565e-23
-2.056995430251118535e-23
-2.054717653845838667e-23
-2.052421501235524195e-23
-2.050107337465524730e-23
-2.047775228772989157e-23
-2.045425538852793351e-23
-2.043058333614645484e-23
-2.040673975276182971e-23
-2.038272529080417964e-23
-2.035854355331874347e-23
-2.033419518707393591e-23
-2.030968377025805985e-23
-2.028500994022387606e-23
-2.026017725187980353e-23
-2.023518632654926232e-23
-2.021004069206811668e-23
-2.018474095423019858e-23
-2.015929096535934382e-23
-2.013369307376806777e-23
-2.010795284227165567e-23
-2.008207292637533740e-23
-2.005605881958607578e-23
-2.002991312250820422e-23
-2.000364125716342691e-23
-1.997724576941846871e-23
-1.995073200888112586e-23
-1.992410246695856901e-23
-1.989736241959486560e-23
-1.987051429679275268e-23
-1.984356329820909176e-23
-1.981651179338785977e-23
-1.978936490537916588e-23
-1.976212493841052881e-23
-1.973479694010845813e-23
-1.970738314907932621e-23
-1.967988853359965380e-23
-1.965231526528248007e-23
-1.962466804736098009e-23
-1.959694806787040430e-23
-1.956915904255968627e-23
-1.954130192804493850e-23
-1.951338036903752005e-23
-1.948539527177863521e-23
-1.945735020888896369e-23
-1.942924603769712830e-23
-1.940108625956343101e-23
-1.937287167896209562e-23
-1.934460572846196069e-23
-1.931628915763131653e-23
-1.928792532897196819e-23
-1.925951493601446543e-23
-1.923106127324950180e-23
-1.920256497528089750e-23
-1.917402927197720244e-23
-1.914545473714032343e-23
-1.911684453082979496e-23
-1.908819916971363184e-23
-1.905952203199278350e-23
-1.903081501111362164e-23
-1.900208283920590827e-23
-1.897332761350170235e-23
-1.894455397052592368e-23
-1.891576392288081257e-23
-1.888696201175744213e-23
-1.885815016556924129e-23
-1.882933283104172420e-23
-1.880051184772496705e-23
-1.877169157567430692e-23
-1.874287376451694718e-23
-1.871406269380325708e-23
-1.868526002218924076e-23
-1.865646994372997053e-23
-1.862769402809671332e-23
-1.859893638264186780e-23
-1.857019849662991626e-23
-1.854148438802816146e-23
-1.851279546440751676e-23
-1.848413530252801826e-23
-1.845550343752519054e-23
-1.842690159223761704e-23
-1.839832889413159969e-23
-1.836978701860792154e-23
-1.834127504710358203e-23
-1.831279460652701608e-23
-1.828434473573718085e-23
-1.825592701571791300e-23
-1.822754044295559210e-23
-1.819918655318002314e-23
-1.817086430159492646e-23
-1.814257517780967731e-23
-1.811431810070156478e-23
-1.808609451667011421e-23
-1.805790330723500164e-23
-1.802974587635821404e-23
-1.800162107326716057e-23
-1.797353025632944983e-23
-1.794547224278463600e-23
-1.791744859411743782e-23
-1.788945930582712545e-23
-1.786150710166987935e-23
-1.783359216837826980e-23
-1.780571716996422961e-23
-1.777788223922432539e-23
-1.775008998610169356e-23
-1.772234049306710762e-23
-1.769463631436568424e-23
-1.766697748550226050e-23
-1.763936650786197341e-23
-1.761180337280999411e-23
-1.758429052865406049e-23
-1.755682792433686930e-23
-1.752941796080388943e-23
-1.750206054228784590e-23
-1.747475802441656408e-23
-1.744751027310500920e-23
-1.742031959636171578e-23
-1.739318582305276781e-23
-1.736611086020246946e-23
-1.733909269953791732e-23
-1.731213142370864227e-23
-1.728522466659730100e-23
-1.725837250477911613e-23
-1.723157257783865893e-23
-1.720482496137412520e-23
-1.717812729797389748e-23
-1.715147966303922041e-23
-1.712487970582879571e-23
-1.709832750293495238e-23
-1.707182071495303304e-23
-1.704535942037115695e-23
-1.701894129131460887e-23
-1.699256640947677553e-23
-1.696623246006849190e-23
-1.693993953597159399e-23
-1.691368533129641993e-23
-1.688746994960392209e-23
-1.686129110025575784e-23
-1.683514895771160468e-23
-1.680904155971040854e-23
-1.678296939523863236e-23
-1.675693057882079937e-23
-1.673092560726044522e-23
-1.670495260923288811e-23
-1.667901209417286769e-23
-1.665310220213286235e-23
-1.662722345600138850e-23
-1.660137401393840116e-23
-1.657555440861980016e-23
-1.654976282133541959e-23
-1.652399979838418960e-23
-1.649826353806696092e-23
-1.647255460616764629e-23
-1.644687122332776917e-23
-1.642121397136745087e-23
-1.639558109387968032e-23
-1.636997319113371288e-23
-1.634438853296486994e-23
-1.631882764555114485e-23
-1.629328836568459162e-23
-1.626777077898789259e-23
-1.624227266893084717e-23
-1.621679415186958736e-23
-1.619133304836482364e-23
-1.616588950720939961e-23
-1.614046138730906288e-23
-1.611504887170594862e-23
-1.608964985783519144e-23
-1.606426456152389595e-23
-1.603889092230717427e-23
-1.601352918932103003e-23
-1.598817734476744976e-23
-1.596283567186274837e-23
-1.593750219600718074e-23
-1.591217723487459514e-23
-1.588685885806753975e-23
-1.586154741840380554e-23
-1.583624103036217139e-23
-1.581093990150732436e-23
-1.578564129660732922e-23
-1.576034457088370982e-23
-1.573504687348778488e-23
-1.570974761392497833e-23
-1.568444400704231978e-23
-1.565913551626315775e-23
-1.563381942180925815e-23
-1.560849524198028638e-23
-1.558316032201639352e-23
-1.555781423478815080e-23
-1.553245439089264861e-23
-1.550708041762310477e-23
-1.548168979035563774e-23
-1.545628219114823666e-23
-1.543085515977581383e-23
-1.540540843290250259e-23
-1.537993961429861471e-23
-1.535444849441432647e-23
-1.532893274140589535e-23
-1.530339229214932759e-23
-1.527782534124790647e-23
-1.525223233705474349e-23
-1.522661162082230464e-23
-1.520096368251396801e-23
-1.517528691551338157e-23
-1.514958185150434556e-23
-1.512384693517944636e-23
-1.509808273916796171e-23
-1.507228775861273243e-23
-1.504646260593203894e-23
-1.502060582611201002e-23
-1.499471807078535589e-23
-1.496879793350592323e-23
-1.494284610424088878e-23
-1.491686122438636078e-23
-1.489084402061730988e-23
-1.486479318195309952e-23
-1.483870947009215488e-23
-1.481259162064222756e-23
-1.478644036849052098e-23
-1.476025419113321959e-23
-1.473403355548288323e-23
-1.470777692893805586e-23
-1.468148481689940387e-23
-1.465515573672675825e-23
-1.462879023043493063e-23
-1.460238686353698763e-23
-1.457594621370624151e-23
-1.454946689362289586e-23
-1.452294951493142371e-23
-1.449639273601558110e-23
-1.446979720081053862e-23
-1.444316161204649946e-23
-1.441648664469273127e-23
-1.438977104363247658e-23
-1.436301551379496862e-23
-1.433621884117883925e-23
-1.430938175846564717e-23
-1.428250309092014057e-23
-1.425558364045281061e-23
-1.422862248137973237e-23
-1.420162064999572825e-23
-1.417457729466776884e-23
-1.414749346969319915e-23
-1.412036835294416833e-23
-1.409320301573423076e-23
-1.406599666394682540e-23
-1.403875038383329800e-23
-1.401146340788216871e-23
-1.398413683573153335e-23
-1.395676992481175692e-23
-1.392936378664487456e-23
-1.390191770192889829e-23
-1.387443279268892877e-23
-1.384690836092650623e-23
-1.381934553762711041e-23
-1.379174364486146132e-23
-1.376410382102082356e-23
-1.373642540671356003e-23
-1.370870956799981835e-23
-1.368095577190419739e-23
-1.365316529719652569e-23
-1.362533764604784570e-23
-1.359747409739613159e-23
-1.356957416484514869e-23
-1.354163912626635396e-23
-1.351366850508619036e-23
-1.348566357693881412e-23
-1.345762387382069792e-23
-1.342955066750050528e-23
-1.340144349735685750e-23
-1.337330363022453036e-23
-1.334513061123295446e-23
-1.331692570101563214e-23
-1.328868844979511715e-23
-1.326042011052327666e-23
-1.323212023715418600e-23
-1.320379007423411373e-23
-1.317542917786530554e-23
-1.314703891527926746e-23
-1.311861950125597520e-23
-1.309017294271577900e-23
-1.306169957109990227e-23
-1.303320136661274143e-23
-1.300467864402614308e-23
-1.297613335585521551e-23
-1.294756579955398173e-23
-1.291897789960062122e-23
-1.289036993499472000e-23
-1.286174380130019264e-23
-1.283309975907535222e-23
-1.280443967449685888e-23
-1.277576378868909042e-23
-1.274707393815179601e-23
-1.271837034405789061e-23
-1.268965481282038075e-23
-1.266092754532237160e-23
-1.263219031738862883e-23
-1.260344330942849911e-23
-1.257468823564042821e-23
-1.254592510347780558e-23
-1.251715544513949952e-23
-1.248837922043304539e-23
-1.245959793375561231e-23
-1.243081152758102379e-23
-1.240202147848855734e-23
-1.237322771143137692e-23
-1.234443167555168451e-23
-1.231563327864015325e-23
-1.228683394154284806e-23
-1.225803355461823259e-23
-1.222923351113594138e-23
-1.220043368388850732e-23
-1.217163543819974280e-23
-1.214283863014446464e-23
-1.211404459713313467e-23
-1.208525317859724623e-23
-1.205646568395986913e-23
-1.202768193635248521e-23
-1.199890336905851115e-23
-1.197013054112321933e-23
-1.194136560264531048e-23
-1.191260923020338779e-23
-1.188386352948424157e-23
-1.185512914313587464e-23
-1.182640813298889654e-23
-1.179770110810828725e-23
-1.176901008738215055e-23
-1.174033564705054487e-23
-1.171167976364049271e-23
-1.168304298135181019e-23
-1.165442723519362796e-23
-1.162583303802106861e-23
-1.159726228416590089e-23
-1.156871545571209225e-23
-1.154019440715035640e-23
-1.151169959050886012e-23
-1.148323282177052839e-23
-1.145479452354365795e-23
-1.142638642599371206e-23
-1.139800868764005212e-23
-1.136966276677528080e-23
-1.134134875261921802e-23
-1.131306807293345748e-23
-1.128482079631180470e-23
-1.125660832062545501e-23
-1.122843069455617277e-23
-1.120028928676167808e-23
-1.117218412694042575e-23
-1.114411655536161966e-23
-1.111608658347807627e-23
-1.108809552412715340e-23
-1.106014337099530176e-23
-1.103223141054401936e-23
-1.100435961948159682e-23
-1.097652925876234506e-23
-1.094874028880906788e-23
-1.092099394581478582e-23
-1.089329017503542509e-23
-1.086563026648085155e-23
-1.083801453877984539e-23
-1.081044464223593274e-23
-1.078292095051923980e-23
-1.075544508231684986e-23
-1.072801738920053280e-23
-1.070063945919248145e-23
-1.067331162218426504e-23
-1.064603543627623062e-23
-1.061881121101423698e-23
-1.059164047560834491e-23
-1.056452351967693925e-23
-1.053746184435179218e-23
-1.051045572002350706e-23
-1.048350662060592943e-23
-1.045661479830930685e-23
-1.042978170062716787e-23
-1.040300756197547040e-23
-1.037629380429592971e-23
-1.034964064487894841e-23
-1.032304947118647101e-23
-1.029652043787048985e-23
-1.027005486230502598e-23
-1.024365287511156414e-23
-1.021731577100761493e-23
-1.019104366640833191e-23
-1.016483783433213334e-23
-1.013869837782002549e-23
-1.011262654782680171e-23
-1.008662243401277789e-23
-1.006068726660345846e-23
-1.003482112253073747e-23
-1.000902521157585698e-23
-9.983299598271643637e-24
-9.957645472272792646e-24
-9.932062886196726299e-24
-9.906553009853796811e-24
-9.881115884163075674e-24
-9.855752659809545609e-24
-9.830463366122645840e-24
-9.805249085964862995e-24
-9.780109593691451817e-24
-9.755045711745632130e-24
-9.730057159947102900e-24
-9.705144747671289580e-24
-9.680308189214763337e-24
-9.655548281059814607e-24
-9.630864732605011719e-24
-9.606258328005196178e-24
-9.581728772137195988e-24
-9.557276836631871354e-24
-9.532902221182712348e-24
-9.508605684709719254e-24
-9.484386921732643593e-24
-9.460246678709674776e-24
-9.436184644995616999e-24
-9.412201554463266141e-24
-9.388297091346658563e-24
-9.364471977099909627e-24
-9.340725890439790673e-24
-9.317059548018662230e-24
-9.293472662070581895e-24
-9.269965974761975409e-24
-9.246539199663405118e-24
-9.223193065575563060e-24
-9.199927279416092656e-24
-9.176742556287710515e-24
-9.153638596475794564e-24
-9.130616101558691810e-24
-9.107674765097116423e-24
-9.084815274901314398e-24
-9.062037317697793299e-24
-9.039341567470367142e-24
-9.016727703941830600e-24
-8.994196387254826479e-24
-8.971747290105972862e-24
-8.949381058842434282e-24
-8.927097359273508974e-24
-8.904896824009203879e-24
-8.882779112125882401e-24
-8.860744842998554792e-24
-8.838793669034021997e-24
-8.816926196573705309e-24
-8.795142071200076160e-24
-8.773441885755228675e-24
-8.751825279252911609e-24
-8.730292831381196328e-24
-8.708844175575980115e-24
-8.687479879785751602e-24
-8.666199570273494524e-24
-8.645003802049671836e-24
-8.623892195625789414e-24
-8.602865298091749929e-24
-8.581922734288496053e-24
-8.561065047751641087e-24
-8.540291850616723541e-24
-8.519603640410859004e-24
-8.498999980005375940e-24
-8.478481361526883830e-24
