0.000000000000000000e+00
0.000000000000000000e+00
7.235032673858978510e-13
1.459791925194636379e-13
5.114876218949748820e-14
2.291283640110858707e-14
1.187820066362925034e-14
6.791215259684209518e-15
4.168180666774121056e-15
2.703132062564598863e-15
1.830732552406691959e-15
1.281116323895320476e-15
9.247426278922776856e-16
6.858883252731838079e-16
5.203116444852922878e-16
4.020851562037768692e-16
3.155484212421418687e-16
2.508896607487033319e-16
2.017392060143290326e-16
1.638285662093937335e-16
1.342178173134861287e-16
1.108342729012473332e-16
9.221193041505870540e-17
7.732547035675317971e-17
6.535827352538560683e-17
5.566425536524673996e-17
4.774503942147125244e-17
4.121987809551576728e-17
3.579826344511058070e-17
3.125777781664418942e-17
2.742708134056107605e-17
2.417316235963502164e-17
2.139188290023336990e-17
1.900099128251453625e-17
1.693494947724694695e-17
1.514108854363806938e-17
1.357673303849844482e-17
1.220703532741700499e-17
1.100333122136243976e-17
9.941881567575712571e-18
9.002900887247820735e-18
8.169801616184595349e-18
7.428746957962179920e-18
6.768421590667109182e-18
6.178998871663771249e-18
5.651849473003135205e-18
5.179433305335225879e-18
4.755181380855338918e-18
4.373379182159884893e-18
4.029057656985878108e-18
3.717894510514052603e-18
3.436126667045767460e-18
3.180473635448612639e-18
2.948071033207267781e-18
2.736413246839174578e-18
2.543304195008221282e-18
2.366815119634260303e-18
2.205248457511161469e-18
2.057106915275524947e-18
1.921066986630707065e-18
1.795956266618901967e-18
1.680733988414921639e-18
1.574478667378154038e-18
1.476382637412163497e-18
1.385721184317273106e-18
1.301839718076391261e-18
1.224147044084844261e-18
1.152109121592171533e-18
1.085243351140801217e-18
1.023113367490955715e-18
9.653243370159909440e-19
9.115187123718960540e-19
8.613724254776772489e-19
8.145914692950947560e-19
7.709088434897007869e-19
7.300818196781779752e-19
6.918895001402029582e-19
6.561306354523746316e-19
6.226216769110673651e-19
5.911950351544057579e-19
5.616975254260837265e-19
5.339889762338435316e-19
5.079413077611626717e-19
4.834381475790106726e-19
4.603725339261818742e-19
4.386457883615330673e-19
4.181668380925658395e-19
3.988515897136614372e-19
3.806223554556887102e-19
3.634073247484153134e-19
3.471400818021169165e-19
3.317591620626587899e-19
3.172076482369660548e-19
3.034327989385436166e-19
2.903857110529219377e-19
2.780210094432910471e-19
2.662965649807371799e-19
2.551732350779251813e-19
2.446146281527038103e-19
2.345868866806798341e-19
2.250584902800838668e-19
2.160000739655322482e-19
2.073843139260204042e-19
1.991858974632480468e-19
1.913811875764419753e-19
1.839480524922189694e-19
1.768657634806082871e-19
1.701148982240648311e-19
1.636772523179045974e-19
1.575357555278313356e-19
1.516743952181068348e-19
1.460781440223552454e-19
1.407328936355390604e-19
1.356253924527353975e-19
1.307431885200361854e-19
1.260745757340572174e-19
1.216085445474044467e-19
1.173347356409538211e-19
1.132433974929991478e-19
1.093253460713592754e-19
1.055719284237459576e-19
1.019749880875142215e-19
9.852685109744334467e-20
9.522034082098252758e-20
9.204868352079072727e-20
8.900546620419145536e-20
8.608461680936772164e-20
8.328038463785663512e-20
8.058732265820615920e-20
7.800026999663134690e-20
7.551433610639025923e-20
7.312488520809661468e-20
7.082752217661369493e-20
6.861807871648955817e-20
6.649260088082179622e-20
6.444733672959535767e-20
6.247872533173052285e-20
6.058338580560800997e-20
5.875810753789972407e-20
5.699984046389815651e-20
5.530568644132584106e-20
5.367289064763907277e-20
5.209884200254904197e-20
5.058108615842467161e-20
4.911728919126465741e-20
4.770522334600051286e-20
4.634276229327999241e-20
4.502787624001892709e-20
4.375862758136952919e-20
4.253316639388541510e-20
4.134972648566675376e-20
4.020662118733127708e-20
3.910223979886166580e-20
3.803504378027688652e-20
3.700356345929524580e-20
3.600639455016479802e-20
3.504219523426370262e-20
3.410968296753086698e-20
3.320763183357310698e-20
3.233486966296969660e-20
3.149027562645299147e-20
3.067277763155757336e-20
2.988135438201217440e-20
2.911504412061698394e-20
2.837292744382120457e-20
2.765412107365476411e-20
2.695777664938911041e-20
2.628307924970361906e-20
2.562924625328575765e-20
2.499552591660934959e-20
2.438119630858706675e-20
2.378556397949326766e-20
2.320796294697966958e-20
2.264775346428642651e-20
2.210432108152179230e-20
2.157707547227991611e-20
2.106544958265696943e-20
2.056889854417675054e-20
2.008689887876905439e-20
1.961894748918494506e-20
1.916456094216965384e-20
1.872327453038500940e-20
1.829464336756485484e-20
1.787824621538372938e-20
1.747367864047076459e-20
1.708055049739056451e-20
1.669848554810965867e-20
1.632712090192920414e-20
1.596610664413561156e-20
1.561510529913764568e-20
1.527379147795875201e-20
1.494185136703144120e-20
1.461898239335744104e-20
1.430489274280656316e-20
1.399930104412969003e-20
1.370193591448858178e-20
1.341253566412373361e-20
1.313084786971043224e-20
1.285662909827310532e-20
1.258964450807107188e-20
1.232966759221510242e-20
1.207647980525680496e-20
1.182987113614162360e-20
1.158964194281383915e-20
1.135559990509746478e-20
1.112755889686290906e-20
1.090533885652142500e-20
1.068876554223275764e-20
1.047767040816815943e-20
1.027189036752955252e-20
1.007126767459461771e-20
9.875649697520855929e-21
9.684888806106074413e-21
9.498842155684686748e-21
9.317371580953327087e-21
9.140343390201985168e-21
8.967628264657164577e-21
8.799101064940256473e-21
8.634640738307049746e-21
8.474130132676992520e-21
8.317455912042119480e-21
8.164508378829901020e-21
8.015181601398124884e-21
7.869373800375189656e-21
7.726986575739360340e-21
7.587924545763921848e-21
7.452095295824974041e-21
7.319409240783734401e-21
7.189779581847685869e-21
7.063122173707558193e-21
6.939355481546620401e-21
6.818400458466318453e-21
6.700180504843978982e-21
6.584621350691800006e-21
6.471651018458993855e-21
6.361199710374025320e-21
6.253199777212851463e-21
6.147585611329076374e-21
6.044293615625401420e-21
5.943262103131862821e-21
5.844431269588175600e-21
5.747743098617741803e-21
5.653141281776267943e-21
5.560570977327204561e-21
5.469978975313829948e-21
5.381313668042677272e-21
5.294525025824542063e-21
5.209564513405584060e-21
5.126385070577172871e-21
5.044941030096789157e-21
4.965188104520996825e-21
4.887083307129186472e-21
4.810584940329654675e-21
4.735652522254480629e-21
4.662246776414282865e-21
4.590329561301460902e-21
4.519863863462286701e-21
4.450813730437606872e-21
4.383144264854058008e-21
4.316821562598208921e-21
4.251812706253985960e-21
4.188085707564130901e-21
4.125609398232317322e-21
4.064353083048231129e-21
4.004286892691449565e-21
3.945381837197572845e-21
3.887609799051645283e-21
3.830943477424048428e-21
3.775356384100357327e-21
3.720822790105855491e-21
3.667317723604728253e-21
3.614816920796532593e-21
3.563296823484578929e-21
3.512734532814993043e-21
3.463107809310820835e-21
3.414395028206092023e-21
3.366575180437235076e-21
3.319627831562289976e-21
3.273533122507833121e-21
3.228271730697773392e-21
3.183824872439736586e-21
3.140174265936463274e-21
3.097302024050883745e-21
3.055190315405584447e-21
3.013821735038439348e-21
2.973179379953272284e-21
2.933246850332558252e-21
2.894008211517396997e-21
2.855447996061487212e-21
2.817551167523055641e-21
2.780303124338326884e-21
2.743689665260339278e-21
2.707696992086557094e-21
2.672311679694351942e-21
2.637520682149386382e-21
2.603311297463349123e-21
2.569671177435565375e-21
2.536588294224471690e-21
2.504050951853042082e-21
2.472047752948712896e-21
2.440567607226487316e-21
2.409599707473822384e-21
2.379133421151553774e-21
2.349157948516675003e-21
2.319662706352823559e-21
2.290637416924199924e-21
2.262072114500928181e-21
2.233957117334965624e-21
2.206283030935965526e-21
2.179040716932116942e-21
2.152221308549563262e-21
2.125816178656858742e-21
2.099816945080134541e-21
2.074215450594898785e-21
2.049003767050007414e-21
2.024174171143625412e-21
1.999719157521295804e-21
1.975631408855611372e-21
1.951903809302425366e-21
1.928529418877357942e-21
1.905501484068014712e-21
1.882813417590988115e-21
1.860458749679260176e-21
1.838430954899147578e-21
1.816723642924923708e-21
1.795330593937571274e-21
1.774245770957706418e-21
1.753463291300673990e-21
1.732977439438268452e-21
1.712782646019647829e-21
1.692873496990948849e-21
1.673244713316551774e-21
1.653891159240197410e-21
1.634807823915714053e-21
1.615989831192402911e-21
1.597432420621110178e-21
1.579130959669258466e-21
1.561080921911846512e-21
1.543277898279111200e-21
1.525717580391785274e-21
1.508395768596812256e-21
1.491308356869842821e-21
1.474451310975334606e-21
1.457820554654844225e-21
1.441412091508153964e-21
1.425222023192949199e-21
1.409246556978721140e-21
1.393481988845022872e-21
1.377924716057310032e-21
1.362571217777955935e-21
1.347418065961083428e-21
1.332461910151354243e-21
1.317699486560962220e-21
1.303127602506358746e-21
1.288743146391292562e-21
1.274543073487952615e-21
1.260524415812249258e-21
1.246684265897649847e-21
1.233019789134603237e-21
1.219528208725679300e-21
1.206206815523653731e-21
1.193052953464698921e-21
1.180064003698952174e-21
1.167237295468587892e-21
1.154570203147088601e-21
1.142060161521210928e-21
1.129704672410613892e-21
1.117501292204467337e-21
1.105447641256858158e-21
1.093541390420401133e-21
1.081780269072788747e-21
1.070162054099307145e-21
1.058684578427831841e-21
1.047345718449892955e-21
1.036143403125220137e-21
1.025075601753749844e-21
1.014140332439948089e-21
1.003335651387594475e-21
9.926596612752238381e-22
9.821104996649543029e-22
9.716863479031538995e-22
9.613854198237092682e-22
9.512059769248625630e-22
9.411463306203707787e-22
9.312048344182626808e-22
9.213798688497079961e-22
9.116698481455859010e-22
9.020732114154298397e-22
8.925884313224552740e-22
8.832140038444631609e-22
8.739484573776284209e-22
8.647903402773820869e-22
8.557382318593472211e-22
8.467907306361358192e-22
8.379464647103552534e-22
8.292040815689318065e-22
8.205622560530483226e-22
8.120196812793445853e-22
8.035750765149346462e-22
7.952271782710114116e-22
7.869747480874501170e-22
7.788165637942191527e-22
7.707514271782617291e-22
7.627781554490236781e-22
7.548955883696609326e-22
7.471025807407111341e-22
7.393980097453627703e-22
7.317807656931554368e-22
7.242497603920733833e-22
7.168039184788963549e-22
7.094421848932810945e-22
7.021635171243995918e-22
6.949668921894259609e-22
6.878512986928117982e-22
6.808157440550578127e-22
6.738592470537046061e-22
6.669808439521395076e-22
6.601795821602339687e-22
6.534545262891510535e-22
6.468047518820037405e-22
6.402293504491374488e-22
6.337274230280307643e-22
6.272980946531310781e-22
6.209405291461095788e-22
6.146539106394731133e-22
6.084374292250535275e-22
6.022902872172979200e-22
5.962116922307354835e-22
5.902008641994664719e-22
5.842570285554461140e-22
5.783794223009161501e-22
5.725672878634891168e-22
5.668198795914883319e-22
5.611364571435245674e-22
5.555162911322727561e-22
5.499586574075802890e-22
5.444628428487753318e-22
5.390281394930499732e-22
5.336538504690119938e-22
5.283392839602437690e-22
5.230837583462984130e-22
5.178865972074923004e-22
5.127471419765529047e-22
5.076647670978022218e-22
5.026388618680679412e-22
4.976688173630703744e-22
4.927540324743920538e-22
4.878939078007712872e-22
4.830878514250022829e-22
4.783352737038675228e-22
4.736355923454664981e-22
4.689882272424705035e-22
4.643926059153956484e-22
4.598481579727788773e-22
4.553543206962350660e-22
4.509105337423080040e-22
4.465162442769593770e-22
4.421709017356820458e-22
4.378739632625505874e-22
4.336248881681346302e-22
4.294231432895734781e-22
4.252681980604121200e-22
4.211595337174000082e-22
4.170966512811431987e-22
4.130790622022349144e-22
4.091062785228521318e-22
4.051778183955757804e-22
4.012932009164403898e-22
3.974519510603985717e-22
3.936535949082192498e-22
3.898976646769642003e-22
3.861836935099241395e-22
3.825112207703784453e-22
3.788797870319600843e-22
3.752889389975241361e-22
3.717382246942104856e-22
3.682271984710361442e-22
3.647554158135738007e-22
3.613224385592062935e-22
3.579278300613478577e-22
3.545711597544013460e-22
3.512519985394191487e-22
3.479699283981914855e-22
3.447245515449059420e-22
3.415154796915937598e-22
3.383423244969360403e-22
3.352047021255139876e-22
3.321022287556845180e-22
3.290345251998581729e-22
3.260012126491051850e-22
3.230019168866749180e-22
3.200362640671325493e-22
3.171038851257158688e-22
3.142044115230027525e-22
3.113374796364151173e-22
3.085027263476711256e-22
3.056997934263066866e-22
3.029283233436808752e-22
3.001879634325445539e-22
2.974783619800693592e-22
2.947991720341389876e-22
2.921500476722315255e-22
2.895306476281390680e-22
2.869406310503399055e-22
2.843796619650210116e-22
2.818474054624833644e-22
2.793435315027874625e-22
2.768677111721724995e-22
2.744196205051704629e-22
2.719989366334552559e-22
2.696053416275178683e-22
2.672385187194220261e-22
2.648981560347937489e-22
2.625839428953012367e-22
2.602955734596013551e-22
2.580327431101843286e-22
2.557951520258796535e-22
2.535825016188035104e-22
2.513944980624254894e-22
2.492308487705392676e-22
2.470912658852199155e-22
2.449754627914246068e-22
2.428831584988848385e-22
2.408140769159062860e-22
2.387679472411764927e-22
2.367444996290382331e-22
2.347434685351650775e-22
2.327645893750519670e-22
2.308076018356974567e-22
2.288722465773440664e-22
2.269582684927116586e-22
2.250654134471613141e-22
2.231934315340764267e-22
2.213420738057657523e-22
2.195110954960988986e-22
2.177002528081307854e-22
2.159093060789333274e-22
2.141380166149020370e-22
2.123861498235273982e-22
2.106534720619891397e-22
2.089397537529284025e-22
2.072447662599000367e-22
2.055682829298752360e-22
2.039100701433644003e-22
2.022698967712692114e-22
2.006475332292951820e-22
1.990427544214873820e-22
1.974553367489006867e-22
1.958850610050914272e-22
1.943317094020510429e-22
1.927950684559566213e-22
1.912749260433320589e-22
1.897710742527613155e-22
1.882833064689708107e-22
1.868114202889715468e-22
1.853552144657347939e-22
1.839144918271775696e-22
1.824890563952858163e-22
1.810787161708194464e-22
1.796832802586648171e-22
1.783025616917791644e-22
1.769363746347245717e-22
1.755845360690401428e-22
1.742468602882203194e-22
1.729231646334499228e-22
1.716132676547328961e-22
1.703169919321575516e-22
1.690341611838197085e-22
1.677646030056539700e-22
1.665081460663814116e-22
1.652646228143487288e-22
1.640338667571364859e-22
1.628157150832546919e-22
1.616100059802299171e-22
1.604165812703438183e-22
1.592352836647520857e-22
1.580659594228496760e-22
1.569084557215186869e-22
1.557626231102656469e-22
1.546283130425298353e-22
1.535053802611103009e-22
1.523936803550052140e-22
1.512930701034417061e-22
1.502033990209552043e-22
1.491245182689962820e-22
1.480562802622707894e-22
1.469985411042410744e-22
1.459511581377827045e-22
1.449139922040813443e-22
1.438869053326129703e-22
1.428697629464283554e-22
1.418624315701008798e-22
1.408647810207172387e-22
1.398766821736631020e-22
1.388980090991011180e-22
1.379286367703430309e-22
1.369684434136899006e-22
1.360173080445895963e-22
1.350751128402095956e-22
1.341417407300190202e-22
1.332170776110281696e-22
1.323010101346610215e-22
1.313934267989722024e-22
1.304942125884848596e-22
1.296032545571952262e-22
1.287204406250275902e-22
1.278456617864551837e-22
1.269788098553089347e-22
1.261197796270696553e-22
1.252684666404091795e-22
1.244247693597775328e-22
1.235885869196752107e-22
1.227598212931153030e-22
1.219383750242627273e-22
1.211241535075707220e-22
1.203170626421940101e-22
1.195170110347971764e-22
1.187239077654096093e-22
1.179376645160132819e-22
1.171581934118599181e-22
1.163854091092676609e-22
1.156192267091617172e-22
1.148595622772837873e-22
1.141063262088439554e-22
1.133594302185221450e-22
1.126187867116272126e-22
1.118843108235753912e-22
1.111559182781603188e-22
1.104335275000900307e-22
1.097170574592817004e-22
1.090064297425923096e-22
1.083015663879242507e-22
1.076023919700796323e-22
1.069088315064244292e-22
1.062208124201223175e-22
1.055382625707592342e-22
1.048611121500089032e-22
1.041892916771983589e-22
1.035227340101023407e-22
1.028613722565578902e-22
1.022051418178950176e-22
1.015539782961196857e-22
1.009078193691392985e-22
1.002666025454650010e-22
9.963026734661140412e-23
9.899875352328090973e-23
9.837200290481332435e-23
9.774995745658768688e-23
9.713256118757916579e-23
9.651975819988309999e-23
9.591149460667339879e-23
9.530771657188077135e-23
9.470837217223639868e-23
9.411340951818913016e-23
9.352277865079486349e-23
9.293642958262008599e-23
9.235431418625911341e-23
9.177638426927841947e-23
9.120259345364357705e-23
9.063289528399361334e-23
9.006724507364642490e-23
8.950559804814519264e-23
8.894791047194090569e-23
8.839413576698175546e-23
8.784422850358826757e-23
8.729814328714985501e-23
8.675583652068043167e-23
8.621726456442394916e-23
8.568238554826379545e-23
8.515115752565211630e-23
8.462354025279159740e-23
8.409949341683092022e-23
8.357897834399104920e-23
8.306195626039934620e-23
8.254838998964053448e-23
8.203824222541246601e-23
8.153147725734475060e-23
8.102805919614328668e-23
8.052795369333170224e-23
8.003112621157941989e-23
7.953754370174926054e-23
7.904717289868465899e-23
7.855998200376049720e-23
7.807593888011137437e-23
7.759501279497340789e-23
7.711717275611201497e-23
7.664238920254957864e-23
7.617063229221585622e-23
7.570187354897150589e-23
7.523608419540386123e-23
7.477323684031200769e-23
7.431330372237005151e-23
7.385625845430923923e-23
7.340207427631295623e-23
7.295072574367360172e-23
7.250218703760810007e-23
7.205643361305498489e-23
7.161344055061670782e-23
7.117318417966070308e-23
7.073564045522577555e-23
7.030078654163016388e-23
6.986859918374539462e-23
6.943905676239744307e-23
6.901213886651655311e-23
6.858782659666304413e-23
6.816610051713222227e-23
6.774694227595867567e-23
6.733033296409502047e-23
6.691625474109337531e-23
6.650468920358841549e-23
6.609561898782843836e-23
6.568902619022253170e-23
6.528489391871679330e-23
6.488320470904054179e-23
6.448394212187447123e-23
6.408708912928612530e-23
6.369262971371940989e-23
6.330054726698538138e-23
6.291082616397867769e-23
6.252345020017285833e-23
6.213840415472562441e-23
6.175567221109643432e-23
6.137523980480191254e-23
6.099709298556718896e-23
6.062121897064110500e-23
6.024760433745399500e-23
5.987623651295790846e-23
5.950710223704485674e-23
5.914018914135707251e-23
5.877548419768098090e-23
5.841297521363967582e-23
5.805264933918539381e-23
5.769449456625732062e-23
5.733849820804162259e-23
5.698464842544359598e-23
5.663293271549061101e-23
5.628333940443043672e-23
5.593585614688798357e-23
5.559047140937954063e-23
5.524717299139133585e-23
5.490594950870099224e-23
5.456678892557396069e-23
5.422968013142918404e-23
5.389461184347888007e-23
5.356157365251361471e-23
5.323055448087916183e-23
5.290154401248370109e-23
5.257453124818088274e-23
5.224950594487380013e-23
5.192645718401986869e-23
5.160537479734640563e-23
5.128624793855322384e-23
5.096906649619422893e-23
5.065381968844197800e-23
5.034049747321960141e-23
5.002908913606957089e-23
4.971958468678220626e-23
4.941197349051438962e-23
4.910624560241981399e-23
4.880239045036882553e-23
4.850039816648033955e-23
4.820025823445868553e-23
4.790196124873490333e-23
4.760549877859651153e-23
4.731086340401163824e-23
4.701804701734169800e-23
4.672704210298587040e-23
4.643784043325786851e-23
4.615043438141380465e-23
4.586481562958065587e-23
4.558097646878551905e-23
4.529890849278809474e-23
4.501860389483835933e-23
4.474005419128396808e-23
4.446325148855822136e-23
4.418818722757573853e-23
4.391485342994232725e-23
4.364324147137896725e-23
4.337334330704556656e-23
4.310515024072110504e-23
4.283865416298656998e-23
4.257384633943613572e-23
4.231071899141282409e-23
4.204926530685685375e-23
4.178947937197564648e-23
4.153135457432644080e-23
4.127488480159401798e-23
4.102006324918266843e-23
4.076688361476610529e-23
4.051533892507182116e-23
4.026542271104976235e-23
4.001712782349021221e-23
3.977044761931426996e-23
3.952537480341135297e-23
3.928190256656285565e-23
3.904002346729747605e-23
3.879973056614461694e-23
3.856101628901105886e-23
3.832387356537967872e-23
3.808829470138006623e-23
3.785427249470114021e-23
3.762179914471029070e-23
3.739086723150002485e-23
3.716146830162559315e-23
3.693359430941585849e-23
3.670723663989541524e-23
3.648238719275356865e-23
3.625903731427126579e-23
3.603717885840834278e-23
3.581680312845374527e-23
3.559790194768988081e-23
3.538046659156695607e-23
3.516448884768379585e-23
3.494995996549780535e-23
3.473687171138566358e-23
3.452521532224495362e-23
3.431498254457148891e-23
3.410616460977928304e-23
3.389875325164785138e-23
3.369273969080182685e-23
3.348811565517573198e-23
3.328487236714183651e-23
3.308300196848652745e-23
3.288249769600895833e-23
3.268335363568983919e-23
3.248556330341455674e-23
3.228912064651998113e-23
3.209401905304143620e-23
3.190025234965928448e-23
3.170781380833997337e-23
3.151669713594489162e-23
3.132689550531938816e-23
3.113840252020207661e-23
3.095121126486768067e-23
3.076531525056633656e-23
3.058070747771772647e-23
3.039738137523440842e-23
3.021532986934093592e-23
3.003454631580573019e-23
2.985502357104173440e-23
2.967675493177394597e-23
2.949973319337496625e-23
2.932395136935738034e-23
2.914940109401842864e-23
2.897607424645108617e-23
2.880396226992531034e-23
2.863305708141419355e-23
2.846335016262113340e-23
2.829483347677011724e-23
2.812749855709388331e-23
2.796133741123294907e-23
2.779634162684719858e-23
2.763250325888680610e-23
2.746981394756934231e-23
2.730826580244583597e-23
2.714785051866367432e-23
2.698856025847192089e-23
2.683038678789706316e-23
2.667332233271573501e-23
2.651735870929833142e-23
2.636248821333115631e-23
2.620870273540463914e-23
2.605599478072020988e-23
2.590435708408132201e-23
2.575378296336365749e-23
2.560426532660037174e-23
2.545579750970964788e-23
2.530837244809842531e-23
2.516198349889392029e-23
2.501662361977898697e-23
2.487228619624775669e-23
2.472896422359104464e-23
2.458665111810475744e-23
2.444533990712921406e-23
2.430502404045938574e-23
2.416569658375552590e-23
2.402735103036005769e-23
2.388998049037574599e-23
2.375357849063647607e-23
2.361813819528738407e-23
2.348365317425814986e-23
2.335011663565515312e-23
2.321752207084270978e-23
2.308586209847516351e-23
2.295512962944001392e-23
2.282531724671826047e-23
2.269641795741714903e-23
2.256842444057939480e-23
2.244132979875925518e-23
2.231512680972708531e-23
2.218980867407097932e-23
2.206536826698084805e-23
2.194179888598884800e-23
2.181909350934866707e-23
2.169724552683382671e-23
2.157624801500818090e-23
2.145609446493517190e-23
2.133677805346613643e-23
2.121829236477369042e-23
2.110063067446481669e-23
2.098378666512856782e-23
2.086775371291497650e-23
2.075252552166663562e-23
2.063809519599684258e-23
2.052445617576680088e-23
2.041160161318810442e-23
2.029952506206063461e-23
2.018821979911544954e-23
2.007767950221913259e-23
1.996789756658033845e-23
1.985886778810589266e-23
1.975058367801450168e-23
1.964303915037998680e-23
1.953622783594790614e-23
1.943014376408432595e-23
1.932478068528967842e-23
1.922013274445405285e-23
1.911619380883727559e-23
1.901295813022376703e-23
1.891041968983110088e-23
1.880857285255183284e-23
1.870741171369387681e-23
1.860693066761066267e-23
1.850712352132635666e-23
1.840798439137310788e-23
1.830950713632308420e-23
1.821168600454308547e-23
1.811451498706973961e-23
1.801798846323010870e-23
1.792210055276658167e-23
1.782684575951976911e-23
1.773221833654489487e-23
1.763821290867530675e-23
1.754482385307117525e-23
1.745204592283523632e-23
1.735987361314341122e-23
1.726830179648819556e-23
1.717732509302570978e-23
1.708693848867987218e-23
1.699713671991429619e-23
1.690791489056121950e-23
1.681926785522677453e-23
1.673119071843344926e-23
1.664367789924375878e-23
1.655672407823032172e-23
1.647032370412986195e-23
1.638447160045574592e-23
1.629916235877480487e-23
1.621439093874714543e-23
1.613015206792474383e-23
1.604644084025018631e-23
1.596325211990686617e-23
1.588058113097695170e-23
1.579842286532122185e-23
1.571677267780250041e-23
1.563562568866638509e-23
1.555497737491383270e-23
1.547482298357417469e-23
1.539515811223887735e-23
1.531597813304475387e-23
1.523727876039994359e-23
1.515905548095987653e-23
1.508130401168164869e-23
1.500401939521033374e-23
1.492719691606021750e-23
1.485083164956553734e-23
1.477491902082241540e-23
1.469945424318055669e-23
1.462443288000862864e-23
1.454985028468276324e-23
1.447570215218974380e-23
1.440198396731889132e-23
1.432869155453928758e-23
1.425582052996816046e-23
1.418336684549147613e-23
1.411132623810878844e-23
1.403969478097810411e-23
1.396846833642671108e-23
1.389764309492111302e-23
1.382721503402100135e-23
1.375718045777629678e-23
1.368753545931127717e-23
1.361827643982509050e-23
1.354939952019210371e-23
1.348090112758448561e-23
1.341277748309961884e-23
1.334502512136598072e-23
1.327764036911531960e-23
1.321061986720220917e-23
1.314396004610767909e-23
1.307765765011390881e-23
1.301170920809263597e-23
1.294611156256184139e-23
1.288086134500367511e-23
1.281595549636386870e-23
1.275139074262429544e-23
1.268716411452948336e-23
1.262327243429037954e-23
1.255971282021001163e-23
1.249648218067603421e-23
1.243357772551782197e-23
1.237099644691737432e-23
1.230873551748959429e-23
1.224679142065533665e-23
1.218516082988744474e-23
1.212384021840678108e-23
1.206282637261442374e-23
1.200211587735129609e-23
1.194170562607838447e-23
1.188159231020350209e-23
1.182177292628291413e-23
1.176224426731887669e-23
1.170300342708792911e-23
1.164404729969398994e-23
1.158537307430508704e-23
1.152697773845248223e-23
1.146885857355615515e-23
1.141101266101384176e-23
1.135343737172593402e-23
1.129612987589459311e-23
1.123908763121261008e-23
1.118230789240110976e-23
1.112578820170906596e-23
1.106952589181977574e-23
1.101351858060536443e-23
1.095776368108229550e-23
1.090225888667658274e-23
1.084700168632152668e-23
1.079198984628978527e-23
1.073722092925706516e-23
1.068269277308466032e-23
1.062840301250391083e-23
1.057434955285443522e-23
1.052053009951768754e-23
1.046694262421025791e-23
1.041358489483211313e-23
1.036045494565485372e-23
1.030755061113098255e-23
1.025486998601500641e-23
1.020241096479686321e-23
1.015017169978355555e-23
1.009815014458823770e-23
1.004634447448681180e-23
9.994752540126049179e-24
9.943372418963199765e-24
9.892201991414026720e-24
9.841239393713954940e-24
9.790482563703634679e-24
9.739929698550203772e-24
9.689578793332923383e-24
9.639428098654710771e-24
9.589475664274460277e-24
9.539719795979038800e-24
9.490158596760835159e-24
9.440790422485107484e-24
9.391613427260559135e-24
9.342626014031415762e-24
9.293826385742478670e-24
9.245212992736953205e-24
9.196784083747753761e-24
9.148538153812614344e-24
9.100473499252962814e-24
9.052588766836810788e-24
9.004882843651892412e-24
8.957354951992207536e-24
8.910004103239698914e-24
8.862829533786915033e-24
8.815830266706048823e-24
8.769005548624716286e-24
8.722354414148545176e-24
8.675876119195045146e-24
8.629569708199333587e-24
8.583434447613327305e-24
8.537469391671824265e-24
8.491673816734511488e-24
8.446046784761299243e-24
8.400587581434126623e-24
8.355295277940297985e-24
8.310169166208745231e-24
8.265208326515385001e-24
8.220412058717253217e-24
8.175779451639708930e-24
8.131309746683749977e-24
8.087001723547270324e-24
8.042854323088552575e-24
7.998866284597262599e-24
7.955036568587754400e-24
7.911363936497939633e-24
7.867847368534440112e-24
7.824485649576266049e-24
7.781277779871439173e-24
7.738222563176161479e-24
7.695319018204104433e-24
7.652565969770968544e-24
7.609962454379503081e-24
7.567507314577809893e-24
7.525199603783423028e-24
7.483038184477591508e-24
7.441022126449322138e-24
7.399150308262015212e-24
7.357421816466700944e-24
7.315835545507618675e-24
7.274390725733361341e-24
7.233086909376272397e-24
7.191923964467040866e-24
7.150901557076264151e-24
7.110019538165108830e-24
7.069277560599566554e-24
7.028675459879728007e-24
6.988212874859737729e-24
6.947889627203771125e-24
6.907705340789891115e-24
6.867659820332721612e-24
6.827752678267821082e-24
6.787983703259923608e-24
6.748352496162012760e-24
6.708858832109902385e-24
6.669502299112867637e-24
6.630282658873375695e-24
6.591199486947289746e-24
6.552252532666553519e-24
6.513441360505142431e-24
6.474765799449430281e-24
6.436225862286294006e-24
6.397821813642028572e-24
6.359553726580635867e-24
6.321421833522879319e-24
6.283426177822764846e-24
6.245566960452760164e-24
6.207844194815466153e-24
6.170258050566674918e-24
6.132808514303582808e-24
6.095495726469156153e-24
6.058319646958372398e-24
6.021280387879266543e-24
5.984377882742161338e-24
5.947612217979570950e-24
5.910983301997458988e-24
5.874491195810005930e-24
5.838135783608577301e-24
5.801917101616331271e-24
5.765835011856603270e-24
5.729889514926334309e-24
5.694080385795006517e-24
5.658407537219820574e-24
5.622870714758793389e-24
5.587469811907905733e-24
5.552204557639305546e-24
5.517074828141704484e-24
5.482080337099842129e-24
5.447220943506897634e-24
5.412496345647306278e-24
5.377906386981948854e-24
5.343450752152945606e-24
5.309129269115341547e-24
5.274941608915099879e-24
5.240887585417903465e-24
5.206966858118605659e-24
5.173179227599764958e-24
5.139524341167771093e-24
5.106001986857953655e-24
5.072611801087696334e-24
5.039353704288153864e-24
5.006228039320316386e-24
4.973235416804182021e-24
4.940376284017762490e-24
4.907651210145006413e-24
4.875060602293521227e-24
4.842604989271043513e-24
4.810284740470686078e-24
4.778100346223630374e-24
4.746052139630519482e-24
4.714140573428808308e-24
4.682365945710996968e-24
4.650728674430282792e-24
4.619229023934504500e-24
4.587867378571285459e-24
4.556643970854662369e-24
4.525559151750804385e-24
4.494613123238906381e-24
4.463806204606666050e-24
4.433138567446582523e-24
4.402610483253515600e-24
4.372222001594841938e-24
4.341973272989121939e-24
4.311864306080584738e-24
4.281895227065412314e-24
4.252066022604416564e-24
4.222376797076000407e-24
4.192827516595378378e-24
4.163418264063283053e-24
4.134148985875296386e-24
4.105019744826086356e-24
4.076030468421983299e-24
4.047181199648965691e-24
4.018471848907109427e-24
3.989902440597759706e-24
3.961472867751120886e-24
3.933183136946356971e-24
3.905033125554362531e-24
3.877022823490568589e-24
3.849152093125602300e-24
3.821420965663917030e-24
3.793829573182521813e-24
3.766378210561703594e-24
3.739067042453815674e-24
3.711896337644429657e-24
3.684866236438043781e-24
3.657976982390107304e-24
3.631228691920451523e-24
3.604621584660677322e-24
3.578155755290465115e-24
3.551831399451556060e-24
3.525648590011845794e-24
3.499607500727632755e-24
3.473708183836180693e-24
3.447950791516367457e-24
3.422335356537101559e-24
3.396862010223553928e-24
3.371530766146805376e-24
3.346341735889331784e-24
3.321294915299590529e-24
3.296390340165154107e-24
3.271627702849727483e-24
3.247006740075586159e-24
3.222527082551497424e-24
3.198188460978122234e-24
3.173990501068319582e-24
3.149932928134941495e-24
3.126015363131823557e-24
3.102237526220325473e-24
3.078599034944522691e-24
3.055099604503370414e-24
3.031738848847558142e-24
3.008516478042542270e-24
2.985432102974551057e-24
2.962485429878576106e-24
2.939676066715121788e-24
2.917003715670419740e-24
2.894467981564886555e-24
2.872068563050877695e-24
2.849805062680705527e-24
2.827677163384390856e-24
2.805684406166146849e-24
2.783826412377089447e-24
2.762102711288855027e-24
2.740512923083513133e-24
2.719056578062806413e-24
2.697733295835883893e-24
2.676542607173678341e-24
2.655484130981813497e-24
2.634557398456864960e-24
2.613762029008225593e-24
2.593097554246659369e-24
2.572563592895336406e-24
2.552159678133195161e-24
2.531885428356153633e-24
2.511740377489256014e-24
2.491724144008517387e-24
2.471836263080823030e-24
2.452076353243285081e-24
2.432443950622957951e-24
2.412938640399649731e-24
2.393559793312544799e-24
2.374306832030205436e-24
2.355179101383722900e-24
2.336176030292628024e-24
2.317296971238414358e-24
2.298541359538492371e-24
2.279908554900231059e-24
2.261397999062745589e-24
2.243009059614802911e-24
2.224741184050956368e-24
2.206593747065102677e-24
2.188566202216742491e-24
2.170657931376199700e-24
2.152868394137165086e-24
2.135196979110758122e-24
2.117643151575604552e-24
2.100206306896441133e-24
2.082885916345461227e-24
2.065681381751842490e-24
2.048592089292769873e-24
2.031616999247713404e-24
2.014755062507475243e-24
1.998005171392277458e-24
1.981366298946352292e-24
1.964837360402773782e-24
1.948417350588090036e-24
1.932105206598862516e-24
1.915899944265092477e-24
1.899800522814850331e-24
1.883805978331637576e-24
1.867915291391498999e-24
1.852127518006631085e-24
1.836441659082105110e-24
1.820856790490216940e-24
1.805371933294247742e-24
1.789986182106782315e-24
1.774698577647953094e-24
1.759508232857550034e-24
1.744414208054033748e-24
1.729415591058230631e-24
1.714511247685274987e-24
1.699700073831951670e-24
1.684980918058028718e-24
1.670352701191260672e-24
1.655814297299843552e-24
1.641364651217659550e-24
1.627002662140023789e-24
1.612727298916811081e-24
1.598537484798822656e-24
1.584432211408597305e-24
1.570410425826240171e-24
1.556471142097275680e-24
1.542613330311218433e-24
1.528836026335370069e-24
1.515138222808275777e-24
1.501518977007114389e-24
1.487977303297835396e-24
1.474512279952147304e-24
1.461122942737462649e-24
1.447808345730235715e-24
1.434567325749825834e-24
1.421398740498683865e-24
1.408301410185644731e-24
1.395274219648338842e-24
1.382316016806129322e-24
1.369425712650985750e-24
1.356602181722106733e-24
1.343844360897038562e-24
1.331151151068429018e-24
1.318521514175457810e-24
1.305954376499821352e-24
1.293448724573126114e-24
1.281003509455094630e-24
1.268617741223590548e-24
1.256290395326171129e-24
1.244020505247558449e-24
1.231807070066338641e-24
1.219649145628291615e-24
1.207545754084430116e-24
1.195495923177528678e-24
1.183498449017534659e-24
1.171552136477532605e-24
1.159655762012625029e-24
1.147808159827045495e-24
1.136008136193580628e-24
1.124254554330601650e-24
1.112546249469539781e-24
1.100882113005947334e-24
1.089261008683129250e-24
1.077681854884438872e-24
1.066143543282764184e-24
1.054645018744527631e-24
1.043185199998708756e-24
1.031763057830719591e-24
1.020377537245031355e-24
1.009027634255648817e-24
9.977123197087910495e-25
9.864306140596844606e-25
9.751815131027558837e-25
9.639640744372716230e-25
9.527773839390590402e-25
9.416205869368716670e-25
9.304928041012578117e-25
9.193932012813736663e-25
9.083209202545348834e-25
8.972751468495279152e-25
8.862550432100306214e-25
8.752598146789951750e-25
8.642886435133703627e-25
8.533407538991729659e-25
8.424153475802114932e-25
8.315116671705662170e-25
8.206289334237745065e-25
8.097664071715248513e-25
7.989233275887044776e-25
7.880989730036098873e-25
7.772926008035778485e-25
7.665035063362617096e-25
7.557309646404958151e-25
7.449742800076345273e-25
7.342327055240539862e-25
7.235055234198257461e-25
7.127919969616719973e-25
7.020914254436049779e-25
6.914030897873668970e-25
6.807263058849579405e-25
6.700603720608636366e-25
6.594046204871772124e-25
6.487583662100653735e-25
6.381209571763691832e-25
6.274917249395859562e-25
6.168700329457054416e-25
6.062552286738676939e-25
5.956466907347499440e-25
5.850437822664570116e-25
5.744458964771949423e-25
5.638524119506079030e-25
5.532627362154752851e-25
5.426762627016316656e-25
5.320924950791219120e-25
5.215112493820848994e-25
5.109324448280166590e-25
5.003559811021896124e-25
4.897817778188636643e-25
4.792097358346566428e-25
4.686397750574267178e-25
4.580717974553262266e-25
4.475057232701098463e-25
4.369414555434302018e-25
4.263789149305597604e-25
4.158180055824704926e-25
4.052586485250476175e-25
3.947007490492726338e-25
3.841442285560310449e-25
3.735889935364644750e-25
3.630349657666187353e-25
3.524820529496684814e-25
3.419301773210782112e-25
3.313792477155652434e-25
3.208291494503122789e-25
3.102796066570968397e-25
2.997303218493424824e-25
2.891809885877867943e-25
2.786313156398969057e-25
2.680810035478092902e-25
2.575297671935857107e-25
2.469773140472087140e-25
2.364233649718447764e-25
2.258676342453919261e-25
2.153098486583653076e-25
2.047497291721220474e-25
1.941870083906791007e-25
1.836214138890325757e-25
1.730526840264843753e-25
1.624805528985499113e-25
1.519047645015354512e-25
1.413250593745602910e-25
1.307411870834218535e-25
1.201528945158680360e-25
1.095600882892647703e-25
9.896327559490428844e-26
8.836311195031859186e-26
7.776024045581370267e-26
6.715529940537060487e-26
5.654891575391404679e-26
4.594171103647677240e-26
3.533429651200181659e-26
2.472727741193462437e-26
1.412124976452477210e-26
3.516802934857039165e-27
-7.085481837006500529e-27
-1.768503061663250207e-26
-2.828127652261157323e-26
-3.887366062394976081e-26
-4.946162997346205482e-26
-6.004464023265413377e-26
-7.062215198379376972e-26
-8.119363508069264342e-26
-9.175856321742456308e-26
-1.023164366164735408e-25
-1.128668241178622754e-25
-1.234093206263593358e-25
-1.339435215917750440e-25
-1.444690325639569733e-25
-1.549854586183941892e-25
-1.654924156506253277e-25
-1.759895180719764294e-25
-1.864763918188527733e-25
-1.969526603359669492e-25
-2.074179593039833025e-25
-2.178719208992451667e-25
-2.283141903163996871e-25
-2.387444081873892683e-25
-2.491622289548012671e-25
-2.595673014332065241e-25
-2.699592890070333282e-25
-2.803378484521817466e-25
-2.907026518624706194e-25
-3.010533636463453075e-25
-3.113895931403600754e-25
-3.217106577919561420e-25
-3.320158253355861426e-25
-3.423043589001000045e-25
-3.525755441766273034e-25
-3.628286611444128369e-25
-3.730630130324489016e-25
-3.832778962290512397e-25
-3.934726310524180630e-25
-4.036465299577010715e-25
-4.137989300220190861e-25
-4.239291592760407329e-25
-4.340365711270444282e-25
-4.441205088066981732e-25
-4.541803416206462828e-25
-4.642154276370047077e-25
-4.742251517995788492e-25
-4.842088866745978747e-25
-4.941660323657628749e-25
-5.040959756271988666e-25
-5.139981194950197599e-25
-5.238718049227391273e-25
-5.337163905731768175e-25
-5.435312205084728970e-25
-5.533156693203592063e-25
-5.630690957973974902e-25
-5.727908901520220129e-25
-5.824804255204568569e-25
-5.921371074195572616e-25
-6.017603231112821907e-25
-6.113494930415130952e-25
-6.209040182956117242e-25
-6.304233339587261987e-25
-6.399068545674599094e-25
-6.493540295016301927e-25
-6.587642865889198733e-25
-6.681370893407689265e-25
-6.774718785522336298e-25
-6.867681315084214861e-25
-6.960253017553544505e-25
-7.052428812922484008e-25
-7.144203420371264270e-25
-7.235571951854315996e-25
-7.326529258808014171e-25
-7.417070582048229880e-25
-7.507190891654870988e-25
-7.596885556931027578e-25
-7.686149663224406225e-25
-7.774978704505489262e-25
-7.863367881525891362e-25
-7.951312809578726300e-25
-8.038808801508102426e-25
-8.125851594211732069e-25
-8.212436611376110240e-25
-8.298559707932485983e-25
-8.384216416984358559e-25
-8.469402710474089866e-25
-8.554114227359397790e-25
-8.638347055617683509e-25
-8.722096940713687894e-25
-8.805359964436097018e-25
-8.888131380364856149e-25
-8.970406798814309470e-25
-9.052181469829453802e-25
-9.133451129439125640e-25
-9.214211143843951194e-25
-9.294457373715294749e-25
-9.374185298797476313e-25
-9.453390903463123716e-25
-9.532069779256689587e-25
-9.610218031331149181e-25
-9.687831362982086163e-25
-9.764905998720640357e-25
-9.841437748500627393e-25
-9.917422955197186495e-25
-9.992857537618905026e-25
-1.006773795551562905e-24
-1.014206023308476521e-24
-1.021582094411633442e-24
-1.028901621901145757e-24
-1.036164353050817377e-24
-1.043370302886900387e-24
-1.050519616807169353e-24
-1.057612389163398152e-24
-1.064648766410624114e-24
-1.071628843172221286e-24
-1.078552767141244242e-24
-1.085420633090699379e-24
-1.092232589756235516e-24
-1.098988732066074997e-24
-1.105689209751537171e-24
-1.112334118269192360e-24
-1.118923608670415641e-24
-1.125457776772841997e-24
-1.131936774875338047e-24
-1.138360699227778334e-24
-1.144729703708741619e-24
-1.151043884744083869e-24
-1.157303397723871951e-24
-1.163508339368706202e-24
-1.169658882370474007e-24
-1.175755203480477474e-24
-1.181797555987878791e-24
-1.187786131051364679e-24
-1.193721181123390184e-24
-1.199602896141236171e-24
-1.205431528127612380e-24
-1.211207265473111945e-24
-1.216930359930300757e-24
-1.222600998532942719e-24
-1.228219432665316017e-24
-1.233785847922554873e-24
-1.239300495296792925e-24
-1.244763559180851691e-24
-1.250175290178775167e-24
-1.255535871640201041e-24
-1.260845553847581931e-24
-1.266104518901891613e-24
-1.271313016803080735e-24
-1.276471228498390248e-24
-1.281579466283792423e-24
-1.286638221535991960e-24
-1.291648114290506999e-24
-1.296609690179821173e-24
-1.301523561253068882e-24
-1.306390264604156955e-24
-1.311210404617632036e-24
-1.315984509727114202e-24
-1.320713176956646017e-24
-1.325396926715834772e-24
-1.330036348436272610e-24
-1.334631954524148516e-24
-1.339184327272117095e-24
-1.343693971007505430e-24
-1.348161460763002977e-24
-1.352587292992214844e-24
-1.356972035725306497e-24
-1.361316177740928716e-24
-1.365620280250344195e-24
-1.369884824298371811e-24
-1.374110381595739842e-24
-1.378297511011109434e-24
-1.382446861579618848e-24
-1.386559000135772492e-24
-1.390634567053576620e-24
-1.394674119829494291e-24
-1.398678290470728659e-24
-1.402647627358274310e-24
-1.406582753907668595e-24
-1.410484209557339255e-24
-1.414352609468794163e-24
-1.418188484385890830e-24
-1.421992441286325806e-24
-1.425765001903799013e-24
-1.429506765369698105e-24
-1.433218244910174846e-24
-1.436900031704245894e-24
-1.440552630144838630e-24
-1.444176623873376674e-24
-1.447772508903212928e-24
-1.451340934688531758e-24
-1.454882755166645224e-24
-1.458398974440159983e-24
-1.461890503461003048e-24
-1.465358330708686064e-24
-1.468803350422960940e-24
-1.472226535324307017e-24
-1.475628763400027946e-24
-1.479010991950914677e-24
-1.482374082734858798e-24
-1.485718977868555815e-24
-1.489046523540224848e-24
-1.492357647137425986e-24
-1.495653178561691975e-24
-1.498934030752678268e-24
-1.502201018119100433e-24
-1.505455039247541369e-24
-1.508696893450462038e-24
-1.511927465058443459e-24
-1.515147538306941254e-24
-1.518357972115071685e-24
-1.521559478677141219e-24
-1.524752846279489602e-24
-1.527938762457020176e-24
-1.531118003476853987e-24
-1.534291243739715613e-24
-1.537459247279807120e-24
-1.540622675437692444e-24
-1.543782280500566752e-24
-1.546938711064617040e-24
-1.550092707791766503e-24
-1.553244906855733591e-24
-1.556396037231132813e-24
-1.559546722512523431e-24
-1.562697680306021314e-24
-1.565849522486169645e-24
-1.569002955117189769e-24
-1.572158578144800213e-24
-1.575317086603203978e-24
-1.578479068668005226e-24
-1.581645230378812839e-24
-1.584816258125808414e-24
-1.587992955264785401e-24
-1.591176016538329977e-24
-1.594366232222171077e-24
-1.597564283463520641e-24
-1.600770947782100250e-24
-1.603986892929066813e-24
-1.607212883477497844e-24
-1.610449574103985214e-24
-1.613697716876263518e-24
-1.616957953509398800e-24
-1.620231023967967474e-24
-1.623517556632389484e-24
-1.626818279628681150e-24
-1.630133808702818441e-24
-1.633464860194381573e-24
-1.636812037134758072e-24
-1.640176044304334577e-24
-1.643557472308151120e-24
-1.646956923566664916e-24
-1.650374524007958355e-24
-1.653810416777959597e-24
-1.657264634078666537e-24
-1.660737317426351375e-24
-1.664228496862659466e-24
-1.667738312498012360e-24
-1.671266791477881061e-24
-1.674814072190807565e-24
-1.678380179288981688e-24
-1.681965248928775692e-24
-1.685569303846226990e-24
-1.689192478514472300e-24
-1.692834792898233307e-24
-1.696496379733287019e-24
-1.700177256613239752e-24
-1.703877554427735533e-24
-1.707597288221314933e-24
-1.711336586880379039e-24
-1.715095462979301489e-24
-1.718874120208728973e-24
-1.722672953001058076e-24
-1.726492543814033503e-24
-1.730333353807767429e-24
-1.734195955892326098e-24
-1.738080800928748135e-24
-1.741988452111089431e-24
-1.745919349965549542e-24
-1.749874048052691137e-24
-1.753852977089523085e-24
-1.757856681506275273e-24
-1.761885582245480064e-24
-1.765940214427087686e-24
-1.770020989138896386e-24
-1.774128432627726182e-24
-1.778262946131869583e-24
-1.782425046931572678e-24
-1.786615126743516105e-24
-1.790833694248617762e-24
-1.795081131440514437e-24
-1.799357804976875992e-24
-1.803663422012641421e-24
-1.807997681088204020e-24
-1.812360159225540634e-24
-1.816750559500562046e-24
-1.821168462722848425e-24
-1.825613575966283655e-24
-1.830085483604450904e-24
-1.834583897030158624e-24
-1.839108404157706800e-24
-1.843658720754833783e-24
-1.848234438017285302e-24
-1.852835275930419071e-24
-1.857460828813138905e-24
-1.862110820125687978e-24
-1.866784847447985024e-24
-1.871482638005869822e-24
-1.876203792430049144e-24
-1.880948041577521757e-24
-1.885714988876253319e-24
-1.890504352381727082e-24
-1.895315656680017431e-24
-1.900148542574107766e-24
-1.905002522132445821e-24
-1.909877241257961522e-24
-1.914772215994011404e-24
-1.919687097163133453e-24
-1.924621404605635283e-24
-1.929574793783320392e-24
-1.934546788362719487e-24
-1.939537048472799001e-24
-1.944545101382992315e-24
-1.949570611836984116e-24
-1.954613110460981044e-24
-1.959672266600557356e-24
-1.964747614264672845e-24
-1.969838827160396132e-24
-1.974945442795357131e-24
-1.980067139000549948e-24
-1.985203456470167643e-24
-1.990354081574286589e-24
-1.995518578446626548e-24
-2.000696657886801851e-24
-2.005887890770273747e-24
-2.011091991725697905e-24
-2.016308534273512476e-24
-2.021537236798356393e-24
-2.026777675323982207e-24
-2.032029572097735982e-24
-2.037292505583593686e-24
-2.042566201757876929e-24
-2.047850241608787025e-24
-2.053144354890431694e-24
-2.058448124860628825e-24
-2.063761285110854020e-24
-2.069083421180783780e-24
-2.074414270510567271e-24
-2.079753420908537706e-24
-2.085100613571426648e-24
-2.090455438525187727e-24
-2.095817520506895832e-24
-2.101185852149868691e-24
-2.106559467125851920e-24
-2.111937250261787379e-24
-2.117318249500837151e-24
-2.122701362404116010e-24
-2.128085651104433282e-24
-2.133470025940254769e-24
-2.138853563046346960e-24
-2.144235185255492620e-24
-2.149613982666959377e-24
-2.154988890415438740e-24
-2.160359012418766259e-24
-2.165723296139364860e-24
-2.171080859156518500e-24
-2.176430661120553529e-24
-2.181771833087891779e-24
-2.187103347018570687e-24
-2.192424347289016852e-24
-2.197733817869216354e-24
-2.203031012058301178e-24
-2.208315401236008826e-24
-2.213586723855386966e-24
-2.218844550961680846e-24
-2.224088625961796058e-24
-2.229318523725835162e-24
-2.234533992621746518e-24
-2.239734611469713577e-24
-2.244920134014151577e-24
-2.250090142901244818e-24
-2.255244396808020506e-24
-2.260382482690033678e-24
-2.265504164430432022e-24
-2.270609033273224128e-24
-2.275696858358365482e-24
-2.280767234682336514e-24
-2.285819937151737388e-24
-2.290854565306858398e-24
-2.295870899217358524e-24
-2.300868543067360738e-24
-2.305847226657404422e-24
-2.310806280012493698e-24
-2.315745162338420171e-24
-2.320663156954499408e-24
-2.325559733354588429e-24
-2.330434184317313840e-24
-2.335285989467852146e-24
-2.340114451142598932e-24
-2.344919059290469799e-24
-2.349699125920684492e-24
-2.354454151108698244e-24
-2.359183456104873027e-24
-2.363886551452764163e-24
-2.368562768494673313e-24
-2.373211628231649990e-24
-2.377832471632990430e-24
-2.382424829525200002e-24
-2.386988052799856268e-24
-2.391521682695412789e-24
-2.396025079852534423e-24
-2.400497830660058260e-24
-2.404939476551824856e-24
-2.409349784741544207e-24
-2.413728337429360382e-24
-2.418074909771390220e-24
-2.422389091009896653e-24
-2.426670664247050704e-24
-2.430919225416404207e-24
-2.435134565432105847e-24
-2.439316287191797375e-24
-2.443464189018740452e-24
-2.447577881370474137e-24
-2.451657169910383669e-24
-2.455701672327684621e-24
-2.459711202385640135e-24
-2.463685384737312519e-24
-2.467624040644995494e-24
-2.471526802158007739e-24
-2.475393498864834403e-24
-2.479223770163181834e-24
-2.483017514680406008e-24
-2.486774686271967782e-24
-2.490495496914619075e-24
-2.494179964282196263e-24
-2.497828303234888582e-24
-2.501440533745927194e-24
-2.505016873532476804e-24
-2.508557345056708884e-24
-2.512062168646404237e-24
-2.515531369087424754e-24
-2.518965169490542561e-24
-2.522363596924830715e-24
-2.525726878060592684e-24
-2.529055041845167010e-24
-2.532348317932916060e-24
-2.535606737345124732e-24
-2.538830533076883522e-24
-2.542019738457062371e-24
-2.545174589136845912e-24
-2.548295121172639994e-24
-2.551381560432833922e-24
-2.554433880228203883e-24
-2.557452246084022344e-24
-2.560436620859867912e-24
-2.563387174095639604e-24
-2.566303872578083593e-24
-2.569186889524335059e-24
-2.572036194726411606e-24
-2.574851965623987586e-24
-2.577634174854250069e-24
-2.580383003287104780e-24
-2.583098427344743169e-24
-2.585780631633679141e-24
-2.588429595975400177e-24
-2.591045507949995141e-24
-2.593628350408602696e-24
-2.596178314818179652e-24
-2.598695386889970632e-24
-2.601179761331274458e-24
-2.603631426771146729e-24
-2.606050653530359447e-24
-2.608437794571802555e-24
-2.610793482119315837e-24
-2.613118138411860128e-24
-2.615412393297765698e-24
-2.617676665584155994e-24
-2.619911582065725610e-24
-2.622117558107174910e-24
-2.624295218284213026e-24
-2.626444974671216656e-24
-2.628567449331213308e-24
-2.630663050797710414e-24
-2.632732398183055482e-24
-2.634775896806838674e-24
-2.636794162588331746e-24
-2.638787597361354319e-24
-2.640756814602568112e-24
-2.642702212394892394e-24
-2.644624400941264299e-24
-2.646523774722777837e-24
-2.648400959749753649e-24
-2.650256442568611252e-24
-2.652090941020030168e-24
-2.653904955700356797e-24
-2.655699199359308954e-24
-2.657474166918168922e-24
-2.659230566548075733e-24
-2.660968887673469028e-24
-2.662689833873625605e-24
-2.664393889167104785e-24
-2.666081751746180018e-24
-2.667753899987064191e-24
-2.669411027044972440e-24
-2.671053605539845611e-24
-2.672682323627502997e-24
-2.674297647931513172e-24
-2.675900261301656460e-24
-2.677490625035349019e-24
-2.679069416528532522e-24
-2.680637090994246000e-24
-2.682194344876417094e-24
-2.683741753086756687e-24
-2.685280130228337686e-24
-2.686810068900458799e-24
-2.688332375938388143e-24
-2.689847636423445245e-24
-2.691356649338454899e-24
-2.692859991602354754e-24
-2.694358454954281012e-24
-2.695852608002618012e-24
-2.697343234306045017e-24
-2.698830895076329631e-24
-2.700316365994623477e-24
-2.701800199978131985e-24
-2.703283164968746664e-24
-2.704765805893620373e-24
-2.706248882688339740e-24
-2.707732932153286248e-24
-2.709218706191187960e-24
-2.710706733439146332e-24
-2.712197752656134609e-24
-2.713692257801939101e-24
-2.715190953302260131e-24
-2.716694319984790829e-24
-2.718203054282081519e-24
-2.719717629612454852e-24
-2.721238733870525726e-24
-2.722766832713039181e-24
-2.724302605788398228e-24
-2.725846511188790128e-24
-2.727399220632751368e-24
-2.728961184456798461e-24
-2.730533065954568004e-24
-2.732115307722925177e-24
-2.733708565351512762e-24
-2.735313273327221640e-24
-2.736930079411430089e-24
-2.738559409295279734e-24
-2.740201902936899601e-24
-2.741857977899859500e-24
-2.743528271921750975e-24
-2.745213224643692824e-24
-2.746913496486540917e-24
-2.748629524219302990e-24
-2.750361959801113034e-24
-2.752111231452358484e-24
-2.753877982253362543e-24
-2.755662632235725491e-24
-2.757465815894005711e-24
-2.759287944142463220e-24
-2.761129643302641809e-24
-2.762991315097433006e-24
-2.764873577967118932e-24
-2.766776824219082301e-24
-2.768701664086720978e-24
-2.770648480868610806e-24
-2.772617876495399421e-24
-2.774610225540917678e-24
-2.776626121556457486e-24
-2.778665930064253000e-24
-2.780730182623418306e-24
-2.782818966574779038e-24
-2.784932538144943154e-24
-2.787070924925885110e-24
-2.789234378532769098e-24
-2.791422920954358282e-24
-2.793636798920310989e-24
-2.795876028382730245e-24
-2.798140851532261632e-24
-2.800431278483257846e-24
-2.802747546348526421e-24
-2.805089659420679954e-24
-2.807457849663170121e-24
-2.809852115642428295e-24
-2.812272684122114237e-24
-2.814719547645524349e-24
-2.817192927834105129e-24
-2.819692811445668066e-24
-2.822219414755313352e-24
-2.824772718536937506e-24
-2.827352933400715610e-24
-2.829960031773956828e-24
-2.832594216705861888e-24
-2.835255454427000629e-24
-2.837943942515023732e-24
-2.840659641198376923e-24
-2.843402742781292984e-24
-2.846173201117122391e-24
-2.848971203626029837e-24
-2.851796697444026475e-24
-2.854649865162000900e-24
-2.857530647455084012e-24
-2.860439221877325765e-24
-2.863375522507553979e-24
-2.866339722054416568e-24
-2.869331748059176621e-24
-2.872351768323494762e-24
-2.875399703692949931e-24
-2.878475717146750402e-24
-2.881579723089176394e-24
-2.884711825524578605e-24
-2.887871663281559182e-24
-2.891059067673004996e-24
-2.894273619919063334e-24
-2.897515149397136922e-24
-2.900783234003161717e-24
-2.904077701294163651e-24
-2.907398125385523174e-24
-2.910744332333496418e-24
-2.914115892463066504e-24
-2.917512629802772462e-24
-2.920934111483111066e-24
-2.924380159356070862e-24
-2.927850336950869604e-24
-2.931344464473358158e-24
-2.934862101693938441e-24
-2.938403067076675505e-24
-2.941966916697388481e-24
-2.945553467317576606e-24
-2.949162271485227445e-24
-2.952793117948549876e-24
-2.956445425669290537e-24
-2.960118851716814186e-24
-2.963812787082427909e-24
-2.967526888114554024e-24
-2.971260544277882900e-24
-2.975013411484944080e-24
-2.978784877434674523e-24
-2.982574597659868401e-24
-2.986381957943882591e-24
-2.990206613720263543e-24
-2.994047948803209751e-24
-2.997905618687750428e-24
-3.001779005439150144e-24
-3.005667764496678906e-24
-3.009571276585376827e-24
-3.013489196645533829e-24
-3.017420904486466700e-24
-3.021366054903723068e-24
-3.025324026584382981e-24
-3.029294470844509115e-24
-3.033276747967163313e-24
-3.037270492342942272e-24
-3.041275059852456311e-24
-3.045290085601054854e-24
-3.049314924771646773e-24
-3.053349213452531337e-24
-3.057392306076852223e-24
-3.061443839793761864e-24
-3.065503168664719970e-24
-3.069569931227182249e-24
-3.073643481034771341e-24
-3.077723458376914431e-24
-3.081809216477686153e-24
-3.085900397391513316e-24
-3.089996354253103231e-24
-3.094096730997635463e-24
-3.098200881194761620e-24
-3.102308450717469216e-24
-3.106418794019327243e-24
-3.110531518832918696e-24
-3.114645779759037753e-24
-3.118760987117156546e-24
-3.122876258801721558e-24
-3.126991009334833059e-24
-3.131104360200898749e-24
-3.135215731088551668e-24
-3.139324246678756568e-24
-3.143429332117415014e-24
-3.147530115725943029e-24
-3.151626028257528023e-24
-3.155716202146256147e-24
-3.159800073897474826e-24
-3.163876780089554154e-24
-3.167945763327309095e-24
-3.172006164971511164e-24
-3.176057433799958274e-24
-3.180098716110568376e-24
-3.184129467169861591e-24
-3.188148838698707303e-24
-3.192156289263630228e-24
-3.196150959469221060e-24
-3.200132298915829149e-24
-3.204099449874569979e-24
-3.208051870310997147e-24
-3.211988708445983076e-24
-3.215909430261355537e-24
-3.219813190012305657e-24
-3.223699462333997115e-24
-3.227567407956887136e-24
-3.231416510383190835e-24
-3.235245937210957922e-24
-3.239055181087551194e-24
-3.242843416630212676e-24
-3.246610146114509767e-24
-3.250354551094465835e-24
-3.254076143877252417e-24
-3.257774113594292566e-24
-3.261447982637090593e-24
-3.265096948113386468e-24
-3.268720609249213092e-24
-3.272318502932566085e-24
-3.275890569871914101e-24
-3.279436418281731102e-24
-3.282955996408661385e-24
-3.286448917832527820e-24
-3.289915138406074082e-24
-3.293354277522495089e-24
-3.296766298574392584e-24
-3.300150827180845725e-24
-3.303507834411694716e-24
-3.306836952243802602e-24
-3.310138159820664787e-24
-3.313411095386670807e-24
-3.316655746888782808e-24
-3.319871758800028161e-24
-3.323059128082044906e-24
-3.326217505592684345e-24
-3.329346897606785283e-24
-3.332446961322955142e-24
-3.335517645384038957e-24
-3.338558276779523216e-24
-3.341568478914595914e-24
-3.344547521503940626e-24
-3.347495041310872131e-24
-3.350410318808384914e-24
-3.353293003977039008e-24
-3.356142388093313322e-24
-3.358958134645972976e-24
-3.361739545675688931e-24
-3.364486298250010282e-24
-3.367197705442853066e-24
-3.369873458161226507e-24
-3.372512880338896756e-24
-3.375115676599002502e-24
-3.377681182350100774e-24
-3.380209115670119417e-24
-3.382698823436945431e-24
-3.385150037375547918e-24
-3.387562115767783424e-24
-3.389934907243381972e-24
-3.392268298689903741e-24
-3.394562666233862157e-24
-3.396818006570393790e-24
-3.399034703605064868e-24
-3.401212759723000448e-24
-3.403352566631748313e-24
-3.405454132194173277e-24
-3.407517855540243428e-24
-3.409543750465180636e-24
-3.411532223487739462e-24
-3.413483293713284691e-24
-3.415397375677861863e-24
-3.417274493483667557e-24
-3.419115069022183541e-24
-3.420919131280533331e-24
-3.422687109572451493e-24
-3.424419037568121568e-24
-3.426115351776578961e-24
-3.427776090637837090e-24
-3.429401679957552770e-24
-3.430992078489806101e-24
-3.432547633418908509e-24
-3.434068291897751980e-24
-3.435554408270582561e-24
-3.437005935170150090e-24
-3.438423233587232935e-24
-3.439806261454989287e-24
-3.441155386360819079e-24
-3.442470571099162370e-24
-3.443752189675848204e-24
-3.445000209263056701e-24
-3.446215010505584922e-24
-3.447396564336942177e-24
-3.448545257395239310e-24
-3.449661064231645169e-24
-3.450744377530212733e-24
-3.451795175521585961e-24
-3.452813855624161004e-24
-3.453800399669631622e-24
-3.454755304317752124e-24
-3.455679024713058504e-24
-3.456572530201125395e-24
-3.457436367507608708e-24
-3.458271504354817212e-24
-3.459078484827238521e-24
-3.459858274707480542e-24
-3.460611414656292654e-24
-3.461338868819204844e-24
-3.462041173623756399e-24
-3.462719291339344973e-24
-3.463373754002394137e-24
-3.464005521728873771e-24
-3.464615121624445780e-24
-3.465203511199729794e-24
-3.465771212248174462e-24
-3.466319179425194167e-24
-3.466847928846344907e-24
-3.467358411540218550e-24
-3.467851138229173625e-24
-3.468326968940507897e-24
-3.468785972476065147e-24
-3.469228570903815129e-24
-3.469654744102917285e-24
-3.470064914781219516e-24
-3.470459061167864822e-24
-3.470837606378319198e-24
-3.471200526624985089e-24
-3.471548244917921910e-24
-3.471880734723007923e-24
-3.472198418877042759e-24
-3.472501267947498543e-24
-3.472789703896612986e-24
-3.473063694491253207e-24
-3.473323660187365234e-24
-3.473569564698153305e-24
-3.473801827308372873e-24
-3.474020408073999295e-24
-3.474225723850970579e-24
-3.474417731110820545e-24
-3.474596942206474140e-24
-3.474763800169106809e-24
-3.474919302366568731e-24
-3.475063979884812538e-24
-3.475198820933157722e-24
-3.475324346078253396e-24
-3.475441534412347313e-24
-3.475550895418187784e-24
-3.475653398917886768e-24
-3.475749543000261749e-24
-3.475840287894864014e-24
-3.475926120547519613e-24
-3.476007990656968960e-24
-3.476086373888400688e-24
-3.476162209553512438e-24
-3.476235961524316382e-24
-3.476308558538028202e-24
-3.476380452469852721e-24
-3.476452561064741216e-24
-3.476525324348894881e-24
-3.476599590206139907e-24
-3.476675493588250803e-24
-3.476753579733388684e-24
-3.476833916352516531e-24
-3.476917039774367455e-24
-3.477003009027351983e-24
-3.477092351296027525e-24
-3.477185116784012197e-24
-3.477281823631818524e-24
-3.477382512786642437e-24
-3.477487693563543568e-24
-3.477597396911904764e-24
-3.477712123529456976e-24
-3.477831894154506641e-24
-3.477957200185762609e-24
-3.478088052800642872e-24
-3.478224933649710118e-24
-3.478367844023487430e-24
-3.478517255643355652e-24
-3.478673160278761947e-24
-3.478836073150146876e-24
-3.479006244045211809e-24
-3.479184444392131603e-24
-3.479370965266962877e-24
-3.479566564501018147e-24
-3.479771520521067238e-24
-3.479986577791072659e-24
-3.480212001761893846e-24
-3.480448523122691979e-24
-3.480696394814797898e-24
-3.480956333651927831e-24
-3.481228580211856909e-24
-3.481513837315853582e-24
-3.481812333086346590e-24
-3.482124756877757594e-24
-3.482451323855661180e-24
-3.482792710120476778e-24
-3.483149117969163302e-24
-3.483521209755131947e-24
-3.483909175062222553e-24
-3.484313531772443212e-24
-3.484733800999210043e-24
-3.485169834871679179e-24
-3.485621017186714243e-24
-3.486087194050247129e-24
-3.486567743441479596e-24
-3.487062505782713742e-24
-3.487570853244167543e-24
-3.488092620713615208e-24
-3.488627174106638252e-24
-3.489174342507324909e-24
-3.489733486300936338e-24
-3.490304429001595405e-24
-3.490886525101442011e-24
-3.491479592589780714e-24
-3.492082980252057686e-24
-3.492696500613557951e-24
-3.493319497178095646e-24
-3.493951776496365432e-24
-3.494592677119336650e-24
-3.495242126258532265e-24
-3.495900090116333394e-24
-3.496567120194233335e-24
-3.497243297462295273e-24
-3.497929161937087396e-24
-3.498624782423833766e-24
-3.499330687567590627e-24
-3.500046934980605647e-24
-3.500774041313511772e-24
-3.501512053532130048e-24
-3.502261476804276120e-24
-3.503022347112540302e-24
-3.503795158959364118e-24
-3.504579937324035585e-24
-3.505377166228600834e-24
-3.506186859669693142e-24
-3.507009491672817296e-24
-3.507845065995813473e-24
-3.508694046675881659e-24
-3.509556426878729287e-24
-3.510432450652241506e-24
-3.511321049114638483e-24
-3.512221409724363183e-24
-3.513132254354653746e-24
-3.514052772607460473e-24
-3.514981688745739809e-24
-3.515918195012496474e-24
-3.516861017985213250e-24
-3.517809353302420495e-24
-3.518761929378044220e-24
-3.519717945623108232e-24
-3.520676133065408925e-24
-3.521635695080927979e-24
-3.522595365661949072e-24
-3.523554352247059340e-24
-3.524511392496105407e-24
-3.525465698163900850e-24
-3.526416010979391619e-24
-3.527361547618220764e-24
-3.528301054264764188e-24
-3.529233942666468399e-24
-3.530159913764158156e-24
-3.531079329145319944e-24
-3.531992075901573150e-24
-3.532898511046665943e-24
-3.533798516760144203e-24
-3.534692446330822414e-24
-3.535580177003774637e-24
-3.536462058614218098e-24
-3.537337964930724356e-24
-3.538208241896963119e-24
-3.539072760570998909e-24
-3.539931863359371343e-24
-3.540785419204687106e-24
-3.541633767176828935e-24
-3.542476774515104119e-24
-3.543314777537106149e-24
-3.544147641655506376e-24
-3.544975701443088516e-24
-3.545798820856137112e-24
-3.546617110549459497e-24
-3.547429323422645091e-24
-3.548234464996045090e-24
-3.549031077595543910e-24
-3.549818178790806488e-24
-3.550594323709209983e-24
-3.551358542875022417e-24
-3.552109404027195677e-24
-3.552845951883161962e-24
-3.553566766950274267e-24
-3.554270908495330201e-24
-3.554956970386336858e-24
-3.555624027135684198e-24
-3.556270686277238764e-24
-3.556896038459227351e-24
-3.557498705302247013e-24
-3.558077794270089515e-24
-3.558631941020228237e-24
-3.559160270439988534e-24
-3.559661433178439723e-24
-3.560134732987798990e-24
-3.560579640903981655e-24
-3.560996278281351080e-24
-3.561384284057679409e-24
-3.561743788076027274e-24
-3.562074435932780285e-24
-3.562376366180565857e-24
-3.562649231449711799e-24
-3.562893179740818187e-24
-3.563107870679380613e-24
-3.563293461864712803e-24
-3.563449620696928596e-24
-3.563576514354110905e-24
-3.563673818449391701e-24
-3.563741709948255695e-24
-3.563779873028696819e-24
-3.563788494491893828e-24
-3.563767267554233617e-24
-3.563716389028585467e-24
-3.563635561441696752e-24
-3.563524899171714954e-24
-3.563383651896514041e-24
-3.563211484937981594e-24
-3.563007570936309648e-24
-3.562771592058205873e-24
-3.562502737079051147e-24
-3.562200705101373387e-24
-3.561864701475900296e-24
-3.561494442448048514e-24
-3.561089150019876522e-24
-3.560648557863850747e-24
-3.560171904819027579e-24
-3.559658941968842469e-24
-3.559108925266045655e-24
-3.558521623267825504e-24
-3.557896309219559117e-24
-3.557232769273086632e-24
-3.556530294121434008e-24
-3.555788687500922924e-24
-3.555007257571274142e-24
-3.554185881143177621e-24
-3.553324160271331420e-24
-3.552422263902493698e-24
-3.551479863207874374e-24
-3.550497140729616499e-24
-3.549473781179893171e-24
-3.548409980679203091e-24
-3.547305437468990036e-24
-3.546160361019666461e-24
-3.544974462977432586e-24
-3.543747966092800540e-24
-3.542480595172543745e-24
-3.541172586081336080e-24
-3.539823676508852570e-24
-3.538434115481537097e-24
-3.537003653371429891e-24
-3.535532551914237554e-24
-3.534020574389352936e-24
-3.532467994979997296e-24
-3.530874589120996447e-24
-3.529240632813398724e-24
-3.527565861673446709e-24
-3.525850511165629717e-24
-3.524094319632940492e-24
-3.522297534266952643e-24
-3.520459906138250530e-24
-3.518581694282309742e-24
-3.516662661894298224e-24
-3.514703080045540755e-24
-3.512702723379040603e-24
-3.510661874349939714e-24
-3.508580318783460505e-24
-3.506458350123488723e-24
-3.504295765412898276e-24
-3.502092868416687878e-24
-3.499849466727284098e-24
-3.497565874349579307e-24
-3.495241909086413067e-24
-3.492877894579143131e-24
-3.490473658195547819e-24
-3.488029603203845205e-24
-3.485545915345526457e-24
-3.483023353605080213e-24
-3.480462177260352099e-24
-3.477863147723847396e-24
-3.475226526410114424e-24
-3.472553077308393508e-24
-3.469843063279501709e-24
-3.467097249957244437e-24
-3.464315901550466287e-24
-3.461499784760827004e-24
-3.458649164455391446e-24
-3.455764808401247766e-24
-3.452846981629427592e-24
-3.449896451831658866e-24
-3.446913484256490365e-24
-3.443898845822248217e-24
-3.440852800852115882e-24
-3.437776115438264428e-24
-3.434669052901528138e-24
-3.431532316170108713e-24
-3.428365862426384917e-24
-3.425170088908498924e-24
-3.421944895191981021e-24
-3.418690680830743540e-24
-3.415407348471904813e-24
-3.412095299384737873e-24
-3.408754439103109958e-24
-3.405385169742850602e-24
-3.401987399233910645e-24
-3.398561530334212106e-24
-3.395107472808728180e-24
-3.391625629334788992e-24
-3.388115911682200535e-24
-3.384578721493867457e-24
-3.381013971918472666e-24
-3.377422063823553713e-24
-3.373802910632289072e-24
-3.370156911799977381e-24
-3.366483981100008471e-24
-3.362784627287098510e-24
-3.359059317337655027e-24
-3.355309105873342663e-24
-3.351534561632660126e-24
-3.347736726078505442e-24
-3.343916157037335994e-24
-3.340073882446739073e-24
-3.336210449247899684e-24
-3.332326871695941808e-24
-3.328423685891691505e-24
-3.324501892198602309e-24
-3.320562014718170763e-24
-3.316605039482012421e-24
-3.312631478751207184e-24
-3.308642304172193102e-24
-3.304638015354250663e-24
-3.300619569756915085e-24
-3.296587454288298149e-24
-3.292542611565964871e-24
-3.288485515568185738e-24
-3.284416998767369437e-24
-3.280337048664875390e-24
-3.276246013466890995e-24
-3.272143781659104349e-24
-3.268030693888281620e-24
-3.263906634369635802e-24
-3.259771935984267304e-24
-3.255626478892388014e-24
-3.251470588316534444e-24
-3.247304139670009275e-24
-3.243127450895988946e-24
-3.238940392284035038e-24
-3.234743274248345856e-24
-3.230535961730498695e-24
-3.226318757922425182e-24
-3.222091521895918593e-24
-3.217854550151879527e-24
-3.213607695540624390e-24
-3.209351246960439742e-24
-3.205085051616399430e-24
-3.200809507027950607e-24
-3.196525033992468983e-24
-3.192232597004720977e-24
-3.187932716793868529e-24
-3.183626339482344203e-24
-3.179313969125765625e-24
-3.174996533520167986e-24
-3.170674520125253873e-24
-3.166348838558253973e-24
-3.162019958900501613e-24
-3.157688773902509769e-24
-3.153355736093523911e-24
-3.149021722398362978e-24
-3.144687167621133082e-24
-3.140352932027070413e-24
-3.136019433033410059e-24
-3.131687514046032032e-24
-3.127357576544160369e-24
-3.123030446628249285e-24
-3.118706509628418694e-24
-3.114386458590647980e-24
-3.110070079501725017e-24
-3.105757471771716011e-24
-3.101448298953792889e-24
-3.097142655542690395e-24
-3.092840200255780734e-24
-3.088541022461987206e-24
-3.084244776591603793e-24
-3.079951547288880169e-24
-3.075660984701055957e-24
-3.071373168828201748e-24
-3.067087745688579626e-24
-3.062804790459833914e-24
-3.058523945838028033e-24
-3.054245282640405887e-24
-3.049968440037014367e-24
-3.045693484585736577e-24
-3.041420052760098182e-24
-3.037148206294996558e-24
-3.032877578992774291e-24
-3.028608319642509723e-24
-3.024340512444507984e-24
-3.020074751820048026e-24
-3.015811202287603893e-24
-3.011550446232480820e-24
-3.007292636995216172e-24
-3.003038345892543195e-24
-2.998787715707018297e-24
-2.994541306418965611e-24
-2.990299250830105541e-24
-2.986062098072401832e-24
-2.981829971455023437e-24
-2.977603409232002685e-24
-2.973382525520578741e-24
-2.969167848672667110e-24
-2.964959483235476105e-24
-2.960757948013029346e-24
-2.956563339074204264e-24
-2.952376165293997649e-24
-2.948196514487461516e-24
-2.944024780953130456e-24
-2.939860516076000537e-24
-2.935703582000843835e-24
-2.931553426900736583e-24
-2.927409914383112602e-24
-2.923272495957764880e-24
-2.919141037545258041e-24
-2.915014993521083446e-24
-2.910894232237582842e-24
-2.906778211547559712e-24
-2.902666802458795338e-24
-2.898559467082606179e-24
-2.894456079190792731e-24
-2.890356105178544984e-24
-2.886259421794292473e-24
-2.882165499973080248e-24
-2.878074220786733331e-24
-2.873985058994673238e-24
-2.869897899897958973e-24
-2.865812223153226575e-24
-2.861727981163311678e-24
-2.857644974043869360e-24
-2.853563470009471539e-24
-2.849483332169684260e-24
-2.845404827258273208e-24
-2.841327817890070081e-24
-2.837252570152896499e-24
-2.833178945712969769e-24
-2.829107210166793812e-24
-2.825037225393676243e-24
-2.820969255890429856e-24
-2.816903164620318667e-24
-2.812839215646987272e-24
-2.808777271992555955e-24
-2.804717598299304568e-24
-2.800660058569605849e-24
-2.796604917451379083e-24
-2.792552040046249532e-24
-2.788501691430765066e-24
-2.784453738380315681e-24
-2.780408396270656187e-24
-2.776365284015304503e-24
-2.772324369551058311e-24
-2.768285228919528862e-24
-2.764247836118145247e-24
-2.760211774246437324e-24
-2.756177023655190133e-24
-2.752143174719570227e-24
-2.748110214455789201e-24
-2.744077740548938736e-24
-2.740045746433637133e-24
-2.736013837718538272e-24
-2.731982014349372887e-24
-2.727949889958616809e-24
-2.723917471137452740e-24
-2.719884379638467979e-24
-2.715850628765929998e-24
-2.711815848566579789e-24
-2.707780059178946164e-24
-2.703742899065071356e-24
-2.699704375756332244e-24
-2.695664039980282290e-24
-2.691621810617897095e-24
-2.687577229628165277e-24
-2.683530224806075973e-24
-2.679480348899513602e-24
-2.675427538561431063e-24
-2.671371357280456657e-24
-2.667311750736675743e-24
-2.663248293105610001e-24
-2.659180939048681462e-24
-2.655109273492586361e-24
-2.651033260059257311e-24
-2.646952494335642086e-24
-2.642866948968214527e-24
-2.638776230145116742e-24
-2.634680319515810011e-24
-2.630578833806771949e-24
-2.626471763535350976e-24
-2.622358736040247014e-24
-2.618239778968334877e-24
-2.614114671142216936e-24
-2.609983588582749170e-24
-2.605846345920568861e-24
-2.601703124623059066e-24
-2.597553746503556972e-24
-2.593398398503646788e-24
-2.589236909488143705e-24
-2.585069471749216995e-24
-2.580895921066502756e-24
-2.576716454894195743e-24
-2.572530915832092607e-24
-2.568339506408043229e-24
-2.564142075834232141e-24
-2.559938831570800868e-24
-2.555729629329092334e-24
-2.551514681232885250e-24
-2.547293849465672110e-24
-2.543067350537233207e-24
-2.538835052937516963e-24
-2.534597143563960793e-24
-2.530353328386266330e-24
-2.526103631376373624e-24
-2.521847734237602023e-24
-2.517585668591719348e-24
-2.513317125692126559e-24
-2.509042144489673857e-24
-2.504760425478500353e-24
-2.500472014774805491e-24
-2.496176621945625041e-24
-2.491874299982034952e-24
-2.487564767272401578e-24
-2.483248083394802482e-24
-2.478923975324860246e-24
-2.474592509010816482e-24
-2.470253419638277293e-24
-2.465906779338924367e-24
-2.461552331329558680e-24
-2.457190153543554695e-24
-2.452819996909133387e-24
-2.448441969102741766e-24
-2.444055948568424334e-24
-2.439662167148182158e-24
-2.435260531916536435e-24
-2.430851276887060495e-24
-2.426434313220308959e-24
-2.422009876939123244e-24
-2.417577883041978699e-24
-2.413138569211497868e-24
-2.408691854050662590e-24
-2.404237976643622629e-24
-2.399776858920264507e-24
-2.395308741116283112e-24
-2.390833548209524471e-24
-2.386351521357727281e-24
-2.381862588257973388e-24
-2.377366990733475288e-24
-2.372864658997443588e-24
-2.368355835279482323e-24
-2.363840452054864654e-24
-2.359318741976911604e-24
-2.354790591228152331e-24
-2.350256184613760387e-24
-2.345715401505845920e-24
-2.341168427488066471e-24
-2.336615144584223736e-24
-2.332055738939652168e-24
-2.327490094948444150e-24
-2.322918399112147495e-24
-2.318340537974813180e-24
-2.313756698108805943e-24
-2.309166767998210065e-24
-2.304570934097011759e-24
-2.299969086543773851e-24
-2.295361411449299546e-24
-2.290747800487442436e-24
-2.286128439164525757e-24
-2.281503220449399308e-24
-2.276872329112288089e-24
-2.272235659137415186e-24
-2.267593422361448853e-24
-2.262945652907136856e-24
-2.258292699248905221e-24
-2.253634620863221781e-24
-2.248971761686821883e-24
-2.244304178326448184e-24
-2.239632210012472197e-24
-2.234955910368542688e-24
-2.230275613855729533e-24
-2.225591370918253233e-24
-2.220903511094698213e-24
-2.216212081649441249e-24
-2.211517407115375785e-24
-2.206819531404515645e-24
-2.202118773991380573e-24
-2.197415175344365244e-24
-2.192709049806807788e-24
-2.188000434343235235e-24
-2.183289638076616407e-24
-2.178576694433633395e-24
-2.173861894735041066e-24
-2.169145206584251846e-24
-2.164426854378450024e-24
-2.159706791103485939e-24
-2.154985237276309028e-24
-2.150262143742900081e-24
-2.145537727124543113e-24
-2.140811936081900715e-24
-2.136084983392880407e-24
-2.131356815582268239e-24
-2.126627641422179757e-24
-2.121897405241672335e-24
-2.117166311917754459e-24
-2.112434303547405240e-24
-2.107701581034883231e-24
-2.102968084378571805e-24
-2.098234010501609697e-24
-2.093499297303363566e-24
-2.088764137698412984e-24
-2.084028467533651230e-24
-2.079292504863069162e-24
-2.074556328003447828e-24
-2.069820294064709200e-24
-2.065084504994940728e-24
-2.060349310664925322e-24
-2.055614807534770646e-24
-2.050881338322692033e-24
-2.046148994052839971e-24
-2.041418110439580983e-24
-2.036688773193903459e-24
-2.031961311117680492e-24
-2.027235804736017228e-24
-2.022512576075604299e-24
-2.017791700587892826e-24
-2.013073493660883503e-24
-2.008358025763681421e-24
-2.003645605781160122e-24
-1.998936299316416240e-24
-1.994230408973823775e-24
-1.989527995592540916e-24
-1.984829346990863643e-24
-1.980134477084562243e-24
-1.975443625484123626e-24
-1.970756794151515087e-24
-1.966074217810058385e-24
-1.961395895195029598e-24
-1.956722056244284698e-24
-1.952052696583091053e-24
-1.947388041472876600e-24
-1.942728083582655026e-24
-1.938073043632216866e-24
-1.933422911455135027e-24
-1.928777903387590958e-24
-1.924138006503480336e-24
-1.919503432931258133e-24
-1.914874167115151000e-24
-1.910250417118756283e-24
-1.905632164870390072e-24
-1.901019614490450608e-24
-1.896412745579732921e-24
-1.891811772435791672e-24
-1.887216742198144829e-24
-1.882627934448382194e-24
-1.878045406604456911e-24
-1.873469433036452333e-24
-1.868900067555348411e-24
-1.864337579478774884e-24
-1.859782019079101957e-24
-1.855233650744458052e-24
-1.850692521435894647e-24
-1.846158890785970872e-24
-1.841632802512299863e-24
-1.837114511627673382e-24
-1.832604058723289261e-24
-1.828101694336454639e-24
-1.823607456110029520e-24
-1.819121590239730738e-24
-1.814644131482474974e-24
-1.810175321838061528e-24
-1.805715193290943409e-24
-1.801263983832330631e-24
-1.796821723447861938e-24
-1.792388646775948357e-24
-1.787964781367695341e-24
-1.783550357948823666e-24
-1.779145401589488897e-24
-1.774750139267695578e-24
-1.770364593717311600e-24
-1.765988988102979791e-24
-1.761623342819862154e-24
-1.757267877451070065e-24
-1.752922610166011790e-24
-1.748587757013970650e-24
-1.744263333995767298e-24
-1.739949553680676276e-24
-1.735646429984473009e-24
-1.731354172043910657e-24
-1.727072791727450584e-24
-1.722802494863166205e-24
-1.718543291290368414e-24
-1.714295379339550679e-24
-1.710058745814539949e-24
-1.705833564860102486e-24
-1.701619817579574811e-24
-1.697417675358161299e-24
-1.693227117826908329e-24
-1.689048313647467090e-24
-1.684881241094646699e-24
-1.680726066211845941e-24
-1.676582765989890271e-24
-1.672451503825093766e-24
-1.668332255315528255e-24
-1.664225181183271024e-24
-1.660130255641673313e-24
-1.656047636788189559e-24
-1.651977297459141818e-24
-1.647919393111212039e-24
-1.643873895217728498e-24
-1.639840956629149537e-24
-1.635820547393014927e-24
-1.631812818197042932e-24
-1.627817740042667702e-24
-1.623835463251681439e-24
-1.619865957815998233e-24
-1.615909371404764753e-24
-1.611965672506022904e-24
-1.608035006082238184e-24
-1.604117339125074821e-24
-1.600212813924299401e-24
-1.596321395963451244e-24
-1.592443224820291880e-24
-1.588578264455157622e-24
-1.584726651726998094e-24
-1.580888349047426984e-24
-1.577063490557568695e-24
-1.573252037119995255e-24
-1.569454120169303077e-24
-1.565669699047726633e-24
-1.561898902496865389e-24
-1.558141688369150093e-24
-1.554398182804739398e-24
-1.550668342181139331e-24
-1.546952290075662700e-24
-1.543249981367960957e-24
-1.539561536993742209e-24
-1.535886910383087685e-24
-1.532226219894020498e-24
-1.528579417684572787e-24
-1.524946619786836465e-24
-1.521327776810171923e-24
-1.517723002253461278e-24
-1.514132245430838389e-24
-1.510555618191907291e-24
-1.506993070329200308e-24
-1.503444712813934425e-24
-1.499910492930189733e-24
-1.496390513317488460e-24
-1.492884712331325073e-24
-1.489393191410934619e-24
