0.000000000000000000e+00
9.439381643295288086e+03
6.005117425363769531e+08
3.002015159715576172e+09
9.005027308335693359e+09
2.101029607424096680e+10
4.201888139097900391e+10
7.563196054525097656e+10
1.260507207899785156e+11
1.980763220937617188e+11
2.971099860372929688e+11
4.291529318564609375e+11
6.008063222846718750e+11
8.192711018474687500e+11
1.092347901425437500e+12
1.428436917103906250e+12
1.836537863233562500e+12
2.326249710758812500e+12
2.907770592817531250e+12
3.591897483795875000e+12
4.390026056895937500e+12
5.314150388157687500e+12
6.376862779309312500e+12
7.591353375332125000e+12
8.971409966081125000e+12
1.053141751298437500e+13
1.228635793379812500e+13
1.425180957449850000e+13
1.644394693541425000e+13
1.887954007682750000e+13
2.157595430854225000e+13
2.455114953430325000e+13
2.782367994155350000e+13
3.141269330967550000e+13
3.533793065540950000e+13
3.961972549670350000e+13
4.427900346234100000e+13
4.933728152255350000e+13
5.481666755438100000e+13
6.073985955538200000e+13
6.713014517380400000e+13
7.401140084241700000e+13
8.140809132834200000e+13
8.934526885146400000e+13
9.784857262693700000e+13
1.069442279924320000e+14
1.166590459234080000e+14
1.270204221700280000e+14
1.380563367483980000e+14
1.497953530527260000e+14
1.622666172820560000e+14
1.754998574458620000e+14
1.895253826945160000e+14
2.043740826198400000e+14
2.200774271400480000e+14
2.366674657987840000e+14
2.541768272175360000e+14
2.726387180983600000e+14
2.920869221840480000e+14
3.125557996431960000e+14
3.340802862963760000e+14
3.566958933291360000e+14
3.804387067276240000e+14
4.053453871663840000e+14
4.314531687131760000e+14
4.587998591313120000e+14
4.874238384200480000e+14
5.173640589862880000e+14
5.486600441933360000e+14
5.813518889422160000e+14
6.154802582102160000e+14
6.510863876667760000e+14
6.882120823196400000e+14
7.268997169984880000e+14
7.671922349595840000e+14
8.091331480868080000e+14
8.527665361235680000e+14
8.981370468545280000e+14
9.452898953750560000e+14
9.942708643417600000e+14
1.045126303170816000e+15
1.097903128141344000e+15
1.152648821660720000e+15
1.209411432530416000e+15
1.268239575058320000e+15
1.329182429744048000e+15
1.392289741800400000e+15
1.457611822458224000e+15
1.525199547239120000e+15
1.595104357574464000e+15
1.667378258742384000e+15
1.742073821707024000e+15
1.819244180590032000e+15
1.898943035121680000e+15
1.981224647910656000e+15
2.066143846822240000e+15
2.153756021837024000e+15
2.244117128140416000e+15
2.337283682741920000e+15
2.433312767607552000e+15
2.532262025693184000e+15
2.634189664654976000e+15
2.739154453402656000e+15
2.847215724717440000e+15
2.958433371465120000e+15
3.072867851136224000e+15
3.190580180052384000e+15
3.311631939085792000e+15
3.436085266570336000e+15
3.564002864389760000e+15
3.695447991041088000e+15
3.830484467399424000e+15
3.969176670892416000e+15
4.111589540690688000e+15
4.257788570931168000e+15
4.407839815723936000e+15
4.561809883858208000e+15
4.719765942501952000e+15
4.881775709590656000e+15
5.047907464192320000e+15
5.218230035029504000e+15
5.392812804818688000e+15
5.571725707747264000e+15
5.755039230966208000e+15
5.942824405017536000e+15
6.135152815824000000e+15
6.332096590320640000e+15
6.533728408862144000e+15
6.740121488542400000e+15
6.951349596307904000e+15
7.167487033768448000e+15
7.388608648706304000e+15
7.614789821082560000e+15
7.846106474529856000e+15
8.082635059255360000e+15
8.324452567616192000e+15
8.571636512580736000e+15
8.824264943897792000e+15
9.082416428772864000e+15
9.346170069010880000e+15
9.615605478934848000e+15
9.890802801530944000e+15
1.017184268431481600e+16
1.045880629924761600e+16
1.075177532159859200e+16
1.105083194302342400e+16
1.135605885137504000e+16
1.166753924759654400e+16
1.198535682184089600e+16
1.230959577183104000e+16
1.264034077228582400e+16
1.297767700563584000e+16
1.332169012330112000e+16
1.367246627131712000e+16
1.403009205994086400e+16
1.439465459398425600e+16
1.476624142906828800e+16
1.514494060800883200e+16
1.553084061690380800e+16
1.592403041908723200e+16
1.632459941337164800e+16
1.673263746731865600e+16
1.714823487605196800e+16
1.757148239691097600e+16
1.800247119930969600e+16
1.844129290792038400e+16
1.888803955088652800e+16
1.934280360339456000e+16
1.980567792910604800e+16
2.027675583352819200e+16
2.075613099967705600e+16
2.124389754062169600e+16
2.174014993946470400e+16
2.224498309815052800e+16
2.275849227194803200e+16
2.328077313271360000e+16
2.381192169227955200e+16
2.435203436600307200e+16
2.490120789877273600e+16
2.545953943296294400e+16
2.602712642304614400e+16
2.660406670804761600e+16
2.719045843004403200e+16
2.778640010675724800e+16
2.839199054350976000e+16
2.900732890907123200e+16
2.963251465260902400e+16
3.026764757285017600e+16
3.091282773551206400e+16
3.156815554648588800e+16
3.223373166432601600e+16
3.290965707732659200e+16
3.359603301403955200e+16
3.429296102110899200e+16
3.500054287201408000e+16
3.571888064833216000e+16
3.644807664498278400e+16
3.718823345423001600e+16
3.793945386903782400e+16
3.870184096925952000e+16
3.947549802199168000e+16
4.026052857107814400e+16
4.105703633464422400e+16
4.186512529791155200e+16
4.268489960587520000e+16
4.351646366340044800e+16
4.435992202022297600e+16
4.521537947860710400e+16
4.608294097068620800e+16
4.696271167350220800e+16
4.785479688076313600e+16
4.875930212322150400e+16
4.967633303616716800e+16
5.060599548326528000e+16
5.154839541987865600e+16
5.250363902264755200e+16
5.347183255104768000e+16
5.445308247790822400e+16
5.544749534197478400e+16
5.645517789177779200e+16
5.747623692833177600e+16
5.851077946086374400e+16
5.955891253863270400e+16
6.062074341620505600e+16
6.169637937684864000e+16
6.278592789852288000e+16
6.388949647910553600e+16
6.500719281798604800e+16
6.613912461534054400e+16
6.728539976648217600e+16
6.844612616899865600e+16
6.962141190619084800e+16
7.081136505164006400e+16
7.201609386519347200e+16
7.323570659060505600e+16
7.447031166491289600e+16
7.572001749385497600e+16
7.698493266788582400e+16
7.826516574725708800e+16
7.956082548002534400e+16
8.087202057643929600e+16
8.219885993194624000e+16
8.354145239684787200e+16
8.489990701197644800e+16
8.627433277080089600e+16
8.766483885375513600e+16
8.907153439116160000e+16
9.049452871033292800e+16
9.193393107444582400e+16
9.338985096609587200e+16
9.486239778652211200e+16
9.635168116103987200e+16
9.785781063580057600e+16
9.938089597966003200e+16
1.009210468793441280e+17
1.024783732616857600e+17
1.040529849642332160e+17
1.056449920714813440e+17
1.072545045840232960e+17
1.088816327444623360e+17
1.105264867238041600e+17
1.121891769453596160e+17
1.138698137479846400e+17
1.155685077393909760e+17
1.172853694513282560e+17
1.190205096905392640e+17
1.207740391814469120e+17
1.225460689444674560e+17
1.243367099135060480e+17
1.261460733391349760e+17
1.279742703900385280e+17
1.298214125455104000e+17
1.316876112151900160e+17
1.335729781421355520e+17
1.354776249904967680e+17
1.374016637768399360e+17
1.393452064504734720e+17
1.413083653117890560e+17
1.432912526056670720e+17
1.452939809512478720e+17
1.473166629084917760e+17
1.493594114208867840e+17
1.514223393925888000e+17
1.535055601210488320e+17
1.556091868478970880e+17
1.577333332627880960e+17
1.598781129919541760e+17
1.620436401216880640e+17
1.642300286801689600e+17
1.664373931844444160e+17
1.686658480849082880e+17
1.709155083347312640e+17
1.731864888819811840e+17
1.754789051705036800e+17
1.777928725265495040e+17
1.801285068947230720e+17
1.824859241117852160e+17
1.848652406560496640e+17
1.872665728561251840e+17
1.896900377057664000e+17
1.921357521836902400e+17
1.946038337919554560e+17
1.970944000064563200e+17
1.996075689267660800e+17
2.021434586414597120e+17
2.047021879528197120e+17
2.072838755669406720e+17
2.098886408066810880e+17
2.125166029550684160e+17
2.151678822218542080e+17
2.178425985238620160e+17
2.205408725611776000e+17
2.232628251022059520e+17
2.260085775601797120e+17
2.287782513321384960e+17
2.315719686804203520e+17
2.343898515809218560e+17
2.372320229998576640e+17
2.400986057159623680e+17
2.429897234448322560e+17
2.459054998129991680e+17
2.488460592349332480e+17
2.518115261331225600e+17
2.548020257576181760e+17
2.578176832718161920e+17
2.608586248055997440e+17
2.639249761028444160e+17
2.670168641071938560e+17
2.701344155762534400e+17
2.732777582136729600e+17
2.764470195313274880e+17
2.796423280230154240e+17
2.828638120894581760e+17
2.861116011566581760e+17
2.893858244539069440e+17
2.926866122714455040e+17
2.960140944909071360e+17
2.993684021871539200e+17
3.027496662332544000e+17
3.061580185235430400e+17
3.095935908519111680e+17
3.130565160746869760e+17
3.165469266119592960e+17
3.200649561968875520e+17
3.236107382279106560e+17
3.271844071224284160e+17
3.307860970565606400e+17
3.344159434843776000e+17
3.380740812703933440e+17
3.417606465921525760e+17
3.454757752423214080e+17
3.492196041341521920e+17
3.529922697798062080e+17
3.567939099514311680e+17
3.606246620104340480e+17
3.644846644870778880e+17
3.683740553685278720e+17
3.722929740700856320e+17
3.762415593273681920e+17
3.802199510893987840e+17
3.842282887179079680e+17
3.882667129303946240e+17
3.923353638375905280e+17
3.964343829283358720e+17
4.005639110702269440e+17
4.047240901511275520e+17
4.089150615360460800e+17
4.131369678673397760e+17
4.173899509935667200e+17
4.216741540526407680e+17
4.259897196142182400e+17
4.303367914247915520e+17
4.347155123831357440e+17
4.391260266952263680e+17
4.435684776848394240e+17
4.480430099972331520e+17
4.525497674874880000e+17
4.570888952167987200e+17
4.616605372841369600e+17
4.662648391333089280e+17
4.709019452043673600e+17
4.755720012950108160e+17
4.802751518792755200e+17
4.850115429296066560e+17
4.897813193172899840e+17
4.945846270085048320e+17
4.994216110930933760e+17
5.042924179052032000e+17
5.091971924311592960e+17
5.141360809057454080e+17
5.191092280018001920e+17
5.241167802119577600e+17
5.291588824088975360e+17
5.342356811655147520e+17
5.393473213673052160e+17
5.444939491751649280e+17
5.496757092784650240e+17
5.548927476412620800e+17
5.601452086887249920e+17
5.654332381205463040e+17
5.707569800269967360e+17
5.761165797697894400e+17
5.815121810359726080e+17
5.869439287681095680e+17
5.924119663240888320e+17
5.979164381544488960e+17
6.034574867490703360e+17
6.090352561283543040e+17
6.146498882867804160e+17
6.203015265847060480e+17
6.259903124371834880e+17
6.317163884582686720e+17
6.374798952368199680e+17
6.432809747065620480e+17
6.491197666969538560e+17
6.549964122153594880e+17
6.609110503972864000e+17
6.668638213952317440e+17
6.728548632382996480e+17
6.788843147925084160e+17
6.849523130323281920e+17
6.910589962540154880e+17
6.972045002867466240e+17
7.033889621102888960e+17
7.096125162951557120e+17
7.158752985557708800e+17
7.221774420986337280e+17
7.285190815992555520e+17
7.349003489671720960e+17
7.413213773984768000e+17
7.477822975685324800e+17
7.542832414296535040e+17
7.608243379699302400e+17
7.674057174432542720e+17
7.740275075556495360e+17
7.806898372756992000e+17
7.873928327632793600e+17
7.941366214248284160e+17
8.009213275768135680e+17
8.077470767660462080e+17
8.146139918828892160e+17
8.215221968719544320e+17
8.284718125441495040e+17
8.354629611307171840e+17
8.424957617922007040e+17
8.495703351251496960e+17
8.566867981664952320e+17
8.638452695823093760e+17
8.710458647266549760e+17
8.782887002242826240e+17
8.855738894530990080e+17
8.929015472658411520e+17
9.002717849561436160e+17
9.076847154980741120e+17
9.151404481899540480e+17
9.226390938337853440e+17
9.301807596221194240e+17
9.377655544578928640e+17
9.453935833318420480e+17
9.530649531461775360e+17
9.607797669816504320e+17
9.685381294501621760e+17
9.763401414269747200e+17
9.841859055241379840e+17
9.920755203149148160e+17
1.000009086525487104e+18
1.007986700533929984e+18
1.016008460683694080e+18
1.024074461263261696e+18
1.032184798556968960e+18
1.040339564466921472e+18
1.048538853342365696e+18
1.056782755032743936e+18
1.065071361669070848e+18
1.073404760971546624e+18
1.081783042983481344e+18
1.090206293010173952e+18
1.098674599137536000e+18
1.107188044609974272e+18
1.115746715062777856e+18
1.124350691611314176e+18
1.133000058010089472e+18
1.141694893182988288e+18
1.150435278948460544e+18
1.159221292199462912e+18
1.168053012554532864e+18
1.176930514815211520e+18
1.185853876785524736e+18
1.194823171354413056e+18
1.203838474132934656e+18
1.212899855976792064e+18
1.222007390828990464e+18
1.231161147610667008e+18
1.240361198372528128e+18
1.249607609922127872e+18
1.258900452550236160e+18
1.268239791397083136e+18
1.277625694999887872e+18
1.287058226814550016e+18
1.296537453446658048e+18
1.306063436624746496e+18
1.315636241326893056e+18
1.325255927566266368e+18
1.334922559043944448e+18
1.344636194061268992e+18
1.354396894681915392e+18
1.364204717853331456e+18
1.374059724369866752e+18
1.383961969644281856e+18
1.393911513217757184e+18
1.403908409178595328e+18
1.413952715783507968e+18
1.424044485837766656e+18
1.434183776413505536e+18
1.444370639156125696e+18
1.454605130083262464e+18
1.464887299759300608e+18
1.475217203265376256e+18
1.485594890177990656e+18
1.496020414730350592e+18
1.506493825583394816e+18
1.517015176196947968e+18
1.527584514417438720e+18
1.538201893067268096e+18
1.548867359336157184e+18
1.559580965469753344e+18
1.570342758017396736e+18
1.581152788770025472e+18
1.592011103779794944e+18
1.602917754485317632e+18
1.613872786563567616e+18
1.624876251262222336e+18
1.635928193910300672e+18
1.647028665625489408e+18
1.658177711587745792e+18
1.669375382890913792e+18
1.680621724667535360e+18
1.691916788115550208e+18
1.703260618382540800e+18
1.714653266901786624e+18
1.726094778967588864e+18
1.737585206330327040e+18
1.749124594567262208e+18
1.760712995827703808e+18
1.772350456119488512e+18
1.784037028157300736e+18
1.795772758419775488e+18
1.807557700204875776e+18
1.819391900519878656e+18
1.831275413451390976e+18
1.843208286719033344e+18
1.855190575301971968e+18
1.867222327762194432e+18
1.879303600141811712e+18
1.891434441560379392e+18
1.903614909216399360e+18
1.915845053581008896e+18
1.928124932934565888e+18
1.940454598816038912e+18
1.952834110960492544e+18
1.965263522124578816e+18
1.977742893013352448e+18
1.990272277667401728e+18
2.002851738467475456e+18
2.015481330777653248e+18
2.028161118842785792e+18
2.040891159240192000e+18
2.053671517632487424e+18
2.066502252259291136e+18
2.079383430654660608e+18
2.092315112888377344e+18
2.105297368223936512e+18
2.118330258426785792e+18
2.131413854650429440e+18
2.144548220190134272e+18
2.157733428263571456e+18
2.170969544153427968e+18
2.184256642690793472e+18
2.197594791310303232e+18
2.210984066910744576e+18
2.224424538936274944e+18
2.237916286524268544e+18
2.251459380971859968e+18
2.265053903502405632e+18
2.278699927411445760e+18
2.292397536494804992e+18
2.306146806208651264e+18
2.319947822137683968e+18
2.333800662046990336e+18
2.347705413771988992e+18
2.361662157231734784e+18
2.375670982666100736e+18
2.389731972310519808e+18
2.403845218640195584e+18
2.418010806029168640e+18
2.432228830005923840e+18
2.446499376581763072e+18
2.460822543504285696e+18
2.475198418875203584e+18
2.489627102473527296e+18
2.504108685290721280e+18
2.518643269623226368e+18
2.533230948517363712e+18
2.547871826592260096e+18
2.562565998726057984e+18
2.577313571998838784e+18
2.592114643596513280e+18
2.606969322848006144e+18
2.621877709044715520e+18
2.636839913889419264e+18
2.651856038555549696e+18
2.666926196893163520e+18
2.682050492082790400e+18
2.697229040581967872e+18
2.712461946989342720e+18
2.727749329440501760e+18
2.743091294735241216e+18
2.758487963142672384e+18
2.773939443775401984e+18
2.789445859159281664e+18
2.805007320483143680e+18
2.820623951918686208e+18
2.836295865741230080e+18
2.852023188558737408e+18
2.867806034181505024e+18
2.883644530289938432e+18
2.899538792295231488e+18
2.915488950117441536e+18
2.931495120481259520e+18
2.947557434523422720e+18
2.963676009970495488e+18
2.979850979588497408e+18
2.996082462533279744e+18
3.012370592513601536e+18
3.028715490172231680e+18
3.045117290202783744e+18
3.061576114026041344e+18
3.078092098107768832e+18
3.094665364323004416e+18
3.111296050184585216e+18
3.127984278038384640e+18
3.144730186092019712e+18
3.161533897937321984e+18
3.178395552127266816e+18
3.195315272733483008e+18
3.212293198650966016e+18
3.229329453672587264e+18
3.246424177409744896e+18
3.263577493745631232e+18
3.280789542625263616e+18
3.298060447602827264e+18
3.315390348552904704e+18
3.332779369456828416e+18
3.350227650508029952e+18
3.367735314507792384e+18
3.385302501134123008e+18
3.402929332746772480e+18
3.420615948867854336e+18
3.438362471378092032e+18
3.456169039186698240e+18
3.474035773254434816e+18
3.491962811404025856e+18
3.509950273200619520e+18
3.527998296116527104e+18
3.546106999071539200e+18
3.564276517922947072e+18
3.582506969618522112e+18
3.600798489115762688e+18
3.619151191721607168e+18
3.637565210984734720e+18
3.656040660905902080e+18
3.674577673127968768e+18
3.693176359817322496e+18
3.711836851025805312e+18
3.730559256978423808e+18
3.749343706043138048e+18
3.768190305521025024e+18
3.787099181565960192e+18
3.806070439266467840e+18
3.825104202440433664e+18
3.844200573832994816e+18
3.863359675237179392e+18
3.882581606065577984e+18
3.901866485070864384e+18
3.921214409048211456e+18
3.940625494425165824e+18
3.960099834387079168e+18
3.979637542000738304e+18
3.999238707537616896e+18
4.018903441433821184e+18
4.038631829575016448e+18
4.058423979599052800e+18
4.078279973696577536e+18
4.098199915678769152e+18
4.118183884299452416e+18
4.138231979808309248e+18
4.158344277364154368e+18
4.178520873471975424e+18
4.198761839068626944e+18
4.219067266272526336e+18
4.239437221595471872e+18
4.259871793950457856e+18
4.280371045229535232e+18
4.300935060024745984e+18
4.321563895886053376e+18
4.342257633353269248e+18
4.363016324963680256e+18
4.383840047011479552e+18
4.404728847262810112e+18
4.425682797568090112e+18
4.446701941198290944e+18
4.467786344889458688e+18
4.488936046725373952e+18
4.510151109516836864e+18
4.531431565980090368e+18
4.552777474313797632e+18
4.574188862126473216e+18
4.595665782798958592e+18
4.617208259100794880e+18
4.638816339407233024e+18
4.660490040443314176e+18
4.682229405365018624e+18
4.704034446066524160e+18
4.725905200760012800e+18
4.747841676312502272e+18
4.769843905786716160e+18
4.791911890321997824e+18
4.814045659579891712e+18
4.836245208798019584e+18
4.858510561078640640e+18
4.880841706476773376e+18
4.903238663315931136e+18
4.925701415769686016e+18
4.948229977671557120e+18
4.970824327614504960e+18
4.993484473726476288e+18
5.016210388811735040e+18
5.039002076088475648e+18
5.061859503373008896e+18
5.084782669275586560e+18
5.107771535953281024e+18
5.130826096204513280e+18
5.153946306294620160e+18
5.177132154535116800e+18
5.200383593168207872e+18
5.223700605869047808e+18
5.247083138645475328e+18
5.270531170321809408e+18
5.294044641527234560e+18
5.317623526042017792e+18
5.341267758927667200e+18
5.364977309260668928e+18
5.388752107398045696e+18
5.412592118089662464e+18
5.436497266310045696e+18
5.460467512301117440e+18
5.484502776564637696e+18
5.508603014151135232e+18
5.532768141454901248e+18
5.556998109259046912e+18
5.581292828093792256e+18
5.605652244857167872e+18
5.630076265666240512e+18
5.654564833409114112e+18
5.679117850759348224e+18
5.703735255922843648e+18
5.728416946358263808e+18
5.753162857637765120e+18
5.777972883539804160e+18
5.802846955809251328e+18
5.827784963321815040e+18
5.852786834428755968e+18
5.877852454651363328e+18
5.902981748846804992e+18
5.928174599083065344e+18
5.953430927186411520e+18
5.978750612260159488e+18
6.004133573024382976e+18
6.029579684982816768e+18
6.055088864809959424e+18
6.080660984887312384e+18
6.106295958088679424e+18
6.131993654732947456e+18
6.157753986112307200e+18
6.183576819287080960e+18
6.209462063933358080e+18
6.235409584403644416e+18
6.261419288705646592e+18
6.287491039035621376e+18
6.313624741132369920e+18
6.339820254395678720e+18
6.366077484004114432e+18
6.392396288314638336e+18
6.418776570781908992e+18
6.445218189293928448e+18
6.471721046789849088e+18
6.498284998945488896e+18
6.524909948186918912e+18
6.551595749143724032e+18
6.578342303783026688e+18
6.605149466900496384e+18
6.632017140025016320e+18
6.658945177005801472e+18
6.685933479545176064e+18
6.712981900553666560e+18
6.740090341982879744e+18
6.767258657046396928e+18
6.794486747992702976e+18
6.821774468416700416e+18
6.849121722153582592e+18
6.876528362657202176e+18
6.903994294794715136e+18
6.931519373210861568e+18
6.959103504509272064e+18
6.986746543993962496e+18
7.014448399523168256e+18
7.042208927752404992e+18
7.070028037895684096e+18
7.097905588056047616e+18
7.125841490172100608e+18
7.153835603917848576e+18
7.181887843475095552e+18
7.209998069576548352e+18
7.238166199390650368e+18
7.266392096099581952e+18
7.294675679379210240e+18
7.323016815011086336e+18
7.351415425953824768e+18
7.379871380108820480e+18
7.408384603901657088e+18
7.436954968768987136e+18
7.465582404141989888e+18
7.494266784526827520e+18
7.523008042528227328e+18
7.551806055873249280e+18
7.580660761170100224e+18
7.609572039531085824e+18
7.638539831764500480e+18
7.667564022592405504e+18
7.696644557838417920e+18
7.725781325379076096e+18
7.754974276267720704e+18
7.784223302402424832e+18
7.813528358285541376e+18
7.842889340032319488e+18
7.872306207118491648e+18
7.901778860064751616e+18
7.931307264238075904e+18
7.960891324118253568e+18
7.990531009836236800e+18
8.020226230721003520e+18
8.049976961882505216e+18
8.079783117734182912e+18
8.109644679258849280e+18
8.139561565523345408e+18
8.169533763655778304e+18
8.199561198257192960e+18
8.229643860785152000e+18
8.259781680261726208e+18
8.289974656118079488e+18
8.320222721344684032e+18
8.350525880175525888e+18
8.380884072525905920e+18
8.411297307688075264e+18
8.441765530702888960e+18
8.472288757521563648e+18
8.502866938554728448e+18
8.533500095265243136e+18
8.564188183687299072e+18
8.594931232426835968e+18
8.625729202713559040e+18
8.656582128420339712e+18
8.687489976228118528e+18
8.718452786915917824e+18
8.749470532840357888e+18
8.780543261269213184e+18
8.811670949064163328e+18
8.842853649466179584e+18
8.874091346261803008e+18
8.905384097471053824e+18
8.936731892604829696e+18
8.968134796864307200e+18
8.999592804313563136e+18
9.031105985391034368e+18
9.062674340359061504e+18
9.094297945871745024e+18
9.125976807211515904e+18
9.157711007473926144e+18
9.189500557159530496e+18
9.221345545310732288e+18
9.253245987125166080e+18
9.285201977853820928e+18
9.317213537590444032e+18
9.349280766575312896e+18
9.381403690741972992e+18
9.413582416274128896e+18
9.445816972948078592e+18
9.478107472355147776e+18
9.510453949780393984e+18
9.542856522468098048e+18
9.575315229932683264e+18
9.607830194518802432e+18
9.640401460164640768e+18
9.673029153779630080e+18
9.705713323113578496e+18
9.738454099832455168e+18
9.771251537191043072e+18
9.804105771082219520e+18
9.837016857380814848e+18
9.869984937138552832e+18
9.903010069788131328e+18
9.936092401680596992e+18
9.969231995267432448e+18
1.000242900080690790e+19
1.003568348393200026e+19
1.006899559817076736e+19
1.010236541168679322e+19
1.013579308143814246e+19
1.016927867980110234e+19
1.020282236734062592e+19
1.023642421843951616e+19
1.027008439660234342e+19
1.030380297834686054e+19
1.033758013023236915e+19
1.037141593023502746e+19
1.040531054808316314e+19
1.043926406332067021e+19
1.047327664816468787e+19
1.050734838300185395e+19
1.054147944264926822e+19
1.057566990924131533e+19
1.060991995786528358e+19
1.064422967246081229e+19
1.067859923011064627e+19
1.071302871338509926e+19
1.074751830220595200e+19
1.078206807944989901e+19
1.081667822475090330e+19
1.085134882212277453e+19
1.088608005260353536e+19
1.092087199894659072e+19
1.095572484196723917e+19
1.099063866400949862e+19
1.102561364566730342e+19
1.106064986809145754e+19
1.109574751250813747e+19
1.113090665806492467e+19
1.116612748496222618e+19
1.120141007112834253e+19
1.123675459659463066e+19
1.127216113725772595e+19
1.130762987128039014e+19
1.134316087247993242e+19
1.137875431883099341e+19
1.141441028037728666e+19
1.145012893318859981e+19
1.148591034515256115e+19
1.152175468953980109e+19
1.155766203119091712e+19
1.159363253967896576e+19
1.162966627672155750e+19
1.166576341070780826e+19
1.170192399929629082e+19
1.173814820791651533e+19
1.177443609012928512e+19
1.181078780741543526e+19
1.184720340915991347e+19
1.188368305456732570e+19
1.192022678787728998e+19
1.195683476330571366e+19
1.199350702070651290e+19
1.203024371091970458e+19
1.206704486843993293e+19
1.210391063889182720e+19
1.214084105036179046e+19
1.217783624579655270e+19
1.221489624765870899e+19
1.225202119250486886e+19
1.228921109702724813e+19
1.232646609394941952e+19
1.236378619406431027e+19
1.240117152435539149e+19
1.243862208780016026e+19
1.247613800624649011e+19
1.251371927650054963e+19
1.255136601249251328e+19
1.258907820464432742e+19
1.262685596243751731e+19
1.266469926872275354e+19
1.270260822768199270e+19
1.274058281412778394e+19
1.277862312779307418e+19
1.281672913622361702e+19
1.285490093091808870e+19
1.289313847025257677e+19
1.293144183970168832e+19
1.296981099105868186e+19
1.300824600120875418e+19
1.304674681482644685e+19
1.308531350367417139e+19
1.312394600160251085e+19
1.316264437486433075e+19
1.320140854927897395e+19
1.324023858252700058e+19
1.327913439189558886e+19
1.331809602937919898e+19
1.335712340244742144e+19
1.339621655508572570e+19
1.343537538591067341e+19
1.347459993149512090e+19
1.351389008164582195e+19
1.355324586619813888e+19
1.359266716740340941e+19
1.363215400657089331e+19
1.367170625738575053e+19
1.371132393503096832e+19
1.375100690446185267e+19
1.379075517248156467e+19
1.383056859493423514e+19
1.387044717126316851e+19
1.391039074783893914e+19
1.395039931742306304e+19
1.399047271582980506e+19
1.403061092885859533e+19
1.407081378351615181e+19
1.411108125738329702e+19
1.415141316941476659e+19
1.419180949048688640e+19
1.423227003148638618e+19
1.427279475624909210e+19
1.431338346666200269e+19
1.435403611887324365e+19
1.439475250675784090e+19
1.443553257797274829e+19
1.447637611740672819e+19
1.451728306809389056e+19
1.455825320695454106e+19
1.459928646801843814e+19
1.464038262003322061e+19
1.468154159096417485e+19
1.472276314192091546e+19
1.476404719393524941e+19
1.480539350086811648e+19
1.484680197807308800e+19
1.488827236941709312e+19
1.492980458433282048e+19
1.497139835973206016e+19
1.501305360104561050e+19
1.505477003498969498e+19
1.509654756155064320e+19
1.513838590136808243e+19
1.518028494947228058e+19
1.522224441753845760e+19
1.526426419524245914e+19
1.530634398779880243e+19
1.534848367977155789e+19
1.539068297092097638e+19
1.543294174116321690e+19
1.547525968316448768e+19
1.551763667335007437e+19
1.556007239818254746e+19
1.560256672774422528e+19
1.564511934398850662e+19
1.568773011374165197e+19
1.573039871395627008e+19
1.577312500840588902e+19
1.581590866630246400e+19
1.585874954866032640e+19
1.590164731996582707e+19
1.594460183831612621e+19
1.598761276402673254e+19
1.603067995357554278e+19
1.607380306169754419e+19
1.611698194303814861e+19
1.616021624701914317e+19
1.620350582820398694e+19
1.624685033100666470e+19
1.629024960831252070e+19
1.633370330227267994e+19
1.637721126408028160e+19
1.642077313182574182e+19
1.646438875536057958e+19
1.650805777128538112e+19
1.655178003020047974e+19
1.659555516465840128e+19
1.663938302425461555e+19
1.668326324108328960e+19
1.672719566498371994e+19
1.677117992703646106e+19
1.681521587537824973e+19
1.685930313910838886e+19
1.690344156895730074e+19
1.694763079324850586e+19
1.699187066248049459e+19
1.703616080442474496e+19
1.708050107255236198e+19
1.712489109464337613e+19
1.716933072425890611e+19
1.721381958935327539e+19
1.725835754755198157e+19
1.730294422616476877e+19
1.734757948682010624e+19
1.739226295790639514e+19
1.743699450104368333e+19
1.748177374734840627e+19
1.752660056298654925e+19
1.757147458119467008e+19
1.761639566988689408e+19
1.766136346336503398e+19
1.770637783317689139e+19
1.775143841355015782e+19
1.779654508183620813e+19
1.784169747714106982e+19
1.788689547915762074e+19
1.793213873177532826e+19
1.797742711814992691e+19
1.802276028466236621e+19
1.806813812056699699e+19
1.811356027561289318e+19
1.815902664569546342e+19
1.820453688351273779e+19
1.825009089076451738e+19
1.829568832438920806e+19
1.834132909031676314e+19
1.838701284974975386e+19
1.843273951662148813e+19
1.847850875595944755e+19
1.852432048716595200e+19
1.857017437995545395e+19
1.861607036154770227e+19
1.866200810821746688e+19
1.870798755234758656e+19
1.875400837561103155e+19
1.880007051730652365e+19
1.884617366514840371e+19
1.889231776685617971e+19
1.893850251400573747e+19
1.898472786267979776e+19
1.903099350978966323e+19
1.907729942032488858e+19
1.912364529745054925e+19
1.917003111368107622e+19
1.921645657644394086e+19
1.926292166676673331e+19
1.930942610050809856e+19
1.935596986479424307e+19
1.940255268307897549e+19
1.944917455102699110e+19
1.949583519800852480e+19
1.954253462759391232e+19
1.958927257648408166e+19
1.963604905799804518e+19
1.968286381484900352e+19
1.972971686854108774e+19
1.977660796931348890e+19
1.982353714836373504e+19
1.987050416243304038e+19
1.991750905012741734e+19
1.996455157464173773e+19
2.001163178467157606e+19
2.005874944996714086e+19
2.010590462832374579e+19
2.015309709638441370e+19
2.020032692076380160e+19
2.024759388558190182e+19
2.029489806648642765e+19
2.034223925339668480e+19
2.038961753205116109e+19
2.043703269934648525e+19
2.048448484937803366e+19
2.053197378532009574e+19
2.057949960984533402e+19
2.062706213376111411e+19
2.067466146878455808e+19
2.072229743043159654e+19
2.076997013981154509e+19
2.081767941757386752e+19
2.086542539302076416e+19
2.091320789445636915e+19
2.096102705945637683e+19
2.100888272312500224e+19
2.105677503400086733e+19
2.110470383036753510e+19
2.115266926919388365e+19
2.120067119479196877e+19
2.124870977007226061e+19
2.129678484675890381e+19
2.134489659654946816e+19
2.139304487487786189e+19
2.144122986103013376e+19
2.148945141559833395e+19
2.153770972570084966e+19
2.158600465586605261e+19
2.163433640117043200e+19
2.168270483154848973e+19
2.173111014755532800e+19
2.177955222343830733e+19
2.182803126806131507e+19
2.187654716008261222e+19
2.192510011412486554e+19
2.197369001208768102e+19
2.202231707447505715e+19
2.207098118658732851e+19
2.211968257635208397e+19
2.216842113257321267e+19
2.221719708806774784e+19
2.226601033391407104e+19
2.231486110795405722e+19
2.236374930374098944e+19
2.241267516553206170e+19
2.246163858814435328e+19
2.251063981834639770e+19
2.255967875504393421e+19
2.260875565035906662e+19
2.265787040332598477e+19
2.270702327021325517e+19
2.275621415167387238e+19
2.280544330682256589e+19
2.285471063802727629e+19
2.290401640878001357e+19
2.295336052190530765e+19
2.300274324263803290e+19
2.305216447152920986e+19
2.310162447844245504e+19
2.315112316596394394e+19
2.320066080166720307e+19
2.325023728750926234e+19
2.329985289440178995e+19
2.334950752237171507e+19
2.339920144581446861e+19
2.344893456288337101e+19
2.349870714733546701e+19
2.354851909553415782e+19
2.359837068204474368e+19
2.364826180296173158e+19
2.369819273242430669e+19
2.374816336194908979e+19
2.379817396531822592e+19
2.384822443096604672e+19
2.389831503388521267e+19
2.394844565802621338e+19
2.399861657665771930e+19
2.404882767078280397e+19
2.409907921203508019e+19
2.414937107700803174e+19
2.419970353570729165e+19
2.425007646186576282e+19
2.430049012099763405e+19
2.435094438158290125e+19
2.440143950721430323e+19
2.445197536192148275e+19
2.450255220780544819e+19
2.455316989905285939e+19
2.460382869641560064e+19
2.465452844984546099e+19
2.470526941343934054e+19
2.475605143130780467e+19
2.480687475480507187e+19
2.485773922033336320e+19
2.490864507409235968e+19
2.495959214483629670e+19
2.501058067498185523e+19
2.506161048559694643e+19
2.511268181681668096e+19
2.516379447938206925e+19
2.521494870760449638e+19
2.526614430543760589e+19
2.531738150118195200e+19
2.536866009032772813e+19
2.541998029648953344e+19
2.547134190563937485e+19
2.552274513203101696e+19
2.557418975481679053e+19
2.562567598220423987e+19
2.567720358391840768e+19
2.572877276069271962e+19
2.578038327199222989e+19
2.583203531259556659e+19
2.588372863284320666e+19
2.593546342053675008e+19
2.598723941403892122e+19
2.603905679490809856e+19
2.609091529354412032e+19
2.614281508082581504e+19
2.619475587658953523e+19
2.624673784606575821e+19
2.629876069808799744e+19
2.635082458934942106e+19
2.640292921626663322e+19
2.645507473016101274e+19
2.650726081652588544e+19
2.655948761573189222e+19
2.661175480372297728e+19
2.666406251146949427e+19
2.671641040397565952e+19
2.676879860630021734e+19
2.682122676932116480e+19
2.687369500971171840e+19
2.692620296866961818e+19
2.697875075453635789e+19
2.703133799839236096e+19
2.708396479697387520e+19
2.713663077160976384e+19
2.718933600989033267e+19
2.724208012038478234e+19
2.729486318319160525e+19
2.734768479525693030e+19
2.740054502801748787e+19
2.745344346924253184e+19
2.750638017968334438e+19
2.755935473269663334e+19
2.761236718205140992e+19
2.766541709216278118e+19
2.771850450675282739e+19
2.777162897936200499e+19
2.782479054572768461e+19
2.787798874889197978e+19
2.793122361570721792e+19
2.798449467747100262e+19
2.803780195465907405e+19
2.809114496569520947e+19
2.814452372276523827e+19
2.819793773535710413e+19
2.825138700659884032e+19
2.830487103384892211e+19
2.835838981530812416e+19
2.841194283716411392e+19
2.846553008855928013e+19
2.851915104761040077e+19
2.857280569880215552e+19
2.862649350834388992e+19
2.868021445205367194e+19
2.873396798607412429e+19
2.878775408106530406e+19
2.884157218144373965e+19
2.889542225272379802e+19
2.894930373252114022e+19
2.900321657897943040e+19
2.905716021785729434e+19
2.911113460177633280e+19
2.916513915008660275e+19
2.921917380990173184e+19
2.927323799324780134e+19
2.932733164225678541e+19
2.938145415837797581e+19
2.943560547837129523e+19
2.948978499805839360e+19
2.954399265093360026e+19
2.959822782203035648e+19
2.965249044341175091e+19
2.970677989086678221e+19
2.976109609169852826e+19
2.981543841912120934e+19
2.986980679432948941e+19
2.992420058584540774e+19
2.997861971154344346e+19
3.003306353405716070e+19
3.008753196984860672e+19
3.014202437647722086e+19
3.019654066611545702e+19
3.025108019372425216e+19
3.030564287139879322e+19
3.036022804952049254e+19
3.041483563565403341e+19
3.046946497660891955e+19
3.052411597966934016e+19
3.057878798829820314e+19
3.063348090814221517e+19
3.068819407991386931e+19
3.074292741170659328e+19
3.079768024117339750e+19
3.085245247494533939e+19
3.090724345098574234e+19
3.096205307721705062e+19
3.101688069126330778e+19
3.107172620277835366e+19
3.112658894457169510e+19
3.118146883067038925e+19
3.123636519437316915e+19
3.129127794989734298e+19
3.134620643208639283e+19
3.140115055809154253e+19
3.145610966058401792e+19
3.151108366341472256e+19
3.156607189766746931e+19
3.162107429153387315e+19
3.167609017836044288e+19
3.173111949101347635e+19
3.178616156651021926e+19
3.184121633889805926e+19
3.189628314692262298e+19
3.195136193239318528e+19
3.200645203878975898e+19
3.206155341183831245e+19
3.211666539726608794e+19
3.217178795000659968e+19
3.222692041721846170e+19
3.228206276075192320e+19
3.233721433485239910e+19
3.239237510461102490e+19
3.244754442955384422e+19
3.250272228528514662e+19
3.255790803362552218e+19
3.261310165888761856e+19
3.266830253034615603e+19
3.272351064293402214e+19
3.277872536966928794e+19
3.283394671246704640e+19
3.288917405171639910e+19
3.294440739884931482e+19
3.299964614099324109e+19
3.305489030134038528e+19
3.311013927160682906e+19
3.316539308640645939e+19
3.322065114433296794e+19
3.327591349138823578e+19
3.333117953386682778e+19
3.338644932786565939e+19
3.344172228848372941e+19
3.349699848261795840e+19
3.355227733153618330e+19
3.360755891824499098e+19
3.366284267109167923e+19
3.371812868495474688e+19
3.377341639603978240e+19
3.382870591362878669e+19
3.388399668196605952e+19
3.393928882380688589e+19
3.399458179343240397e+19
3.404987572417980006e+19
3.410517008256453837e+19
3.416046501389375898e+19
3.421575999419842560e+19
3.427105518297631949e+19
3.432635006758662963e+19
3.438164482057909043e+19
3.443693893797891277e+19
3.449223260576251904e+19
3.454752533143073587e+19
3.460281731400938291e+19
3.465810807089915494e+19
3.471339781602030387e+19
3.476868607817370829e+19
3.482397308425371648e+19
3.487925837434834125e+19
3.493454219099511194e+19
3.498982408486099354e+19
3.504510431189801370e+19
3.510038243245024870e+19
3.515565871976880538e+19
3.521093274364700262e+19
3.526620479134079386e+19
3.532147444475953152e+19
3.537674200401051648e+19
3.543200706209749402e+19
3.548726993422660403e+19
3.554253022486403482e+19
3.559778826382907802e+19
3.565304366522335232e+19
3.570829677204851917e+19
3.576354720869410406e+19
3.581879533559690035e+19
3.587404078505898803e+19
3.592928392904284570e+19
3.598452441366095462e+19
3.603976262372773069e+19
3.609499821661605069e+19
3.615023159104313754e+19
3.620546241418585702e+19
3.626069109702341427e+19
3.631591731734432973e+19
3.637114149925512806e+19
3.642636333140836352e+19
3.648158325206607462e+19
3.653680095603110707e+19
3.659201689556261274e+19
3.664723077179565670e+19
3.670244305113343590e+19
3.675765344434205491e+19
3.681286242878580326e+19
3.686806972321366016e+19
3.692327582089687859e+19
3.697848044756598784e+19
3.703368410567566950e+19
3.708888652977786061e+19
3.714408823182078771e+19
3.719928895450172621e+19
3.725448922135927194e+19
3.730968878169653248e+19
3.736488817067707597e+19
3.742008714498716467e+19
3.747528624732196045e+19
3.753048523779217818e+19
3.758568467075701146e+19
3.764088431104511181e+19
3.769608472342842573e+19
3.775128567914561536e+19
3.780648775229741466e+19
3.786169071555634790e+19
3.791689515113139405e+19
3.797210083782891930e+19
3.802730836400655565e+19
3.808251751055844966e+19
3.813772887344735846e+19
3.819294223900606464e+19
3.824815820939401626e+19
3.830337657083042202e+19
3.835859793424868966e+19
3.841382208436607386e+19
3.846904964184067277e+19
3.852428038919657882e+19
3.857951495295768986e+19
3.863475311518115430e+19
3.868999550758833357e+19
3.874524191093574861e+19
3.880049296399197798e+19
3.885574844728541184e+19
3.891100900220128461e+19
3.896627440511778816e+19
3.902154530120230502e+19
3.907682146489532416e+19
3.913210354331130266e+19
3.918739130817150976e+19
3.924268540937043968e+19
3.929798561336262656e+19
3.935329257291618714e+19
3.940860605057368064e+19
3.946392669970300928e+19
3.951925427350765568e+19
3.957458942864870605e+19
3.962993191289133466e+19
3.968528237983019827e+19
3.974064057449100083e+19
3.979600715018095821e+19
3.985138184282026803e+19
3.990676530327873126e+19
3.996215726197958246e+19
4.001755836582952960e+19
4.007296833719330406e+19
4.012838782279647232e+19
4.018381653448982528e+19
4.023925511274843341e+19
4.029470326136943411e+19
4.035016162088452096e+19
4.040562987798986752e+19
4.046110867165282304e+19
4.051659767854740275e+19
4.057209753194502554e+19
4.062760789629770138e+19
4.068312940057618022e+19
4.073866169471382323e+19
4.079420540296980070e+19
4.084976016288251904e+19
4.090532659005954458e+19
4.096090430865873306e+19
4.101649393252191437e+19
4.107209507052113101e+19
4.112770832634150912e+19
4.118333329299498598e+19
4.123897056765024666e+19
4.129461972962187674e+19
4.135028136441721651e+19
4.140595503773214310e+19
4.146164132600859853e+19
4.151733978053325619e+19
4.157305096636543795e+19
4.162877441859354624e+19
4.168451069074997248e+19
4.174025929866313728e+19
4.179602078732333875e+19
4.185179465749102592e+19
4.190758144593113907e+19
4.196338063947792384e+19
4.201919275996191130e+19
4.207501727446846669e+19
4.213085469363286835e+19
4.218670446648596890e+19
4.224256709155304243e+19
4.229844199394338406e+19
4.235432966524410266e+19
4.241022950820426547e+19
4.246614200555195597e+19
4.252206654173806592e+19
4.257800358953130394e+19
4.263395250522750976e+19
4.268991375274409984e+19
4.274588667322997146e+19
4.280187171437477888e+19
4.285786819559764787e+19
4.291387655507961446e+19
4.296989608838771507e+19
4.302592722160700621e+19
4.308196922888644198e+19
4.313802252638643814e+19
4.319408636783113011e+19
4.325016115597620019e+19
4.330624612459557683e+19
4.336234166094698906e+19
4.341844697820587622e+19
4.347456245231229338e+19
4.353068727560962048e+19
4.358682181162460774e+19
4.364296523169883750e+19
4.369911788510707712e+19
4.375527892150989619e+19
4.381144867559912243e+19
4.386762627946158490e+19
4.392381205475911270e+19
4.398000511317861990e+19
4.403620576809661235e+19
4.409241310823946650e+19
4.414862743068226355e+19
4.420484780756710195e+19
4.426107452191434342e+19
4.431730662413932954e+19
4.437354438695780352e+19
4.442978684337428890e+19
4.448603425480468070e+19
4.454228563483426816e+19
4.459854123265123942e+19
4.465480004161621197e+19
4.471106230193278157e+19
4.476732698570116301e+19
4.482359432176140288e+19
4.487986326932396442e+19
4.493613404389362893e+19
4.499240558769222451e+19
4.504867810713128141e+19
4.510495052525535232e+19
4.516122303845905203e+19
4.521749455675208499e+19
4.527376526630728499e+19
4.533003406111919309e+19
4.538630111571135693e+19
4.544256530935840768e+19
4.549882681247635866e+19
4.555508448657027891e+19
4.561133849234872730e+19
4.566758767758252442e+19
4.572383220083222118e+19
4.578007089179708621e+19
4.583630390201968230e+19
4.589253004850705203e+19
4.594874947797175501e+19
4.600496099653189632e+19
4.606116474768824730e+19
4.611735951989394637e+19
4.617354545534258381e+19
4.622972133164882330e+19
4.628588728714697114e+19
4.634204208788353843e+19
4.639818587260452864e+19
4.645431739662768538e+19
4.651043679333135155e+19
4.656654280470311731e+19
4.662263557445648384e+19
4.667871383125727642e+19
4.673477772117527757e+19
4.679082596246513254e+19
4.684685870173362586e+19
4.690287464964410573e+19
4.695887395734696755e+19
4.701485532686424474e+19
4.707081891346448384e+19
4.712676341551792128e+19
4.718268899088374170e+19
4.723859432825185894e+19
4.729447959223677747e+19
4.735034346885283840e+19
4.740618613199496806e+19
4.746200626117633638e+19
4.751780403832383078e+19
4.757357813821014016e+19
4.762932874943358566e+19
4.768505454654115021e+19
4.774075573073084416e+19
4.779643097494808166e+19
4.785208048330539008e+19
4.790770293327803187e+19
4.796329853852752282e+19
4.801886597664984269e+19
4.807440547181101056e+19
4.812991570464997376e+19
4.818539690761440461e+19
4.824084777070454374e+19
4.829626853698358477e+19
4.835165790144377651e+19
4.840701611930170163e+19
4.846234188958046618e+19
4.851763548050423808e+19
4.857289560190340301e+19
4.862812253394750669e+19
4.868331499442746163e+19
4.873847327750042419e+19
4.879359610661620941e+19
4.884868379921324442e+19
4.890373508411844198e+19
4.895875029509891686e+19
4.901372816922614170e+19
4.906866906133272986e+19
4.912357171690589389e+19
4.917843651096045158e+19
4.923326220074313318e+19
4.928804918192019866e+19
4.934279622244080026e+19
4.939750374002550374e+19
4.945217051492522394e+19
4.950679698208928563e+19
4.956138193117996646e+19
4.961592582564819763e+19
4.967042746968204902e+19
4.972488734950083789e+19
4.977930429173543731e+19
4.983367879709543629e+19
4.988800970686346035e+19
4.994229754915848192e+19
4.999654118104196710e+19
5.005074115232320717e+19
5.010489633775484928e+19
5.015900731166713446e+19
5.021307296906647962e+19
5.026709390779796685e+19
5.032106904734033510e+19
5.037499900552019968e+19
5.042888271807971328e+19
5.048272083200822477e+19
5.053651230069712486e+19
5.059025779705511936e+19
5.064395629704485274e+19
5.069760850231859610e+19
5.075121341255411302e+19
5.080477175273147597e+19
5.085828254126230733e+19
5.091174652814963507e+19
5.096516275538323046e+19
5.101853200123651686e+19
5.107185332712505344e+19
5.112512754152020378e+19
5.117835372869897421e+19
5.123153272452520346e+19
5.128466363288544870e+19
5.133774732177873306e+19
5.139078291493289984e+19
5.144377130844880896e+19
5.149671164973639270e+19
5.154960486182590874e+19
5.160245011473026253e+19
5.165524835888817766e+19
5.170799879262948557e+19
5.176070239493082317e+19
5.181335838596949606e+19
5.186596777158954189e+19
5.191852979117228032e+19
5.197104547912836710e+19
5.202351409445129421e+19
5.207593670039332454e+19
5.212831258415398912e+19
5.218064283395437363e+19
5.223292675930377421e+19
5.228516547444853965e+19
5.233735831130970522e+19
5.238950641183739085e+19
5.244160912963679027e+19
5.249366763394944205e+19
5.254568129813689139e+19
5.259765132149483110e+19
5.264957709547890278e+19
5.270145984631799808e+19
5.275329898400946586e+19
5.280509576202839654e+19
5.285684961077519974e+19
5.290856180846939341e+19
5.296023180357048730e+19
5.301186090007959962e+19
5.306344856332048794e+19
5.311499612444229632e+19
5.316650306395478426e+19
5.321797073785231770e+19
5.326939864328739226e+19
5.332078815766000435e+19
5.337213879621687706e+19
5.342345196014718157e+19
5.347472717673175450e+19
5.352596587118565786e+19
5.357716758449776230e+19
5.362833376460315034e+19
5.367946396458260890e+19
5.373055965334260941e+19
5.378162039558412698e+19
5.383264768154062029e+19
5.388364108470065562e+19
5.393460211598766899e+19
5.398553035809803469e+19
5.403642734010839859e+19
5.408729265197980058e+19
5.413812784293491507e+19
5.418893250816507904e+19
5.423970821554726502e+19
5.429045456416420659e+19
5.434117313945600000e+19
5.439186354446820966e+19
5.444252738164634419e+19
5.449316425575759872e+19
5.454377578352423731e+19
5.459436157128946483e+19
5.464492324928605389e+19
5.469546042510829158e+19
5.474597474196298138e+19
5.479646580662219571e+19
5.484693527159006822e+19
5.489738274224524493e+19
5.494780988104848179e+19
5.499821628959804621e+19
5.504860363990355149e+19
5.509897152890142720e+19
5.514932163509773926e+19
5.519965355012757914e+19
5.524996895816050278e+19
5.530026744536563712e+19
5.535055069753730662e+19
5.540081829494770893e+19
5.545107192645903974e+19
5.550131116158576230e+19
5.555153769286873907e+19
5.560175107958217114e+19
5.565195301128962048e+19
5.570214303731417088e+19
5.575232284487018086e+19
5.580249197268225229e+19
5.585265210355194266e+19
5.590280275992995430e+19
5.595294562129294131e+19
5.600308019888953754e+19
5.605320816243730022e+19
5.610332900813373440e+19
5.615344439586036122e+19
5.620355380574080205e+19
5.625365889408552141e+19
5.630375911828763443e+19
5.635385612100671898e+19
5.640394934402547712e+19
5.645404041487070003e+19
5.650412875413048525e+19
5.655421597753330893e+19
5.660430148226069299e+19
5.665438686857527296e+19
5.670447151181856768e+19
5.675455699454643405e+19
5.680464267117068288e+19
5.685473010444297830e+19
5.690481862453611725e+19
5.695490977214483661e+19
5.700500285467590656e+19
5.705509939518478746e+19
5.710519867324943565e+19
5.715530218320389734e+19
5.720540917609555558e+19
5.725552112242117837e+19
5.730563725146062848e+19
5.735575900557515162e+19
5.740588558436492902e+19
5.745601840343639654e+19
5.750615662779773747e+19
5.755630165105259315e+19
5.760645260417708851e+19
5.765661086027992269e+19
5.770677551379801702e+19
5.775694790760687206e+19
5.780712709921334886e+19
5.785731440519308902e+19
5.790750884734894080e+19
5.795771171242573824e+19
5.800792199090615091e+19
5.805814093235735757e+19
5.810836749634319155e+19
5.815860289886303027e+19
5.820884605912809472e+19
5.825909816245380710e+19
5.830935809436903014e+19
5.835962700405512602e+19
5.840990373313354138e+19
5.846018939491359130e+19
5.851048279806666342e+19
5.856078502499830989e+19
5.861109484203252122e+19
5.866141329928355840e+19
5.871173912256983859e+19
5.876207332559696691e+19
5.881241459415226778e+19
5.886276390359177626e+19
5.891311990270092902e+19
5.896348353065792307e+19
5.901385339731430605e+19
5.906423040636905062e+19
5.911461311969584742e+19
5.916500241044275200e+19
5.921539679928254464e+19
5.926579712665898189e+19
5.931620186789131059e+19
5.936661182808601395e+19
5.941702544518270157e+19
5.946744348414640128e+19
5.951786433959886848e+19
5.956828874731867341e+19
5.961871505204812186e+19
5.966914396393793126e+19
5.971957378637535642e+19
5.977000518751223808e+19
5.982043643303061094e+19
5.987086815964430336e+19
5.992129858866721587e+19
5.997172832702916198e+19
6.002215556055236608e+19
6.007258085522368102e+19
6.012300235744909722e+19
6.017342059651491430e+19
6.022383368789177139e+19
6.027424212818932531e+19
6.032464399092101939e+19
6.037503974168579277e+19
6.042542741912905318e+19
6.047580745686122496e+19
6.052617785903231795e+19
6.057653902510653440e+19
6.062688892294017843e+19
6.067722792609723187e+19
6.072755396514257306e+19
6.077786738852521574e+19
6.082816609781651866e+19
6.087845041701571789e+19
6.092871820942966784e+19
6.097896977337535693e+19
6.102920293773803520e+19
6.107941797858692301e+19
6.112961269589999616e+19
6.117978734023199949e+19
6.122993968590448230e+19
6.128006996165224038e+19
6.133017590786293760e+19
6.138025773506743501e+19
6.143031315982555546e+19
6.148034237327291187e+19
6.153034306971500544e+19
6.158031542108343501e+19
6.163025709704426291e+19
6.168016825245853286e+19
6.173004653861234278e+19
6.177989209978568704e+19
6.182970256370014618e+19
6.187947806284447744e+19
6.192921620232142848e+19
6.197891710263558144e+19
6.202857835634478285e+19
6.207820007560078950e+19
6.212777983718719488e+19
6.217731774714648986e+19
6.222681136691190170e+19
6.227626080014460518e+19
6.232566359738063258e+19
6.237501985304779162e+19
6.242432710942287462e+19
6.247358546149402214e+19
6.252279245087008358e+19
6.257194816549866701e+19
6.262105014727606272e+19
6.267009848092721152e+19
6.271909070830855782e+19
6.276802691296932659e+19
6.281690463911162675e+19
6.286572397806275789e+19
6.291448247070215373e+19
6.296318021932417024e+19
6.301181477388615680e+19
6.306038623846701466e+19
6.310889217004365414e+19
6.315733268647601766e+19
6.320570535166633574e+19
6.325401029520811622e+19
6.330224509259966054e+19
6.335040988830656102e+19
6.339850227129227674e+19
6.344652240288507494e+19
6.349446788490762650e+19
6.354233889820036301e+19
6.359013306183791411e+19
6.363785057709444301e+19
6.368548908525328794e+19
6.373304880473204326e+19
6.378052740694356787e+19
6.382792513309927014e+19
6.387523968289420083e+19
6.392247131953981030e+19
6.396961776887149363e+19
6.401667931985910170e+19
6.406365373185654784e+19
6.411054132093216358e+19
6.415733987307303731e+19
6.420404973730621030e+19
6.425066872928600064e+19
6.429719724056051712e+19
6.434363311773240525e+19
6.438997678853809766e+19
6.443622613820270182e+19
6.448238163500662784e+19
6.452844119552478413e+19
6.457440533250873754e+19
6.462027200104103936e+19
6.466604175466364928e+19
6.471171259351354573e+19
6.475728510924043059e+19
6.480275734518759424e+19
6.484812994355370394e+19
6.489340098762807706e+19
6.493857117251121971e+19
6.498363861957083136e+19
6.502860408090080051e+19
6.507346572131080602e+19
6.511822434652572877e+19
6.516287816742063309e+19
6.520742804140667699e+19
6.525187222778242662e+19
6.529621164081387930e+19
6.534044458653319168e+19
6.538457204107706368e+19
6.542859235854634189e+19
6.547250657596918989e+19
6.551631309588253901e+19
6.556001301509675418e+19
6.560360478819627827e+19
6.564708957710935654e+19
6.569046588476122726e+19
6.573373493608683930e+19
6.577689528898106163e+19
6.581994823136601702e+19
6.586289237721979290e+19
6.590572907645973299e+19
6.594845699997682893e+19
6.599107756324369203e+19
6.603358949356797952e+19
6.607599426923777229e+19
6.611829067651298099e+19
6.616048025882394624e+19
6.620256185990997606e+19
6.624453708957024256e+19
6.628640485033757901e+19
6.632816681450969498e+19
6.636982194550852813e+19
6.641137198101128806e+19
6.645281594295884186e+19
6.649415563858319770e+19
6.653539014370852864e+19
6.657652133886060134e+19
6.661754835299454157e+19
6.665847313663826330e+19
6.669929487412913766e+19
6.674001558726128435e+19
6.678063451329449165e+19
6.682115374422071706e+19
6.686157257070490419e+19
6.690189315634810061e+19
6.694211484394612326e+19
6.698223986528957235e+19
6.702226761755013939e+19
6.706220040017648026e+19
6.710203766334174003e+19
6.714178177551643443e+19
6.718143223946280960e+19
6.722099148875930010e+19
6.726045907626950656e+19
6.729983750467905126e+19
6.733912637210676429e+19
6.737832824913657856e+19
6.741744278409183232e+19
6.745647260728413389e+19
6.749541741779773030e+19
6.753427990907492762e+19
6.757305982370027930e+19
6.761175991876937318e+19
6.765037998033456333e+19
6.768892282714718208e+19
6.772738828714075750e+19
6.776577923753312256e+19
6.780409554937839616e+19
6.784234015426163507e+19
6.788051296655376384e+19
6.791861697013022720e+19
6.795665212264218624e+19
6.799462145564291891e+19
6.803252496546503066e+19
6.807036573265992090e+19
6.810814379034030899e+19
6.814586226838392013e+19
6.818352123224234394e+19
6.822112386040686182e+19
6.825867024765249126e+19
6.829616361730814771e+19
6.833360409366560768e+19
6.837099493903014298e+19
6.840833631118596506e+19
6.844563150542693990e+19
6.848288070795984896e+19
6.852008724835939123e+19
6.855725133869639270e+19
6.859437634117396070e+19
6.863146248903052493e+19
6.866851317651039846e+19
6.870552865482067149e+19
6.874251234679599923e+19
6.877946451778102886e+19
6.881638861894385664e+19
6.885328492813601997e+19
6.889015691982798848e+19
6.892700488003118694e+19
6.896383230732494438e+19
6.900063949121191936e+19
6.903742995173788877e+19
6.907420398121582592e+19
6.911096511790422426e+19
6.914771365516463309e+19
6.918445314310760038e+19
6.922118387511158374e+19
6.925790940772289741e+19
6.929463003261173760e+19
6.933134931311984640e+19
6.936806753598675354e+19
6.940478826304202342e+19
6.944151177760695910e+19
6.947824163956680294e+19
6.951497811782651085e+19
6.955172477445550899e+19
6.958848186054108774e+19
6.962525293522753946e+19
6.966203823002877952e+19
6.969884129588333773e+19
6.973566234312310784e+19
6.977250491415134208e+19
6.980936919432311603e+19
6.984625871058422989e+19
6.988317362267580006e+19
6.992011744056377344e+19
6.995709029509654118e+19
6.999409567421222093e+19
7.003113367855444787e+19
7.006820777321037824e+19
7.010531801838229914e+19
7.014246786429131162e+19
7.017965732457388442e+19
7.021688982474208051e+19
7.025416533619376128e+19
7.029148725931933696e+19
7.032885551683062989e+19
7.036627347979265638e+19
7.040374102048584499e+19
7.044126147700758938e+19
7.047883466880634061e+19
7.051646390006094234e+19
7.055414893279353242e+19
7.059189303889598874e+19
7.062969591927576986e+19
7.066756080733677158e+19
7.070548734302276813e+19
7.074347871774716723e+19
7.078153450869188198e+19
7.081965786831296922e+19
7.085784830389138227e+19
7.089610892614801818e+19
7.093443917399405363e+19
7.097284210966318285e+19
7.101131710367491686e+19
7.104986716575432704e+19
7.108849159942307840e+19
7.112719335823402598e+19
7.116597167789873562e+19
7.120482945514261709e+19
7.124376585422582579e+19
7.128278371676664627e+19
7.132188212833012941e+19
7.136106387655740621e+19
7.140032796663742464e+19
7.143967713123329638e+19
7.147911029250562458e+19
7.151863012926016717e+19
7.155823547588660429e+19
7.159792895763886899e+19
7.163770932277084160e+19
7.167757913983025152e+19
7.171753707067342848e+19
7.175758562296751718e+19
7.179772337419242701e+19
7.183795277127168819e+19
7.187827230462928486e+19
7.191868436145071718e+19
7.195918734475185357e+19
7.199978357963017421e+19
7.204047137925391974e+19
7.208125300896917094e+19
7.212212669371410022e+19
7.216309463293414605e+19
7.220415496636530688e+19
7.224530982799343616e+19
7.228655727045627085e+19
7.232789936330624205e+19
7.236933407563736678e+19
7.241086341025313587e+19
7.245248525457214669e+19
7.249420154429557965e+19
7.253601008145308058e+19
7.257791273780694221e+19
7.261990722949899878e+19
7.266199536654496563e+19
7.270417478293913600e+19
7.274644722195850854e+19
7.278881023546294272e+19
7.283126550645191475e+19
7.287381049753167462e+19
7.291644683454408294e+19
7.295917189744885760e+19
7.300198725585548083e+19
7.304489020586288742e+19
7.308788226269288858e+19
7.313096064046910669e+19
7.317412679874812314e+19
7.321737787817682534e+19
7.326071527553210778e+19
7.330413606084424499e+19
7.334764157708638618e+19
7.339122882121983590e+19
7.343489908206141440e+19
7.347864928832808550e+19
7.352248067612016640e+19
7.356639010575338701e+19
7.361037876480822477e+19
7.365444344639507661e+19
7.369858529421374259e+19
7.374280103106851635e+19
7.378709176283653734e+19
7.383145414816025805e+19
7.387588925608506163e+19
7.392039367974492570e+19
7.396496845011720602e+19
7.400961010810748928e+19
7.405431964686824243e+19
7.409909355159289856e+19
7.414393278405502566e+19
7.418883377466441728e+19
7.423379745731484058e+19
7.427882021746783027e+19
7.432390295789817037e+19
7.436904202187977523e+19
7.441423828907052237e+19
7.445948805675496243e+19
7.450479218979818701e+19
7.455014694155465523e+19
7.459555316349796352e+19
7.464100706754848358e+19
7.468650949735809024e+19
7.473205662788118118e+19
7.477764929883498086e+19
7.482328365057533542e+19
7.486896052269010125e+19
7.491467602898059264e+19
7.496043100576507494e+19
7.500622154015571968e+19
7.505204847108554752e+19
7.509790786629769626e+19
7.514380057286423347e+19
7.518972264046998323e+19
7.523567492742145638e+19
7.528165346750038016e+19
7.532765913402599014e+19
7.537368795011507814e+19
7.541974081184451789e+19
7.546581373211443200e+19
7.551190763128605901e+19
7.555801851940477338e+19
7.560414733994190438e+19
7.565029010674194842e+19
7.569644779997193830e+19
7.574261643344504422e+19
7.578879701967831040e+19
7.583498558602910106e+19
7.588118317655667507e+19
7.592738583610313933e+19
7.597359464446060134e+19
7.601980566482229658e+19
7.606602002153839002e+19
7.611223380254287462e+19
7.615844817783973478e+19
7.620465926025982771e+19
7.625086827238627738e+19
7.629707135431134413e+19
7.634326978540352307e+19
7.638945973729125990e+19
7.643564254423783834e+19
7.648181442053537792e+19
7.652797675775669043e+19
7.657412581216406733e+19
7.662026303923342541e+19
7.666638474020388864e+19
7.671249243770480230e+19
7.675858248354234368e+19
7.680465646691916186e+19
7.685071079358346035e+19
7.689674712590201651e+19
7.694276192748555469e+19
7.698875692886458368e+19
7.703472866130028134e+19
7.708067892684783616e+19
7.712660432775741440e+19
7.717250673991195034e+19
7.721838283620614144e+19
7.726423457185582285e+19
7.731005868873849242e+19
7.735585723040045466e+19
7.740162700615155712e+19
7.744737015099804877e+19
7.749308355005867622e+19
7.753876942332559360e+19
7.758442473751406182e+19
7.763005180200301363e+19
7.767564766791702938e+19
7.772121473069626163e+19
7.776675012967622246e+19
7.781225635203094938e+19
7.785773062833543578e+19
7.790317553347631514e+19
7.794858839254551757e+19
7.799397187055334195e+19
7.803932338572781158e+19
7.808464569796408115e+19
7.812993632438399795e+19
7.817519811561534259e+19
7.822042868996675994e+19
7.826563098820909466e+19
7.831080273227402445e+19
7.835594695512044339e+19
7.840106147750779290e+19
7.844614943118209843e+19
7.849120873439336858e+19
7.853624261761472922e+19
7.858124910317613875e+19
7.862623151941694259e+19
7.867118798638428979e+19
7.871612193209542246e+19
7.876103157833714893e+19
7.880592045362905088e+19
7.885078687982642790e+19
7.889563448781543834e+19
7.894046169565587046e+19
7.898527223636203930e+19
7.903006462244749312e+19
7.907484269395509248e+19
7.911960506086077235e+19
7.916435566188665242e+19
7.920909320174659174e+19
7.925382172181856256e+19
7.929854002097120870e+19
7.934325224098378547e+19
7.938795727412513997e+19
7.943265935760936141e+19
7.947735748284212838e+19
7.952205597860626432e+19
7.956675393645667942e+19
7.961145577546724147e+19
7.965616067615431066e+19
7.970087315449511936e+19
7.974559247555978854e+19
7.979032325179546010e+19
7.983506483204561306e+19
7.987982191456446054e+19
7.992459393952907264e+19
7.996938568512647987e+19
8.001419667742706893e+19
8.005903177869688832e+19
8.010389059192435507e+19
8.014877806392901632e+19
8.019369387277562675e+19
8.023864304980970701e+19
8.028362534287219098e+19
8.032864585945278054e+19
8.037370441725562061e+19
8.041880620404244480e+19
8.046395109853442867e+19
8.050914436226875392e+19
8.055438594146094285e+19
8.059968116346545766e+19
8.064503003533751091e+19
8.069043794555672986e+19
8.073590495606734848e+19
8.078143651708783821e+19
8.082703273662821171e+19
8.087269913200741581e+19
8.091843585290692198e+19
8.096424847480586240e+19
8.101013718686433280e+19
8.105610761878385459e+19
8.110215999823046246e+19
8.114830000125234381e+19
8.119452789132833587e+19
8.124084938656173261e+19
8.128726477962084352e+19
8.133377982665916416e+19
8.138039485113473434e+19
8.142711563868399206e+19
8.147394254050689024e+19
8.152088136421251482e+19
8.156793248015043789e+19
8.161510172257878016e+19
8.166238947142965658e+19
8.170980158815404032e+19
8.175733845934053786e+19
8.180500595705918259e+19
8.185280447978772890e+19
8.190073990156609126e+19
8.194881262880843366e+19
8.199702853082388890e+19
8.204538801974424371e+19
8.209389695552860979e+19
8.214255574933661286e+19
8.219137025330524979e+19
8.224034086598855885e+19
8.228947342749138944e+19
8.233876832107796890e+19
8.238823137150356685e+19
8.243786294226596659e+19
8.248766883502817280e+19
8.253764939037291315e+19
8.258781038308216013e+19
8.263815212156977152e+19
8.268868035735073587e+19
8.273939535359691981e+19
8.279030283824712909e+19
8.284140302650205798e+19
8.289270161742941389e+19
8.294419877162935910e+19
8.299590015744475136e+19
8.304780587201488486e+19
8.309992154981885542e+19
8.315224721817757286e+19
8.320478848012307661e+19
8.325754528766885888e+19
8.331052320313704448e+19
8.336372210240323584e+19
8.341714749854069555e+19
8.347079919270258278e+19
8.352468264672703283e+19
8.357879757870320845e+19
8.363314939511557325e+19
8.368773772862947328e+19
8.374256792647906099e+19
8.379763952739483648e+19
8.385295782023751270e+19
8.390852224811624038e+19
8.396433803271942963e+19
8.402040452178863718e+19
8.407672686495072256e+19
8.413330431206647398e+19
8.419014193675881677e+19
8.424723889028884070e+19
8.430460016482399027e+19
8.436222481072652288e+19
8.442011773551889613e+19
8.447827788568225382e+19
8.453671008188157133e+19
8.459541316371179110e+19
8.465439186229801779e+19
8.471364490792560230e+19
8.477317694002613453e+19
8.483298657885460890e+19
8.489307836756669235e+19
8.495345081421293158e+19
8.501410836530737971e+19
8.507504941350191104e+19
8.513627830693409587e+19
8.519779332310171648e+19
8.525959870883404186e+19
8.532169262571742822e+19
8.538407921738304717e+19
8.544675652791762944e+19
8.550972859605778432e+19
8.557299334824119501e+19
8.563655471813283021e+19
8.570041051298961818e+19
8.576456455986597069e+19
8.582901454661851546e+19
8.589376419389597286e+19
8.595881107003369062e+19
8.602415878860872090e+19
8.608980479732626227e+19
8.615575260184969216e+19
8.622199953061563597e+19
8.628854898178614886e+19
8.635539816386134016e+19
8.642255036928242483e+19
8.649000268699533312e+19
8.655775830583528653e+19
8.662581419289018368e+19
8.669417343445014938e+19
8.676283287945006285e+19
8.683179550740407910e+19
8.690105805038419968e+19
8.697062338878649139e+19
8.704048813754076365e+19
8.711065507214288486e+19
8.718112069945484902e+19
8.725188768901457510e+19
8.732295244358366003e+19
8.739431753146551501e+19
8.746597924777387622e+19
8.753794006526866227e+19
8.761019616683425792e+19
8.768274993625209242e+19
8.775559744999784448e+19
8.782874100433328538e+19
8.790217657195285709e+19
8.797590635919559885e+19
8.804992624097060454e+19
8.812423834008289280e+19
8.819883843227680768e+19
8.827372855906716877e+19
8.834890440219086029e+19
8.842436792796839936e+19
8.850011472274115789e+19
8.857614668321246413e+19
8.865245930539935334e+19
8.872905441374607770e+19
8.880592742066998477e+19
8.888308008972281446e+19
8.896050774498462925e+19
8.903821209558161818e+19
8.911618838641770496e+19
8.919443827117522944e+19
8.927295692029493248e+19
8.935174593867926733e+19
8.943080041973193114e+19
8.951012192379928576e+19
8.958970547946913792e+19
8.966955259979916902e+19
8.974965825521542758e+19
8.983002392439278797e+19
8.991064451805754163e+19
8.999152147966158438e+19
9.007264967289969050e+19
9.015403050440759706e+19
9.023565880240557261e+19
9.031753594134947430e+19
9.039965671215844557e+19
9.048202246547557581e+19
9.056462796119985357e+19
9.064747452728816435e+19
9.073055690258802278e+19
9.081387639764261274e+19
9.089742773156184064e+19
9.098121220379167949e+19
9.106522452203588813e+19
9.114946597130430054e+19
9.123393125949190963e+19
9.131862166460838707e+19
9.140353189017039667e+19
9.148866322122683187e+19
9.157401036457233613e+19
9.165957461057496678e+19
9.174535067241820979e+19
9.183133985212937011e+19
9.191753688523302502e+19
9.200394307852618957e+19
9.209055319312144794e+19
9.217736855763851674e+19
9.226438396382556979e+19
9.235160076194480128e+19
9.243901377673206170e+19
9.252662437976014848e+19
9.261442743200120832e+19
9.270242434293707571e+19
9.279061001651250790e+19
9.287898589869676954e+19
9.296754693797183488e+19
9.305629462909550592e+19
9.314522396328381645e+19
9.323433648594865357e+19
9.332362724142271693e+19
9.341309783034547405e+19
9.350274335710275174e+19
9.359256548532761395e+19
9.368255938001856102e+19
9.377272675653766349e+19
9.386306285798044467e+19
9.395356946022439322e+19
9.404424188882229658e+19
9.413508197836469043e+19
9.422608513678101709e+19
9.431725326869541683e+19
9.440858186047435571e+19
9.450007289373274931e+19
9.459172193849914163e+19
9.468353105827266560e+19
9.477549590394961920e+19
9.486761863028762214e+19
9.495989496295784448e+19
9.505232715500906086e+19
9.514491102209350042e+19
9.523764890903432397e+19
9.533053672377955123e+19
9.542357690775240704e+19
9.551676546096601498e+19
9.561010492487158989e+19
9.570359139491774464e+19
9.579722751435800576e+19
9.589100947664837018e+19
9.598494002901103411e+19
9.607901546403096166e+19
9.617323864820547584e+19
9.626760595677118464e+19
9.636212038172894822e+19
9.645677836835107635e+19
9.655158304039475610e+19
9.664653092919941530e+19
9.674162528887622861e+19
9.683686274338652160e+19
9.693224665859122790e+19
9.702777376145775002e+19
9.712344753649654170e+19
9.721926479950472806e+19
9.731522916632205722e+19
9.741133754383925248e+19
9.750759367322343834e+19
9.760399455311495168e+19
9.770054404862810522e+19
9.779723925571869082e+19
9.789408415719306035e+19
9.799107594221387776e+19
9.808821871353973965e+19
9.818550975444811776e+19
9.828295328752861184e+19
9.838054669524375962e+19
9.847829430939379302e+19
9.857619360637976576e+19
9.867424903264337920e+19
9.877245815903197594e+19
9.887082553539166208e+19
9.896934883824435200e+19
9.906803272254108467e+19
9.916687495633829888e+19
9.926588029933545062e+19
9.936504660475419034e+19
9.946437873448504525e+19
9.956387463015301120e+19
9.966353926302728192e+19
9.976337064999662387e+19
9.986337386428969779e+19
9.996354700514374451e+19
1.000638952408678400e+20
1.001644167475264225e+20
1.002651167828981842e+20
1.003659936028461629e+20
1.004670525520293396e+20
1.005682919520719340e+20
1.006697172432188867e+20
1.007713268091035320e+20
1.008731261693029253e+20
1.009751137780409303e+20
1.010772952324993188e+20
1.011796690374585221e+20
1.012822408730586644e+20
1.013850093008009298e+20
1.014879800625642865e+20
1.015911517763618734e+20
1.016945302433186447e+20
1.017981141238691922e+20
1.019019092871454392e+20
1.020059144344981996e+20
1.021101354930021335e+20
1.022145712014925496e+20
1.023192275317015183e+20
1.024241032583730954e+20
1.025292043977453732e+20
1.026345297570366751e+20
1.027400853927169884e+20
1.028458701206850109e+20
1.029518900505284444e+20
1.030581440084870431e+20
1.031646381382841139e+20
1.032713712813946962e+20
1.033783496002847375e+20
1.034855719510943990e+20
1.035930445132187566e+20
1.037007661429505393e+20
1.038087430381640090e+20
1.039169740400805806e+20
1.040254653734328730e+20
1.041342158613841183e+20
1.042432317342635786e+20
1.043525118080862126e+20
1.044620623024768942e+20
1.045718820136175534e+20
1.046819771690270065e+20
1.047923465257718907e+20
1.049029963016463974e+20
1.050139252245107835e+20
1.051251394996126351e+20
1.052366378169122161e+20
1.053484263575350149e+20
1.054605037721390940e+20
1.055728762095741174e+20
1.056855422863110308e+20
1.057985081116533719e+20
1.059117722511244001e+20
1.060253407813270241e+20
1.061392122096819896e+20
1.062533925744130130e+20
1.063678803171253944e+20
1.064826814353782866e+20
1.065977943079280968e+20
1.067132248780809175e+20
1.068289714580797522e+20
1.069450399331068150e+20
1.070614285442809856e+20
1.071781431148009226e+20
1.072951818112617677e+20
1.074125503893298217e+20
1.075302469364984054e+20
1.076482771363109274e+20
1.077666389968977920e+20
1.078853381232668180e+20
1.080043724410984858e+20
1.081237474745255199e+20
1.082434610621621207e+20
1.083635186419787366e+20
1.084839179640100618e+20
1.086046643783144571e+20
1.087257555401884303e+20
1.088471967100811346e+20
1.089689854466426143e+20
1.090911269165158892e+20
1.092136185791863849e+20
1.093364655064274698e+20
1.094596650542196326e+20
1.095832221976323686e+20
1.097071341864710308e+20
1.098314058972929720e+20
1.099560344733422715e+20
1.100810246879452856e+20
1.102063735756666962e+20
1.103320858075508244e+20
1.104581583081035530e+20
1.105845956418635039e+20
1.107113946237719020e+20
1.108385597124344545e+20
1.109660876093768335e+20
1.110939826667986616e+20
1.112222414721140654e+20
1.113508682707603292e+20
1.114798595367410074e+20
1.116092194074428703e+20
1.117389442419835535e+20
1.118690380708566794e+20
1.119994971379416433e+20
1.121303253659596882e+20
1.122615188860074721e+20
1.123930815102197432e+20
1.125250092596141752e+20
1.126573058359919903e+20
1.127899671501201736e+20
1.129229967944290140e+20
1.130563905725150003e+20
1.131901519681104118e+20
1.133242766768309535e+20
1.134587680743743816e+20
1.135936217519019786e+20
1.137288409803233690e+20
1.138644212463928607e+20
1.140003657163611832e+20
1.141366697754991002e+20
1.142733364874198385e+20
1.144103611388935537e+20
1.145477466925844398e+20
1.146854883381582234e+20
1.148235889424030761e+20
1.149620435986308137e+20
1.151008550783279432e+20
1.152400183837869998e+20
1.153795361951137137e+20
1.155194034242644869e+20
1.156596226639394243e+20
1.158001887393464975e+20
1.159411041571055862e+20
1.160823636609906770e+20
1.162239696759281418e+20
1.163659168653036749e+20
1.165082075754271867e+20
1.166508363949051740e+20
1.167938055943054950e+20
1.169371096910656963e+20
1.170807508840839905e+20
1.172247236232004239e+20
1.173690300399296184e+20
1.175136645197227622e+20
1.176586291323729347e+20
1.178039182030332232e+20
1.179495337425392108e+20
1.180954700200169964e+20
1.182417289915486700e+20
1.183883048754552504e+20
1.185351995780353229e+20
1.186824072704423363e+20
1.188299298123945083e+20
1.189777613329176986e+20
1.191259036503176643e+20
1.192743508552410726e+20
1.194231047299651338e+20
1.195721593303916872e+20
1.197215164068056269e+20
1.198711699862262907e+20
1.200211217908532511e+20
1.201713658224210084e+20
1.203219037811412828e+20
1.204727296481291141e+20
1.206238451035285750e+20
1.207752441136954737e+20
1.209269283439559311e+20
1.210788917485156434e+20
1.212311359844051845e+20
1.213836549973871165e+20
1.215364504397794509e+20
1.216895162537303081e+20
1.218428540930154824e+20
1.219964578982194053e+20
1.221503293281303265e+20
1.223044623270034801e+20
1.224588585623811523e+20
1.226135119847080591e+20
1.227684242765224346e+20
1.229235893996798607e+20
1.230790090527232492e+20
1.232346772124016312e+20
1.233905955992182456e+20
1.235467582076150088e+20
1.237031667839299748e+20
1.238598153438429184e+20
1.240167056627125453e+20
1.241738317816088494e+20
1.243311955075048407e+20
1.244887909108573798e+20
1.246466198324591985e+20
1.248046763755584881e+20
1.249629624168111145e+20
1.251214720952977326e+20
1.252802073276058173e+20
1.254391622907715912e+20
1.255983389442034893e+20
1.257577315031158620e+20
1.259173419699247514e+20
1.260771646046179164e+20
1.262372014561086669e+20
1.263974468278435185e+20
1.265579028181150597e+20
1.267185637781523661e+20
1.268794318535110164e+20
1.270405014455428055e+20
1.272017747489495450e+20
1.273632462182025789e+20
1.275249180976970465e+20
1.276867848937052570e+20
1.278488489038124155e+20
1.280111046886626427e+20
1.281735545991150961e+20
1.283361932478154015e+20
1.284990230404708434e+20
1.286620386427357102e+20
1.288252425170953175e+20
1.289886293812822671e+20
1.291522017542484787e+20
1.293159544066922250e+20
1.294798899135394611e+20
1.296440030978564424e+20
1.298082965905127506e+20
1.299727652663310418e+20
1.301374118127180186e+20
1.303022311556332913e+20
1.304672260387913073e+20
1.306323914357745910e+20
1.307977301467668152e+20
1.309632371958845276e+20
1.311289154330314670e+20
1.312947599349388411e+20
1.314607736031467274e+20
1.316269515606814884e+20
1.317932967583599821e+20
1.319598043651173253e+20
1.321264773799225590e+20
1.322933110169605243e+20
1.324603083208536883e+20
1.326274645494045082e+20
1.327947827913807626e+20
1.329622583456940687e+20
1.331298943451796603e+20
1.332976861266048451e+20
1.334656368648627159e+20
1.336337419322911621e+20
1.338020045442653880e+20
1.339704201070436680e+20
1.341389918721671168e+20
1.343077152781993247e+20
1.344765936103467254e+20
1.346456223367464223e+20
1.348148047755880694e+20
1.349841364221346447e+20
1.351536206236454748e+20
1.353232528998481265e+20
1.354930366273313833e+20
1.356629673488432497e+20
1.358330484646682296e+20
1.360032755370966385e+20
1.361736519901231186e+20
1.363441734033782866e+20
1.365148432226768650e+20
1.366856570423384474e+20
1.368566183256986747e+20
1.370277226793654026e+20
1.371989735840379044e+20
1.373703666556165161e+20
1.375419053900646318e+20
1.377135854126767800e+20
1.378854102313538683e+20
1.380573754771263980e+20
1.382294846685451387e+20
1.384017334415584133e+20
1.385741253241161646e+20
1.387466559528689992e+20
1.389193288613345362e+20
1.390921396915278971e+20
1.392650919843982213e+20
1.394381813803675812e+20
1.396114114250389586e+20
1.397847777573276221e+20
1.399582839268704256e+20
1.401319255709064888e+20
1.403057062413210747e+20
1.404796215737379717e+20
1.406536751223356785e+20
1.408278625180047114e+20
1.410021873180024504e+20
1.411766451481477120e+20
1.413512395650883912e+20
1.415259661926022513e+20
1.417008285895439155e+20
1.418758223784475361e+20
1.420509511231316951e+20
1.422262104450392392e+20
1.424016039093500641e+20
1.425771271336144404e+20
1.427527836824326636e+20
1.429285691722390569e+20
1.431044871728823009e+20
1.432805333025035387e+20
1.434567111371655741e+20
1.436330162963540869e+20
1.438094523632960143e+20
1.439860149612857262e+20
1.441627076814763459e+20
1.443395261512459223e+20
1.445164739738405437e+20
1.446935467836878356e+20
1.448707481954869576e+20
1.450480738545392681e+20
1.452255273906352947e+20
1.454031044586058547e+20
1.455808087060237517e+20
1.457586358017812070e+20
1.459365894125846528e+20
1.461146652220226273e+20
1.462928669182153196e+20
1.464711902034526208e+20
1.466496387897748357e+20
1.468282084008061829e+20
1.470069027755807212e+20
1.471857176614107873e+20
1.473646568262942065e+20
1.475437160431505900e+20
1.477228991095997727e+20
1.479022018260138721e+20
1.480816280201915269e+20
1.482611735180990218e+20
1.484408421789760225e+20
1.486206298549866988e+20
1.488005404399000617e+20
1.489805698183620198e+20
1.491607219184221553e+20
1.493409926566770115e+20
1.495213859888362947e+20
1.497018978535816561e+20
1.498825322496377487e+20
1.500632851503961866e+20
1.502441605872683581e+20
1.504251545268663091e+20
1.506062709461570028e+20
1.507875057668603249e+20
1.509688630607279555e+20
1.511503390822126060e+20
1.513319383298987786e+20
1.515136570423273062e+20
