0.000000000000000000e+00
1.975331526212394238e+03
4.717479689959120750e+07
2.357693931096334457e+08
7.071210453132076263e+08
1.649716710134168625e+09
3.299222035513362885e+09
5.938465526675506592e+09
9.897432130228393555e+09
1.555328846300210571e+10
2.333042146351068115e+10
3.370046599793377686e+10
4.718231757064459229e+10
6.434214729244470215e+10
8.579340995741613770e+10
1.121968751493748779e+11
1.442606489664396973e+11
1.827401836470698242e+11
2.284382926207705078e+11
2.822051549691367188e+11
3.449383245156362305e+11
4.175827458848808594e+11
5.011307596584609375e+11
5.966221077559023438e+11
7.051439361631611328e+11
8.278307901767617188e+11
9.658646134128691406e+11
1.120474740904421875e+12
1.292937886791373047e+12
1.484578130339900391e+12
1.696766897963869141e+12
1.930922943566527344e+12
2.188512331028101562e+12
2.471048414092414062e+12
2.780091811438632812e+12
3.117250381553246094e+12
3.484179193897214844e+12
3.882580499201148438e+12
4.314203697357031250e+12
4.780845304542171875e+12
5.284348915156523438e+12
5.826605162308125000e+12
6.409551678163406250e+12
7.035173056800085938e+12
7.705500819878531250e+12
8.422613377003375000e+12
9.188635990156750000e+12
1.000574073949071875e+13
1.087614648456695312e+13
1.180211882234284375e+13
1.278597004344475000e+13
1.383005906112304688e+13
1.493679135614751562e+13
1.610861896631790625e+13
1.734804054592440625e+13
1.865760135283878125e+13
2.003989323256353125e+13
2.149755452194840625e+13
2.303326995440356250e+13
2.464977061810275000e+13
2.634983394354056250e+13
2.813628370251462500e+13
3.001199007294781250e+13
3.197986962866912500e+13
3.404288530925812500e+13
3.620404643428793750e+13
3.846640868395950000e+13
4.083307406424506250e+13
4.330719088769512500e+13
4.589195382715237500e+13
4.859060390115900000e+13
5.140642851414125000e+13
5.434276148048775000e+13
5.740298302678337500e+13
6.059051978693550000e+13
6.390884480917356250e+13
6.736147759641368750e+13
7.095198415544550000e+13
7.468397701656312500e+13
7.856111532976475000e+13
8.258710483531587500e+13
8.676569793906175000e+13
9.110069369070625000e+13
9.559593787424162500e+13
1.002553230128841250e+14
1.050827884404592500e+14
1.100823202882430000e+14
1.152579515879285000e+14
1.206137622882470000e+14
1.261538793217556250e+14
1.318824766673887500e+14
1.378037753426307500e+14
1.439220434582613750e+14
1.502415962696811250e+14
1.567667962169085000e+14
1.635020529200117500e+14
1.704518232069357500e+14
1.776206111720842500e+14
1.850129682023315000e+14
1.926334929767057500e+14
2.004868314594557500e+14
2.085776769240915000e+14
2.169107701246067500e+14
2.254908990166517500e+14
2.343228989245767500e+14
2.434116525781380000e+14
2.527620899680572500e+14
2.623791884961747500e+14
2.722679726738652500e+14
2.824335142238652500e+14
2.928809319253010000e+14
3.036153915618700000e+14
3.146421060345307500e+14
3.259663351653657500e+14
3.375933856221762500e+14
3.495286106504865000e+14
3.617774103610300000e+14
3.743452311075825000e+14
3.872375653547820000e+14
4.004599523692730000e+14
4.140179774039055000e+14
4.279172709643815000e+14
4.421635100439705000e+14
4.567624165570350000e+14
4.717197573549710000e+14
4.870413446294545000e+14
5.027330350723105000e+14
5.188007302731395000e+14
5.352503755024320000e+14
5.520879600592455000e+14
5.693195166265655000e+14
5.869511209635640000e+14
6.049888918698555000e+14
6.234389905351960000e+14
6.423076201157850000e+14
6.616010257276030000e+14
6.813254932842450000e+14
7.014873494191200000e+14
7.220929609782220000e+14
7.431487349577750000e+14
7.646611176075075000e+14
7.866365939391745000e+14
8.090816867252750000e+14
8.320029563304065000e+14
8.554070008903815000e+14
8.793004541504860000e+14
9.036899863718060000e+14
9.285823025141750000e+14
9.539841427440120000e+14
9.799022805370720000e+14
1.006343522262837000e+15
1.033314707389259000e+15
1.060822706782129000e+15
1.088874421479799000e+15
1.117476783129432000e+15
1.146636753281367000e+15
1.176361321521882000e+15
1.206657505601076000e+15
1.237532349980840000e+15
1.268992924976733000e+15
1.301046326203198000e+15
1.333699673196295000e+15
1.366960109334444000e+15
1.400834800446646000e+15
1.435330933143982000e+15
1.470455714880344000e+15
1.506216372427134000e+15
1.542620151422504000e+15
1.579674314055929000e+15
1.617386140062292000e+15
1.655762923886578000e+15
1.694811974735087000e+15
1.734540615471643000e+15
1.774956181047331000e+15
1.816066017121127000e+15
1.857877480753192000e+15
1.900397937347036000e+15
1.943634760782468000e+15
1.987595331659220000e+15
2.032287037502950000e+15
2.077717269542180000e+15
2.123893422983629000e+15
2.170822895495257000e+15
2.218513086605501000e+15
2.266971395697892000e+15
2.316205221444366000e+15
2.366221961190470000e+15
2.417029008954995000e+15
2.468633754867193000e+15
2.521043583952158000e+15
2.574265874839548000e+15
2.628307999023879000e+15
2.683177319452562000e+15
2.738881189646672000e+15
2.795426952431802000e+15
2.852821939076244000e+15
2.911073468106356000e+15
2.970188844319466000e+15
3.030175357766738000e+15
3.091040282788310000e+15
3.152790876872582000e+15
3.215434379707232000e+15
3.278978012377898000e+15
3.343428976146268000e+15
3.408794451671742000e+15
3.475081598150806000e+15
3.542297552254402000e+15
3.610449427481036000e+15
3.679544312952022000e+15
3.749589272991498000e+15
3.820591345871826000e+15
3.892557543543108000e+15
3.965494850517596000e+15
4.039410223229824000e+15
4.114310589304588000e+15
4.190202846719158000e+15
4.267093864396222000e+15
4.344990479762460000e+15
4.423899498997494000e+15
4.503827696440950000e+15
4.584781813564344000e+15
4.666768559758928000e+15
4.749794610645020000e+15
4.833866609077540000e+15
4.918991163413494000e+15
5.005174847134760000e+15
5.092424199078214000e+15
5.180745724520826000e+15
5.270145892036202000e+15
5.360631135310928000e+15
5.452207853414332000e+15
5.544882408715902000e+15
5.638661128193716000e+15
5.733550302444344000e+15
5.829556187145762000e+15
5.926685003279672000e+15
6.024942935530696000e+15
6.124336132495696000e+15
6.224870708405402000e+15
6.326552742422298000e+15
6.429388279406824000e+15
6.533383329258438000e+15
6.638543867776198000e+15
6.744875837223126000e+15
6.852385147352504000e+15
6.961077673768020000e+15
7.070959261343880000e+15
7.182035722735214000e+15
7.294312839557496000e+15
7.407796365800288000e+15
7.522492023158762000e+15
7.638405506922632000e+15
7.755542482572682000e+15
7.873908589392342000e+15
7.993509438296028000e+15
8.114350618150640000e+15
8.236437689949392000e+15
8.359776194537688000e+15
8.484371648109620000e+15
8.610229546239290000e+15
8.737355364588850000e+15
8.865754560574126000e+15
8.995432571459414000e+15
9.126394820076114000e+15
9.258646713077286000e+15
9.392193644146842000e+15
9.527040992232494000e+15
9.663194127647452000e+15
9.800658407615384000e+15
9.939439185338114000e+15
1.007954180422968800e+16
1.022097160285379600e+16
1.036373391476782600e+16
1.050783407371688400e+16
1.065327740921521000e+16
1.080006925473684200e+16
1.094821494482933000e+16
1.109771981756077000e+16
1.124858921752063800e+16
1.140082849698021800e+16
1.155444301745579600e+16
1.170943814936827800e+16
1.186581927980535400e+16
1.202359180615961200e+16
1.218276114229938400e+16
1.234333272319365600e+16
1.250531200192852600e+16
1.266870445433500400e+16
1.283351557912063200e+16
1.299975090269985400e+16
1.316741597606991000e+16
1.333651637965532200e+16
1.350705773516211600e+16
1.367904569096114800e+16
1.385248591660489000e+16
1.402738413307765000e+16
1.420374608771719600e+16
1.438157758324416400e+16
1.456088444354436800e+16
1.474167255144821200e+16
1.492394784246413200e+16
1.510771628024101600e+16
1.529298388241422400e+16
1.547975671379171200e+16
1.566804090059223200e+16
1.585784263298253200e+16
1.604916814871566400e+16
1.624202372726029200e+16
1.643641571107260800e+16
1.663235054749334400e+16
1.682983469778422800e+16
1.702887469571490800e+16
1.722947716867442800e+16
1.743164878522308000e+16
1.763539629390396000e+16
1.784072652795438800e+16
1.804764634815363200e+16
1.825616272389845600e+16
1.846628267638774400e+16
1.867801332170578000e+16
1.889136185266590800e+16
1.910633552260714000e+16
1.932294168626070400e+16
1.954118776392686400e+16
1.976108126211477600e+16
1.998262977802087600e+16
2.020584093754810800e+16
2.043072250221021200e+16
2.065728230851086000e+16
2.088552827167267600e+16
2.111546838541528800e+16
2.134711072582228800e+16
2.158046347280669600e+16
2.181553489335808000e+16
2.205233334122229200e+16
2.229086726105066800e+16
2.253114514351476800e+16
2.277317559449123200e+16
2.301696731325235200e+16
2.326252907412222000e+16
2.350986977051052000e+16
2.375899837463011600e+16
2.400992391276098400e+16
2.426265553718008800e+16
2.451720247997852400e+16
2.477357403314650000e+16
2.503177959275987600e+16
2.529182866377433600e+16
2.555373078753075200e+16
2.581749561529169200e+16
2.608313288303628000e+16
2.635065239107743200e+16
2.662006402501802400e+16
2.689137775965620000e+16
2.716460365662743200e+16
2.743975184346378400e+16
2.771683251001535200e+16
2.799585596139530400e+16
2.827683254086472800e+16
2.855977265677032800e+16
2.884468677872205600e+16
2.913158546595504000e+16
2.942047933877601600e+16
2.971137910717285600e+16
3.000429554194975200e+16
3.029923942474768000e+16
3.059622162082516000e+16
3.089525305607587200e+16
3.119634468631931200e+16
3.149950752515361600e+16
3.180475266679329600e+16
3.211209123520266400e+16
3.242153437870190400e+16
3.273309329811011200e+16
3.304677921492468800e+16
3.336260339966515200e+16
3.368057716743182400e+16
3.400071185174108000e+16
3.432301879868464800e+16
3.464750939569328000e+16
3.497419503833783200e+16
3.530308715932125600e+16
3.563419713728698400e+16
3.596753641017540800e+16
3.630311641320352000e+16
3.664094854990508000e+16
3.698104427223057600e+16
3.732341502424559200e+16
3.766807220559239200e+16
3.801502720010836000e+16
3.836429130866920800e+16
3.871587592728070400e+16
3.906979236315347200e+16
3.942605198426504000e+16
3.978466606254632800e+16
4.014564583282091200e+16
4.050900248459055200e+16
4.087474716202796000e+16
4.124289095549464000e+16
4.161344490144212800e+16
4.198641997363676000e+16
4.236182708296055200e+16
4.273967706841241600e+16
4.311998069665377600e+16
4.350274868503854400e+16
4.388799163766480000e+16
4.427572003480311200e+16
4.466594432834195200e+16
4.505867483683306400e+16
4.545392180872594400e+16
4.585169538110341600e+16
4.625200557822322400e+16
4.665486230176062400e+16
4.706027536272475200e+16
4.746825443911468800e+16
4.787880907412332000e+16
4.829194873395348800e+16
4.870768270607079200e+16
4.912602015596220800e+16
4.954697002292454400e+16
4.997054117986444000e+16
5.039674236562008000e+16
5.082558214009645600e+16
5.125706888214083200e+16
5.169121081322404000e+16
5.212801596118495200e+16
5.256749218386465600e+16
5.300964720411936000e+16
5.345448852828128000e+16
5.390202347994852800e+16
5.435225922520433600e+16
5.480520273635252800e+16
5.526086074384060800e+16
5.571923977047478400e+16
5.618034619373793600e+16
5.664418617293478400e+16
5.711076567464769600e+16
5.758009043510360000e+16
5.805216594802993600e+16
5.852699746300899200e+16
5.900459008724201600e+16
5.948494863527444800e+16
5.996807769152537600e+16
6.045398161019347200e+16
6.094266454207876800e+16
6.143413039724412800e+16
6.192838279345630400e+16
6.242542513361457600e+16
6.292526059419652800e+16
6.342789204802430400e+16
6.393332216869462400e+16
6.444155335432809600e+16
6.495258775366446400e+16
6.546642726855907200e+16
6.598307354094006400e+16
6.650252791480217600e+16
6.702479150289780800e+16
6.754986515005616000e+16
6.807774941931561600e+16
6.860844463619908800e+16
6.914195087612686400e+16
6.967826788532691200e+16
7.021739519076483200e+16
7.075933202185924800e+16
7.130407733822542400e+16
7.185162987662593600e+16
7.240198805387017600e+16
7.295515001268486400e+16
7.351111365119531200e+16
7.406987658595472000e+16
7.463143613797977600e+16
7.519578942496972800e+16
7.576293326242782400e+16
7.633286421300961600e+16
7.690557857321912000e+16
7.748107238065558400e+16
7.805934135584057600e+16
7.864038104219300800e+16
7.922418666063512000e+16
7.981075316072030400e+16
8.040007525178488000e+16
8.099214741219889600e+16
8.158696383117561600e+16
8.218451850813987200e+16
8.278480514967782400e+16
8.338781722363931200e+16
8.399354794622619200e+16
8.460199033835105600e+16
8.521313716737542400e+16
8.582698093364161600e+16
8.644351393197889600e+16
8.706272825853950400e+16
8.768461576167280000e+16
8.830916809002678400e+16
8.893637661454494400e+16
8.956623256730604800e+16
9.019872694089892800e+16
9.083385055715036800e+16
9.147159403264705600e+16
9.211194774677374400e+16
9.275490193698939200e+16
9.340044660986865600e+16
9.404857163233265600e+16
9.469926671665284800e+16
9.535252136540905600e+16
9.600832492901683200e+16
9.666666662574131200e+16
9.732753552658052800e+16
9.799092053512392000e+16
9.865681045235430400e+16
9.932519391702600000e+16
9.999605946079172800e+16
1.006693954736542880e+17
1.013451902446603840e+17
1.020234319478980160e+17
1.027041086635642880e+17
1.033872083743387840e+17
1.040727189820191040e+17
1.047606283039944640e+17
1.054509240904483840e+17
1.061435940157555040e+17
1.068386257013410720e+17
1.075360067072951840e+17
1.082357245611685760e+17
1.089377667498962560e+17
1.096421207278726400e+17
1.103487739193935360e+17
1.110577137379164480e+17
1.117689275834420800e+17
1.124824028569828480e+17
1.131981269688472640e+17
1.139160873485560640e+17
1.146362714310227840e+17
1.153586666944046080e+17
1.160832606463835200e+17
1.168100408462033280e+17
1.175389949021178240e+17
1.182701104882963520e+17
1.190033753366833280e+17
1.197387772713088320e+17
1.204763041833221440e+17
1.212159440715018880e+17
1.219576850228687680e+17
1.227015152367098560e+17
1.234474230337944640e+17
1.241953968580287680e+17
1.249454252800444480e+17
1.256974969986248320e+17
1.264516008558800960e+17
1.272077258566793920e+17
1.279658611609474560e+17
1.287259961092269760e+17
1.294881202150879680e+17
1.302522231972089920e+17
1.310182948698109440e+17
1.317863253591967360e+17
1.325563049541347840e+17
1.333282241797036800e+17
1.341020737476108800e+17
1.348778446675771200e+17
1.356555281129490880e+17
1.364351154823853120e+17
1.372165984350212160e+17
1.379999689120366400e+17
1.387852190734017280e+17
1.395723414495276480e+17
1.403613286850286080e+17
1.411521738140320960e+17
1.419448700654629120e+17
1.427394110789363200e+17
1.435357907089317440e+17
1.443340031783984640e+17
1.451340429442182400e+17
1.459359048517801920e+17
1.467395839352425280e+17
1.475450757012282880e+17
1.483523758643931200e+17
1.491614805032357760e+17
1.499723860516657600e+17
1.507850892630432640e+17
1.515995872657894720e+17
1.524158775274741120e+17
1.532339578444019200e+17
1.540538263705753600e+17
1.548754816069923840e+17
1.556989224985768000e+17
1.565241482902950720e+17
1.573511585561729600e+17
1.581799533208845120e+17
1.590105328898268480e+17
1.598428980373392320e+17
1.606770498362928000e+17
1.615129898472955840e+17
1.623507198787419520e+17
1.631902422442236800e+17
1.640315596603931520e+17
1.648746750918781120e+17
1.657195919905806080e+17
1.665663140708535040e+17
1.674148454809872640e+17
1.682651908563151040e+17
1.691173551449906560e+17
1.699713437277324800e+17
1.708271623126200960e+17
1.716848169832710080e+17
1.725443142356684800e+17
1.734056609556251520e+17
1.742688643847390400e+17
1.751339321674049920e+17
1.760008723173736320e+17
1.768696931914792320e+17
1.777404035279287360e+17
1.786130124193466560e+17
1.794875294254143040e+17
1.803639642518876160e+17
1.812423270809143360e+17
1.821226283958837760e+17
1.830048790951197120e+17
1.838890904623475840e+17
1.847752741341391040e+17
1.856634421424225920e+17
1.865536067316496640e+17
1.874457804722629440e+17
1.883399763798926080e+17
1.892362076533514880e+17
1.901344877911943040e+17
1.910348306304304640e+17
1.919372503916343040e+17
1.928417614872923840e+17
1.937483786414551680e+17
1.946571167717112960e+17
1.955679911883120960e+17
1.964810173985517120e+17
1.973962111506664000e+17
1.983135885473868160e+17
1.992331657785403200e+17
2.001549593892515520e+17
2.010789861702385600e+17
2.020052630328366080e+17
2.029338072122386240e+17
2.038646359833971840e+17
2.047977669438048000e+17
2.057332178890067200e+17
2.066710066965050240e+17
2.076111515185397120e+17
2.085536705050161600e+17
2.094985819947512960e+17
2.104459044807852160e+17
2.113956565598092800e+17
2.123478569780648960e+17
2.133025244968591680e+17
2.142596780204610880e+17
2.152193366261631680e+17
2.161815194477761280e+17
2.171462455345999680e+17
2.181135340653198720e+17
2.190834042066197760e+17
2.200558752473475840e+17
2.210309664546085120e+17
2.220086971249023040e+17
2.229890865213314880e+17
2.239721538400713600e+17
2.249579182300501120e+17
2.259463989318335360e+17
2.269376151284077120e+17
2.279315858255747840e+17
2.289283299546656000e+17
2.299278664274891200e+17
2.309302139806862080e+17
2.319353913169949760e+17
2.329434170360527680e+17
2.339543095142792000e+17
2.349680870954559040e+17
2.359847678839606400e+17
2.370043699354417920e+17
2.380269110496812800e+17
2.390524087817242240e+17
2.400808805001488000e+17
2.411123433980208640e+17
2.421468143752501120e+17
2.431843102258890880e+17
2.442248474335829760e+17
2.452684421749255680e+17
2.463151102942392960e+17
2.473648674876780160e+17
2.484177291004431360e+17
2.494737101256765440e+17
2.505328251820049920e+17
2.515950886962190080e+17
2.526605147006305920e+17
2.537291167352407040e+17
2.548009081995088640e+17
2.558759018836771200e+17
2.569541103223173120e+17
2.580355456007164160e+17
2.591202194337445760e+17
2.602081431558590720e+17
2.612993276144224640e+17
2.623937832504977920e+17
2.634915198976581120e+17
2.645925470505077120e+17
2.656968737629104000e+17
2.668045085338698880e+17
2.679154593963320320e+17
2.690297338973116800e+17
2.701473390936146560e+17
2.712682814321487360e+17
2.723925669409564800e+17
2.735202010103457920e+17
2.746511885874257280e+17
2.757855340519557120e+17
2.769232411195049600e+17
2.780643130069452160e+17
2.792087524392585600e+17
2.803565614190822400e+17
2.815077415304366720e+17
2.826622936074549120e+17
2.838202180408486400e+17
2.849815145442782720e+17
2.861461822636854400e+17
2.873142195376489600e+17
2.884856242110193280e+17
2.896603934951040640e+17
2.908385239836629760e+17
2.920200117119747200e+17
2.932048519722736640e+17
2.943930394707080960e+17
2.955845685584350080e+17
2.967794325662332800e+17
2.979776242373073280e+17
2.991791356767409920e+17
3.003839583808307200e+17
3.015920830775676160e+17
3.028035000725788160e+17
3.040181987737489920e+17
3.052361680393725440e+17
3.064573959070536320e+17
3.076818699484800000e+17
3.089095769964894080e+17
3.101405033995505280e+17
3.113746346382273280e+17
3.126119555800654720e+17
3.138524503048931200e+17
3.150961024735963520e+17
3.163428951550129280e+17
3.175928107693116160e+17
3.188458309068357760e+17
3.201019367044334720e+17
3.213611084482376960e+17
3.226233259522498560e+17
3.238885681586509440e+17
3.251568136288703360e+17
3.264280401437421440e+17
3.277022250892785280e+17
3.289793449426562560e+17
3.302593758808160000e+17
3.315422932663723520e+17
3.328280719249486720e+17
3.341166861856861440e+17
3.354081097166672640e+17
3.367023154497207040e+17
3.379992759768353920e+17
3.392989631406858240e+17
3.406013484336534400e+17
3.419064028140897280e+17
3.432140965401516160e+17
3.445243993216784000e+17
3.458372806137651840e+17
3.471527092023409920e+17
3.484706534967307520e+17
3.497910811105349760e+17
3.511139595020979840e+17
3.524392554415482240e+17
3.537669354232344960e+17
3.550969653619683840e+17
3.564293108925410560e+17
3.577639371825073920e+17
3.591008089991678080e+17
3.604398906378343040e+17
3.617811462259071360e+17
3.631245392991683840e+17
3.644700329858887680e+17
3.658175902928049920e+17
3.671671738214055680e+17
3.685187458143797760e+17
3.698722683483164800e+17
3.712277030225376640e+17
3.725850113923728640e+17
3.739441545381957120e+17
3.753050933786938880e+17
3.766677883573602560e+17
3.780322001241813120e+17
3.793982888610349440e+17
3.807660147203989760e+17
3.821353377587967360e+17
3.835062178916142080e+17
3.848786146997361920e+17
3.862524878754784000e+17
3.876277967844286080e+17
3.890045009147318400e+17
3.903825596852616320e+17
3.917619324027013760e+17
3.931425783143925760e+17
3.945244566907771520e+17
3.959075266292162560e+17
3.972917473877261440e+17
3.986770781895959680e+17
4.000634783082265600e+17
4.014509071225626240e+17
4.028393242054827520e+17
4.042286889980364160e+17
4.056189612778154880e+17
4.070101008355645440e+17
4.084020678179022080e+17
4.097948222750081280e+17
4.111883246311765760e+17
4.125825353603669120e+17
4.139774152018133120e+17
4.153729250920323200e+17
4.167690263849409280e+17
4.181656805235266560e+17
4.195628493907775360e+17
4.209604948473029120e+17
4.223585794783132160e+17
4.237570658692606720e+17
4.251559172246887040e+17
4.265550969031377280e+17
4.279545689090832640e+17
4.293542972920248960e+17
4.307542469066515200e+17
4.321543828107004800e+17
4.335546706298230400e+17
4.349550763502713600e+17
4.363555664197701120e+17
4.377561078057483520e+17
4.391566679661203840e+17
4.405572149054118400e+17
4.419577171486787200e+17
4.433581437955214720e+17
4.447584646327880320e+17
4.461586497786865920e+17
4.475586703427136000e+17
4.489584976587852160e+17
4.503581038079278080e+17
4.517574613970878720e+17
4.531565438122980480e+17
4.545553249959480320e+17
4.559537798426023040e+17
4.573518835563011840e+17
4.587496123253322880e+17
4.601469428162612480e+17
4.615438525737740800e+17
4.629403197918193280e+17
4.643363235771200640e+17
4.657318435773600000e+17
4.671268605285562880e+17
4.685213557405602560e+17
4.699153112195616640e+17
4.713087097157561600e+17
4.727015352812110080e+17
4.740937720317583360e+17
4.754854054168560640e+17
4.768764215535392000e+17
4.782668073546954240e+17
4.796565505744541440e+17
4.810456399411700480e+17
4.824340649130462720e+17
4.838218158097463040e+17
4.852088838577199360e+17
4.865952613253047040e+17
4.879809411294101760e+17
4.893659171123566080e+17
4.907501839425707520e+17
4.921337373932180480e+17
4.935165739500124160e+17
4.948986912362626560e+17
4.962800873210182400e+17
4.976607615885264640e+17
4.990407141998451200e+17
5.004199460640307200e+17
5.017984591963261440e+17
5.031762565399834880e+17
5.045533417262142720e+17
5.059297193383403520e+17
5.073053949803486720e+17
5.086803750856936960e+17
5.100546669878648320e+17
5.114282790276053760e+17
5.128012203238272000e+17
5.141735010285835520e+17
5.155451319466539520e+17
5.169161250952866560e+17
5.182864930172833280e+17
5.196562493385541120e+17
5.210254085446419200e+17
5.223939860764153600e+17
5.237619979477745920e+17
5.251294613053634560e+17
5.264963940491056640e+17
5.278628150812355840e+17
5.292287439228330240e+17
5.305942011189907200e+17
5.319592078544668160e+17
5.333237862011720960e+17
5.346879588883074560e+17
5.360517495522342400e+17
5.374151828247298560e+17
5.387782837891175680e+17
5.401410783791119360e+17
5.415035933168545280e+17
5.428658560314019840e+17
5.442278949199548160e+17
5.455897387811604480e+17
5.469514173966320640e+17
5.483129609627712000e+17
5.496744005100924160e+17
5.510357674947869440e+17
5.523970942190826240e+17
5.537584137505285120e+17
5.551197596907229440e+17
5.564811662529893120e+17
5.578426681933381120e+17
5.592043008882869760e+17
5.605661002654781440e+17
5.619281027152825600e+17
5.632903453520793600e+17
5.646528655939733760e+17
5.660157015894835200e+17
5.673788916274589440e+17
5.687424749000624640e+17
5.701064907438543360e+17
5.714709788980714240e+17
5.728359797513250560e+17
5.742015339308160000e+17
5.755676822044928000e+17
5.769344662562065920e+17
5.783019275717041920e+17
5.796701082128664320e+17
5.810390505490080000e+17
5.824087973582466560e+17
5.837793913781870080e+17
5.851508757508945920e+17
5.865232937420381440e+17
5.878966888455645440e+17
5.892711046710837760e+17
5.906465852245824000e+17
5.920231742726484480e+17
5.934009159694562560e+17
5.947798543923046400e+17
5.961600340006810880e+17
5.975414989911582720e+17
5.989242937567255040e+17
6.003084625883315200e+17
6.016940501412316160e+17
6.030811004249153280e+17
6.044696579765286400e+17
6.058597668473309440e+17
6.072514712497350400e+17
6.086448150686933760e+17
6.100398419778574080e+17
6.114365956598973440e+17
6.128351197517873920e+17
6.142354575231814400e+17
6.156376521812560640e+17
6.170417465445240320e+17
6.184477831683848960e+17
6.198558043782890240e+17
6.212658523995239680e+17
6.226779688429698560e+17
6.240921950138182400e+17
6.255085719421233920e+17
6.269271403311098880e+17
6.283479404030316800e+17
6.297710118443313920e+17
6.311963938313939200e+17
6.326241255347754240e+17
6.340542452217011200e+17
6.354867907564544000e+17
6.369217994404791040e+17
6.383593083339175680e+17
6.397993537220067840e+17
6.412419714354428160e+17
6.426871963107978240e+17
6.441350630726319360e+17
6.455856054244451840e+17
6.470388563616298240e+17
6.484948483905318400e+17
6.499536134704550400e+17
6.514151826626703360e+17
6.528795866465432320e+17
6.543468549707665920e+17
6.558170171669112320e+17
6.572901014026955520e+17
6.587661352361501440e+17
6.602451450024497920e+17
6.617271567820888320e+17
6.632121955893608960e+17
6.647002853913807360e+17
6.661914498088677120e+17
6.676857114012661760e+17
6.691830915599173120e+17
6.706836113647395840e+17
6.721872904947219200e+17
6.736941478973222400e+17
6.752042014623580160e+17
6.767174685263013120e+17
6.782339649238868480e+17
6.797537059130558720e+17
6.812767054007313920e+17
6.828029766888112640e+17
6.843325316905639680e+17
6.858653818790743040e+17
6.874015374966001920e+17
6.889410077290264320e+17
6.904838008824175360e+17
6.920299243793219840e+17
6.935793845252802560e+17
6.951321865090480640e+17
6.966883345616245760e+17
6.982478317726394880e+17
6.998106802261465600e+17
7.013768810443061760e+17
7.029464338937226240e+17
7.045193378579020800e+17
7.060955905223348480e+17
7.076751886591727360e+17
7.092581279090705920e+17
7.108444030713328640e+17
7.124340077839576320e+17
7.140269348090478080e+17
7.156231755175964160e+17
7.172227205609603840e+17
7.188255591878443520e+17
7.204316796742008320e+17
7.220410690654415360e+17
7.236537140315900160e+17
7.252695995705863680e+17
7.268887098519219200e+17
7.285110277617451520e+17
7.301365355357255680e+17
7.317652140961192960e+17
7.333970434849870080e+17
7.350320028072887040e+17
7.366700700752613120e+17
7.383112220895577600e+17
7.399554347732102400e+17
7.416026832062393600e+17
7.432529415995747840e+17
7.449061826257047040e+17
7.465623785123070720e+17
7.482215003295226880e+17
7.498835184836515840e+17
7.515484017605168640e+17
7.532161186901285120e+17
7.548866363622760960e+17
7.565599213946288640e+17
7.582359393584892160e+17
7.599146551272389120e+17
7.615960322922594560e+17
7.632800343620491520e+17
7.649666231273192960e+17
7.666557600483631360e+17
7.683474055066384640e+17
7.700415195361600000e+17
7.717380610736852480e+17
7.734369887046282240e+17
7.751382594397041920e+17
7.768418303899910400e+17
7.785476572694664960e+17
7.802556956873041920e+17
7.819659002511014400e+17
7.836782252738840320e+17
7.853926240095582720e+17
7.871090494499686400e+17
7.888274534796979200e+17
7.905477881907907840e+17
7.922700040884536320e+17
7.939940521156075520e+17
7.957198820486894080e+17
7.974474436712815360e+17
7.991766855770622720e+17
8.009075565885416960e+17
8.026400045679458560e+17
8.043739778254883840e+17
8.061094230276887040e+17
8.078462875196218880e+17
8.095845176625891840e+17
8.113240600683663360e+17
8.130648605794301440e+17
8.148068648276930560e+17
8.165500179081283840e+17
8.182942653907599360e+17
8.200395518628808960e+17
8.217858221581543680e+17
8.235330205743042560e+17
8.252810919088613120e+17
8.270299801950853120e+17
8.287796297297043200e+17
8.305299842942931200e+17
8.322809884087591680e+17
8.340325856044395520e+17
8.357847206433991680e+17
8.375373370719257600e+17
8.392903791964979200e+17
8.410437908396124160e+17
8.427975168146965760e+17
8.445515012373830400e+17
8.463056887570005760e+17
8.480600235675516160e+17
8.498144506400655360e+17
8.515689140312060160e+17
8.533233595319521280e+17
8.550777320522247680e+17
8.568319775226375680e+17
8.585860417376902400e+17
8.603398710371133440e+17
8.620934116541338880e+17
8.638466108555292160e+17
8.655994155838339840e+17
8.673517740826598400e+17
8.691036340341254400e+17
8.708549444618346240e+17
8.726056540699377920e+17
8.743557124493511680e+17
8.761050693651306240e+17
8.778536757501679360e+17
8.796014822460605440e+17
8.813484406788797440e+17
8.830945028447443200e+17
8.848396219959239680e+17
8.865837513907147520e+17
8.883268452599297280e+17
8.900688581245954560e+17
8.918097454949918720e+17
8.935494634392343040e+17
8.952879690510790400e+17
8.970252195058856960e+17
8.987611735288357120e+17
9.004957897043898880e+17
9.022290284520627200e+17
9.039608500622205440e+17
9.056912164504003840e+17
9.074200891724586240e+17
9.091474319350336000e+17
9.108732083756029440e+17
9.125973835475215360e+17
9.143199229815312640e+17
9.160407936352432640e+17
9.177599627297107200e+17
9.194773989412382720e+17
9.211930714934933760e+17
9.229069511051004160e+17
9.246190088069241600e+17
9.263292171573258240e+17
9.280375493122137600e+17
9.297439799907275520e+17
9.314484842849688320e+17
9.331510386254233600e+17
9.348516200953872640e+17
9.365502074120112640e+17
9.382467797139198720e+17
9.399413178148052480e+17
9.416338029759898880e+17
9.433242181636254720e+17
9.450125468350353920e+17
9.466987741753064960e+17
9.483828856315087360e+17
9.500648686887554560e+17
9.517447111049408000e+17
9.534224024581429760e+17
9.550979326274868480e+17
9.567712933471923200e+17
9.584424769431351040e+17
9.601114773771947520e+17
9.617782889495024640e+17
9.634429079146543360e+17
9.651053306125163520e+17
9.667655553844241920e+17
9.684235811990944000e+17
9.700794085474300160e+17
9.717330388326055680e+17
9.733844752941839360e+17
9.750337210345186560e+17
9.766807815650179840e+17
9.783256622819354880e+17
9.799683704879198720e+17
9.816089141998222080e+17
9.832473031125541120e+17
9.848835471157472000e+17
9.865176580809171200e+17
9.881496480954540800e+17
9.897795312658283520e+17
9.914073216591787520e+17
9.930330356711797760e+17
9.946566896772789760e+17
9.962783018694155520e+17
9.978978907097834240e+17
9.995154767872291840e+17
1.001131080704545920e+18
1.002744724948064640e+18
1.004356432033171584e+18
1.005966226388571008e+18
1.007574132488178432e+18
1.009180177029612928e+18
1.010784386493636096e+18
1.012386789336424704e+18
1.013987413807926144e+18
1.015586290162189440e+18
1.017183448459365120e+18
1.018778921072045056e+18
1.020372739630523648e+18
1.021964937817245440e+18
1.023555549430678272e+18
1.025144610066439552e+18
1.026732154881214336e+18
1.028318221133916160e+18
1.029902845654809088e+18
1.031486067111913728e+18
1.033067924039672576e+18
1.034648456832966144e+18
1.036227705476614656e+18
1.037805711546468608e+18
1.039382515921947904e+18
1.040958161955862528e+18
1.042532692314423040e+18
1.044106150706692608e+18
1.045678581024104192e+18
1.047250028503592448e+18
1.048820537991910912e+18
1.050390156276178432e+18
1.051958929175821824e+18
1.053526904168423424e+18
1.055094128055615488e+18
1.056660649306711296e+18
1.058226516013636096e+18
1.059791777358238464e+18
1.061356481845435904e+18
1.062920679371303424e+18
1.064484419150924800e+18
1.066047752098128128e+18
1.067610727846366976e+18
1.069173397732850944e+18
1.070735812106288128e+18
1.072298022727066624e+18
1.073860080358615808e+18
1.075422037179723776e+18
1.076983944667311360e+18
1.078545854813304832e+18
1.080107819207179008e+18
1.081669890235890944e+18
1.083232119882619392e+18
1.084794560932266752e+18
1.086357264547428608e+18
1.087920283896647168e+18
1.089483670514596096e+18
1.091047476734696704e+18
1.092611754137288704e+18
1.094176555103830016e+18
1.095741930931389696e+18
1.097307933427204864e+18
1.098874613581710592e+18
1.100442022907813120e+18
1.102010212066434560e+18
1.103579232563892224e+18
1.105149134097840640e+18
1.106719967511182336e+18
1.108291782136904704e+18
1.109864628122676992e+18
1.111438554094756608e+18
1.113013609783516416e+18
1.114589842775571968e+18
1.116167301408969472e+18
1.117746032810740224e+18
1.119326084523412480e+18
1.120907502564114432e+18
1.122490333329695488e+18
1.124074621670191872e+18
1.125660413112446208e+18
1.127247751610752512e+18
1.128836681479881216e+18
1.130427245108522240e+18
1.132019485857087488e+18
1.133613445162449152e+18
1.135209164438993152e+18
1.136806683785795072e+18
1.138406043589284352e+18
1.140007282561081600e+18
1.141610439380363008e+18
1.143215551004430848e+18
1.144822654999931904e+18
1.146431786845298944e+18
1.148042981963371008e+18
1.149656274330351616e+18
1.151271697494278912e+18
1.152889283851413760e+18
1.154509065682616832e+18
1.156131073106172416e+18
1.157755336741531904e+18
1.159381885053428992e+18
1.161010746952697344e+18
1.162641949193352192e+18
1.164275518268395264e+18
1.165911479173797888e+18
1.167549856570868992e+18
1.169190672990229760e+18
1.170833951537600512e+18
1.172479712543324928e+18
1.174127977184950528e+18
1.175778764186218496e+18
1.177432092106047232e+18
1.179087976999358464e+18
1.180746435717363968e+18
1.182407482603869696e+18
1.184071132090070272e+18
1.185737396415173376e+18
1.187406287876975360e+18
1.189077816866860032e+18
1.190751993175655680e+18
1.192428824964437760e+18
1.194108320117620480e+18
1.195790484185733120e+18
1.197475322747732992e+18
1.199162839681251072e+18
1.200853037887353088e+18
1.202545918841477120e+18
1.204241483711191552e+18
1.205939731538566656e+18
1.207640661007841792e+18
1.209344269350648320e+18
1.211050553424393216e+18
1.212759507909425152e+18
1.214471127084441600e+18
1.216185403367696384e+18
1.217902329096317184e+18
1.219621894032399616e+18
1.221344088520951296e+18
1.223068900651277056e+18
1.224796318375602176e+18
1.226526327024117760e+18
1.228258912451186432e+18
1.229994058226515200e+18
1.231731748063711744e+18
1.233471963711375872e+18
1.235214686709652736e+18
1.236959896246208000e+18
1.238707571629474048e+18
1.240457690485447168e+18
1.242210230209754624e+18
1.243965165773606656e+18
1.245722472969050368e+18
1.247482124415836160e+18
1.249244093875529472e+18
1.251008352666426112e+18
1.252774872137638912e+18
1.254543621907959296e+18
1.256314571568610304e+18
1.258087688660416256e+18
1.259862941340528128e+18
1.261640295374272000e+18
1.263419716752333568e+18
1.265201169801488640e+18
1.266984619364842240e+18
1.268770027943113472e+18
1.270557358144141824e+18
1.272346570949805312e+18
1.274137627433341696e+18
1.275930487035821312e+18
1.277725109239916544e+18
1.279521451931430400e+18
1.281319473712071680e+18
1.283119130884835584e+18
1.284920380417506816e+18
1.286723177727428096e+18
1.288527478512017408e+18
1.290333237274434816e+18
1.292140408434454272e+18
1.293948944815117056e+18
1.295758799920166912e+18
1.297569925970369024e+18
1.299382274797039104e+18
1.301195798027767552e+18
1.303010446521254144e+18
1.304826170565004032e+18
1.306642920771342336e+18
1.308460646089824512e+18
1.310279296498819840e+18
1.312098820342141184e+18
1.313919166966789376e+18
1.315740284469385728e+18
1.317562120823996416e+18
1.319384623500032256e+18
1.321207740560141312e+18
1.323031419246592768e+18
1.324855606967926784e+18
1.326680250352541696e+18
1.328505296933704960e+18
1.330330692711088128e+18
1.332156384963342848e+18
1.333982320190209280e+18
1.335808444674022144e+18
1.337634705046489600e+18
1.339461048095736064e+18
1.341287419861385984e+18
1.343113767271100672e+18
1.344940036900454656e+18
1.346766176210699520e+18
1.348592131576048896e+18
1.350417850248790528e+18
1.352243279163440640e+18
1.354068365767962112e+18
1.355893057560547584e+18
1.357717302588499200e+18
1.359541048547150592e+18
1.361364244092790016e+18
1.363186837524093952e+18
1.365008778125560064e+18
1.366830014837150464e+18
1.368650497564264448e+18
1.370470175932107776e+18
1.372289000502368000e+18
1.374106921550124288e+18
1.375923891114175232e+18
1.377739860165676800e+18
1.379554781470721280e+18
1.381368607078921984e+18
1.383181290906220288e+18
1.384992786112919296e+18
1.386803047773121024e+18
1.388612030229069056e+18
1.390419689333800448e+18
1.392225981030494976e+18
1.394030862354742528e+18
1.395834290131995136e+18
1.397636223000695040e+18
1.399436619430309376e+18
1.401235439326285056e+18
1.403032642431093248e+18
1.404828189954451968e+18
1.406622043350162432e+18
1.408414165156705792e+18
1.410204518190669824e+18
1.411993066738065920e+18
1.413779775393595136e+18
1.415564609837146880e+18
1.417347536474217728e+18
1.419128522819937280e+18
1.420907537114012160e+18
1.422684548346489344e+18
1.424459526256356864e+18
1.426232442127143424e+18
1.428003267230663680e+18
1.429771974762092544e+18
1.431538537971776256e+18
1.433302931628658432e+18
1.435065130978125312e+18
1.436825112801333248e+18
1.438582854388101888e+18
1.440338334563382016e+18
1.442091532309904896e+18
1.443842428149742592e+18
1.445591003164338944e+18
1.447337240414962176e+18
1.449081122364675072e+18
1.450822633816808448e+18
1.452561759847113984e+18
1.454298487072534784e+18
1.456032802816611328e+18
1.457764695932654080e+18
1.459494155648723456e+18
1.461221172703920128e+18
1.462945738648462336e+18
1.464667846168781312e+18
1.466387489188487936e+18
1.468104662769553152e+18
1.469819362434679040e+18
1.471531585298883072e+18
1.473241328889196544e+18
1.474948592419716096e+18
1.476653375899618304e+18
1.478355680256864512e+18
1.480055507629307648e+18
1.481752861900960256e+18
1.483447747002537984e+18
1.485140168584115456e+18
1.486830132813788416e+18
1.488517647155346944e+18
1.490202720044090624e+18
1.491885361213169920e+18
1.493565581010744064e+18
1.495243391484941056e+18
1.496918805328064512e+18
1.498591836122442496e+18
1.500262498119448064e+18
1.501930807300453888e+18
1.503596779915771904e+18
1.505260433992264448e+18
1.506921788231922688e+18
1.508580862729813248e+18
1.510237677454880256e+18
1.511892254580791296e+18
1.513544616228697856e+18
1.515194786274863104e+18
1.516842788569442048e+18
1.518488648755939840e+18
1.520132393279222272e+18
1.521774049181423872e+18
1.523413644666871296e+18
1.525051208641764864e+18
1.526686770693910016e+18
1.528320362029019136e+18
1.529952013637841408e+18
1.531581758214033408e+18
1.533209628599786240e+18
1.534835658993179392e+18
1.536459883716976896e+18
1.538082338926818048e+18
1.539703060867792640e+18
1.541322086820336896e+18
1.542939454121901824e+18
1.544555201610345216e+18
1.546169368174422016e+18
1.547781993807592448e+18
1.549393118958666752e+18
1.551002784816044288e+18
1.552611032967480064e+18
1.554217906210964480e+18
1.555823447323977728e+18
1.557427700296681216e+18
1.559030708210784000e+18
1.560632516713242624e+18
1.562233170076509184e+18
1.563832714303522816e+18
1.565431195324597504e+18
1.567028660365503488e+18
1.568625155708315904e+18
1.570220729368778752e+18
1.571815428862179840e+18
1.573409302573960960e+18
1.575002398809775360e+18
1.576594767213216256e+18
1.578186456439333376e+18
1.579777516063371264e+18
1.581367995947768832e+18
1.582957946542901760e+18
1.584547417122286848e+18
1.586136458976989952e+18
1.587725122152988160e+18
1.589313457889764352e+18
1.590901516554479616e+18
1.592489349767542784e+18
1.594077007760176896e+18
1.595664542521459712e+18
1.597252004596444416e+18
1.598839445437702400e+18
1.600426915876533248e+18
1.602014468198897920e+18
1.603602153073124096e+18
1.605190022203591168e+18
1.606778125656279296e+18
1.608366515441100032e+18
1.609955241470490112e+18
1.611544355115494912e+18
1.613133906123486208e+18
1.614723945682222592e+18
1.616314523347549440e+18
1.617905689646461440e+18
1.619497493473166848e+18
1.621089984670751744e+18
1.622683210967407104e+18
1.624277221982098944e+18
1.625872065185397248e+18
1.627467789967605504e+18
1.629064443977677824e+18
1.630662074959438336e+18
1.632260729331206400e+18
1.633860454081460736e+18
1.635461294831867648e+18
1.637063297350081024e+18
1.638666505461182464e+18
1.640270964639569408e+18
1.641876717344552960e+18
1.643483808269650176e+18
1.645092279422993408e+18
1.646702174247262464e+18
1.648313532355109632e+18
1.649926396353037824e+18
1.651540805845227776e+18
1.653156801138125056e+18
1.654774420373149952e+18
1.656393702951084800e+18
1.658014685044854272e+18
1.659637404631836416e+18
1.661261896363818752e+18
1.662888197241861376e+18
1.664516340389005056e+18
1.666146361294169088e+18
1.667778291529089024e+18
1.669412164556880128e+18
1.671048010347765248e+18
1.672685860825898496e+18
1.674325744321888256e+18
1.675967691164048896e+18
1.677611728006121472e+18
1.679257883068222720e+18
1.680906180835914240e+18
1.682556647810518528e+18
1.684209306798119680e+18
1.685864182579589888e+18
1.687521296186697728e+18
1.689180671188789760e+18
1.690842326314735616e+18
1.692506282388188160e+18
1.694172556811588608e+18
1.695841168112011008e+18
1.697512131332439808e+18
1.699185463629223424e+18
1.700861178186536448e+18
1.702539290291912192e+18
1.704219811192049664e+18
1.705902753802446848e+18
1.707588127375432448e+18
1.709275942930131968e+18
1.710966207217403392e+18
1.712658929268454144e+18
1.714354114369521664e+18
1.716051769488168960e+18
1.717751897425638912e+18
1.719454503587236864e+18
1.721159588203436032e+18
1.722867154609793536e+18
1.724577201460129536e+18
1.726289729981896960e+18
1.728004736703101952e+18
1.729722220220677632e+18
1.731442175377848576e+18
1.733164599172765952e+18
1.734889484214282752e+18
1.736616824837357056e+18
1.738346611918153216e+18
1.740078838620430848e+18
1.741813493054816256e+18
1.743550566163096832e+18
1.745290044278463232e+18
1.747031916132860672e+18
1.748776166746662656e+18
1.750522783104528384e+18
1.752271747365118720e+18
1.754023044769907200e+18
1.755776656104402176e+18
1.757532564324542208e+18
1.759290748337809408e+18
1.761051189794824448e+18
1.762813865717126400e+18
1.764578754913245184e+18
1.766345832425988608e+18
1.768115076836415744e+18
1.769886461189604096e+18
1.771659962260263680e+18
1.773435551129192448e+18
1.775213202695451392e+18
1.776992886572179968e+18
1.778774576308434176e+18
1.780558239540131072e+18
1.782343848432320000e+18
1.784131369658862080e+18
1.785920773483175680e+18
1.787712024532777984e+18
1.789505091697734144e+18
1.791299938620860928e+18
1.793096533324098816e+18
1.794894837902013952e+18
1.796694818996473856e+18
1.798496437171532800e+18
1.800299657638749952e+18
1.802104439979171840e+18
1.803910749025536512e+18
1.805718542866936832e+18
1.807527784324660224e+18
1.809338431047629312e+18
1.811150444913853184e+18
1.812963782086342912e+18
1.814778403977388800e+18
1.816594265314651904e+18
1.818411326513604096e+18
1.820229542405860096e+18
1.822048872455408896e+18
1.823869270555090688e+18
1.825690695713207552e+18
1.827513100381883648e+18
1.829336443122231040e+18
1.831160676503261440e+18
1.832985758141868800e+18
1.834811640186212352e+18
1.836638279345893888e+18
1.838465627293024768e+18
1.840293641449437440e+18
1.842122272534079744e+18
1.843951477107092480e+18
1.845781205938253056e+18
1.847611415301116928e+18
1.849442056022165248e+18
1.851273084070571520e+18
1.853104450404369408e+18
1.854936111176231424e+18
1.856768016982280960e+18
1.858600124191353600e+18
1.860432383551149568e+18
1.862264750594796544e+18
1.864097175682255616e+18
1.865929615656872704e+18
1.867762021086985216e+18
1.869594349538133760e+18
1.871426552921404928e+18
1.873258587930609664e+18
1.875090406227847168e+18
1.876921965818445312e+18
1.878753218626226944e+18
1.880584122903454976e+18
1.882414630883623936e+18
1.884244701610327552e+18
1.886074288168991232e+18
1.887903350384962304e+18
1.889731842776468480e+18
1.891559724936671232e+18
1.893386951695628032e+18
1.895213484046017280e+18
1.897039277172960000e+18
1.898864292934044416e+18
1.900688487938413056e+18
1.902511825461176576e+18
1.904334263578546688e+18
1.906155765932137984e+18
1.907976291018001920e+18
1.909795803363378688e+18
1.911614262950074624e+18
1.913431635276214016e+18
1.915247881259110656e+18
1.917062967896511744e+18
1.918876857605659904e+18
1.920689518365638656e+18
1.922500913657838336e+18
1.924311013126753792e+18
1.926119781244475136e+18
1.927927189058072320e+18
1.929733202506862080e+18
1.931537794030857216e+18
1.933340930697141760e+18
1.935142586362339584e+18
1.936942730401121280e+18
1.938741338509425152e+18
1.940538381162427392e+18
1.942333835069897472e+18
1.944127672139885824e+18
1.945919870193021696e+18
1.947710402214188544e+18
1.949499247860291840e+18
1.951286382669819648e+18
1.953071787696557824e+18
1.954855439649743360e+18
1.956637321156792832e+18
1.958417410586161152e+18
1.960195692285548288e+18
1.961972146331086080e+18
1.963746758657437696e+18
1.965519511023404288e+18
1.967290391215508992e+18
1.969059382562825984e+18
1.970826474417683200e+18
1.972591651705615872e+18
1.974354905508868864e+18
1.976116222501263872e+18
1.977875595317511168e+18
1.979633012299509248e+18
1.981388467767853056e+18
1.983141951677781760e+18
1.984893460082348800e+18
1.986642984579797504e+18
1.988390522877449472e+18
1.990136068267217152e+18
1.991879620054466304e+18
1.993621173227721728e+18
1.995360728808295936e+18
1.997098283323263232e+18
1.998833839487647744e+18
2.000567395469607936e+18
2.002298955622299136e+18
2.004028519694096384e+18
2.005756093658022400e+18
2.007481678900801024e+18
2.009205283044418304e+18
2.010926908932038144e+18
2.012646565745956352e+18
2.014364257863511296e+18
2.016079996041317120e+18
2.017793786123151872e+18
2.019505640409785600e+18
2.021215566236343040e+18
2.022923577484802816e+18
2.024629682784849664e+18
2.026333897550327808e+18
2.028036231823822336e+18
2.029736702561468928e+18
2.031435321145761792e+18
2.033132105894794752e+18
2.034827069501966848e+18
2.036520231699927808e+18
2.038211606508548096e+18
2.039901215134004224e+18
2.041589072853197568e+18
2.043275202048744704e+18
2.044959619117965568e+18
2.046642347750761984e+18
2.048323405531613952e+18
2.050002817471073536e+18
2.051680602247400448e+18
2.053356785952445696e+18
2.055031388364917248e+18
2.056704436708704000e+18
2.058375951734039808e+18
2.060045961679657984e+18
2.061714488425138176e+18
2.063381561176445696e+18
2.065047202661899520e+18
2.066711443135144192e+18
2.068374306153153792e+18
2.070035822744082176e+18
2.071696017167413504e+18
2.073354921603489280e+18
2.075012561317004800e+18
2.076668969069832704e+18
2.078324170328278528e+18
2.079978198868951552e+18
2.081631081232753920e+18
2.083282851441273600e+18
2.084933536692527872e+18
2.086583171259917824e+18
2.088231782988670208e+18
2.089879407662361088e+18
2.091526072940822784e+18
2.093171814398172672e+18
2.094816660831301888e+18
2.096460647681566976e+18
2.098103803962561024e+18
2.099746165824059648e+18
2.101387762203780096e+18
2.103028629481346304e+18
2.104668796916231424e+18
2.106308301129631744e+18
2.107947171731388416e+18
2.109585445237552128e+18
2.111223151234439168e+18
2.112860326086470656e+18
2.114496999753640704e+18
2.116133209277616896e+18
2.117768984166123264e+18
2.119404360448020992e+18
2.121039367155342848e+18
2.122674040182527744e+18
2.124308409435732736e+18
2.125942510224546304e+18
2.127576371959288064e+18
2.129210029335279104e+18
2.130843511209166848e+18
2.132476852233726464e+18
2.134110080775210496e+18
2.135743231849132032e+18
2.137376333225338368e+18
2.139009418534737152e+18
2.140642514878543360e+18
2.142275655533180672e+18
2.143908866738650624e+18
2.145542181443271424e+18
2.147175625704815104e+18
2.148809230910976512e+18
2.150443022939924224e+18
2.152077032222413056e+18
2.153711283171401984e+18
2.155345805849154560e+18
2.156980624416999936e+18
2.158615767367820288e+18
2.160251256755536640e+18
2.161887120027676160e+18
2.163523378976827648e+18
2.165160060650547456e+18
2.166797185286884352e+18
2.168434778949372928e+18
2.170072860892143104e+18
2.171711455547872512e+18
2.173350581182815744e+18
2.174990260539798272e+18
2.176630510948103936e+18
2.178271354042825728e+18
2.179912806164227840e+18
2.181554887291481088e+18
2.183197612014432512e+18
2.184840999295310080e+18
2.186485062658435328e+18
2.188129819991905792e+18
2.189775282543198208e+18
2.191421466496110336e+18
2.193068382637255424e+18
2.194716044772115712e+18
2.196364461970769152e+18
2.198013646986961408e+18
2.199663606457533184e+18
2.201314352703841024e+18
2.202965891215389440e+18
2.204618231279141632e+18
2.206271377295339264e+18
2.207925337402854400e+18
2.209580113633104640e+18
2.211235713558291712e+18
2.212892138143155968e+18
2.214549391889815552e+18
2.216207474024891648e+18
2.217866387171936000e+18
2.219526129550163968e+18
2.221186702542285312e+18
2.222848101410629376e+18
2.224510326311935744e+18
2.226173371382707712e+18
2.227837234385248000e+18
2.229501908321537024e+18
2.231167388491907328e+18
2.232833666137801216e+18
2.234500735392188672e+18
2.236168585129097984e+18
2.237837208313808128e+18
2.239506593327138816e+18
2.241176731403500288e+18
2.242847608505411328e+18
2.244519214087041024e+18
2.246191531753307648e+18
2.247864549804360960e+18
2.249538250161493248e+18
2.251212619312371200e+18
2.252887638122374144e+18
2.254563291333010688e+18
2.256239557411246336e+18
2.257916419410208512e+18
2.259593854746447104e+18
2.261271844745628416e+18
2.262950365795892736e+18
2.264629397485415936e+18
2.266308914534737920e+18
2.267988894246840576e+18
2.269669310944613632e+18
2.271350140927617280e+18
2.273031356272557056e+18
2.274712932234035712e+18
2.276394838646886144e+18
2.278077049123629312e+18
2.279759533190667776e+18
2.281442262888315136e+18
2.283125206201537280e+18
2.284808334210734592e+18
2.286491613356567808e+18
2.288175013829964544e+18
2.289858500614110720e+18
2.291542042271341568e+18
2.293225602370555392e+18
2.294909149202846208e+18
2.296592645660352000e+18
2.298276058436000000e+18
2.299959349756794624e+18
2.301642484790825216e+18
2.303325425082920960e+18
2.305008134312039680e+18
2.306690573383590912e+18
2.308372705252321280e+18
2.310054489476593664e+18
2.311735888926208000e+18
2.313416863235228672e+18
2.315097373079995392e+18
2.316777377653827072e+18
2.318456837309577216e+18
2.320135710274519040e+18
2.321813956239542784e+18
2.323491532966193152e+18
2.325168399952232448e+18
2.326844514532426752e+18
2.328519835648228352e+18
2.330194320134031360e+18
2.331867926428440064e+18
2.333540610958299648e+18
2.335212332079759360e+18
2.336883045976115200e+18
2.338552710330694144e+18
2.340221282000815104e+18
2.341888718637888000e+18
2.343554977334639616e+18
2.345220015636421632e+18
2.346883789964747776e+18
2.348546257780499456e+18
2.350207376655626240e+18
2.351867103543190528e+18
2.353525395758068736e+18
2.355182210328187904e+18
2.356837504721585664e+18
2.358491237049971200e+18
2.360143365024914432e+18
2.361793846852534784e+18
2.363442641397076992e+18
2.365089707002340352e+18
2.366735002734425088e+18
2.368378487616907264e+18
2.370020121021514752e+18
2.371659862969733120e+18
2.373297673684086272e+18
2.374933512887528960e+18
2.376567342065731584e+18
2.378199122103942656e+18
2.379828814786016768e+18
2.381456381819697152e+18
2.383081785644559360e+18
2.384704989277489664e+18
2.386325956386190848e+18
2.387944650725414400e+18
2.389561037197495808e+18
2.391175080426443776e+18
2.392786746382645760e+18
2.394396000677821440e+18
2.396002810597867008e+18
2.397607143190172160e+18
2.399208966814388224e+18
2.400808249771472384e+18
2.402404961620407296e+18
2.403999071897567232e+18
2.405590551610752512e+18
2.407179371818862592e+18
2.408765504740031488e+18
2.410348922859983872e+18
2.411929599922382848e+18
2.413507509845164032e+18
2.415082627982298624e+18
2.416654929777099264e+18
2.418224392163245056e+18
2.419790992192946688e+18
2.421354708428652544e+18
2.422915519423414272e+18
2.424473405483913216e+18
2.426028346827341312e+18
2.427580325370358784e+18
2.429129323079357440e+18
2.430675323676401152e+18
2.432218310744779776e+18
2.433758269809004032e+18
2.435295186136686592e+18
2.436829047061600256e+18
2.438359839737238528e+18
2.439887553262678016e+18
2.441412176711091200e+18
2.442933700882637824e+18
2.444452116754852864e+18
2.445967416987400192e+18
2.447479594493290496e+18
2.448988643638323200e+18
2.450494559303644160e+18
2.451997337732091904e+18
2.453496975754932224e+18
2.454993471364339712e+18
2.456486823271238656e+18
2.457977031320826880e+18
2.459464096198568448e+18
2.460948019576812032e+18
2.462428804148048896e+18
2.463906453405507584e+18
2.465380971967097856e+18
2.466852365096333312e+18
2.468320639324468224e+18
2.469785801684388352e+18
2.471247860749912064e+18
2.472706825332730368e+18
2.474162705772397056e+18
2.475615512776275968e+18
2.477065258576689152e+18
2.478511955520569344e+18
2.479955617747725312e+18
2.481396259347086336e+18
2.482833896325463552e+18
2.484268544432442368e+18
2.485700221474906112e+18
2.487128944892899328e+18
2.488554734207542272e+18
2.489977608556627456e+18
2.491397589182866432e+18
2.492814696925316096e+18
2.494228954600786944e+18
2.495640384652632064e+18
2.497049011454408704e+18
2.498454859065062912e+18
2.499857953475653120e+18
2.501258320218305536e+18
2.502655986839748096e+18
2.504050980234470912e+18
2.505443329573870592e+18
2.506833063123539968e+18
2.508220211458083840e+18
2.509604804304052736e+18
2.510986873464377344e+18
2.512366450069747712e+18
2.513743567232542720e+18
2.515118257437249536e+18
2.516490554976250368e+18
2.517860493541621248e+18
2.519228108645591040e+18
2.520593435074349056e+18
2.521956509489942528e+18
2.523317367792619008e+18
2.524676047744771072e+18
2.526032586232290304e+18
2.527387022062617600e+18
2.528739392969782272e+18
2.530089738729676800e+18
2.531438097877229056e+18
2.532784511104714752e+18
2.534129017787701248e+18
2.535471659568129024e+18
2.536812476630150656e+18
2.538151511286501376e+18
2.539488804315835392e+18
2.540824398637499392e+18
2.542158335740948480e+18
2.543490659116273152e+18
2.544821410751448064e+18
2.546150634531267072e+18
2.547478373079516160e+18
2.548804670622225408e+18
2.550129570086566912e+18
2.551453116233339904e+18
2.552775352175009792e+18
2.554096323002517504e+18
2.555416072129164288e+18
2.556734644817474560e+18
2.558052084602860544e+18
2.559368436966425088e+18
2.560683745487924224e+18
2.561998055671936000e+18
2.563311411082505216e+18
2.564623857218692608e+18
2.565935437612926464e+18
2.567246197603331072e+18
2.568556180514317824e+18
2.569865431508632576e+18
2.571173993585288192e+18
2.572481911856720896e+18
2.573789228867771392e+18
2.575095989419414528e+18
2.576402235597730304e+18
2.577708012037706752e+18
2.579013360281873408e+18
2.580318324456025088e+18
2.581622945471536128e+18
2.582927266970237952e+18
2.584231329130182656e+18
2.585535175038681600e+18
2.586838844042377216e+18
2.588142378761536000e+18
2.589445817581726208e+18
2.590749202418341376e+18
2.592052570751516672e+18
2.593355963663416320e+18
2.594659417638029824e+18
2.595962973041628160e+18
2.597266665155073024e+18
2.598570533514764288e+18
2.599874612283224576e+18
2.601178940019577856e+18
2.602483549555686912e+18
2.603788478384153600e+18
2.605093758191979520e+18
2.606399425270728704e+18
2.607705510090461184e+18
2.609012047671200256e+18
2.610319067131001856e+18
2.611626602305819648e+18
2.612934680801162240e+18
2.614243335129344000e+18
2.615552591343088640e+18
2.616862480710987264e+18
2.618173027618347008e+18
2.619484262056659456e+18
2.620796206635615744e+18
2.622108890071398912e+18
2.623422333174343168e+18
2.624736563257539584e+18
2.626051599320987648e+18
2.627367467177565696e+18
2.628684184055269376e+18
2.630001774263580672e+18
2.631320253140098048e+18
2.632639643397140480e+18
2.633959958576674304e+18
2.635281219736615936e+18
2.636603438398901248e+18
2.637926634120119808e+18
2.639250816431093248e+18
2.640576003136317952e+18
2.641902201833766912e+18
2.643229428633417728e+18
2.644557689096444928e+18
2.645886997542471680e+18
2.647217357731871232e+18
2.648548782136529920e+18
2.649881272527133184e+18
2.651214839623223296e+18
2.652549483117729792e+18
2.653885211871430656e+18
2.655222023591902208e+18
2.656559925377106944e+18
2.657898912911372288e+18
2.659238991357095936e+18
2.660580154479877120e+18
2.661922405639476224e+18
2.663265736352136192e+18
2.664610148290714624e+18
2.665955630970721792e+18
2.667302184278110720e+18
2.668649795637291008e+18
2.669998463236023808e+18
2.671348172328120320e+18
2.672698919424001024e+18
2.674050687953728512e+18
2.675403472476093952e+18
2.676757254539582976e+18
2.678112026995656704e+18
2.679467769507483648e+18
2.680824473091186688e+18
2.682182115566028800e+18
2.683540686193194496e+18
2.684900160937915392e+18
2.686260527448253952e+18
2.687621759911916544e+18
2.688983844401711104e+18
2.690346753140973568e+18
2.691710470752503808e+18
2.693074967736487936e+18
2.694440227281762304e+18
2.695806218017038336e+18
2.697172921664450560e+18
2.698540305378350592e+18
2.699908349414572544e+18
2.701277019258752000e+18
2.702646293835401728e+18
2.704016137033901568e+18
2.705386526519010816e+18
2.706757424793336832e+18
2.708128808187300864e+18
2.709500637930292224e+18
2.710872889131720192e+18
2.712245521603952640e+18
2.713618509527070720e+18
2.714991811281554944e+18
2.716365400088057856e+18
2.717739233060617728e+18
2.719113282579056640e+18
2.720487504585802752e+18
2.721861870702401536e+18
2.723236335692125184e+18
2.724610870556000256e+18
2.725985428994689024e+18
2.727359981318400512e+18
2.728734480275034624e+18
2.730108895611058176e+18
2.731483179280019456e+18
2.732857300470695936e+18
2.734231210370169856e+18
2.735604877902943232e+18
2.736978253536812032e+18
2.738351305845262848e+18
2.739723984691074048e+18
2.741096258578010112e+18
2.742468076774636544e+18
2.743839407749360640e+18
2.745210200281879552e+18
2.746580422724397056e+18
2.747950023738248192e+18
2.749318971857135104e+18
2.750687215374730752e+18
2.752054723025501184e+18
2.753421443089266688e+18
2.754787344430282752e+18
2.756152375402684928e+18
2.757516505150189056e+18
2.758879682123563008e+18
2.760241875940872704e+18
2.761603035402480640e+18
2.762963130517846016e+18
2.764322110388770304e+18
2.765679945680910336e+18
2.767036585907612160e+18
2.768392002486469120e+18
2.769746145330598912e+18
2.771098986681614336e+18
2.772450477208268288e+18
2.773800589924720640e+18
2.775149276190705152e+18
2.776496510049414144e+18
2.777842243730882560e+18
2.779186452329199616e+18
2.780529089071055872e+18
2.781870130040664064e+18
2.783209529486576640e+18
2.784547264846193664e+18
2.785883291534817280e+18
2.787217588079693312e+18
2.788550111281477632e+18
2.789880840889448448e+18
2.791209735221065728e+18
2.792536775356648448e+18
2.793861921076386304e+18
2.795185154969756672e+18
2.796506438250313728e+18
2.797825755113446400e+18
2.799143068334793216e+18
2.800458363842613248e+18
2.801771606058914304e+18
2.803082782562061312e+18
2.804391859655782400e+18
2.805698826619089920e+18
2.807003651601933312e+18
2.808306325620145152e+18
2.809606818810505728e+18
2.810905124054803968e+18
2.812201213548824576e+18
2.813495081958594560e+18
2.814786703666929664e+18
2.816076075182467072e+18
2.817363173001238528e+18
2.818647995583642112e+18
2.819930521819528192e+18
2.821210752036892672e+18
2.822488667524635648e+18
2.823764270520615936e+18
2.825037544771192832e+18
2.826308494376639488e+18
2.827577105441731584e+18
2.828843384224032768e+18
2.830107319163261440e+18
2.831368918725630976e+18
2.832628173834264064e+18
2.833885095006312448e+18
2.835139675610187264e+18
2.836391928353734656e+18
2.837641849094647808e+18
2.838889452753982464e+18
2.840134737646910464e+18
2.841377721045365760e+18
2.842618403642195968e+18
2.843856804965738496e+18
2.845092928052401152e+18
2.846326794843478016e+18
2.847558410834150912e+18
2.848787800199898112e+18
2.850014970838870528e+18
2.851239949250396160e+18
2.852462745770602496e+18
2.853683389176780800e+18
2.854901892228974080e+18
2.856118285832309760e+18
2.857332585209265664e+18
2.858544823488351232e+18
2.859755018511028224e+18
2.860963205470911488e+18
2.862169404542709760e+18
2.863373653130821632e+18
2.864575973692191744e+18
2.865776405877737472e+18
2.866974974324405248e+18
2.868171720741651456e+18
2.869366672197484544e+18
2.870559872290172928e+18
2.871751350358830080e+18
2.872941152023501824e+18
2.874129308741498880e+18
2.875315868165004288e+18
2.876500863788081152e+18
2.877684345294060544e+18
2.878866348140134912e+18
2.880046923817182208e+18
2.881226109746714624e+18
2.882403959357931520e+18
2.883580511843655680e+18
2.884755822469566464e+18
2.885929932340071936e+18
2.887102898342721536e+18
2.888274763307954176e+18
2.889445585642138624e+18
2.890615409850793472e+18
2.891784295911003136e+18
2.892952289770502144e+18
2.894119453013382144e+18
2.895285833010423808e+18
2.896451492796444672e+18
2.897616480998972416e+18
2.898780862054802432e+18
2.899944685902799872e+18
2.901108018169992192e+18
2.902270910007613440e+18
2.903433428175683072e+18
2.904595624854092800e+18
2.905757567846200320e+18
2.906919310506809856e+18
2.908080921419023360e+18
2.909242454930678272e+18
2.910403980351562240e+18
2.911565552908554240e+18
2.912727242662432768e+18
2.913889105508431360e+18
2.915051212267995136e+18
2.916213619401546240e+18
2.917376398128259072e+18
2.918539605621471232e+18
2.919703313307808768e+18
2.920867578948342784e+18
2.922032474028825600e+18
2.923198056847180800e+18
2.924364398917695488e+18
2.925531558891026432e+18
2.926699608231848960e+18
2.927868605723999744e+18
2.929038622724499456e+18
2.930209718125004800e+18
2.931381963099932672e+18
2.932555416512862208e+18
2.933730149149173760e+18
2.934906219808376832e+18
2.936083698872843264e+18
2.937262644767698944e+18
2.938443127512393728e+18
2.939625204906160128e+18
2.940808946560691200e+18
2.941994409693005824e+18
2.943181663353808896e+18
2.944370763925479424e+18
2.945561779924888576e+18
2.946754766704061440e+18
2.947949792140252672e+18
2.949146910413904896e+18
2.950346188847347200e+18
2.951547680327388160e+18
2.952751451382005760e+18
2.953957553548904448e+18
2.955166052408167424e+18
2.956376998245694464e+18
2.957590455543355392e+18
2.958806473116239872e+18
2.960025114325331968e+18
2.961246426425881600e+18
2.962470471535304192e+18
2.963697295230846976e+18
2.964926958437601792e+18
2.966159504876216832e+18
2.967394994050686976e+18
2.968633467931183104e+18
2.969874984491487744e+18
2.971119583859223552e+18
2.972367322424410112e+18
2.973618238453651968e+18
2.974872386527393280e+18
2.976129802997898240e+18
2.977390540633350144e+18
2.978654633769054208e+18
2.979922133309662208e+18
2.981193071505145856e+18
2.982467497300484096e+18
2.983745440804477952e+18
2.985026948987191296e+18
2.986312049832135680e+18
2.987600788127488000e+18
2.988893189645689856e+18
2.990189297086432256e+18
2.991489133868483584e+18
2.992792740526598656e+18
2.994100138197547008e+18
2.995411365184381952e+18
2.996726440321869824e+18
2.998045399601848320e+18
2.999368259483681280e+18
3.000695053572258816e+18
3.002025795944205312e+18
3.003360517879786496e+18
3.004699231035989504e+18
3.006041964260922368e+18
3.007388726782963712e+18
3.008739545053806592e+18
3.010094425866537984e+18
3.011453393258065920e+18
3.012816451487404032e+18
3.014183622118599680e+18
3.015554906972320256e+18
3.016930325144893440e+18
3.018309875964214272e+18
3.019693576093412352e+18
3.021081422407401472e+18
3.022473429177922560e+18
3.023869590701314048e+18
3.025269918876717056e+18
3.026674405533859840e+18
3.028083060031664128e+18
3.029495871756553216e+18
3.030912847796710400e+18
3.032333975013757952e+18
3.033759258023658496e+18
3.035188681427491840e+18
3.036622247378309120e+18
3.038059938263012352e+18
3.039501753834296320e+18
3.040947674183926272e+18
3.042397696784231424e+18
3.043851799291492352e+18
3.045309977000446976e+18
3.046772205326795776e+18
3.048238477415426048e+18
3.049708766531292672e+18
3.051183063613942784e+18
3.052661339723188224e+18
3.054143583800752128e+18
3.055629764739936256e+18
3.057119869493994496e+18
3.058613864898501632e+18
3.060111735975103488e+18
3.061613447503771648e+18
3.063118982765565952e+18
3.064628304592832512e+18
3.066141394392899584e+18
3.067658213120485376e+18
3.069178740589797376e+18
3.070702935808365568e+18
3.072230777171994624e+18
3.073762221937801216e+18
3.075297247022259712e+18
3.076835808032340480e+18
3.078377880547956224e+18
3.079923418394339328e+18
3.081472395904707584e+18
3.083024765459118080e+18
3.084580500009845760e+18
3.086139550670908416e+18
3.087701889402350080e+18
3.089267465944312320e+18
3.090836251135630336e+18
3.092408193652831232e+18
3.093983263250550784e+18
3.095561407755508736e+18
3.097142595901558784e+18
3.098726774661105664e+18
3.100313911928769536e+18
3.101903953921832960e+18
3.103496867792502784e+18
3.105092599219446784e+18
3.106691114617891328e+18
3.108292359155830784e+18
3.109896298757690880e+18
3.111502878262383616e+18
3.113112062922202112e+18
3.114723797535276544e+18
3.116338046916687360e+18
3.117954755652346880e+18
3.119573888390192640e+18
3.121195389743246848e+18
3.122819224191669248e+18
3.124445336372282880e+18
3.126073690700573696e+18
3.127704232257015296e+18
3.129336925208421376e+18
3.130971715150547968e+18
3.132608566481590272e+18
3.134247425459835904e+18
3.135888256570370048e+18
3.137531006679813632e+18
3.139175640461518336e+18
3.140822105427912704e+18
3.142470366768622592e+18
3.144120372967503872e+18
3.145772089737830400e+18
3.147425466465332224e+18
3.149080469622157312e+18
3.150737049494818304e+18
3.152395173357883392e+18
3.154054792557085696e+18
3.155715875342150656e+18
3.157378374307089408e+18
3.159042258779432960e+18
3.160707482686685184e+18
3.162374016193004032e+18
3.164041814873399808e+18
3.165710849958293504e+18
3.167381078769178624e+18
3.169052473567514112e+18
3.170724993457525760e+18
3.172398611948259328e+18
3.174073289844833792e+18
3.175749002093371392e+18
3.177425711317952000e+18
3.179103394013173248e+18
3.180782014565136896e+18
3.182461551191939584e+18
3.184141969913895424e+18
3.185823250863972352e+18
3.187505362032073728e+18
3.189188285329207296e+18
3.190871990835825152e+18
3.192556462351361536e+18
3.194241671914735616e+18
3.195927605326133248e+18
3.197614236727364608e+18
3.199301553930514432e+18
3.200989533273522176e+18
3.202678164633090048e+18
3.204367426540561920e+18
3.206057311339586560e+18
3.207747799401748480e+18
3.209438885614606336e+18
3.211130551952644096e+18
3.212822796020697088e+18
3.214515601718718464e+18
3.216208969343716864e+18
3.217902884899833344e+18
3.219597350915586048e+18
3.221292355761560576e+18
3.222987904445926400e+18
3.224683987340738560e+18
3.226380612185073664e+18
3.228077771437395968e+18
3.229775475442420224e+18
3.231473718794888192e+18
3.233172514420985856e+18
3.234871859147571200e+18
3.236571768381408256e+18
3.238272241068177408e+18
3.239973295120323584e+18
3.241674931714956288e+18
3.243377171244668928e+18
3.245080017203474432e+18
3.246783492325259264e+18
3.248487602254706176e+18
3.250192372132470784e+18
3.251897809855790080e+18
3.253603942733513728e+18
3.255310781135235072e+18
3.257018354608763904e+18
3.258726675692867072e+18
3.260435776198745600e+18
3.262145670673400832e+18
3.263856393085508608e+18
3.265567960092566528e+18
3.267280408063502336e+18
3.268993755484683776e+18
3.270708040861034496e+18
3.272423284692632576e+18
3.274139527555483648e+18
3.275856791846908928e+18
3.277575120069813248e+18
3.279294536560876032e+18
3.281015085749735936e+18
3.282736793559602688e+18
3.284459706488210432e+18
3.286183852070130688e+18
3.287909278547223552e+18
3.289636015254564864e+18
3.291364112118854656e+18
3.293093599767957504e+18
3.294824529983309312e+18
3.296556934872358400e+18
3.298290867563671552e+18
3.300026361642326528e+18
3.301763471557708288e+18
3.303502232092234752e+18
3.305242699185855488e+18
3.306984908763706880e+18
3.308728918087724032e+18
3.310474764130050048e+18
3.312222505164278784e+18
3.313972179223986176e+18
3.315723845616518656e+18
3.317477543340692480e+18
3.319233332601014272e+18
3.320991252845726208e+18
3.322751365526416384e+18
3.324513710578501120e+18
3.326278350244292608e+18
3.328045325076200448e+18
3.329814697773961216e+18
3.331586509473434624e+18
3.333360823316070400e+18
3.335137680727265280e+18
3.336917145282303488e+18
3.338699258365427712e+18
3.340484084232561664e+18
3.342271664141143552e+18
3.344062062523568640e+18
3.345855320768864256e+18
3.347651503152749568e+18
3.349450650899444224e+18
3.351252828532469760e+18
3.353058076731709440e+18
3.354866459865629696e+18
3.356678018244658176e+18
3.358492816040514560e+18
3.360310893024261120e+18
3.362132312938493440e+18
3.363957114964094976e+18
3.365785362197612544e+18
3.367617093378357248e+18
3.369452370798183424e+18
3.371291232351171072e+18
3.373133739710713856e+18
3.374979929805682688e+18
3.376829863529167872e+18
3.378683576656738304e+18
3.380541129268507648e+18
3.382402556030999552e+18
3.384267915933262848e+18
3.386137242469101568e+18
3.388010593414279168e+18
3.389888000988122624e+18
3.391769521702841344e+18
3.393655186426535424e+18
3.395545050250282496e+18
3.397439142589086720e+18
3.399337517028661760e+18
3.401240201522189312e+18
3.403147248008690688e+18
3.405058682909537280e+18
3.406974556480879104e+18
3.408894893491930624e+18
3.410819742364407808e+18
3.412749126213385216e+18
3.414683091602479104e+18
3.416621659821596672e+18
3.418564875536712704e+18
3.420512758201191936e+18
3.422465350472848384e+18
3.424422669893500416e+18
3.426384757102908416e+18
3.428351627633341440e+18
3.430323320063950336e+18
3.432299847839168512e+18
3.434281247451186176e+18
3.436267530260261888e+18
3.438258730518115328e+18
3.440254857450811392e+18
3.442255943134268416e+18
3.444261994610633728e+18
3.446273041653318656e+18
3.448289089158202368e+18
3.450310164620423680e+18
3.452336270671163392e+18
3.454367432497785856e+18
3.456403650462489600e+18
3.458444947448850432e+18
3.460491321560765440e+18
3.462542793331310592e+18
3.464599358554180608e+18
3.466661035448301568e+18
3.468727817485090304e+18
3.470799720561430528e+18
3.472876735875085312e+18
3.474958876905592320e+18
3.477046132646616064e+18
3.479138514161751040e+18
3.481236008217053184e+18
3.483338623477514240e+18
3.485446344573044224e+18
3.487559177780438016e+18
3.489677105527599104e+18
3.491800131713499136e+18
3.493928236664707072e+18
3.496061421983917056e+18
3.498199665878123520e+18
3.500342967637632000e+18
3.502491303409001984e+18
3.504644670210251776e+18
3.506803042187670016e+18
3.508966414119381504e+18
3.511134758177318912e+18
3.513308067020270080e+18
3.515486310843183104e+18
3.517669480165471744e+18
3.519857543345263104e+18
3.522050488858462720e+18
3.524248283207541760e+18
3.526450912921728000e+18
3.528658342736226816e+18
3.530870557215432704e+18
3.533087519466608640e+18
3.535309212209647104e+18
3.537535596870926336e+18
3.539766654403161088e+18
3.542002344711491584e+18
3.544242647012060160e+18
3.546487519762728960e+18
3.548736940527757312e+18
3.550990866390356992e+18
3.553249273352050688e+18
3.555512117172614144e+18
3.557779372437735424e+18
3.560050993668215296e+18
3.562326954062062080e+18
3.564607206988784640e+18
3.566891724345724928e+18
3.569180458474354688e+18
3.571473380089105920e+18
3.573770440563533312e+18
3.576071609467073536e+18
3.578376837323697664e+18
3.580686092680087552e+18
3.582999325273710592e+18
3.585316502755155968e+18
3.587637574136198144e+18
3.589962506240570368e+18
3.592291247505132544e+18
3.594623763994767360e+18
3.596960003630599168e+18
3.599299931875147776e+18
3.601643496230294528e+18
3.603990661553896960e+18
3.606341375065339904e+18
3.608695601156167680e+18
3.611053286788423680e+18
3.613414396039454208e+18
3.615778875690903552e+18
3.618146689566740992e+18
3.620517784383197184e+18
3.622892123841593856e+18
3.625269654620514304e+18
3.627650340374046720e+18
3.630034127866920960e+18
3.632420980756213760e+18
3.634810845945086464e+18
3.637203687267685888e+18
3.639599451863091200e+18
3.641998103735937024e+18
3.644399590332015104e+18
3.646803875968044032e+18
3.649210908468736000e+18
3.651620652531935232e+18
3.654033056422057984e+18
3.656448085299028992e+18
3.658865687968910336e+18
3.661285830081677312e+18
3.663708461069191680e+18
3.666133547145704448e+18
3.668561038427266048e+18
3.670990901722396672e+18
3.673423087895677952e+18
3.675857564450993664e+18
3.678294283059450880e+18
3.680733211968934912e+18
3.683174303633885696e+18
3.685617527050035712e+18
3.688062835623807488e+18
3.690510199174493696e+18
3.692959572017313792e+18
3.695410924871285760e+18
3.697864213053795840e+18
3.700319408110847488e+18
3.702776466412525568e+18
3.705235360399651840e+18
3.707696047559265280e+18
3.710158501239615488e+18
3.712622680002680832e+18
3.715088558167853056e+18
3.717556095466863616e+18
3.720025267180027904e+18
3.722496034131397632e+18
3.724968372610780672e+18
3.727442244556687360e+18
3.729917627311350784e+18
3.732394483908399616e+18
3.734872792737307648e+18
3.737352517946618880e+18
3.739833638976657408e+18
3.742316121066447872e+18
3.744799944695859200e+18
3.747285076194344960e+18
3.749771497084163072e+18
3.752259174797798912e+18
3.754748091910044672e+18
3.757238216843838464e+18
3.759729533244663808e+18
3.762222010591055872e+18
3.764715633442899968e+18
3.767210372405713920e+18
3.769706213010268160e+18
3.772203126853443584e+18
3.774701100352534528e+18
3.777200106065426432e+18
3.779700131310426112e+18
3.782201149606523904e+18
3.784703149098234880e+18
3.787206104244595200e+18
3.789710003998926848e+18
3.792214823696574464e+18
3.794720553112941568e+18
3.797227168380664320e+18
3.799734660046074880e+18
3.802243005003224064e+18
3.804752194550208512e+18
3.807262206321468928e+18
3.809773032254176256e+18
3.812284650680054272e+18
3.814797054136542208e+18
3.817310221596130816e+18
3.819824146197484544e+18
3.822338807503642624e+18
3.824854199152053248e+18
3.827370301242449408e+18
3.829887107952975360e+18
3.832404599902671872e+18
3.834922771650327552e+18
3.837441604251927040e+18
3.839961092683559424e+18
3.842481218393907200e+18
3.845001976750378496e+18
3.847523349540542464e+18
3.850045332404594688e+18
3.852567907419814912e+18
3.855091070521092608e+18
3.857614804005215232e+18
3.860139104060228608e+18
3.862663953238124032e+18
3.865189347894135296e+18
3.867715270740301824e+18
3.870241718285648896e+18
3.872768673406996992e+18
3.875296132755418112e+18
3.877824079246785536e+18
3.880352509568284672e+18
3.882881406845081600e+18
3.885410767882304000e+18
3.887940575803504128e+18
3.890470827467609088e+18
3.893001506021136896e+18
3.895532608367331328e+18
3.898064117684395008e+18
3.900596030870529024e+18
3.903128331140501504e+18
3.905661015411258880e+18
3.908194066854379520e+18
3.910727482441818624e+18
3.913261245308912128e+18
3.915795352382574080e+18
3.918329786848302080e+18
3.920864545652069888e+18
3.923399612035678208e+18
3.925934983037309952e+18
3.928470641969026048e+18
3.931006585888152576e+18
3.933542798118543360e+18
3.936079275692266496e+18
3.938616002008396800e+18
3.941152974211972608e+18
3.943690175842194432e+18
3.946227604182666240e+18
3.948765242900720128e+18
3.951303089444145152e+18
3.953841127678959616e+18
3.956379355231031296e+18
3.958917756160849408e+18
3.961456328387377152e+18
3.963995056238891520e+18
3.966533937892211712e+18
3.969072958041757696e+18
3.971612115216935936e+18
3.974151394427492352e+18
3.976690794623253504e+18
3.979230301246452736e+18
3.981769913693605888e+18
3.984309617843503104e+18
3.986849413591525888e+18
3.989389287351676928e+18
3.991929239575867904e+18
3.994469257264856064e+18
3.997009341495943168e+18
3.999549479909166080e+18
4.002089674251106816e+18
4.004629912851137536e+18
4.007170198143205376e+18
4.009710519185086464e+18
4.012250879114034176e+18
4.014791267669608448e+18
4.017331688730819584e+18
4.019872132735282176e+18
4.022412604374653952e+18
4.024953094924012544e+18
4.027493609873890816e+18
4.030034141331787776e+18
4.032574695437258752e+18
4.035115264912174080e+18
4.037655856882129920e+18
4.040196464942518272e+18
4.042737096970764288e+18
4.045277746528365568e+18
4.047818420327732736e+18
4.050359111064011776e+18
4.052899827521760768e+18
4.055440569712464384e+18
4.057981355696290816e+18
4.060522185192131072e+18
